65	0.1	0.3	1	111.54	203.147	1.63506e-05	-2.5515e-05	211.166	173	0	2	1	0	
65	0.1	0.3	1	111.48	203.144	-3.47437e-05	8.01069e-06	211.231	173	0.10101	2	1	0	
65	0.1	0.3	1	111.422	203.136	1.88019e-05	2.22143e-05	211.296	173	0.20202	2	1	0	
65	0.1	0.3	1	111.37	203.122	2.09285e-05	-9.60994e-06	211.36	173	0.30303	2	1	0	
65	0.1	0.3	1	111.321	203.1	-1.19318e-05	-3.24595e-05	211.422	173	0.40404	2	1	0	
65	0.1	0.3	1	111.277	203.07	5.72587e-06	1.53011e-06	211.482	173	0.505051	2	1	0	
65	0.1	0.3	1	111.236	203.033	-3.42212e-06	-5.16988e-06	211.542	173	0.606061	2	1	0	
65	0.1	0.3	1	111.198	202.986	-1.61887e-06	7.87762e-06	211.599	173	0.707071	2	1	0	
65	0.1	0.3	1	111.162	202.929	-3.91059e-06	5.08525e-05	211.656	173	0.808081	2	1	0	
65	0.1	0.3	1	111.129	202.859	1.00543e-05	1.08829e-05	211.712	173	0.909091	2	1	0	
65	0.1	0.3	1	111.098	202.772	-8.19423e-06	-2.01642e-05	211.767	173	1.0101	2	1	0	
65	0.1	0.3	1	111.071	202.657	1.54152e-05	1.61236e-05	211.82	173	1.11111	2	1	0	
65	0.1	0.3	1	111.046	202.466	2.24232e-05	6.11994e-06	211.872	173	1.21212	2	1	0	
65	0.1	0.3	1	111.025	202.309	1.73021e-05	-4.17578e-07	211.924	173	1.31313	2	1	0	
65	0.1	0.3	1	111.005	202.223	-7.21288e-06	-2.06642e-05	211.974	173	1.41414	2	1	0	
65	0.1	0.3	1	110.987	202.073	-3.2224e-05	1.4328e-05	212.024	173	1.51515	2	1	0	
65	0.1	0.3	1	110.972	201.846	-3.12127e-06	-9.50252e-06	212.073	173	1.61616	2	1	0	
65	0.1	0.3	1	110.958	201.882	4.65249e-05	6.21072e-06	212.121	173	1.71717	2	1	0	
65	0.1	0.3	1	110.943	201.918	-3.22431e-05	7.52019e-05	212.169	173	1.81818	2	1	0	
65	0.1	0.3	1	110.923	201.96	4.6714e-05	3.96416e-06	212.218	173	1.91919	2	1	0	
65	0.1	0.3	1	110.906	201.997	-6.22229e-06	-7.56113e-05	212.265	173	2.0202	2	1	0	
65	0.1	0.3	1	110.89	202.032	-1.05995e-05	9.07218e-06	212.313	173	2.12121	2	1	0	
65	0.1	0.3	1	110.874	202.065	-1.10626e-05	-4.20479e-06	212.36	173	2.22222	2	1	0	
65	0.1	0.3	1	110.858	202.098	2.47482e-05	-1.3323e-05	212.406	173	2.32323	2	1	0	
65	0.1	0.3	1	110.841	202.131	5.37789e-06	-5.34308e-06	212.452	173	2.42424	2	1	0	
65	0.1	0.3	1	110.825	202.163	1.47444e-05	1.4111e-05	212.499	173	2.52525	2	1	0	
65	0.1	0.3	1	110.808	202.195	1.27337e-06	-1.68677e-06	212.544	173	2.62626	2	1	0	
65	0.1	0.3	1	110.791	202.227	1.41578e-05	9.02719e-06	212.59	173	2.72727	2	1	0	
65	0.1	0.3	1	110.774	202.258	-1.2642e-05	2.82929e-05	212.635	173	2.82828	2	1	0	
65	0.1	0.3	1	110.757	202.289	1.31017e-05	1.2968e-06	212.68	173	2.92929	2	1	0	
65	0.1	0.3	1	110.74	202.319	-2.08091e-05	2.95888e-05	212.725	173	3.0303	2	1	0	
65	0.1	0.3	1	110.723	202.35	-4.17684e-05	1.79604e-05	212.77	173	3.13131	2	1	0	
65	0.1	0.3	1	110.706	202.38	-7.01435e-06	3.33453e-05	212.815	173	3.23232	2	1	0	
65	0.1	0.3	1	110.688	202.41	8.38281e-06	8.81128e-07	212.859	173	3.33333	2	1	0	
65	0.1	0.3	1	110.671	202.439	-6.51034e-06	-4.28241e-05	212.903	173	3.43434	2	1	0	
65	0.1	0.3	1	110.653	202.469	1.1919e-05	-2.65353e-05	212.947	173	3.53535	2	1	0	
65	0.1	0.3	1	110.635	202.498	-2.4336e-05	7.1694e-08	212.991	173	3.63636	2	1	0	
65	0.1	0.3	1	110.617	202.527	2.18876e-05	-1.19103e-05	213.034	173	3.73737	2	1	0	
65	0.1	0.3	1	110.6	202.556	3.89758e-06	8.69069e-06	213.077	173	3.83838	2	1	0	
65	0.1	0.3	1	110.582	202.585	1.12397e-05	-7.98624e-06	213.12	173	3.93939	2	1	0	
65	0.1	0.3	1	110.563	202.614	-6.07506e-07	7.91339e-06	213.163	173	4.0404	2	1	0	
65	0.1	0.3	1	110.545	202.642	-1.96987e-05	-2.9977e-06	213.206	173	4.14141	2	1	0	
65	0.1	0.3	1	110.527	202.671	2.16036e-05	-1.15074e-05	213.249	173	4.24242	2	1	0	
65	0.1	0.3	1	110.509	202.699	2.16711e-05	-1.10187e-05	213.291	173	4.34343	2	1	0	
65	0.1	0.3	1	110.49	202.727	8.98961e-06	4.92933e-05	213.334	173	4.44444	2	1	0	
65	0.1	0.3	1	110.472	202.755	1.6897e-05	-1.43658e-05	213.376	173	4.54545	2	1	0	
65	0.1	0.3	1	110.453	202.783	-4.76549e-06	2.23159e-05	213.418	173	4.64646	2	1	0	
65	0.1	0.3	1	110.435	202.811	-2.97342e-05	-1.88372e-05	213.46	173	4.74747	2	1	0	
65	0.1	0.3	1	110.416	202.839	-1.45095e-05	-3.79643e-05	213.501	173	4.84848	2	1	0	
65	0.1	0.3	1	110.398	202.867	-6.75535e-06	2.45371e-05	213.543	173	4.94949	2	1	0	
65	0.1	0.3	1	110.379	202.895	-3.40253e-06	-6.42043e-06	213.584	173	5.05051	2	1	0	
65	0.1	0.3	1	110.36	202.923	-4.03129e-05	-2.73578e-06	213.625	173	5.15152	2	1	0	
65	0.1	0.3	1	110.341	202.95	8.70871e-06	-1.00314e-05	213.666	173	5.25253	2	1	0	
65	0.1	0.3	1	110.322	202.978	-2.50566e-05	1.26209e-05	213.707	173	5.35354	2	1	0	
65	0.1	0.3	1	110.304	203.005	2.61849e-06	1.16674e-05	213.748	173	5.45455	2	1	0	
65	0.1	0.3	1	110.285	203.033	-1.28071e-08	-2.66645e-05	213.789	173	5.55556	2	1	0	
65	0.1	0.3	1	110.266	203.06	-3.35495e-06	-2.22268e-06	213.829	173	5.65657	2	1	0	
65	0.1	0.3	1	110.247	203.087	-5.03971e-06	2.73683e-05	213.87	173	5.75758	2	1	0	
65	0.1	0.3	1	110.227	203.114	2.48585e-05	1.06149e-05	213.91	173	5.85859	2	1	0	
65	0.1	0.3	1	110.208	203.142	-4.92623e-06	-2.41545e-05	213.95	173	5.9596	2	1	0	
65	0.1	0.3	1	110.189	203.169	2.18153e-07	-1.96263e-05	213.99	173	6.06061	2	1	0	
65	0.1	0.3	1	110.169	203.196	-8.39198e-07	-1.32703e-05	214.03	173	6.16162	2	1	0	
65	0.1	0.3	1	110.15	203.223	2.12036e-05	-4.40449e-06	214.07	173	6.26263	2	1	0	
65	0.1	0.3	1	110.131	203.25	-1.65167e-06	-4.00988e-06	214.11	173	6.36364	2	1	0	
65	0.1	0.3	1	110.111	203.277	2.45176e-05	-2.9642e-05	214.149	173	6.46465	2	1	0	
65	0.1	0.3	1	110.092	203.304	2.64793e-06	-1.9602e-06	214.189	173	6.56566	2	1	0	
65	0.1	0.3	1	110.073	203.331	-1.7956e-05	-3.29147e-06	214.228	173	6.66667	2	1	0	
65	0.1	0.3	1	110.053	203.358	2.40406e-05	6.47155e-06	214.267	173	6.76768	2	1	0	
65	0.1	0.3	1	110.034	203.385	-5.4331e-06	8.51806e-06	214.306	173	6.86869	2	1	0	
65	0.1	0.3	1	110.014	203.411	-1.70682e-05	1.59879e-05	214.345	173	6.9697	2	1	0	
65	0.1	0.3	1	109.995	203.438	-1.42196e-05	5.17929e-06	214.384	173	7.07071	2	1	0	
65	0.1	0.3	1	109.975	203.465	-1.01117e-05	-5.80313e-05	214.423	173	7.17172	2	1	0	
65	0.1	0.3	1	109.956	203.492	-1.86219e-05	-3.29091e-06	214.461	173	7.27273	2	1	0	
65	0.1	0.3	1	109.936	203.518	-2.6411e-05	1.5009e-06	214.5	173	7.37374	2	1	0	
65	0.1	0.3	1	109.917	203.545	-9.13807e-07	-2.0701e-05	214.538	173	7.47475	2	1	0	
65	0.1	0.3	1	109.897	203.572	3.00928e-05	1.66905e-05	214.576	173	7.57576	2	1	0	
65	0.1	0.3	1	109.877	203.598	5.01196e-07	1.62713e-05	214.615	173	7.67677	2	1	0	
65	0.1	0.3	1	109.858	203.625	-3.44211e-06	1.19765e-05	214.653	173	7.77778	2	1	0	
65	0.1	0.3	1	109.838	203.651	-3.44034e-06	-1.26821e-05	214.691	173	7.87879	2	1	0	
65	0.1	0.3	1	109.819	203.678	2.0455e-05	1.42863e-05	214.729	173	7.9798	2	1	0	
65	0.1	0.3	1	109.799	203.704	-1.26087e-05	1.8404e-05	214.766	173	8.08081	2	1	0	
65	0.1	0.3	1	109.779	203.731	-2.25291e-06	8.28328e-06	214.804	173	8.18182	2	1	0	
65	0.1	0.3	1	109.759	203.757	3.2629e-05	1.26268e-05	214.842	173	8.28283	2	1	0	
65	0.1	0.3	1	109.74	203.784	1.70257e-05	1.48058e-05	214.879	173	8.38384	2	1	0	
65	0.1	0.3	1	109.72	203.81	2.58605e-07	-1.35393e-05	214.916	173	8.48485	2	1	0	
65	0.1	0.3	1	109.7	203.836	7.95623e-06	-1.71196e-05	214.954	173	8.58586	2	1	0	
65	0.1	0.3	1	109.68	203.863	1.75098e-05	9.4124e-06	214.991	173	8.68687	2	1	0	
65	0.1	0.3	1	109.661	203.889	3.50004e-05	-1.5424e-05	215.028	173	8.78788	2	1	0	
65	0.1	0.3	1	109.641	203.915	7.03624e-06	-1.20332e-05	215.065	173	8.88889	2	1	0	
65	0.1	0.3	1	109.621	203.942	-2.15213e-05	6.12278e-06	215.102	173	8.9899	2	1	0	
65	0.1	0.3	1	109.601	203.968	-5.49163e-06	-2.27879e-05	215.139	173	9.09091	2	1	0	
65	0.1	0.3	1	109.581	203.994	-1.90556e-05	7.45013e-06	215.175	173	9.19192	2	1	0	
65	0.1	0.3	1	109.561	204.02	-2.93421e-06	1.50339e-05	215.212	173	9.29293	2	1	0	
65	0.1	0.3	1	109.542	204.046	-5.44085e-06	-4.81465e-06	215.249	173	9.39394	2	1	0	
65	0.1	0.3	1	109.522	204.073	-3.50773e-05	2.25364e-06	215.285	173	9.49495	2	1	0	
65	0.1	0.3	1	109.502	204.099	1.23632e-05	-7.75099e-06	215.321	173	9.59596	2	1	0	
65	0.1	0.3	1	109.482	204.125	-2.7555e-05	1.42425e-05	215.358	173	9.69697	2	1	0	
65	0.1	0.3	1	109.462	204.151	-4.58321e-05	1.66001e-05	215.394	173	9.79798	2	1	0	
65	0.1	0.3	1	109.442	204.177	-8.86254e-06	-4.08174e-06	215.43	173	9.89899	2	1	0	
65	0.1	0.3	1	109.422	204.203	1.63388e-05	-5.00493e-06	215.466	173	10	2	1	0	
