65	0.1	0.3	1	83.3187	0	210.701	201.226	0	173	0	0	0	1	
65	0.1	0.3	1	83.3152	0	210.702	201.23	0	173	0.00251256	0	0	1	
65	0.1	0.3	1	83.3119	0	210.703	201.234	0	173	0.00502513	0	0	1	
65	0.1	0.3	1	83.3088	0	210.704	201.238	0	173	0.00753769	0	0	1	
65	0.1	0.3	1	83.3058	0	210.705	201.242	0	173	0.0100503	0	0	1	
65	0.1	0.3	1	83.3029	0	210.705	201.246	0	173	0.0125628	0	0	1	
65	0.1	0.3	1	83.3	0	210.706	201.249	0	173	0.0150754	0	0	1	
65	0.1	0.3	1	83.2972	0	210.707	201.253	0	173	0.0175879	0	0	1	
65	0.1	0.3	1	83.2944	0	210.708	201.256	0	173	0.0201005	0	0	1	
65	0.1	0.3	1	83.2917	0	210.709	201.259	0	173	0.0226131	0	0	1	
65	0.1	0.3	1	83.2891	0	210.709	201.263	0	173	0.0251256	0	0	1	
65	0.1	0.3	1	83.2875	0	210.71	201.265	0	173	0.0276382	0	0	1	
65	0.1	0.3	1	83.2859	0	210.71	201.267	0	173	0.0301508	0	0	1	
65	0.1	0.3	1	83.2846	0	210.711	201.268	0	173	0.0326633	0	0	1	
65	0.1	0.3	1	83.2846	0	210.711	201.268	0	173	0.0351759	0	0	1	
65	0.1	0.3	1	83.2846	0	210.711	201.268	0	173	0.0376884	0	0	1	
65	0.1	0.3	1	83.2846	0	210.711	201.268	0	173	0.040201	0	0	1	
65	0.1	0.3	1	83.2846	0	210.711	201.268	0	173	0.0427136	0	0	1	
65	0.1	0.3	1	83.2846	0	210.711	201.268	0	173	0.0452261	0	0	1	
65	0.1	0.3	1	83.2846	0	210.711	201.268	0	173	0.0477387	0	0	1	
65	0.1	0.3	1	83.2846	0	210.711	201.268	0	173	0.0502513	0	0	1	
65	0.1	0.3	1	83.2846	0	210.711	201.268	0	173	0.0527638	0	0	1	
65	0.1	0.3	1	83.2846	0	210.711	201.268	0	173	0.0552764	0	0	1	
65	0.1	0.3	1	83.2846	0	210.711	201.268	0	173	0.0577889	0	0	1	
65	0.1	0.3	1	83.2846	0	210.711	201.268	0	173	0.0603015	0	0	1	
65	0.1	0.3	1	83.2846	0	210.711	201.268	0	173	0.0628141	0	0	1	
65	0.1	0.3	1	83.2846	0	210.711	201.268	0	173	0.0653266	0	0	1	
65	0.1	0.3	1	83.2846	0	210.711	201.268	0	173	0.0678392	0	0	1	
65	0.1	0.3	1	83.2846	0	210.711	201.268	0	173	0.0703518	0	0	1	
65	0.1	0.3	1	83.2846	0	210.711	201.268	0	173	0.0728643	0	0	1	
65	0.1	0.3	1	83.2846	0	210.711	201.268	0	173	0.0753769	0	0	1	
65	0.1	0.3	1	83.2846	0	210.711	201.268	0	173	0.0778894	0	0	1	
65	0.1	0.3	1	83.2846	0	210.711	201.268	0	173	0.080402	0	0	1	
65	0.1	0.3	1	83.2846	0	210.711	201.268	0	173	0.0829146	0	0	1	
65	0.1	0.3	1	83.2846	0	210.711	201.268	0	173	0.0854271	0	0	1	
65	0.1	0.3	1	83.2846	0	210.711	201.268	0	173	0.0879397	0	0	1	
65	0.1	0.3	1	83.2846	0	210.711	201.268	0	173	0.0904523	0	0	1	
65	0.1	0.3	1	83.2846	0	210.711	201.268	0	173	0.0929648	0	0	1	
65	0.1	0.3	1	83.2846	0	210.711	201.268	0	173	0.0954774	0	0	1	
65	0.1	0.3	1	83.2846	0	210.711	201.268	0	173	0.0979899	0	0	1	
65	0.1	0.3	1	83.2846	0	210.711	201.268	0	173	0.100503	0	0	1	
65	0.1	0.3	1	83.2846	0	210.711	201.268	0	173	0.103015	0	0	1	
65	0.1	0.3	1	83.2846	0	210.711	201.268	0	173	0.105528	0	0	1	
65	0.1	0.3	1	83.2846	0	210.711	201.268	0	173	0.10804	0	0	1	
65	0.1	0.3	1	83.2846	0	210.711	201.268	0	173	0.110553	0	0	1	
65	0.1	0.3	1	83.2846	0	210.711	201.268	0	173	0.113065	0	0	1	
65	0.1	0.3	1	83.2846	0	210.711	201.268	0	173	0.115578	0	0	1	
65	0.1	0.3	1	83.2846	0	210.711	201.268	0	173	0.11809	0	0	1	
65	0.1	0.3	1	83.2846	0	210.711	201.268	0	173	0.120603	0	0	1	
65	0.1	0.3	1	83.2846	0	210.711	201.268	0	173	0.123116	0	0	1	
65	0.1	0.3	1	83.2846	0	210.711	201.268	0	173	0.125628	0	0	1	
65	0.1	0.3	1	83.2846	0	210.711	201.268	0	173	0.128141	0	0	1	
65	0.1	0.3	1	83.2846	0	210.711	201.268	0	173	0.130653	0	0	1	
65	0.1	0.3	1	83.2846	0	210.711	201.268	0	173	0.133166	0	0	1	
65	0.1	0.3	1	83.2846	0	210.711	201.268	0	173	0.135678	0	0	1	
65	0.1	0.3	1	83.2846	0	210.711	201.268	0	173	0.138191	0	0	1	
65	0.1	0.3	1	83.2846	0	210.711	201.268	0	173	0.140704	0	0	1	
65	0.1	0.3	1	83.2846	0	210.711	201.268	0	173	0.143216	0	0	1	
65	0.1	0.3	1	83.2846	0	210.711	201.268	0	173	0.145729	0	0	1	
65	0.1	0.3	1	83.2846	0	210.711	201.268	0	173	0.148241	0	0	1	
65	0.1	0.3	1	83.2846	0	210.711	201.268	0	173	0.150754	0	0	1	
65	0.1	0.3	1	83.2846	0	210.711	201.268	0	173	0.153266	0	0	1	
65	0.1	0.3	1	83.2846	0	210.711	201.268	0	173	0.155779	0	0	1	
65	0.1	0.3	1	83.2846	0	210.711	201.268	0	173	0.158291	0	0	1	
65	0.1	0.3	1	83.2846	0	210.711	201.268	0	173	0.160804	0	0	1	
65	0.1	0.3	1	83.2846	0	210.711	201.268	0	173	0.163317	0	0	1	
65	0.1	0.3	1	83.2846	0	210.711	201.268	0	173	0.165829	0	0	1	
65	0.1	0.3	1	83.2846	0	210.711	201.268	0	173	0.168342	0	0	1	
65	0.1	0.3	1	83.2846	0	210.711	201.268	0	173	0.170854	0	0	1	
65	0.1	0.3	1	83.2846	0	210.711	201.268	0	173	0.173367	0	0	1	
65	0.1	0.3	1	83.2846	0	210.711	201.268	0	173	0.175879	0	0	1	
65	0.1	0.3	1	83.2846	0	210.711	201.268	0	173	0.178392	0	0	1	
65	0.1	0.3	1	83.2846	0	210.711	201.268	0	173	0.180905	0	0	1	
65	0.1	0.3	1	83.2846	0	210.711	201.268	0	173	0.183417	0	0	1	
65	0.1	0.3	1	83.2846	0	210.711	201.268	0	173	0.18593	0	0	1	
65	0.1	0.3	1	83.2846	0	210.711	201.268	0	173	0.188442	0	0	1	
65	0.1	0.3	1	83.2846	0	210.711	201.268	0	173	0.190955	0	0	1	
65	0.1	0.3	1	83.2846	0	210.711	201.268	0	173	0.193467	0	0	1	
65	0.1	0.3	1	83.2846	0	210.711	201.268	0	173	0.19598	0	0	1	
65	0.1	0.3	1	83.2846	0	210.711	201.268	0	173	0.198492	0	0	1	
65	0.1	0.3	1	83.2846	0	210.711	201.268	0	173	0.201005	0	0	1	
65	0.1	0.3	1	83.2846	0	210.711	201.268	0	173	0.203518	0	0	1	
65	0.1	0.3	1	83.2846	0	210.711	201.268	0	173	0.20603	0	0	1	
65	0.1	0.3	1	83.2846	0	210.711	201.268	0	173	0.208543	0	0	1	
65	0.1	0.3	1	83.2846	0	210.711	201.268	0	173	0.211055	0	0	1	
65	0.1	0.3	1	83.2846	0	210.711	201.268	0	173	0.213568	0	0	1	
65	0.1	0.3	1	83.2846	0	210.711	201.268	0	173	0.21608	0	0	1	
65	0.1	0.3	1	83.2846	0	210.711	201.268	0	173	0.218593	0	0	1	
65	0.1	0.3	1	83.2846	0	210.711	201.268	0	173	0.221106	0	0	1	
65	0.1	0.3	1	83.2846	0	210.711	201.268	0	173	0.223618	0	0	1	
65	0.1	0.3	1	83.2846	0	210.711	201.268	0	173	0.226131	0	0	1	
65	0.1	0.3	1	83.2846	0	210.711	201.268	0	173	0.228643	0	0	1	
65	0.1	0.3	1	83.2846	0	210.711	201.268	0	173	0.231156	0	0	1	
65	0.1	0.3	1	83.2846	0	210.711	201.268	0	173	0.233668	0	0	1	
65	0.1	0.3	1	83.2846	0	210.711	201.268	0	173	0.236181	0	0	1	
65	0.1	0.3	1	83.2846	0	210.711	201.268	0	173	0.238693	0	0	1	
65	0.1	0.3	1	83.2846	0	210.711	201.268	0	173	0.241206	0	0	1	
65	0.1	0.3	1	83.2846	0	210.711	201.268	0	173	0.243719	0	0	1	
65	0.1	0.3	1	83.2846	0	210.711	201.268	0	173	0.246231	0	0	1	
65	0.1	0.3	1	83.2846	0	210.711	201.268	0	173	0.248744	0	0	1	
65	0.1	0.3	1	83.2846	0	210.711	201.268	0	173	0.251256	0	0	1	
65	0.1	0.3	1	83.2846	0	210.711	201.268	0	173	0.253769	0	0	1	
65	0.1	0.3	1	83.2846	0	210.711	201.268	0	173	0.256281	0	0	1	
65	0.1	0.3	1	83.2846	0	210.711	201.268	0	173	0.258794	0	0	1	
65	0.1	0.3	1	83.2846	0	210.711	201.268	0	173	0.261307	0	0	1	
65	0.1	0.3	1	83.2846	0	210.711	201.268	0	173	0.263819	0	0	1	
65	0.1	0.3	1	83.2846	0	210.711	201.268	0	173	0.266332	0	0	1	
65	0.1	0.3	1	83.2846	0	210.711	201.268	0	173	0.268844	0	0	1	
65	0.1	0.3	1	83.2846	0	210.711	201.268	0	173	0.271357	0	0	1	
65	0.1	0.3	1	83.2846	0	210.711	201.268	0	173	0.273869	0	0	1	
65	0.1	0.3	1	83.2846	0	210.711	201.268	0	173	0.276382	0	0	1	
65	0.1	0.3	1	83.2846	0	210.711	201.268	0	173	0.278894	0	0	1	
65	0.1	0.3	1	83.2846	0	210.711	201.268	0	173	0.281407	0	0	1	
65	0.1	0.3	1	83.2846	0	210.711	201.268	0	173	0.28392	0	0	1	
65	0.1	0.3	1	83.2846	0	210.711	201.268	0	173	0.286432	0	0	1	
65	0.1	0.3	1	83.2846	0	210.711	201.268	0	173	0.288945	0	0	1	
65	0.1	0.3	1	83.2846	0	210.711	201.268	0	173	0.291457	0	0	1	
65	0.1	0.3	1	83.2846	0	210.711	201.268	0	173	0.29397	0	0	1	
65	0.1	0.3	1	83.2846	0	210.711	201.268	0	173	0.296482	0	0	1	
65	0.1	0.3	1	83.2846	0	210.711	201.268	0	173	0.298995	0	0	1	
65	0.1	0.3	1	83.2846	0	210.711	201.268	0	173	0.301508	0	0	1	
65	0.1	0.3	1	83.2846	0	210.711	201.268	0	173	0.30402	0	0	1	
65	0.1	0.3	1	83.2846	0	210.711	201.268	0	173	0.306533	0	0	1	
65	0.1	0.3	1	83.2846	0	210.711	201.268	0	173	0.309045	0	0	1	
65	0.1	0.3	1	83.2846	0	210.711	201.268	0	173	0.311558	0	0	1	
65	0.1	0.3	1	83.2846	0	210.711	201.268	0	173	0.31407	0	0	1	
65	0.1	0.3	1	83.2846	0	210.711	201.268	0	173	0.316583	0	0	1	
65	0.1	0.3	1	83.2846	0	210.711	201.268	0	173	0.319095	0	0	1	
65	0.1	0.3	1	83.2846	0	210.711	201.268	0	173	0.321608	0	0	1	
65	0.1	0.3	1	83.2846	0	210.711	201.268	0	173	0.324121	0	0	1	
65	0.1	0.3	1	83.2846	0	210.711	201.268	0	173	0.326633	0	0	1	
65	0.1	0.3	1	83.2846	0	210.711	201.268	0	173	0.329146	0	0	1	
65	0.1	0.3	1	83.2846	0	210.711	201.268	0	173	0.331658	0	0	1	
65	0.1	0.3	1	83.2846	0	210.711	201.268	0	173	0.334171	0	0	1	
65	0.1	0.3	1	83.2846	0	210.711	201.268	0	173	0.336683	0	0	1	
65	0.1	0.3	1	83.2846	0	210.711	201.268	0	173	0.339196	0	0	1	
65	0.1	0.3	1	83.2846	0	210.711	201.268	0	173	0.341709	0	0	1	
65	0.1	0.3	1	83.2846	0	210.711	201.268	0	173	0.344221	0	0	1	
65	0.1	0.3	1	83.2846	0	210.711	201.268	0	173	0.346734	0	0	1	
65	0.1	0.3	1	83.2846	0	210.711	201.268	0	173	0.349246	0	0	1	
65	0.1	0.3	1	83.2846	0	210.711	201.268	0	173	0.351759	0	0	1	
65	0.1	0.3	1	83.2846	0	210.711	201.268	0	173	0.354271	0	0	1	
65	0.1	0.3	1	83.2846	0	210.711	201.268	0	173	0.356784	0	0	1	
65	0.1	0.3	1	83.2846	0	210.711	201.268	0	173	0.359296	0	0	1	
65	0.1	0.3	1	83.2846	0	210.711	201.268	0	173	0.361809	0	0	1	
65	0.1	0.3	1	83.2846	0	210.711	201.268	0	173	0.364322	0	0	1	
65	0.1	0.3	1	83.2846	0	210.711	201.268	0	173	0.366834	0	0	1	
65	0.1	0.3	1	83.2846	0	210.711	201.268	0	173	0.369347	0	0	1	
65	0.1	0.3	1	83.2846	0	210.711	201.268	0	173	0.371859	0	0	1	
65	0.1	0.3	1	83.2846	0	210.711	201.268	0	173	0.374372	0	0	1	
65	0.1	0.3	1	83.2846	0	210.711	201.268	0	173	0.376884	0	0	1	
65	0.1	0.3	1	83.2846	0	210.711	201.268	0	173	0.379397	0	0	1	
65	0.1	0.3	1	83.2846	0	210.711	201.268	0	173	0.38191	0	0	1	
65	0.1	0.3	1	83.2846	0	210.711	201.268	0	173	0.384422	0	0	1	
65	0.1	0.3	1	83.2846	0	210.711	201.268	0	173	0.386935	0	0	1	
65	0.1	0.3	1	83.2846	0	210.711	201.268	0	173	0.389447	0	0	1	
65	0.1	0.3	1	83.2846	0	210.711	201.268	0	173	0.39196	0	0	1	
65	0.1	0.3	1	83.2846	0	210.711	201.268	0	173	0.394472	0	0	1	
65	0.1	0.3	1	83.2846	0	210.711	201.268	0	173	0.396985	0	0	1	
65	0.1	0.3	1	83.2846	0	210.711	201.268	0	173	0.399497	0	0	1	
65	0.1	0.3	1	83.2846	0	210.711	201.268	0	173	0.40201	0	0	1	
65	0.1	0.3	1	83.2846	0	210.711	201.268	0	173	0.404523	0	0	1	
65	0.1	0.3	1	83.2846	0	210.711	201.268	0	173	0.407035	0	0	1	
65	0.1	0.3	1	83.2846	0	210.711	201.268	0	173	0.409548	0	0	1	
65	0.1	0.3	1	83.2846	0	210.711	201.268	0	173	0.41206	0	0	1	
65	0.1	0.3	1	83.2846	0	210.711	201.268	0	173	0.414573	0	0	1	
65	0.1	0.3	1	83.2846	0	210.711	201.268	0	173	0.417085	0	0	1	
65	0.1	0.3	1	83.2846	0	210.711	201.268	0	173	0.419598	0	0	1	
65	0.1	0.3	1	83.2846	0	210.711	201.268	0	173	0.422111	0	0	1	
65	0.1	0.3	1	83.2846	0	210.711	201.268	0	173	0.424623	0	0	1	
65	0.1	0.3	1	83.2846	0	210.711	201.268	0	173	0.427136	0	0	1	
65	0.1	0.3	1	83.2846	0	210.711	201.268	0	173	0.429648	0	0	1	
65	0.1	0.3	1	83.2846	0	210.711	201.268	0	173	0.432161	0	0	1	
65	0.1	0.3	1	83.2846	0	210.711	201.268	0	173	0.434673	0	0	1	
65	0.1	0.3	1	83.2846	0	210.711	201.268	0	173	0.437186	0	0	1	
65	0.1	0.3	1	83.2846	0	210.711	201.268	0	173	0.439698	0	0	1	
65	0.1	0.3	1	83.2846	0	210.711	201.268	0	173	0.442211	0	0	1	
65	0.1	0.3	1	83.2846	0	210.711	201.268	0	173	0.444724	0	0	1	
65	0.1	0.3	1	83.2846	0	210.711	201.268	0	173	0.447236	0	0	1	
65	0.1	0.3	1	83.2846	0	210.711	201.268	0	173	0.449749	0	0	1	
65	0.1	0.3	1	83.2846	0	210.711	201.268	0	173	0.452261	0	0	1	
65	0.1	0.3	1	83.2846	0	210.711	201.268	0	173	0.454774	0	0	1	
65	0.1	0.3	1	83.2846	0	210.711	201.268	0	173	0.457286	0	0	1	
65	0.1	0.3	1	83.2846	0	210.711	201.268	0	173	0.459799	0	0	1	
65	0.1	0.3	1	83.2846	0	210.711	201.268	0	173	0.462312	0	0	1	
65	0.1	0.3	1	83.2846	0	210.711	201.268	0	173	0.464824	0	0	1	
65	0.1	0.3	1	83.2846	0	210.711	201.268	0	173	0.467337	0	0	1	
65	0.1	0.3	1	83.2846	0	210.711	201.268	0	173	0.469849	0	0	1	
65	0.1	0.3	1	83.2846	0	210.711	201.268	0	173	0.472362	0	0	1	
65	0.1	0.3	1	83.2846	0	210.711	201.268	0	173	0.474874	0	0	1	
65	0.1	0.3	1	83.2846	0	210.711	201.268	0	173	0.477387	0	0	1	
65	0.1	0.3	1	83.2846	0	210.711	201.268	0	173	0.479899	0	0	1	
65	0.1	0.3	1	83.2846	0	210.711	201.268	0	173	0.482412	0	0	1	
65	0.1	0.3	1	83.2846	0	210.711	201.268	0	173	0.484925	0	0	1	
65	0.1	0.3	1	83.2846	0	210.711	201.268	0	173	0.487437	0	0	1	
65	0.1	0.3	1	83.2846	0	210.711	201.268	0	173	0.48995	0	0	1	
65	0.1	0.3	1	83.2846	0	210.711	201.268	0	173	0.492462	0	0	1	
65	0.1	0.3	1	83.2846	0	210.711	201.268	0	173	0.494975	0	0	1	
65	0.1	0.3	1	83.2846	0	210.711	201.268	0	173	0.497487	0	0	1	
65	0.1	0.3	1	83.2846	0	210.711	201.268	0	173	0.5	0	0	1	
