65	0.1	0.3	1	115.486	201.662	-1.76431e-05	7.15898e-06	210.776	173	0	2	0	0	
65	0.1	0.3	-100	0	0	0	0	0	173	0.301508	2	0	0	
65	0.1	0.3	-100	0	0	0	0	0	173	0.603015	2	0	0	
65	0.1	0.3	-100	0	0	0	0	0	173	0.904523	2	0	0	
65	0.1	0.3	-100	0	0	0	0	0	173	1.20603	2	0	0	
65	0.1	0.3	-100	0	0	0	0	0	173	1.50754	2	0	0	
65	0.1	0.3	-100	0	0	0	0	0	173	1.80905	2	0	0	
65	0.1	0.3	-100	0	0	0	0	0	173	2.11055	2	0	0	
65	0.1	0.3	-100	0	0	0	0	0	173	2.41206	2	0	0	
65	0.1	0.3	-100	0	0	0	0	0	173	2.71357	2	0	0	
65	0.1	0.3	-100	0	0	0	0	0	173	3.01508	2	0	0	
65	0.1	0.3	-100	0	0	0	0	0	173	3.31658	2	0	0	
65	0.1	0.3	-100	0	0	0	0	0	173	3.61809	2	0	0	
65	0.1	0.3	-100	0	0	0	0	0	173	3.9196	2	0	0	
65	0.1	0.3	-100	0	0	0	0	0	173	4.22111	2	0	0	
65	0.1	0.3	-100	0	0	0	0	0	173	4.52261	2	0	0	
65	0.1	0.3	-100	0	0	0	0	0	173	4.82412	2	0	0	
65	0.1	0.3	-100	0	0	0	0	0	173	5.12563	2	0	0	
65	0.1	0.3	-100	0	0	0	0	0	173	5.42714	2	0	0	
65	0.1	0.3	-100	0	0	0	0	0	173	5.72864	2	0	0	
65	0.1	0.3	-100	0	0	0	0	0	173	6.03015	2	0	0	
65	0.1	0.3	-100	0	0	0	0	0	173	6.33166	2	0	0	
65	0.1	0.3	-100	0	0	0	0	0	173	6.63317	2	0	0	
65	0.1	0.3	-100	0	0	0	0	0	173	6.93467	2	0	0	
65	0.1	0.3	-100	0	0	0	0	0	173	7.23618	2	0	0	
65	0.1	0.3	-100	0	0	0	0	0	173	7.53769	2	0	0	
65	0.1	0.3	-100	0	0	0	0	0	173	7.8392	2	0	0	
65	0.1	0.3	-100	0	0	0	0	0	173	8.1407	2	0	0	
65	0.1	0.3	-100	0	0	0	0	0	173	8.44221	2	0	0	
65	0.1	0.3	-100	0	0	0	0	0	173	8.74372	2	0	0	
65	0.1	0.3	-100	0	0	0	0	0	173	9.04523	2	0	0	
65	0.1	0.3	-100	0	0	0	0	0	173	9.34673	2	0	0	
65	0.1	0.3	-100	0	0	0	0	0	173	9.64824	2	0	0	
65	0.1	0.3	-100	0	0	0	0	0	173	9.94975	2	0	0	
65	0.1	0.3	-100	0	0	0	0	0	173	10.2513	2	0	0	
65	0.1	0.3	-100	0	0	0	0	0	173	10.5528	2	0	0	
65	0.1	0.3	-100	0	0	0	0	0	173	10.8543	2	0	0	
65	0.1	0.3	-100	0	0	0	0	0	173	11.1558	2	0	0	
65	0.1	0.3	-100	0	0	0	0	0	173	11.4573	2	0	0	
65	0.1	0.3	-100	0	0	0	0	0	173	11.7588	2	0	0	
65	0.1	0.3	-100	0	0	0	0	0	173	12.0603	2	0	0	
65	0.1	0.3	-100	0	0	0	0	0	173	12.3618	2	0	0	
65	0.1	0.3	-100	0	0	0	0	0	173	12.6633	2	0	0	
65	0.1	0.3	-100	0	0	0	0	0	173	12.9648	2	0	0	
65	0.1	0.3	-100	0	0	0	0	0	173	13.2663	2	0	0	
65	0.1	0.3	-100	0	0	0	0	0	173	13.5678	2	0	0	
65	0.1	0.3	-100	0	0	0	0	0	173	13.8693	2	0	0	
65	0.1	0.3	-100	0	0	0	0	0	173	14.1709	2	0	0	
65	0.1	0.3	-100	0	0	0	0	0	173	14.4724	2	0	0	
65	0.1	0.3	-100	0	0	0	0	0	173	14.7739	2	0	0	
65	0.1	0.3	-100	0	0	0	0	0	173	15.0754	2	0	0	
65	0.1	0.3	-100	0	0	0	0	0	173	15.3769	2	0	0	
65	0.1	0.3	-100	0	0	0	0	0	173	15.6784	2	0	0	
65	0.1	0.3	-100	0	0	0	0	0	173	15.9799	2	0	0	
65	0.1	0.3	-100	0	0	0	0	0	173	16.2814	2	0	0	
65	0.1	0.3	-100	0	0	0	0	0	173	16.5829	2	0	0	
65	0.1	0.3	-100	0	0	0	0	0	173	16.8844	2	0	0	
65	0.1	0.3	-100	0	0	0	0	0	173	17.1859	2	0	0	
65	0.1	0.3	-100	0	0	0	0	0	173	17.4874	2	0	0	
65	0.1	0.3	-100	0	0	0	0	0	173	17.7889	2	0	0	
65	0.1	0.3	-100	0	0	0	0	0	173	18.0905	2	0	0	
65	0.1	0.3	-100	0	0	0	0	0	173	18.392	2	0	0	
65	0.1	0.3	-100	0	0	0	0	0	173	18.6935	2	0	0	
65	0.1	0.3	-100	0	0	0	0	0	173	18.995	2	0	0	
65	0.1	0.3	-100	0	0	0	0	0	173	19.2965	2	0	0	
65	0.1	0.3	-100	0	0	0	0	0	173	19.598	2	0	0	
65	0.1	0.3	-100	0	0	0	0	0	173	19.8995	2	0	0	
65	0.1	0.3	-100	0	0	0	0	0	173	20.201	2	0	0	
65	0.1	0.3	-100	0	0	0	0	0	173	20.5025	2	0	0	
65	0.1	0.3	-100	0	0	0	0	0	173	20.804	2	0	0	
65	0.1	0.3	-100	0	0	0	0	0	173	21.1055	2	0	0	
65	0.1	0.3	-100	0	0	0	0	0	173	21.407	2	0	0	
65	0.1	0.3	-100	0	0	0	0	0	173	21.7085	2	0	0	
65	0.1	0.3	-100	0	0	0	0	0	173	22.0101	2	0	0	
65	0.1	0.3	-100	0	0	0	0	0	173	22.3116	2	0	0	
65	0.1	0.3	-100	0	0	0	0	0	173	22.6131	2	0	0	
65	0.1	0.3	-100	0	0	0	0	0	173	22.9146	2	0	0	
65	0.1	0.3	-100	0	0	0	0	0	173	23.2161	2	0	0	
65	0.1	0.3	-100	0	0	0	0	0	173	23.5176	2	0	0	
65	0.1	0.3	-100	0	0	0	0	0	173	23.8191	2	0	0	
65	0.1	0.3	-100	0	0	0	0	0	173	24.1206	2	0	0	
65	0.1	0.3	-100	0	0	0	0	0	173	24.4221	2	0	0	
65	0.1	0.3	-100	0	0	0	0	0	173	24.7236	2	0	0	
65	0.1	0.3	-100	0	0	0	0	0	173	25.0251	2	0	0	
65	0.1	0.3	-100	0	0	0	0	0	173	25.3266	2	0	0	
65	0.1	0.3	-100	0	0	0	0	0	173	25.6281	2	0	0	
65	0.1	0.3	-100	0	0	0	0	0	173	25.9296	2	0	0	
65	0.1	0.3	-100	0	0	0	0	0	173	26.2312	2	0	0	
65	0.1	0.3	-100	0	0	0	0	0	173	26.5327	2	0	0	
65	0.1	0.3	-100	0	0	0	0	0	173	26.8342	2	0	0	
65	0.1	0.3	-100	0	0	0	0	0	173	27.1357	2	0	0	
65	0.1	0.3	-100	0	0	0	0	0	173	27.4372	2	0	0	
65	0.1	0.3	-100	0	0	0	0	0	173	27.7387	2	0	0	
65	0.1	0.3	-100	0	0	0	0	0	173	28.0402	2	0	0	
65	0.1	0.3	-100	0	0	0	0	0	173	28.3417	2	0	0	
65	0.1	0.3	-100	0	0	0	0	0	173	28.6432	2	0	0	
65	0.1	0.3	-100	0	0	0	0	0	173	28.9447	2	0	0	
65	0.1	0.3	-100	0	0	0	0	0	173	29.2462	2	0	0	
65	0.1	0.3	-100	0	0	0	0	0	173	29.5477	2	0	0	
65	0.1	0.3	-100	0	0	0	0	0	173	29.8492	2	0	0	
65	0.1	0.3	-100	0	0	0	0	0	173	30.1508	2	0	0	
65	0.1	0.3	-100	0	0	0	0	0	173	30.4523	2	0	0	
65	0.1	0.3	-100	0	0	0	0	0	173	30.7538	2	0	0	
65	0.1	0.3	-100	0	0	0	0	0	173	31.0553	2	0	0	
65	0.1	0.3	-100	0	0	0	0	0	173	31.3568	2	0	0	
65	0.1	0.3	-100	0	0	0	0	0	173	31.6583	2	0	0	
65	0.1	0.3	-100	0	0	0	0	0	173	31.9598	2	0	0	
65	0.1	0.3	-100	0	0	0	0	0	173	32.2613	2	0	0	
65	0.1	0.3	-100	0	0	0	0	0	173	32.5628	2	0	0	
65	0.1	0.3	-100	0	0	0	0	0	173	32.8643	2	0	0	
65	0.1	0.3	-100	0	0	0	0	0	173	33.1658	2	0	0	
65	0.1	0.3	-100	0	0	0	0	0	173	33.4673	2	0	0	
65	0.1	0.3	-100	0	0	0	0	0	173	33.7688	2	0	0	
65	0.1	0.3	-100	0	0	0	0	0	173	34.0704	2	0	0	
65	0.1	0.3	-100	0	0	0	0	0	173	34.3719	2	0	0	
65	0.1	0.3	-100	0	0	0	0	0	173	34.6734	2	0	0	
65	0.1	0.3	-100	0	0	0	0	0	173	34.9749	2	0	0	
65	0.1	0.3	-100	0	0	0	0	0	173	35.2764	2	0	0	
65	0.1	0.3	-100	0	0	0	0	0	173	35.5779	2	0	0	
65	0.1	0.3	-100	0	0	0	0	0	173	35.8794	2	0	0	
65	0.1	0.3	-100	0	0	0	0	0	173	36.1809	2	0	0	
65	0.1	0.3	-100	0	0	0	0	0	173	36.4824	2	0	0	
65	0.1	0.3	-100	0	0	0	0	0	173	36.7839	2	0	0	
65	0.1	0.3	-100	0	0	0	0	0	173	37.0854	2	0	0	
65	0.1	0.3	-100	0	0	0	0	0	173	37.3869	2	0	0	
65	0.1	0.3	-100	0	0	0	0	0	173	37.6884	2	0	0	
65	0.1	0.3	-100	0	0	0	0	0	173	37.9899	2	0	0	
65	0.1	0.3	-100	0	0	0	0	0	173	38.2915	2	0	0	
65	0.1	0.3	-100	0	0	0	0	0	173	38.593	2	0	0	
65	0.1	0.3	-100	0	0	0	0	0	173	38.8945	2	0	0	
65	0.1	0.3	-100	0	0	0	0	0	173	39.196	2	0	0	
65	0.1	0.3	-100	0	0	0	0	0	173	39.4975	2	0	0	
65	0.1	0.3	-100	0	0	0	0	0	173	39.799	2	0	0	
65	0.1	0.3	-100	0	0	0	0	0	173	40.1005	2	0	0	
65	0.1	0.3	-100	0	0	0	0	0	173	40.402	2	0	0	
65	0.1	0.3	-100	0	0	0	0	0	173	40.7035	2	0	0	
65	0.1	0.3	-100	0	0	0	0	0	173	41.005	2	0	0	
65	0.1	0.3	-100	0	0	0	0	0	173	41.3065	2	0	0	
65	0.1	0.3	-100	0	0	0	0	0	173	41.608	2	0	0	
65	0.1	0.3	-100	0	0	0	0	0	173	41.9095	2	0	0	
65	0.1	0.3	-100	0	0	0	0	0	173	42.2111	2	0	0	
65	0.1	0.3	-100	0	0	0	0	0	173	42.5126	2	0	0	
65	0.1	0.3	-100	0	0	0	0	0	173	42.8141	2	0	0	
65	0.1	0.3	-100	0	0	0	0	0	173	43.1156	2	0	0	
65	0.1	0.3	-100	0	0	0	0	0	173	43.4171	2	0	0	
65	0.1	0.3	-100	0	0	0	0	0	173	43.7186	2	0	0	
65	0.1	0.3	-100	0	0	0	0	0	173	44.0201	2	0	0	
65	0.1	0.3	-100	0	0	0	0	0	173	44.3216	2	0	0	
65	0.1	0.3	-100	0	0	0	0	0	173	44.6231	2	0	0	
65	0.1	0.3	-100	0	0	0	0	0	173	44.9246	2	0	0	
65	0.1	0.3	-100	0	0	0	0	0	173	45.2261	2	0	0	
65	0.1	0.3	-100	0	0	0	0	0	173	45.5276	2	0	0	
65	0.1	0.3	-100	0	0	0	0	0	173	45.8291	2	0	0	
65	0.1	0.3	-100	0	0	0	0	0	173	46.1307	2	0	0	
65	0.1	0.3	-100	0	0	0	0	0	173	46.4322	2	0	0	
65	0.1	0.3	-100	0	0	0	0	0	173	46.7337	2	0	0	
65	0.1	0.3	-100	0	0	0	0	0	173	47.0352	2	0	0	
65	0.1	0.3	-100	0	0	0	0	0	173	47.3367	2	0	0	
65	0.1	0.3	-100	0	0	0	0	0	173	47.6382	2	0	0	
65	0.1	0.3	-100	0	0	0	0	0	173	47.9397	2	0	0	
65	0.1	0.3	-100	0	0	0	0	0	173	48.2412	2	0	0	
65	0.1	0.3	-100	0	0	0	0	0	173	48.5427	2	0	0	
65	0.1	0.3	-100	0	0	0	0	0	173	48.8442	2	0	0	
65	0.1	0.3	-100	0	0	0	0	0	173	49.1457	2	0	0	
65	0.1	0.3	-100	0	0	0	0	0	173	49.4472	2	0	0	
65	0.1	0.3	-100	0	0	0	0	0	173	49.7487	2	0	0	
65	0.1	0.3	-100	0	0	0	0	0	173	50.0503	2	0	0	
65	0.1	0.3	-100	0	0	0	0	0	173	50.3518	2	0	0	
65	0.1	0.3	-100	0	0	0	0	0	173	50.6533	2	0	0	
65	0.1	0.3	-100	0	0	0	0	0	173	50.9548	2	0	0	
65	0.1	0.3	-100	0	0	0	0	0	173	51.2563	2	0	0	
65	0.1	0.3	-100	0	0	0	0	0	173	51.5578	2	0	0	
65	0.1	0.3	-100	0	0	0	0	0	173	51.8593	2	0	0	
65	0.1	0.3	-100	0	0	0	0	0	173	52.1608	2	0	0	
65	0.1	0.3	-100	0	0	0	0	0	173	52.4623	2	0	0	
65	0.1	0.3	-100	0	0	0	0	0	173	52.7638	2	0	0	
65	0.1	0.3	-100	0	0	0	0	0	173	53.0653	2	0	0	
65	0.1	0.3	-100	0	0	0	0	0	173	53.3668	2	0	0	
65	0.1	0.3	-100	0	0	0	0	0	173	53.6683	2	0	0	
65	0.1	0.3	-100	0	0	0	0	0	173	53.9698	2	0	0	
65	0.1	0.3	-100	0	0	0	0	0	173	54.2714	2	0	0	
65	0.1	0.3	-100	0	0	0	0	0	173	54.5729	2	0	0	
65	0.1	0.3	-100	0	0	0	0	0	173	54.8744	2	0	0	
65	0.1	0.3	-100	0	0	0	0	0	173	55.1759	2	0	0	
65	0.1	0.3	-100	0	0	0	0	0	173	55.4774	2	0	0	
65	0.1	0.3	-100	0	0	0	0	0	173	55.7789	2	0	0	
65	0.1	0.3	-100	0	0	0	0	0	173	56.0804	2	0	0	
65	0.1	0.3	-100	0	0	0	0	0	173	56.3819	2	0	0	
65	0.1	0.3	-100	0	0	0	0	0	173	56.6834	2	0	0	
65	0.1	0.3	-100	0	0	0	0	0	173	56.9849	2	0	0	
65	0.1	0.3	-100	0	0	0	0	0	173	57.2864	2	0	0	
65	0.1	0.3	-100	0	0	0	0	0	173	57.5879	2	0	0	
65	0.1	0.3	-100	0	0	0	0	0	173	57.8894	2	0	0	
65	0.1	0.3	-100	0	0	0	0	0	173	58.191	2	0	0	
65	0.1	0.3	-100	0	0	0	0	0	173	58.4925	2	0	0	
65	0.1	0.3	-100	0	0	0	0	0	173	58.794	2	0	0	
65	0.1	0.3	-100	0	0	0	0	0	173	59.0955	2	0	0	
65	0.1	0.3	-100	0	0	0	0	0	173	59.397	2	0	0	
65	0.1	0.3	-100	0	0	0	0	0	173	59.6985	2	0	0	
65	0.1	0.3	-100	0	0	0	0	0	173	60	2	0	0	
