65	0.1	0.3	3	111.655	202.532	4.23537e-05	-3.8909e-05	210.707	173	0	2	0	1	
65	0.1	0.3	3	112.014	202.371	7.58467e-06	-3.21547e-05	210.85	173	0.10101	2	0	1	
65	0.1	0.3	3	112.388	202.046	3.06485e-06	2.6009e-05	210.978	173	0.20202	2	0	1	
65	0.1	0.3	3	112.785	201.363	-1.58206e-05	-1.67223e-05	211.091	173	0.30303	2	0	1	
65	0.1	0.3	3	113.205	200.743	-4.37956e-06	3.45883e-05	211.19	173	0.40404	2	0	1	
65	0.1	0.3	3	113.628	200.701	-1.16574e-05	-1.01413e-05	211.281	173	0.505051	2	0	1	
65	0.1	0.3	3	114.044	200.635	-1.90173e-05	3.5049e-06	211.367	173	0.606061	2	0	1	
65	0.1	0.3	3	114.455	200.55	7.10274e-06	4.77739e-06	211.449	173	0.707071	2	0	1	
65	0.1	0.3	3	114.863	200.449	-2.41334e-05	-3.9252e-05	211.526	173	0.808081	2	0	1	
65	0.1	0.3	3	115.269	200.333	-3.09454e-06	-6.05819e-06	211.598	173	0.909091	2	0	1	
65	0.1	0.3	3	115.674	200.204	1.22822e-05	7.80603e-06	211.666	173	1.0101	2	0	1	
65	0.1	0.3	3	116.079	200.064	-3.61765e-05	4.43008e-06	211.731	173	1.11111	2	0	1	
65	0.1	0.3	3	116.484	199.912	2.41775e-06	-1.92916e-05	211.791	173	1.21212	2	0	1	
65	0.1	0.3	3	116.891	199.749	7.2775e-07	-3.16242e-05	211.847	173	1.31313	2	0	1	
65	0.1	0.3	3	117.299	199.575	-5.85348e-06	1.21776e-06	211.9	173	1.41414	2	0	1	
65	0.1	0.3	3	117.71	199.392	-9.35257e-06	-4.50811e-05	211.949	173	1.51515	2	0	1	
65	0.1	0.3	3	118.124	199.198	4.0501e-06	1.02667e-05	211.994	173	1.61616	2	0	1	
65	0.1	0.3	3	118.541	198.995	-4.00689e-05	-4.3881e-06	212.035	173	1.71717	2	0	1	
65	0.1	0.3	3	118.961	198.782	2.85425e-06	2.76972e-05	212.072	173	1.81818	2	0	1	
65	0.1	0.3	3	119.385	198.56	6.35579e-06	-2.3559e-05	212.106	173	1.91919	2	0	1	
65	0.1	0.3	-100	0	0	0	0	0	173	2.0202	2	0	1	
65	0.1	0.3	-100	0	0	0	0	0	173	2.12121	2	0	1	
65	0.1	0.3	-100	0	0	0	0	0	173	2.22222	2	0	1	
65	0.1	0.3	-100	0	0	0	0	0	173	2.32323	2	0	1	
65	0.1	0.3	-100	0	0	0	0	0	173	2.42424	2	0	1	
65	0.1	0.3	-100	0	0	0	0	0	173	2.52525	2	0	1	
65	0.1	0.3	-100	0	0	0	0	0	173	2.62626	2	0	1	
65	0.1	0.3	-100	0	0	0	0	0	173	2.72727	2	0	1	
65	0.1	0.3	-100	0	0	0	0	0	173	2.82828	2	0	1	
65	0.1	0.3	-100	0	0	0	0	0	173	2.92929	2	0	1	
65	0.1	0.3	-100	0	0	0	0	0	173	3.0303	2	0	1	
65	0.1	0.3	-100	0	0	0	0	0	173	3.13131	2	0	1	
65	0.1	0.3	-100	0	0	0	0	0	173	3.23232	2	0	1	
65	0.1	0.3	-100	0	0	0	0	0	173	3.33333	2	0	1	
65	0.1	0.3	-100	0	0	0	0	0	173	3.43434	2	0	1	
65	0.1	0.3	-100	0	0	0	0	0	173	3.53535	2	0	1	
65	0.1	0.3	-100	0	0	0	0	0	173	3.63636	2	0	1	
65	0.1	0.3	-100	0	0	0	0	0	173	3.73737	2	0	1	
65	0.1	0.3	-100	0	0	0	0	0	173	3.83838	2	0	1	
65	0.1	0.3	-100	0	0	0	0	0	173	3.93939	2	0	1	
65	0.1	0.3	-100	0	0	0	0	0	173	4.0404	2	0	1	
65	0.1	0.3	-100	0	0	0	0	0	173	4.14141	2	0	1	
65	0.1	0.3	-100	0	0	0	0	0	173	4.24242	2	0	1	
65	0.1	0.3	-100	0	0	0	0	0	173	4.34343	2	0	1	
65	0.1	0.3	-100	0	0	0	0	0	173	4.44444	2	0	1	
65	0.1	0.3	-100	0	0	0	0	0	173	4.54545	2	0	1	
65	0.1	0.3	-100	0	0	0	0	0	173	4.64646	2	0	1	
65	0.1	0.3	-100	0	0	0	0	0	173	4.74747	2	0	1	
65	0.1	0.3	-100	0	0	0	0	0	173	4.84848	2	0	1	
65	0.1	0.3	-100	0	0	0	0	0	173	4.94949	2	0	1	
65	0.1	0.3	-100	0	0	0	0	0	173	5.05051	2	0	1	
65	0.1	0.3	-100	0	0	0	0	0	173	5.15152	2	0	1	
65	0.1	0.3	-100	0	0	0	0	0	173	5.25253	2	0	1	
65	0.1	0.3	-100	0	0	0	0	0	173	5.35354	2	0	1	
65	0.1	0.3	-100	0	0	0	0	0	173	5.45455	2	0	1	
65	0.1	0.3	-100	0	0	0	0	0	173	5.55556	2	0	1	
65	0.1	0.3	-100	0	0	0	0	0	173	5.65657	2	0	1	
65	0.1	0.3	-100	0	0	0	0	0	173	5.75758	2	0	1	
65	0.1	0.3	-100	0	0	0	0	0	173	5.85859	2	0	1	
65	0.1	0.3	-100	0	0	0	0	0	173	5.9596	2	0	1	
65	0.1	0.3	-100	0	0	0	0	0	173	6.06061	2	0	1	
65	0.1	0.3	-100	0	0	0	0	0	173	6.16162	2	0	1	
65	0.1	0.3	-100	0	0	0	0	0	173	6.26263	2	0	1	
65	0.1	0.3	-100	0	0	0	0	0	173	6.36364	2	0	1	
65	0.1	0.3	-100	0	0	0	0	0	173	6.46465	2	0	1	
65	0.1	0.3	-100	0	0	0	0	0	173	6.56566	2	0	1	
65	0.1	0.3	-100	0	0	0	0	0	173	6.66667	2	0	1	
65	0.1	0.3	-100	0	0	0	0	0	173	6.76768	2	0	1	
65	0.1	0.3	-100	0	0	0	0	0	173	6.86869	2	0	1	
65	0.1	0.3	-100	0	0	0	0	0	173	6.9697	2	0	1	
65	0.1	0.3	-100	0	0	0	0	0	173	7.07071	2	0	1	
65	0.1	0.3	-100	0	0	0	0	0	173	7.17172	2	0	1	
65	0.1	0.3	-100	0	0	0	0	0	173	7.27273	2	0	1	
65	0.1	0.3	-100	0	0	0	0	0	173	7.37374	2	0	1	
65	0.1	0.3	-100	0	0	0	0	0	173	7.47475	2	0	1	
65	0.1	0.3	-100	0	0	0	0	0	173	7.57576	2	0	1	
65	0.1	0.3	-100	0	0	0	0	0	173	7.67677	2	0	1	
65	0.1	0.3	-100	0	0	0	0	0	173	7.77778	2	0	1	
65	0.1	0.3	-100	0	0	0	0	0	173	7.87879	2	0	1	
65	0.1	0.3	-100	0	0	0	0	0	173	7.9798	2	0	1	
65	0.1	0.3	-100	0	0	0	0	0	173	8.08081	2	0	1	
65	0.1	0.3	-100	0	0	0	0	0	173	8.18182	2	0	1	
65	0.1	0.3	-100	0	0	0	0	0	173	8.28283	2	0	1	
65	0.1	0.3	-100	0	0	0	0	0	173	8.38384	2	0	1	
65	0.1	0.3	-100	0	0	0	0	0	173	8.48485	2	0	1	
65	0.1	0.3	-100	0	0	0	0	0	173	8.58586	2	0	1	
65	0.1	0.3	-100	0	0	0	0	0	173	8.68687	2	0	1	
65	0.1	0.3	-100	0	0	0	0	0	173	8.78788	2	0	1	
65	0.1	0.3	-100	0	0	0	0	0	173	8.88889	2	0	1	
65	0.1	0.3	-100	0	0	0	0	0	173	8.9899	2	0	1	
65	0.1	0.3	-100	0	0	0	0	0	173	9.09091	2	0	1	
65	0.1	0.3	-100	0	0	0	0	0	173	9.19192	2	0	1	
65	0.1	0.3	-100	0	0	0	0	0	173	9.29293	2	0	1	
65	0.1	0.3	-100	0	0	0	0	0	173	9.39394	2	0	1	
65	0.1	0.3	-100	0	0	0	0	0	173	9.49495	2	0	1	
65	0.1	0.3	-100	0	0	0	0	0	173	9.59596	2	0	1	
65	0.1	0.3	-100	0	0	0	0	0	173	9.69697	2	0	1	
65	0.1	0.3	-100	0	0	0	0	0	173	9.79798	2	0	1	
65	0.1	0.3	-100	0	0	0	0	0	173	9.89899	2	0	1	
65	0.1	0.3	-100	0	0	0	0	0	173	10	2	0	1	
