65	0.1	0.3	1	111.01	204.486	-1.07782e-05	1.13488e-05	211.568	173	0	2	0	1	
65	0.1	0.3	1	111.011	204.484	2.78029e-05	-1.15451e-05	211.57	173	0.00100503	2	0	1	
65	0.1	0.3	1	111.012	204.483	-4.6591e-05	-1.38395e-05	211.571	173	0.00201005	2	0	1	
65	0.1	0.3	1	111.013	204.482	-3.26187e-06	-1.94587e-05	211.573	173	0.00301508	2	0	1	
65	0.1	0.3	1	111.014	204.48	3.89078e-05	-2.13918e-05	211.575	173	0.0040201	2	0	1	
65	0.1	0.3	1	111.015	204.479	2.73552e-06	-4.4275e-05	211.576	173	0.00502513	2	0	1	
65	0.1	0.3	1	111.016	204.478	2.2027e-07	-2.19255e-06	211.578	173	0.00603015	2	0	1	
65	0.1	0.3	1	111.017	204.476	1.28106e-06	2.47499e-05	211.579	173	0.00703518	2	0	1	
65	0.1	0.3	1	111.018	204.475	-3.1437e-05	1.47821e-05	211.581	173	0.0080402	2	0	1	
65	0.1	0.3	1	111.019	204.473	2.88353e-05	-6.67397e-06	211.583	173	0.00904523	2	0	1	
65	0.1	0.3	1	111.02	204.472	9.02684e-06	-2.53587e-05	211.584	173	0.0100503	2	0	1	
65	0.1	0.3	1	111.025	204.464	-1.38579e-05	-2.84744e-05	211.585	173	0.0110553	2	0	1	
65	0.1	0.3	1	111.021	204.469	1.57188e-06	1.56781e-05	211.587	173	0.0120603	2	0	1	
65	0.1	0.3	1	111.022	204.468	-2.08487e-05	-3.9302e-05	211.589	173	0.0130653	2	0	1	
65	0.1	0.3	1	111.023	204.466	-2.35373e-05	2.2645e-05	211.59	173	0.0140704	2	0	1	
65	0.1	0.3	1	111.024	204.465	-1.74004e-05	1.45438e-05	211.592	173	0.0150754	2	0	1	
65	0.1	0.3	1	111.025	204.464	-4.66196e-06	-1.61614e-05	211.594	173	0.0160804	2	0	1	
65	0.1	0.3	1	111.026	204.462	-1.82556e-05	-2.14065e-05	211.595	173	0.0170854	2	0	1	
65	0.1	0.3	1	111.027	204.461	1.45427e-05	6.71645e-06	211.597	173	0.0180905	2	0	1	
65	0.1	0.3	1	111.028	204.46	4.48118e-05	-1.3775e-05	211.598	173	0.0190955	2	0	1	
65	0.1	0.3	1	111.028	204.458	-7.33912e-05	-4.07645e-05	211.6	173	0.0201005	2	0	1	
65	0.1	0.3	1	111.029	204.457	-1.82769e-05	2.64857e-05	211.602	173	0.0211055	2	0	1	
65	0.1	0.3	1	111.03	204.455	-1.57545e-05	-2.37617e-05	211.603	173	0.0221106	2	0	1	
65	0.1	0.3	1	111.031	204.454	1.40239e-05	-4.33185e-05	211.605	173	0.0231156	2	0	1	
65	0.1	0.3	1	111.032	204.453	-2.2733e-05	-1.32024e-05	211.606	173	0.0241206	2	0	1	
65	0.1	0.3	1	110.925	204.55	-2.79396e-05	-1.19098e-05	211.656	173	0.0251256	2	0	1	
65	0.1	0.3	1	110.926	204.548	-5.21159e-06	-1.39772e-06	211.657	173	0.0261307	2	0	1	
65	0.1	0.3	1	110.926	204.546	-2.54562e-06	2.27934e-05	211.658	173	0.0271357	2	0	1	
65	0.1	0.3	1	110.927	204.544	-4.27626e-06	6.96099e-06	211.659	173	0.0281407	2	0	1	
65	0.1	0.3	1	110.928	204.542	2.31988e-07	-1.83022e-05	211.66	173	0.0291457	2	0	1	
65	0.1	0.3	1	110.929	204.54	2.15285e-05	1.09809e-05	211.661	173	0.0301508	2	0	1	
65	0.1	0.3	1	110.929	204.538	3.46384e-05	1.57147e-05	211.662	173	0.0311558	2	0	1	
65	0.1	0.3	-100	0	0	0	0	0	173	0.0321608	2	0	1	
65	0.1	0.3	1	110.716	204.73	-9.53844e-06	-8.61928e-06	211.76	173	0.0331658	2	0	1	
65	0.1	0.3	1	110.717	204.727	2.85433e-05	1.66932e-06	211.76	173	0.0341709	2	0	1	
65	0.1	0.3	1	110.717	204.724	-1.06094e-05	-6.6877e-06	211.76	173	0.0351759	2	0	1	
65	0.1	0.3	1	110.718	204.722	7.55823e-06	1.95582e-05	211.76	173	0.0361809	2	0	1	
65	0.1	0.3	1	110.718	204.719	-6.52039e-06	1.20735e-05	211.759	173	0.0371859	2	0	1	
65	0.1	0.3	1	110.719	204.716	-1.42599e-05	1.29057e-05	211.759	173	0.038191	2	0	1	
65	0.1	0.3	1	110.719	204.713	-7.25145e-06	-4.04748e-06	211.759	173	0.039196	2	0	1	
65	0.1	0.3	1	110.72	204.711	2.64162e-05	5.59087e-06	211.759	173	0.040201	2	0	1	
65	0.1	0.3	1	110.721	204.708	-3.086e-05	-1.74618e-05	211.759	173	0.041206	2	0	1	
65	0.1	0.3	1	110.721	204.705	1.80129e-06	-2.71983e-06	211.759	173	0.0422111	2	0	1	
65	0.1	0.3	1	110.722	204.702	-1.38663e-05	-8.26464e-06	211.759	173	0.0432161	2	0	1	
65	0.1	0.3	1	110.722	204.7	-4.10126e-05	-2.31817e-05	211.759	173	0.0442211	2	0	1	
65	0.1	0.3	1	110.723	204.697	5.58429e-06	-4.75432e-05	211.759	173	0.0452261	2	0	1	
65	0.1	0.3	1	110.723	204.694	1.11141e-05	-3.90981e-06	211.758	173	0.0462312	2	0	1	
65	0.1	0.3	1	110.724	204.691	8.27116e-05	1.88229e-05	211.758	173	0.0472362	2	0	1	
65	0.1	0.3	1	110.724	204.689	-1.18315e-05	-4.93316e-05	211.758	173	0.0482412	2	0	1	
65	0.1	0.3	1	110.725	204.686	1.85485e-05	1.07474e-05	211.758	173	0.0492462	2	0	1	
65	0.1	0.3	1	110.725	204.683	-4.56064e-06	7.95698e-06	211.758	173	0.0502513	2	0	1	
65	0.1	0.3	1	110.726	204.68	-2.52546e-05	-7.79534e-06	211.758	173	0.0512563	2	0	1	
65	0.1	0.3	1	110.727	204.678	-8.67753e-06	5.39029e-06	211.758	173	0.0522613	2	0	1	
65	0.1	0.3	1	110.727	204.675	-7.78432e-06	2.25155e-06	211.758	173	0.0532663	2	0	1	
65	0.1	0.3	1	110.728	204.672	8.05087e-06	7.00546e-07	211.758	173	0.0542714	2	0	1	
65	0.1	0.3	1	110.728	204.669	1.99105e-05	2.23608e-06	211.757	173	0.0552764	2	0	1	
65	0.1	0.3	1	110.729	204.666	6.29351e-06	1.02153e-06	211.757	173	0.0562814	2	0	1	
65	0.1	0.3	1	110.729	204.664	-1.84123e-06	4.77153e-05	211.757	173	0.0572864	2	0	1	
65	0.1	0.3	1	110.73	204.661	5.73613e-07	2.71695e-05	211.757	173	0.0582915	2	0	1	
65	0.1	0.3	1	110.73	204.658	-9.29597e-06	-4.53392e-06	211.757	173	0.0592965	2	0	1	
65	0.1	0.3	1	110.731	204.655	2.74747e-05	5.26491e-05	211.757	173	0.0603015	2	0	1	
65	0.1	0.3	1	110.731	204.653	5.24884e-06	-4.90256e-05	211.757	173	0.0613065	2	0	1	
65	0.1	0.3	1	110.732	204.65	7.47353e-06	5.12584e-05	211.757	173	0.0623116	2	0	1	
65	0.1	0.3	1	110.733	204.647	-6.45588e-06	1.92853e-05	211.757	173	0.0633166	2	0	1	
65	0.1	0.3	1	110.733	204.644	-4.85008e-05	4.26076e-05	211.757	173	0.0643216	2	0	1	
65	0.1	0.3	1	110.734	204.642	2.63628e-05	-2.45282e-05	211.756	173	0.0653266	2	0	1	
65	0.1	0.3	1	110.734	204.639	-6.47967e-06	2.27104e-05	211.756	173	0.0663317	2	0	1	
65	0.1	0.3	1	110.735	204.636	-4.31784e-05	-2.56444e-05	211.756	173	0.0673367	2	0	1	
65	0.1	0.3	1	110.735	204.633	3.53402e-06	1.80838e-05	211.756	173	0.0683417	2	0	1	
65	0.1	0.3	1	110.736	204.631	-3.88265e-05	-1.67882e-05	211.756	173	0.0693467	2	0	1	
65	0.1	0.3	1	110.736	204.628	-7.69109e-06	-1.19325e-05	211.756	173	0.0703518	2	0	1	
65	0.1	0.3	1	110.737	204.625	-8.89369e-07	-1.67487e-05	211.756	173	0.0713568	2	0	1	
65	0.1	0.3	1	110.737	204.622	5.31737e-05	-1.41186e-05	211.756	173	0.0723618	2	0	1	
65	0.1	0.3	1	110.738	204.619	-1.03673e-05	-1.58142e-05	211.756	173	0.0733668	2	0	1	
65	0.1	0.3	1	110.739	204.617	-2.34342e-05	-1.12081e-05	211.755	173	0.0743719	2	0	1	
65	0.1	0.3	1	110.739	204.614	-3.48279e-05	-1.03655e-05	211.755	173	0.0753769	2	0	1	
65	0.1	0.3	1	110.74	204.611	-1.08701e-05	-1.77599e-05	211.755	173	0.0763819	2	0	1	
65	0.1	0.3	1	110.74	204.608	-1.34133e-05	-8.86054e-06	211.755	173	0.0773869	2	0	1	
65	0.1	0.3	1	110.741	204.606	2.07355e-05	3.31648e-06	211.755	173	0.078392	2	0	1	
65	0.1	0.3	1	110.741	204.603	-2.9808e-06	-2.74363e-05	211.755	173	0.079397	2	0	1	
65	0.1	0.3	1	110.742	204.6	2.86369e-05	2.67559e-05	211.755	173	0.080402	2	0	1	
65	0.1	0.3	1	110.742	204.597	-2.06184e-05	-8.4775e-06	211.755	173	0.081407	2	0	1	
65	0.1	0.3	1	110.743	204.595	9.39431e-06	1.06623e-05	211.755	173	0.0824121	2	0	1	
65	0.1	0.3	1	110.744	204.592	4.2942e-05	-1.87154e-05	211.754	173	0.0834171	2	0	1	
65	0.1	0.3	1	110.744	204.589	-4.18235e-06	-1.77156e-05	211.754	173	0.0844221	2	0	1	
65	0.1	0.3	1	110.745	204.586	5.81418e-06	-1.83149e-05	211.754	173	0.0854271	2	0	1	
65	0.1	0.3	1	110.745	204.583	7.72174e-06	7.12434e-07	211.754	173	0.0864322	2	0	1	
65	0.1	0.3	1	110.746	204.581	-2.67384e-05	-2.19788e-05	211.754	173	0.0874372	2	0	1	
65	0.1	0.3	1	110.746	204.578	-1.96386e-05	6.19707e-06	211.754	173	0.0884422	2	0	1	
65	0.1	0.3	1	110.747	204.575	-1.08574e-05	-6.3386e-06	211.754	173	0.0894472	2	0	1	
65	0.1	0.3	1	110.747	204.572	-2.45615e-05	3.20804e-05	211.754	173	0.0904523	2	0	1	
65	0.1	0.3	1	110.748	204.569	-1.96029e-05	6.43701e-06	211.754	173	0.0914573	2	0	1	
65	0.1	0.3	1	110.748	204.567	-2.7389e-05	-7.11741e-06	211.754	173	0.0924623	2	0	1	
65	0.1	0.3	1	110.749	204.564	-4.3508e-05	-1.65604e-06	211.753	173	0.0934673	2	0	1	
65	0.1	0.3	1	110.75	204.561	1.63267e-05	-2.81016e-06	211.753	173	0.0944724	2	0	1	
65	0.1	0.3	1	110.75	204.558	-1.93477e-06	4.76493e-06	211.753	173	0.0954774	2	0	1	
65	0.1	0.3	1	110.751	204.556	-4.2272e-05	5.96172e-06	211.753	173	0.0964824	2	0	1	
65	0.1	0.3	1	110.751	204.553	9.00101e-06	3.5841e-05	211.753	173	0.0974874	2	0	1	
65	0.1	0.3	1	110.752	204.55	1.93416e-06	-4.14009e-06	211.753	173	0.0984925	2	0	1	
65	0.1	0.3	1	110.752	204.547	-1.53022e-05	-7.92093e-06	211.753	173	0.0994975	2	0	1	
65	0.1	0.3	1	110.753	204.544	-1.93319e-05	-8.02743e-05	211.753	173	0.100503	2	0	1	
65	0.1	0.3	1	110.753	204.542	-6.54799e-06	-1.68207e-05	211.753	173	0.101508	2	0	1	
65	0.1	0.3	1	110.754	204.539	-4.33084e-06	6.06502e-06	211.752	173	0.102513	2	0	1	
65	0.1	0.3	1	110.755	204.536	3.53781e-05	-5.32048e-06	211.752	173	0.103518	2	0	1	
65	0.1	0.3	1	110.755	204.533	-7.79088e-05	-9.98417e-06	211.752	173	0.104523	2	0	1	
65	0.1	0.3	1	110.756	204.53	-7.35619e-07	-2.08645e-06	211.752	173	0.105528	2	0	1	
65	0.1	0.3	1	110.756	204.528	7.04931e-06	1.38796e-05	211.752	173	0.106533	2	0	1	
65	0.1	0.3	1	110.757	204.525	-5.56395e-06	1.58761e-05	211.752	173	0.107538	2	0	1	
65	0.1	0.3	1	110.757	204.522	2.69748e-06	-7.91408e-05	211.752	173	0.108543	2	0	1	
65	0.1	0.3	1	110.758	204.519	-4.31876e-05	4.45368e-06	211.752	173	0.109548	2	0	1	
65	0.1	0.3	1	110.758	204.517	1.45794e-05	-2.15856e-05	211.752	173	0.110553	2	0	1	
65	0.1	0.3	1	110.759	204.514	-7.19571e-07	9.27397e-06	211.751	173	0.111558	2	0	1	
65	0.1	0.3	1	110.76	204.511	7.6468e-06	-1.70295e-05	211.751	173	0.112563	2	0	1	
65	0.1	0.3	1	110.76	204.508	1.97018e-05	-1.36549e-05	211.751	173	0.113568	2	0	1	
65	0.1	0.3	1	110.761	204.505	9.4443e-06	1.41443e-05	211.751	173	0.114573	2	0	1	
65	0.1	0.3	1	110.761	204.503	-4.09587e-06	4.46049e-05	211.751	173	0.115578	2	0	1	
65	0.1	0.3	1	110.762	204.5	-2.07292e-05	-1.60418e-05	211.751	173	0.116583	2	0	1	
65	0.1	0.3	1	110.762	204.497	3.90412e-06	7.10816e-06	211.751	173	0.117588	2	0	1	
65	0.1	0.3	1	110.763	204.494	-8.62026e-07	-7.94914e-06	211.751	173	0.118593	2	0	1	
65	0.1	0.3	1	110.763	204.491	6.77847e-07	4.778e-05	211.751	173	0.119598	2	0	1	
65	0.1	0.3	1	110.764	204.489	8.5004e-05	-1.6946e-05	211.751	173	0.120603	2	0	1	
65	0.1	0.3	1	110.764	204.486	8.71418e-06	1.23607e-05	211.75	173	0.121608	2	0	1	
65	0.1	0.3	1	110.765	204.483	-8.74849e-06	1.21837e-05	211.75	173	0.122613	2	0	1	
65	0.1	0.3	1	110.766	204.48	-4.01457e-06	1.29706e-05	211.75	173	0.123618	2	0	1	
65	0.1	0.3	1	110.766	204.477	-6.99139e-06	-3.56781e-05	211.75	173	0.124623	2	0	1	
65	0.1	0.3	1	110.767	204.475	-9.91753e-06	1.11434e-05	211.75	173	0.125628	2	0	1	
65	0.1	0.3	1	110.767	204.472	6.82702e-06	-1.20125e-05	211.75	173	0.126633	2	0	1	
65	0.1	0.3	1	110.768	204.469	1.45488e-05	-2.65253e-05	211.75	173	0.127638	2	0	1	
65	0.1	0.3	1	110.768	204.466	3.00868e-06	-1.84037e-05	211.75	173	0.128643	2	0	1	
65	0.1	0.3	1	110.769	204.463	1.01055e-05	-1.07647e-05	211.75	173	0.129648	2	0	1	
65	0.1	0.3	1	110.769	204.461	-5.82165e-06	-1.36258e-06	211.749	173	0.130653	2	0	1	
65	0.1	0.3	1	110.77	204.458	5.70675e-06	-1.01808e-05	211.749	173	0.131658	2	0	1	
65	0.1	0.3	1	110.771	204.455	1.78855e-05	5.72394e-06	211.749	173	0.132663	2	0	1	
65	0.1	0.3	1	110.771	204.452	-5.10797e-06	-4.48992e-05	211.749	173	0.133668	2	0	1	
65	0.1	0.3	1	110.772	204.449	2.18258e-05	3.44246e-06	211.749	173	0.134673	2	0	1	
65	0.1	0.3	1	110.772	204.446	1.10193e-05	-2.13507e-05	211.749	173	0.135678	2	0	1	
65	0.1	0.3	1	110.773	204.444	-2.46719e-06	-3.29464e-05	211.749	173	0.136683	2	0	1	
65	0.1	0.3	1	110.773	204.441	6.07667e-06	6.48065e-06	211.749	173	0.137688	2	0	1	
65	0.1	0.3	1	110.774	204.438	5.37298e-07	-1.21032e-05	211.749	173	0.138693	2	0	1	
65	0.1	0.3	1	110.774	204.435	-6.06125e-06	-4.90028e-05	211.748	173	0.139698	2	0	1	
65	0.1	0.3	1	110.775	204.432	1.9796e-05	-4.49846e-05	211.748	173	0.140704	2	0	1	
65	0.1	0.3	1	110.776	204.43	1.66829e-05	-1.94878e-06	211.748	173	0.141709	2	0	1	
65	0.1	0.3	1	110.776	204.427	4.12741e-06	7.91657e-06	211.748	173	0.142714	2	0	1	
65	0.1	0.3	1	110.777	204.424	3.83133e-06	-4.7641e-06	211.748	173	0.143719	2	0	1	
65	0.1	0.3	1	110.777	204.421	4.89675e-05	7.98557e-06	211.748	173	0.144724	2	0	1	
65	0.1	0.3	1	110.778	204.418	-1.51603e-05	2.50047e-05	211.748	173	0.145729	2	0	1	
65	0.1	0.3	1	110.778	204.416	-1.45826e-05	8.14197e-06	211.748	173	0.146734	2	0	1	
65	0.1	0.3	1	110.779	204.413	-7.83575e-07	-6.24001e-06	211.748	173	0.147739	2	0	1	
65	0.1	0.3	1	110.779	204.41	-1.67196e-05	-8.04238e-06	211.748	173	0.148744	2	0	1	
65	0.1	0.3	1	110.78	204.407	1.76689e-05	-1.22355e-05	211.747	173	0.149749	2	0	1	
65	0.1	0.3	1	110.781	204.404	9.4008e-06	-6.34376e-07	211.747	173	0.150754	2	0	1	
65	0.1	0.3	1	110.781	204.401	4.49301e-05	1.04417e-05	211.747	173	0.151759	2	0	1	
65	0.1	0.3	1	110.782	204.399	3.5941e-05	-8.69759e-06	211.747	173	0.152764	2	0	1	
65	0.1	0.3	1	110.782	204.396	-4.70183e-05	-7.36853e-06	211.747	173	0.153769	2	0	1	
65	0.1	0.3	1	110.783	204.393	1.17564e-05	-4.48458e-06	211.747	173	0.154774	2	0	1	
65	0.1	0.3	1	110.783	204.39	-7.72101e-06	1.57475e-06	211.747	173	0.155779	2	0	1	
65	0.1	0.3	1	110.784	204.387	-2.16541e-05	3.87261e-06	211.747	173	0.156784	2	0	1	
65	0.1	0.3	1	110.785	204.385	-9.62016e-06	-1.17685e-06	211.746	173	0.157789	2	0	1	
65	0.1	0.3	1	110.785	204.382	1.86073e-05	2.316e-06	211.746	173	0.158794	2	0	1	
65	0.1	0.3	1	110.786	204.379	-4.43373e-05	1.17691e-05	211.746	173	0.159799	2	0	1	
65	0.1	0.3	1	110.786	204.376	-4.39728e-06	-7.0546e-06	211.746	173	0.160804	2	0	1	
65	0.1	0.3	1	110.787	204.373	-7.32331e-07	-1.54614e-05	211.746	173	0.161809	2	0	1	
65	0.1	0.3	1	110.787	204.37	-2.5973e-05	1.37023e-05	211.746	173	0.162814	2	0	1	
65	0.1	0.3	1	110.788	204.368	1.14856e-05	-1.63678e-06	211.746	173	0.163819	2	0	1	
65	0.1	0.3	1	110.788	204.365	-3.04861e-05	1.67417e-05	211.746	173	0.164824	2	0	1	
65	0.1	0.3	1	110.789	204.362	4.84026e-05	-7.42735e-06	211.746	173	0.165829	2	0	1	
65	0.1	0.3	1	110.79	204.359	-2.22036e-05	-4.95711e-06	211.746	173	0.166834	2	0	1	
65	0.1	0.3	1	110.79	204.356	1.52102e-05	1.22116e-05	211.745	173	0.167839	2	0	1	
65	0.1	0.3	1	110.791	204.353	7.91143e-07	8.92871e-06	211.745	173	0.168844	2	0	1	
65	0.1	0.3	1	110.791	204.351	3.2839e-06	1.15809e-05	211.745	173	0.169849	2	0	1	
65	0.1	0.3	1	110.792	204.348	6.75538e-06	3.32536e-06	211.745	173	0.170854	2	0	1	
65	0.1	0.3	1	110.792	204.345	-1.46027e-05	1.3288e-06	211.745	173	0.171859	2	0	1	
65	0.1	0.3	1	110.793	204.342	-3.1293e-05	5.06478e-06	211.745	173	0.172864	2	0	1	
65	0.1	0.3	1	110.793	204.339	9.31735e-06	-1.43701e-05	211.745	173	0.173869	2	0	1	
65	0.1	0.3	1	110.794	204.336	1.20596e-05	1.73627e-05	211.745	173	0.174874	2	0	1	
65	0.1	0.3	1	110.795	204.334	-4.36311e-05	1.94422e-05	211.745	173	0.175879	2	0	1	
65	0.1	0.3	1	110.795	204.331	-4.7854e-06	2.70976e-05	211.744	173	0.176884	2	0	1	
65	0.1	0.3	1	110.796	204.328	1.85519e-05	3.53361e-05	211.744	173	0.177889	2	0	1	
65	0.1	0.3	1	110.796	204.325	-1.67649e-05	-1.29951e-06	211.744	173	0.178894	2	0	1	
65	0.1	0.3	1	110.797	204.322	-6.97407e-06	-5.55217e-06	211.744	173	0.179899	2	0	1	
65	0.1	0.3	1	110.797	204.319	-4.06543e-06	-1.79946e-05	211.744	173	0.180905	2	0	1	
65	0.1	0.3	1	110.798	204.317	-3.9384e-05	7.06615e-06	211.744	173	0.18191	2	0	1	
65	0.1	0.3	1	110.798	204.314	5.97697e-06	-2.49632e-05	211.744	173	0.182915	2	0	1	
65	0.1	0.3	1	110.799	204.311	8.76059e-06	-2.26479e-05	211.744	173	0.18392	2	0	1	
65	0.1	0.3	1	110.8	204.308	-3.80059e-05	3.9657e-05	211.744	173	0.184925	2	0	1	
65	0.1	0.3	1	110.8	204.305	9.60512e-06	-9.80059e-07	211.743	173	0.18593	2	0	1	
65	0.1	0.3	1	110.801	204.302	-2.22968e-05	1.36135e-05	211.743	173	0.186935	2	0	1	
65	0.1	0.3	1	110.801	204.3	-1.21209e-05	6.75515e-06	211.743	173	0.18794	2	0	1	
65	0.1	0.3	1	110.802	204.297	-4.88667e-06	3.37604e-05	211.743	173	0.188945	2	0	1	
65	0.1	0.3	1	110.802	204.294	-5.68665e-05	1.70244e-05	211.743	173	0.18995	2	0	1	
65	0.1	0.3	1	110.803	204.291	-5.16409e-05	1.5708e-05	211.743	173	0.190955	2	0	1	
65	0.1	0.3	1	110.804	204.288	-1.25432e-05	-2.62956e-06	211.743	173	0.19196	2	0	1	
65	0.1	0.3	1	110.804	204.285	3.77019e-07	-3.37828e-06	211.743	173	0.192965	2	0	1	
65	0.1	0.3	1	110.805	204.282	-5.15205e-05	-9.06669e-06	211.743	173	0.19397	2	0	1	
65	0.1	0.3	1	110.805	204.28	-3.90225e-05	-1.00168e-05	211.742	173	0.194975	2	0	1	
65	0.1	0.3	1	110.806	204.277	-4.69886e-05	-4.16232e-06	211.742	173	0.19598	2	0	1	
65	0.1	0.3	1	110.806	204.274	-1.84964e-05	-1.42832e-06	211.742	173	0.196985	2	0	1	
65	0.1	0.3	1	110.807	204.271	2.76834e-05	8.14765e-05	211.742	173	0.19799	2	0	1	
65	0.1	0.3	1	110.807	204.268	-1.56557e-08	-9.74154e-06	211.742	173	0.198995	2	0	1	
65	0.1	0.3	1	110.808	204.265	1.04652e-05	7.47243e-06	211.742	173	0.2	2	0	1	
