65	0.1	0.3	1	98.7931	0	203.701	196.938	0	173	0	0	0	0	
65	0.1	0.3	1	99.005	0	203.809	196.584	0	173	0.10101	0	0	0	
65	0.1	0.3	1	99.1942	0	196.302	196.302	0	173	0.20202	0	0	0	
65	0.1	0.3	1	99.3703	0	196.061	196.061	0	173	0.30303	0	0	0	
65	0.1	0.3	1	99.5343	0	195.853	195.853	0	173	0.40404	0	0	0	
65	0.1	0.3	1	99.6876	0	195.673	195.673	0	173	0.505051	0	0	0	
65	0.1	0.3	1	99.8316	0	195.518	195.518	0	173	0.606061	0	0	0	
65	0.1	0.3	1	99.9673	0	195.385	195.385	0	173	0.707071	0	0	0	
65	0.1	0.3	1	100.096	0	195.271	195.271	0	173	0.808081	0	0	0	
65	0.1	0.3	1	100.218	0	195.174	195.174	0	173	0.909091	0	0	0	
65	0.1	0.3	1	100.334	0	195.094	195.094	0	173	1.0101	0	0	0	
65	0.1	0.3	1	100.445	0	195.028	195.028	0	173	1.11111	0	0	0	
65	0.1	0.3	1	100.552	0	194.975	194.975	0	173	1.21212	0	0	0	
65	0.1	0.3	1	100.654	0	194.935	194.935	0	173	1.31313	0	0	0	
65	0.1	0.3	1	100.752	0	194.906	194.906	0	173	1.41414	0	0	0	
65	0.1	0.3	1	100.847	0	194.887	194.887	0	173	1.51515	0	0	0	
65	0.1	0.3	1	100.939	0	194.878	194.878	0	173	1.61616	0	0	0	
65	0.1	0.3	1	101.028	0	194.878	194.878	0	173	1.71717	0	0	0	
65	0.1	0.3	1	101.115	0	194.886	194.886	0	173	1.81818	0	0	0	
65	0.1	0.3	1	101.199	0	194.901	194.901	0	173	1.91919	0	0	0	
65	0.1	0.3	-2	0	0	0	0	0	173	2.0202	0	0	0	
65	0.1	0.3	-2	0	0	0	0	0	173	2.12121	0	0	0	
65	0.1	0.3	-2	0	0	0	0	0	173	2.22222	0	0	0	
65	0.1	0.3	-2	0	0	0	0	0	173	2.32323	0	0	0	
65	0.1	0.3	-2	0	0	0	0	0	173	2.42424	0	0	0	
65	0.1	0.3	-2	0	0	0	0	0	173	2.52525	0	0	0	
65	0.1	0.3	-2	0	0	0	0	0	173	2.62626	0	0	0	
65	0.1	0.3	-2	0	0	0	0	0	173	2.72727	0	0	0	
65	0.1	0.3	-2	0	0	0	0	0	173	2.82828	0	0	0	
65	0.1	0.3	-2	0	0	0	0	0	173	2.92929	0	0	0	
65	0.1	0.3	-2	0	0	0	0	0	173	3.0303	0	0	0	
65	0.1	0.3	-2	0	0	0	0	0	173	3.13131	0	0	0	
65	0.1	0.3	-2	0	0	0	0	0	173	3.23232	0	0	0	
65	0.1	0.3	-2	0	0	0	0	0	173	3.33333	0	0	0	
65	0.1	0.3	-2	0	0	0	0	0	173	3.43434	0	0	0	
65	0.1	0.3	-2	0	0	0	0	0	173	3.53535	0	0	0	
65	0.1	0.3	-2	0	0	0	0	0	173	3.63636	0	0	0	
65	0.1	0.3	-2	0	0	0	0	0	173	3.73737	0	0	0	
65	0.1	0.3	-2	0	0	0	0	0	173	3.83838	0	0	0	
65	0.1	0.3	-2	0	0	0	0	0	173	3.93939	0	0	0	
65	0.1	0.3	-2	0	0	0	0	0	173	4.0404	0	0	0	
65	0.1	0.3	-2	0	0	0	0	0	173	4.14141	0	0	0	
65	0.1	0.3	-2	0	0	0	0	0	173	4.24242	0	0	0	
65	0.1	0.3	-2	0	0	0	0	0	173	4.34343	0	0	0	
65	0.1	0.3	-2	0	0	0	0	0	173	4.44444	0	0	0	
65	0.1	0.3	-2	0	0	0	0	0	173	4.54545	0	0	0	
65	0.1	0.3	-2	0	0	0	0	0	173	4.64646	0	0	0	
65	0.1	0.3	-2	0	0	0	0	0	173	4.74747	0	0	0	
65	0.1	0.3	-2	0	0	0	0	0	173	4.84848	0	0	0	
65	0.1	0.3	-2	0	0	0	0	0	173	4.94949	0	0	0	
65	0.1	0.3	-2	0	0	0	0	0	173	5.05051	0	0	0	
65	0.1	0.3	-2	0	0	0	0	0	173	5.15152	0	0	0	
65	0.1	0.3	-2	0	0	0	0	0	173	5.25253	0	0	0	
65	0.1	0.3	-2	0	0	0	0	0	173	5.35354	0	0	0	
65	0.1	0.3	-2	0	0	0	0	0	173	5.45455	0	0	0	
65	0.1	0.3	-2	0	0	0	0	0	173	5.55556	0	0	0	
65	0.1	0.3	-2	0	0	0	0	0	173	5.65657	0	0	0	
65	0.1	0.3	-2	0	0	0	0	0	173	5.75758	0	0	0	
65	0.1	0.3	-2	0	0	0	0	0	173	5.85859	0	0	0	
65	0.1	0.3	-2	0	0	0	0	0	173	5.9596	0	0	0	
65	0.1	0.3	-2	0	0	0	0	0	173	6.06061	0	0	0	
65	0.1	0.3	-2	0	0	0	0	0	173	6.16162	0	0	0	
65	0.1	0.3	-2	0	0	0	0	0	173	6.26263	0	0	0	
65	0.1	0.3	-2	0	0	0	0	0	173	6.36364	0	0	0	
65	0.1	0.3	-2	0	0	0	0	0	173	6.46465	0	0	0	
65	0.1	0.3	-2	0	0	0	0	0	173	6.56566	0	0	0	
65	0.1	0.3	-2	0	0	0	0	0	173	6.66667	0	0	0	
65	0.1	0.3	-2	0	0	0	0	0	173	6.76768	0	0	0	
65	0.1	0.3	-2	0	0	0	0	0	173	6.86869	0	0	0	
65	0.1	0.3	-2	0	0	0	0	0	173	6.9697	0	0	0	
65	0.1	0.3	-2	0	0	0	0	0	173	7.07071	0	0	0	
65	0.1	0.3	-2	0	0	0	0	0	173	7.17172	0	0	0	
65	0.1	0.3	-2	0	0	0	0	0	173	7.27273	0	0	0	
65	0.1	0.3	-2	0	0	0	0	0	173	7.37374	0	0	0	
65	0.1	0.3	-2	0	0	0	0	0	173	7.47475	0	0	0	
65	0.1	0.3	-2	0	0	0	0	0	173	7.57576	0	0	0	
65	0.1	0.3	-2	0	0	0	0	0	173	7.67677	0	0	0	
65	0.1	0.3	-2	0	0	0	0	0	173	7.77778	0	0	0	
65	0.1	0.3	-2	0	0	0	0	0	173	7.87879	0	0	0	
65	0.1	0.3	-2	0	0	0	0	0	173	7.9798	0	0	0	
65	0.1	0.3	-2	0	0	0	0	0	173	8.08081	0	0	0	
65	0.1	0.3	-2	0	0	0	0	0	173	8.18182	0	0	0	
65	0.1	0.3	-2	0	0	0	0	0	173	8.28283	0	0	0	
65	0.1	0.3	-2	0	0	0	0	0	173	8.38384	0	0	0	
65	0.1	0.3	-2	0	0	0	0	0	173	8.48485	0	0	0	
65	0.1	0.3	-2	0	0	0	0	0	173	8.58586	0	0	0	
65	0.1	0.3	-2	0	0	0	0	0	173	8.68687	0	0	0	
65	0.1	0.3	-2	0	0	0	0	0	173	8.78788	0	0	0	
65	0.1	0.3	-2	0	0	0	0	0	173	8.88889	0	0	0	
65	0.1	0.3	-2	0	0	0	0	0	173	8.9899	0	0	0	
65	0.1	0.3	-2	0	0	0	0	0	173	9.09091	0	0	0	
65	0.1	0.3	-2	0	0	0	0	0	173	9.19192	0	0	0	
65	0.1	0.3	-2	0	0	0	0	0	173	9.29293	0	0	0	
65	0.1	0.3	-2	0	0	0	0	0	173	9.39394	0	0	0	
65	0.1	0.3	-2	0	0	0	0	0	173	9.49495	0	0	0	
65	0.1	0.3	-2	0	0	0	0	0	173	9.59596	0	0	0	
65	0.1	0.3	-2	0	0	0	0	0	173	9.69697	0	0	0	
65	0.1	0.3	-2	0	0	0	0	0	173	9.79798	0	0	0	
65	0.1	0.3	-2	0	0	0	0	0	173	9.89899	0	0	0	
65	0.1	0.3	-2	0	0	0	0	0	173	10	0	0	0	
