65	0.1	0.3	1	111.54	203.147	-2.0193e-05	1.21606e-07	211.165	173	0	2	1	0	
65	0.1	0.3	1	111.534	203.146	1.30212e-05	-1.54954e-05	211.172	173	0.00251256	2	1	0	
65	0.1	0.3	1	111.529	203.146	4.87382e-07	7.72324e-06	211.178	173	0.00502513	2	1	0	
65	0.1	0.3	1	111.523	203.145	1.27975e-05	5.58676e-06	211.184	173	0.00753769	2	1	0	
65	0.1	0.3	1	111.517	203.145	1.90272e-06	2.70836e-06	211.191	173	0.0100503	2	1	0	
65	0.1	0.3	1	111.511	203.145	-2.28605e-05	-1.15866e-05	211.197	173	0.0125628	2	1	0	
65	0.1	0.3	1	111.505	203.144	-1.95575e-05	-9.81009e-06	211.204	173	0.0150754	2	1	0	
65	0.1	0.3	1	111.499	203.144	-2.45669e-05	2.84004e-05	211.21	173	0.0175879	2	1	0	
65	0.1	0.3	1	111.493	203.144	-2.18965e-06	-1.67888e-05	211.217	173	0.0201005	2	1	0	
65	0.1	0.3	1	111.487	203.143	5.23646e-05	-2.21094e-05	211.223	173	0.0226131	2	1	0	
65	0.1	0.3	1	111.481	203.143	-8.29306e-06	-7.91069e-05	211.23	173	0.0251256	2	1	0	
65	0.1	0.3	1	111.475	203.143	9.52622e-06	-3.88745e-05	211.236	173	0.0276382	2	1	0	
65	0.1	0.3	1	111.469	203.142	7.66375e-05	-2.55774e-05	211.243	173	0.0301508	2	1	0	
65	0.1	0.3	1	111.463	203.141	7.06182e-06	-2.37619e-05	211.249	173	0.0326633	2	1	0	
65	0.1	0.3	1	111.457	203.141	-1.78289e-05	1.7052e-05	211.256	173	0.0351759	2	1	0	
65	0.1	0.3	1	111.451	203.14	-9.39993e-06	1.5779e-05	211.262	173	0.0376884	2	1	0	
65	0.1	0.3	1	111.446	203.139	8.01012e-07	1.98402e-05	211.269	173	0.040201	2	1	0	
65	0.1	0.3	1	111.44	203.139	1.15007e-05	2.59517e-05	211.275	173	0.0427136	2	1	0	
65	0.1	0.3	1	111.434	203.138	-2.67912e-05	-4.76654e-06	211.282	173	0.0452261	2	1	0	
65	0.1	0.3	1	111.429	203.137	-3.05219e-06	-2.17687e-06	211.288	173	0.0477387	2	1	0	
65	0.1	0.3	1	111.423	203.136	5.73398e-05	6.975e-06	211.295	173	0.0502513	2	1	0	
65	0.1	0.3	1	111.418	203.135	2.45434e-06	-1.08122e-05	211.301	173	0.0527638	2	1	0	
65	0.1	0.3	1	111.412	203.134	-2.52494e-05	-9.82205e-06	211.308	173	0.0552764	2	1	0	
65	0.1	0.3	1	111.407	203.132	-6.6374e-06	4.59548e-06	211.314	173	0.0577889	2	1	0	
65	0.1	0.3	1	111.402	203.131	1.80775e-05	7.66308e-07	211.32	173	0.0603015	2	1	0	
65	0.1	0.3	1	111.396	203.13	-9.47667e-07	3.29849e-05	211.327	173	0.0628141	2	1	0	
65	0.1	0.3	1	111.391	203.128	3.27254e-05	-6.86624e-06	211.333	173	0.0653266	2	1	0	
65	0.1	0.3	1	111.386	203.127	-8.22602e-05	1.23242e-05	211.339	173	0.0678392	2	1	0	
65	0.1	0.3	1	111.381	203.125	-2.13137e-05	-4.37263e-05	211.346	173	0.0703518	2	1	0	
65	0.1	0.3	1	111.376	203.123	4.70332e-06	-3.68244e-05	211.352	173	0.0728643	2	1	0	
65	0.1	0.3	1	111.371	203.122	3.7905e-05	2.15909e-06	211.358	173	0.0753769	2	1	0	
65	0.1	0.3	1	111.366	203.12	-6.1609e-06	-3.40626e-07	211.364	173	0.0778894	2	1	0	
65	0.1	0.3	1	111.361	203.118	1.51716e-05	4.5323e-05	211.371	173	0.080402	2	1	0	
65	0.1	0.3	1	111.356	203.116	2.26378e-05	1.11609e-05	211.377	173	0.0829146	2	1	0	
65	0.1	0.3	1	111.351	203.114	-1.94877e-05	-4.91097e-07	211.383	173	0.0854271	2	1	0	
65	0.1	0.3	1	111.346	203.112	-5.28175e-07	-6.16881e-06	211.389	173	0.0879397	2	1	0	
65	0.1	0.3	1	111.341	203.11	-2.14334e-05	-4.42684e-05	211.395	173	0.0904523	2	1	0	
65	0.1	0.3	1	111.337	203.107	-7.09533e-06	-3.74461e-05	211.402	173	0.0929648	2	1	0	
65	0.1	0.3	1	111.332	203.105	-4.89346e-06	5.10958e-05	211.408	173	0.0954774	2	1	0	
65	0.1	0.3	1	111.327	203.102	-1.04781e-06	4.52638e-05	211.414	173	0.0979899	2	1	0	
65	0.1	0.3	1	111.323	203.1	-2.54802e-05	2.3973e-05	211.42	173	0.100503	2	1	0	
65	0.1	0.3	1	111.318	203.097	-3.9554e-05	1.05578e-05	211.426	173	0.103015	2	1	0	
65	0.1	0.3	1	111.313	203.095	-6.36159e-06	1.6703e-05	211.432	173	0.105528	2	1	0	
65	0.1	0.3	1	111.309	203.092	1.59805e-05	-3.40528e-05	211.438	173	0.10804	2	1	0	
65	0.1	0.3	1	111.304	203.089	2.11379e-05	7.65135e-06	211.444	173	0.110553	2	1	0	
65	0.1	0.3	1	111.3	203.086	-4.40988e-05	-1.32361e-05	211.45	173	0.113065	2	1	0	
65	0.1	0.3	1	111.296	203.083	-1.23727e-06	2.20273e-05	211.456	173	0.115578	2	1	0	
65	0.1	0.3	1	111.291	203.08	-3.78605e-06	-4.65965e-05	211.462	173	0.11809	2	1	0	
65	0.1	0.3	1	111.287	203.077	6.45457e-07	1.08233e-05	211.468	173	0.120603	2	1	0	
65	0.1	0.3	1	111.283	203.074	2.73393e-05	-3.79102e-06	211.474	173	0.123116	2	1	0	
65	0.1	0.3	1	111.278	203.071	-6.10657e-07	5.98184e-06	211.48	173	0.125628	2	1	0	
65	0.1	0.3	1	111.274	203.067	9.6511e-06	-9.43402e-06	211.486	173	0.128141	2	1	0	
65	0.1	0.3	1	111.27	203.064	3.63403e-06	9.48709e-07	211.492	173	0.130653	2	1	0	
65	0.1	0.3	1	111.266	203.06	2.64243e-05	7.83536e-06	211.498	173	0.133166	2	1	0	
65	0.1	0.3	1	111.262	203.057	1.17913e-06	4.66912e-06	211.504	173	0.135678	2	1	0	
65	0.1	0.3	1	111.257	203.053	2.92409e-06	1.10079e-05	211.51	173	0.138191	2	1	0	
65	0.1	0.3	1	111.253	203.049	-1.69117e-05	1.85435e-05	211.516	173	0.140704	2	1	0	
65	0.1	0.3	1	111.249	203.045	-1.68204e-06	-9.4841e-06	211.522	173	0.143216	2	1	0	
65	0.1	0.3	1	111.245	203.042	-8.02785e-06	1.61775e-05	211.528	173	0.145729	2	1	0	
65	0.1	0.3	1	111.241	203.037	1.03562e-05	4.2806e-05	211.533	173	0.148241	2	1	0	
65	0.1	0.3	1	111.237	203.033	-1.09211e-06	-5.34543e-07	211.539	173	0.150754	2	1	0	
65	0.1	0.3	1	111.233	203.029	5.29205e-05	3.68149e-05	211.545	173	0.153266	2	1	0	
65	0.1	0.3	1	111.229	203.025	9.12114e-06	1.58721e-05	211.551	173	0.155779	2	1	0	
65	0.1	0.3	1	111.226	203.02	4.60901e-05	6.68352e-06	211.557	173	0.158291	2	1	0	
65	0.1	0.3	1	111.222	203.016	1.69841e-05	-2.79608e-05	211.562	173	0.160804	2	1	0	
65	0.1	0.3	1	111.218	203.011	-1.71989e-06	-9.93474e-06	211.568	173	0.163317	2	1	0	
65	0.1	0.3	1	111.214	203.007	4.54826e-06	2.9654e-05	211.574	173	0.165829	2	1	0	
65	0.1	0.3	1	111.21	203.002	-2.96999e-06	-1.5155e-05	211.58	173	0.168342	2	1	0	
65	0.1	0.3	1	111.207	202.997	2.40081e-05	6.19457e-06	211.585	173	0.170854	2	1	0	
65	0.1	0.3	1	111.203	202.992	2.6877e-06	2.30227e-05	211.591	173	0.173367	2	1	0	
65	0.1	0.3	1	111.199	202.987	-1.54638e-05	4.45348e-06	211.597	173	0.175879	2	1	0	
65	0.1	0.3	1	111.196	202.982	4.08281e-05	7.32761e-06	211.603	173	0.178392	2	1	0	
65	0.1	0.3	1	111.192	202.977	1.55926e-06	2.05181e-05	211.608	173	0.180905	2	1	0	
65	0.1	0.3	1	111.188	202.971	4.68943e-07	4.81999e-07	211.614	173	0.183417	2	1	0	
65	0.1	0.3	1	111.185	202.966	-1.11132e-05	6.29506e-06	211.62	173	0.18593	2	1	0	
65	0.1	0.3	1	111.181	202.96	-2.32085e-05	1.70804e-05	211.625	173	0.188442	2	1	0	
65	0.1	0.3	1	111.178	202.955	-4.24039e-06	-5.30851e-05	211.631	173	0.190955	2	1	0	
65	0.1	0.3	1	111.174	202.949	1.53956e-05	5.71489e-06	211.637	173	0.193467	2	1	0	
65	0.1	0.3	1	111.171	202.943	-6.90302e-06	-4.07833e-05	211.642	173	0.19598	2	1	0	
65	0.1	0.3	1	111.167	202.937	-2.05421e-06	4.7111e-05	211.648	173	0.198492	2	1	0	
65	0.1	0.3	1	111.164	202.931	6.7821e-06	3.42576e-06	211.653	173	0.201005	2	1	0	
65	0.1	0.3	1	111.16	202.925	2.09506e-06	2.79143e-05	211.659	173	0.203518	2	1	0	
65	0.1	0.3	1	111.157	202.918	3.24911e-06	3.71814e-06	211.665	173	0.20603	2	1	0	
65	0.1	0.3	1	111.154	202.912	1.48596e-06	1.54956e-05	211.67	173	0.208543	2	1	0	
65	0.1	0.3	1	111.15	202.905	2.02542e-05	-3.00252e-06	211.676	173	0.211055	2	1	0	
65	0.1	0.3	1	111.147	202.898	-1.96476e-06	-1.64511e-05	211.681	173	0.213568	2	1	0	
65	0.1	0.3	1	111.144	202.891	-5.35379e-05	1.38685e-05	211.687	173	0.21608	2	1	0	
65	0.1	0.3	1	111.14	202.884	-7.62346e-06	-2.00077e-05	211.692	173	0.218593	2	1	0	
65	0.1	0.3	1	111.137	202.877	1.9324e-05	-6.36844e-06	211.698	173	0.221106	2	1	0	
65	0.1	0.3	1	111.134	202.87	2.02232e-05	1.49097e-05	211.703	173	0.223618	2	1	0	
65	0.1	0.3	1	111.131	202.862	-1.83088e-05	-1.60977e-05	211.709	173	0.226131	2	1	0	
65	0.1	0.3	1	111.134	202.845	-7.73934e-06	4.28111e-06	211.713	173	0.228643	2	1	0	
65	0.1	0.3	1	111.13	202.839	-2.12057e-06	7.55473e-06	211.719	173	0.231156	2	1	0	
65	0.1	0.3	1	111.126	202.832	-5.94536e-06	1.65983e-05	211.724	173	0.233668	2	1	0	
65	0.1	0.3	1	111.122	202.824	-2.36083e-06	-3.41783e-05	211.73	173	0.236181	2	1	0	
65	0.1	0.3	1	111.119	202.817	1.60114e-05	-1.53104e-05	211.736	173	0.238693	2	1	0	
65	0.1	0.3	1	111.115	202.809	-6.3567e-06	-2.10715e-05	211.741	173	0.241206	2	1	0	
65	0.1	0.3	1	111.111	202.801	6.41515e-06	1.54285e-06	211.747	173	0.243719	2	1	0	
65	0.1	0.3	1	111.107	202.793	-1.52133e-05	4.4784e-05	211.752	173	0.246231	2	1	0	
65	0.1	0.3	1	111.104	202.785	1.24499e-05	-3.11474e-06	211.758	173	0.248744	2	1	0	
65	0.1	0.3	1	111.1	202.776	-1.40464e-05	-2.42056e-06	211.763	173	0.251256	2	1	0	
65	0.1	0.3	1	111.097	202.767	1.07639e-05	2.89892e-05	211.769	173	0.253769	2	1	0	
65	0.1	0.3	1	111.093	202.758	-6.88667e-06	-6.14671e-06	211.774	173	0.256281	2	1	0	
65	0.1	0.3	1	111.089	202.749	-2.24659e-05	1.98312e-05	211.78	173	0.258794	2	1	0	
65	0.1	0.3	1	111.086	202.739	3.79365e-05	-1.66636e-05	211.785	173	0.261307	2	1	0	
65	0.1	0.3	1	111.082	202.729	3.73059e-05	-5.6399e-06	211.791	173	0.263819	2	1	0	
65	0.1	0.3	1	111.079	202.719	1.75278e-05	3.61098e-05	211.796	173	0.266332	2	1	0	
65	0.1	0.3	1	111.075	202.708	1.17679e-05	2.81151e-05	211.802	173	0.268844	2	1	0	
65	0.1	0.3	1	111.072	202.697	-9.75409e-06	3.28648e-06	211.807	173	0.271357	2	1	0	
65	0.1	0.3	1	111.075	202.677	-2.83652e-05	2.22947e-05	211.811	173	0.273869	2	1	0	
65	0.1	0.3	1	111.072	202.664	-7.86688e-06	5.86906e-06	211.817	173	0.276382	2	1	0	
65	0.1	0.3	1	111.07	202.65	-2.4169e-05	1.04625e-05	211.822	173	0.278894	2	1	0	
65	0.1	0.3	1	111.067	202.636	-1.5456e-05	-1.63989e-05	211.827	173	0.281407	2	1	0	
65	0.1	0.3	1	111.065	202.621	-4.92177e-05	1.02061e-05	211.832	173	0.28392	2	1	0	
65	0.1	0.3	1	111.062	202.606	1.09977e-05	9.87122e-06	211.838	173	0.286432	2	1	0	
65	0.1	0.3	1	111.059	202.589	-2.42609e-07	2.97855e-06	211.843	173	0.288945	2	1	0	
65	0.1	0.3	1	111.057	202.572	5.04219e-06	7.51893e-06	211.848	173	0.291457	2	1	0	
65	0.1	0.3	1	111.055	202.553	7.8488e-06	2.17567e-06	211.853	173	0.29397	2	1	0	
65	0.1	0.3	1	111.052	202.533	-2.03755e-06	-1.6099e-05	211.858	173	0.296482	2	1	0	
65	0.1	0.3	1	111.05	202.51	-5.05879e-05	1.30496e-05	211.864	173	0.298995	2	1	0	
65	0.1	0.3	1	111.047	202.484	-2.08379e-06	-5.09338e-05	211.869	173	0.301508	2	1	0	
65	0.1	0.3	1	111.045	202.452	-1.22828e-05	-7.88919e-06	211.874	173	0.30402	2	1	0	
65	0.1	0.3	1	111.043	202.398	6.24605e-06	5.76734e-06	211.879	173	0.306533	2	1	0	
65	0.1	0.3	1	111.041	202.356	9.90148e-06	-4.01632e-06	211.884	173	0.309045	2	1	0	
65	0.1	0.3	1	111.039	202.351	-3.1315e-06	1.15881e-05	211.889	173	0.311558	2	1	0	
65	0.1	0.3	1	111.037	202.345	-8.69787e-07	-9.62044e-06	211.894	173	0.31407	2	1	0	
65	0.1	0.3	1	111.034	202.339	2.24947e-05	8.80578e-06	211.9	173	0.316583	2	1	0	
65	0.1	0.3	1	111.032	202.333	-1.5117e-05	2.02793e-05	211.905	173	0.319095	2	1	0	
65	0.1	0.3	1	111.03	202.327	9.37334e-06	-3.58015e-06	211.91	173	0.321608	2	1	0	
65	0.1	0.3	1	111.028	202.32	1.19932e-05	2.54036e-05	211.915	173	0.324121	2	1	0	
65	0.1	0.3	1	111.026	202.313	-1.11264e-05	-9.15099e-06	211.92	173	0.326633	2	1	0	
65	0.1	0.3	1	111.024	202.306	1.10987e-05	-4.38973e-06	211.925	173	0.329146	2	1	0	
65	0.1	0.3	1	111.022	202.299	-4.2714e-05	-6.29554e-06	211.93	173	0.331658	2	1	0	
65	0.1	0.3	1	111.02	202.292	-1.95275e-05	-2.03171e-05	211.935	173	0.334171	2	1	0	
65	0.1	0.3	1	111.018	202.284	3.9951e-05	-2.20894e-05	211.94	173	0.336683	2	1	0	
65	0.1	0.3	1	111.016	202.276	-3.39137e-05	-5.04538e-06	211.945	173	0.339196	2	1	0	
65	0.1	0.3	1	111.014	202.267	-1.23286e-06	-2.44927e-05	211.95	173	0.341709	2	1	0	
65	0.1	0.3	1	111.012	202.259	-9.76802e-06	-1.67828e-05	211.955	173	0.344221	2	1	0	
65	0.1	0.3	1	111.01	202.25	-9.46855e-06	-3.84345e-05	211.96	173	0.346734	2	1	0	
65	0.1	0.3	1	111.008	202.24	2.15192e-05	1.50026e-06	211.965	173	0.349246	2	1	0	
65	0.1	0.3	1	111.007	202.23	-2.80891e-06	-3.53489e-06	211.97	173	0.351759	2	1	0	
65	0.1	0.3	1	111.005	202.22	1.03904e-05	-6.8527e-07	211.975	173	0.354271	2	1	0	
65	0.1	0.3	1	111.003	202.209	1.4976e-05	-2.64378e-06	211.98	173	0.356784	2	1	0	
65	0.1	0.3	1	111.001	202.197	6.82469e-06	1.7921e-06	211.985	173	0.359296	2	1	0	
65	0.1	0.3	1	110.999	202.185	2.20263e-06	-2.36596e-06	211.99	173	0.361809	2	1	0	
65	0.1	0.3	1	110.997	202.172	2.05018e-05	3.06779e-05	211.995	173	0.364322	2	1	0	
65	0.1	0.3	1	110.995	202.158	-5.98844e-08	-9.87985e-06	212	173	0.366834	2	1	0	
65	0.1	0.3	1	110.994	202.143	4.06275e-05	-2.47189e-05	212.005	173	0.369347	2	1	0	
65	0.1	0.3	1	110.992	202.126	-1.36843e-05	1.39477e-05	212.01	173	0.371859	2	1	0	
65	0.1	0.3	1	110.99	202.109	7.44685e-07	-6.60095e-06	212.015	173	0.374372	2	1	0	
65	0.1	0.3	1	110.988	202.089	1.89736e-08	-3.64382e-06	212.02	173	0.376884	2	1	0	
65	0.1	0.3	1	110.987	202.066	9.45292e-06	3.72103e-06	212.025	173	0.379397	2	1	0	
65	0.1	0.3	1	110.985	202.04	9.15679e-07	-2.88451e-05	212.03	173	0.38191	2	1	0	
65	0.1	0.3	1	110.984	202.008	1.74927e-05	9.00148e-06	212.034	173	0.384422	2	1	0	
65	0.1	0.3	1	110.982	201.964	5.11348e-05	-5.14759e-06	212.039	173	0.386935	2	1	0	
65	0.1	0.3	1	110.98	201.824	-6.86551e-06	3.27305e-06	212.044	173	0.389447	2	1	0	
65	0.1	0.3	1	110.979	201.828	8.34957e-06	1.76999e-05	212.049	173	0.39196	2	1	0	
65	0.1	0.3	1	110.978	201.832	-1.14457e-05	1.00971e-06	212.054	173	0.394472	2	1	0	
65	0.1	0.3	1	110.976	201.835	9.08165e-06	-7.92846e-06	212.059	173	0.396985	2	1	0	
65	0.1	0.3	1	110.975	201.839	1.12833e-05	-2.20002e-05	212.064	173	0.399497	2	1	0	
65	0.1	0.3	1	110.973	201.843	-1.37196e-05	-2.52979e-05	212.068	173	0.40201	2	1	0	
65	0.1	0.3	1	110.972	201.846	7.39994e-05	-1.76893e-05	212.073	173	0.404523	2	1	0	
65	0.1	0.3	1	110.971	201.85	-2.67834e-05	3.73723e-06	212.078	173	0.407035	2	1	0	
65	0.1	0.3	1	110.969	201.854	-7.78829e-06	1.70078e-05	212.083	173	0.409548	2	1	0	
65	0.1	0.3	1	110.968	201.857	-2.66725e-05	-1.32539e-05	212.088	173	0.41206	2	1	0	
65	0.1	0.3	1	110.966	201.861	2.608e-05	1.10797e-05	212.092	173	0.414573	2	1	0	
65	0.1	0.3	1	110.965	201.864	1.96147e-05	-2.70556e-05	212.097	173	0.417085	2	1	0	
65	0.1	0.3	1	110.964	201.868	-2.25168e-06	9.28379e-05	212.102	173	0.419598	2	1	0	
65	0.1	0.3	1	110.962	201.872	-6.02569e-06	-1.51532e-05	212.107	173	0.422111	2	1	0	
65	0.1	0.3	1	110.961	201.875	-2.3425e-06	-1.14433e-06	212.112	173	0.424623	2	1	0	
65	0.1	0.3	1	110.959	201.879	-8.14134e-06	-4.16163e-06	212.116	173	0.427136	2	1	0	
65	0.1	0.3	1	110.958	201.882	3.22023e-07	-2.07084e-06	212.121	173	0.429648	2	1	0	
65	0.1	0.3	1	110.956	201.886	-8.70381e-06	3.76423e-06	212.126	173	0.432161	2	1	0	
65	0.1	0.3	1	110.955	201.889	-8.74117e-07	8.79181e-06	212.131	173	0.434673	2	1	0	
65	0.1	0.3	1	110.954	201.893	-7.19088e-05	-5.51578e-06	212.136	173	0.437186	2	1	0	
65	0.1	0.3	1	110.952	201.896	5.95775e-06	2.77284e-06	212.14	173	0.439698	2	1	0	
65	0.1	0.3	1	110.951	201.9	-5.05292e-05	-3.6509e-06	212.145	173	0.442211	2	1	0	
65	0.1	0.3	1	110.949	201.904	1.40122e-06	-3.00616e-05	212.15	173	0.444724	2	1	0	
65	0.1	0.3	1	110.948	201.907	-2.03915e-05	-1.28451e-05	212.155	173	0.447236	2	1	0	
65	0.1	0.3	1	110.946	201.911	-1.94016e-05	-1.10896e-05	212.159	173	0.449749	2	1	0	
65	0.1	0.3	1	110.945	201.914	-1.63186e-05	-3.23702e-05	212.164	173	0.452261	2	1	0	
65	0.1	0.3	1	110.943	201.918	-1.15568e-05	3.92041e-05	212.169	173	0.454774	2	1	0	
65	0.1	0.3	1	110.942	201.921	-2.5636e-06	6.69389e-07	212.174	173	0.457286	2	1	0	
65	0.1	0.3	1	110.94	201.924	3.58364e-05	-5.87874e-06	212.178	173	0.459799	2	1	0	
65	0.1	0.3	1	110.939	201.928	-1.76252e-05	2.22379e-05	212.183	173	0.462312	2	1	0	
65	0.1	0.3	1	110.931	201.941	-5.04186e-05	-4.81595e-06	212.189	173	0.464824	2	1	0	
65	0.1	0.3	1	110.935	201.937	4.2916e-06	-1.57902e-05	212.193	173	0.467337	2	1	0	
65	0.1	0.3	1	110.928	201.948	-4.9112e-05	-1.23334e-05	212.199	173	0.469849	2	1	0	
65	0.1	0.3	1	110.926	201.951	9.64066e-06	1.73079e-05	212.203	173	0.472362	2	1	0	
65	0.1	0.3	1	110.925	201.955	-2.65952e-05	2.16326e-05	212.208	173	0.474874	2	1	0	
65	0.1	0.3	1	110.923	201.958	2.27848e-05	-3.36034e-06	212.213	173	0.477387	2	1	0	
65	0.1	0.3	1	110.921	201.962	1.72242e-05	-2.18829e-06	212.218	173	0.479899	2	1	0	
65	0.1	0.3	1	110.92	201.965	-5.66118e-06	-5.77491e-06	212.222	173	0.482412	2	1	0	
65	0.1	0.3	1	110.918	201.969	5.04795e-05	1.19697e-05	212.227	173	0.484925	2	1	0	
65	0.1	0.3	1	110.917	201.972	-8.52652e-06	-1.52041e-05	212.232	173	0.487437	2	1	0	
65	0.1	0.3	1	110.915	201.976	9.36584e-07	6.1981e-06	212.237	173	0.48995	2	1	0	
65	0.1	0.3	1	110.914	201.979	-2.19564e-05	4.29395e-05	212.241	173	0.492462	2	1	0	
65	0.1	0.3	1	110.912	201.983	1.14705e-05	8.45482e-06	212.246	173	0.494975	2	1	0	
65	0.1	0.3	1	110.911	201.986	1.86767e-05	-5.09456e-06	212.251	173	0.497487	2	1	0	
65	0.1	0.3	1	110.909	201.99	-1.88442e-05	-7.68092e-06	212.255	173	0.5	2	1	0	
