65	0.1	0.3	1	112.882	202.668	1.65654e-05	-6.92987e-06	211.329	173	0	2	0	0	
65	0.1	0.3	1	118.054	198.704	1.18549e-06	2.34925e-05	209.913	173	0.00251256	2	0	0	
65	0.1	0.3	1	123.853	194.274	1.24047e-05	3.37705e-06	208.216	173	0.00502513	2	0	0	
65	0.1	0.3	1	129.951	189.646	-4.50475e-08	9.89053e-06	206.308	173	0.00753769	2	0	0	
65	0.1	0.3	1	136.443	184.768	3.30497e-05	-1.84514e-05	204.138	173	0.0100503	2	0	0	
65	0.1	0.3	1	143.417	179.584	1.77319e-05	5.459e-05	201.654	173	0.0125628	2	0	0	
65	0.1	0.3	1	150.966	174.086	-4.54944e-05	-5.29543e-06	198.79	173	0.0150754	2	0	0	
65	0.1	0.3	1	159.2	168.197	1.88146e-05	1.7229e-05	195.473	173	0.0175879	2	0	0	
65	0.1	0.3	1	168.245	161.879	3.40212e-05	-2.13028e-05	191.611	173	0.0201005	2	0	0	
65	0.1	0.3	1	178.261	155.073	3.05959e-05	1.22552e-05	187.101	173	0.0226131	2	0	0	
65	0.1	0.3	-2	0	0	0	0	0	173	0.0251256	2	0	0	
65	0.1	0.3	-3	0	0	0	0	0	173	0.0276382	2	0	0	
65	0.1	0.3	-3	0	0	0	0	0	173	0.0301508	2	0	0	
65	0.1	0.3	-3	0	0	0	0	0	173	0.0326633	2	0	0	
65	0.1	0.3	-2	0	0	0	0	0	173	0.0351759	2	0	0	
65	0.1	0.3	-2	0	0	0	0	0	173	0.0376884	2	0	0	
65	0.1	0.3	-2	0	0	0	0	0	173	0.040201	2	0	0	
65	0.1	0.3	-2	0	0	0	0	0	173	0.0427136	2	0	0	
65	0.1	0.3	-2	0	0	0	0	0	173	0.0452261	2	0	0	
65	0.1	0.3	-2	0	0	0	0	0	173	0.0477387	2	0	0	
65	0.1	0.3	-2	0	0	0	0	0	173	0.0502513	2	0	0	
65	0.1	0.3	-2	0	0	0	0	0	173	0.0527638	2	0	0	
65	0.1	0.3	-2	0	0	0	0	0	173	0.0552764	2	0	0	
65	0.1	0.3	-2	0	0	0	0	0	173	0.0577889	2	0	0	
65	0.1	0.3	-2	0	0	0	0	0	173	0.0603015	2	0	0	
65	0.1	0.3	-2	0	0	0	0	0	173	0.0628141	2	0	0	
65	0.1	0.3	-2	0	0	0	0	0	173	0.0653266	2	0	0	
65	0.1	0.3	-2	0	0	0	0	0	173	0.0678392	2	0	0	
65	0.1	0.3	-2	0	0	0	0	0	173	0.0703518	2	0	0	
65	0.1	0.3	-2	0	0	0	0	0	173	0.0728643	2	0	0	
65	0.1	0.3	-2	0	0	0	0	0	173	0.0753769	2	0	0	
65	0.1	0.3	-2	0	0	0	0	0	173	0.0778894	2	0	0	
65	0.1	0.3	-2	0	0	0	0	0	173	0.080402	2	0	0	
65	0.1	0.3	-2	0	0	0	0	0	173	0.0829146	2	0	0	
65	0.1	0.3	-2	0	0	0	0	0	173	0.0854271	2	0	0	
65	0.1	0.3	-2	0	0	0	0	0	173	0.0879397	2	0	0	
65	0.1	0.3	-2	0	0	0	0	0	173	0.0904523	2	0	0	
65	0.1	0.3	-2	0	0	0	0	0	173	0.0929648	2	0	0	
65	0.1	0.3	-2	0	0	0	0	0	173	0.0954774	2	0	0	
65	0.1	0.3	-2	0	0	0	0	0	173	0.0979899	2	0	0	
65	0.1	0.3	-2	0	0	0	0	0	173	0.100503	2	0	0	
65	0.1	0.3	-2	0	0	0	0	0	173	0.103015	2	0	0	
65	0.1	0.3	-2	0	0	0	0	0	173	0.105528	2	0	0	
65	0.1	0.3	-2	0	0	0	0	0	173	0.10804	2	0	0	
65	0.1	0.3	-2	0	0	0	0	0	173	0.110553	2	0	0	
65	0.1	0.3	-2	0	0	0	0	0	173	0.113065	2	0	0	
65	0.1	0.3	-2	0	0	0	0	0	173	0.115578	2	0	0	
65	0.1	0.3	-2	0	0	0	0	0	173	0.11809	2	0	0	
65	0.1	0.3	-2	0	0	0	0	0	173	0.120603	2	0	0	
65	0.1	0.3	-2	0	0	0	0	0	173	0.123116	2	0	0	
65	0.1	0.3	-2	0	0	0	0	0	173	0.125628	2	0	0	
65	0.1	0.3	-2	0	0	0	0	0	173	0.128141	2	0	0	
65	0.1	0.3	-2	0	0	0	0	0	173	0.130653	2	0	0	
65	0.1	0.3	-2	0	0	0	0	0	173	0.133166	2	0	0	
65	0.1	0.3	-2	0	0	0	0	0	173	0.135678	2	0	0	
65	0.1	0.3	-2	0	0	0	0	0	173	0.138191	2	0	0	
65	0.1	0.3	-2	0	0	0	0	0	173	0.140704	2	0	0	
65	0.1	0.3	-2	0	0	0	0	0	173	0.143216	2	0	0	
65	0.1	0.3	-2	0	0	0	0	0	173	0.145729	2	0	0	
65	0.1	0.3	-2	0	0	0	0	0	173	0.148241	2	0	0	
65	0.1	0.3	-2	0	0	0	0	0	173	0.150754	2	0	0	
65	0.1	0.3	-100	0	0	0	0	0	173	0.153266	2	0	0	
65	0.1	0.3	-100	0	0	0	0	0	173	0.155779	2	0	0	
65	0.1	0.3	-100	0	0	0	0	0	173	0.158291	2	0	0	
65	0.1	0.3	-100	0	0	0	0	0	173	0.160804	2	0	0	
65	0.1	0.3	-100	0	0	0	0	0	173	0.163317	2	0	0	
65	0.1	0.3	-100	0	0	0	0	0	173	0.165829	2	0	0	
65	0.1	0.3	-100	0	0	0	0	0	173	0.168342	2	0	0	
65	0.1	0.3	-100	0	0	0	0	0	173	0.170854	2	0	0	
65	0.1	0.3	-100	0	0	0	0	0	173	0.173367	2	0	0	
65	0.1	0.3	-100	0	0	0	0	0	173	0.175879	2	0	0	
65	0.1	0.3	-100	0	0	0	0	0	173	0.178392	2	0	0	
65	0.1	0.3	-100	0	0	0	0	0	173	0.180905	2	0	0	
65	0.1	0.3	-100	0	0	0	0	0	173	0.183417	2	0	0	
65	0.1	0.3	-100	0	0	0	0	0	173	0.18593	2	0	0	
65	0.1	0.3	-100	0	0	0	0	0	173	0.188442	2	0	0	
65	0.1	0.3	-100	0	0	0	0	0	173	0.190955	2	0	0	
65	0.1	0.3	-100	0	0	0	0	0	173	0.193467	2	0	0	
65	0.1	0.3	-100	0	0	0	0	0	173	0.19598	2	0	0	
65	0.1	0.3	-100	0	0	0	0	0	173	0.198492	2	0	0	
65	0.1	0.3	-100	0	0	0	0	0	173	0.201005	2	0	0	
65	0.1	0.3	-100	0	0	0	0	0	173	0.203518	2	0	0	
65	0.1	0.3	-100	0	0	0	0	0	173	0.20603	2	0	0	
65	0.1	0.3	-100	0	0	0	0	0	173	0.208543	2	0	0	
65	0.1	0.3	-100	0	0	0	0	0	173	0.211055	2	0	0	
65	0.1	0.3	-100	0	0	0	0	0	173	0.213568	2	0	0	
65	0.1	0.3	-100	0	0	0	0	0	173	0.21608	2	0	0	
65	0.1	0.3	-100	0	0	0	0	0	173	0.218593	2	0	0	
65	0.1	0.3	-100	0	0	0	0	0	173	0.221106	2	0	0	
65	0.1	0.3	-100	0	0	0	0	0	173	0.223618	2	0	0	
65	0.1	0.3	-100	0	0	0	0	0	173	0.226131	2	0	0	
65	0.1	0.3	-100	0	0	0	0	0	173	0.228643	2	0	0	
65	0.1	0.3	-100	0	0	0	0	0	173	0.231156	2	0	0	
65	0.1	0.3	-100	0	0	0	0	0	173	0.233668	2	0	0	
65	0.1	0.3	-100	0	0	0	0	0	173	0.236181	2	0	0	
65	0.1	0.3	-100	0	0	0	0	0	173	0.238693	2	0	0	
65	0.1	0.3	-100	0	0	0	0	0	173	0.241206	2	0	0	
65	0.1	0.3	-100	0	0	0	0	0	173	0.243719	2	0	0	
65	0.1	0.3	-100	0	0	0	0	0	173	0.246231	2	0	0	
65	0.1	0.3	-100	0	0	0	0	0	173	0.248744	2	0	0	
65	0.1	0.3	-100	0	0	0	0	0	173	0.251256	2	0	0	
65	0.1	0.3	-100	0	0	0	0	0	173	0.253769	2	0	0	
65	0.1	0.3	-100	0	0	0	0	0	173	0.256281	2	0	0	
65	0.1	0.3	-100	0	0	0	0	0	173	0.258794	2	0	0	
65	0.1	0.3	-100	0	0	0	0	0	173	0.261307	2	0	0	
65	0.1	0.3	-100	0	0	0	0	0	173	0.263819	2	0	0	
65	0.1	0.3	-100	0	0	0	0	0	173	0.266332	2	0	0	
65	0.1	0.3	-100	0	0	0	0	0	173	0.268844	2	0	0	
65	0.1	0.3	-100	0	0	0	0	0	173	0.271357	2	0	0	
65	0.1	0.3	-100	0	0	0	0	0	173	0.273869	2	0	0	
65	0.1	0.3	-100	0	0	0	0	0	173	0.276382	2	0	0	
65	0.1	0.3	-100	0	0	0	0	0	173	0.278894	2	0	0	
65	0.1	0.3	-100	0	0	0	0	0	173	0.281407	2	0	0	
65	0.1	0.3	-100	0	0	0	0	0	173	0.28392	2	0	0	
65	0.1	0.3	-100	0	0	0	0	0	173	0.286432	2	0	0	
65	0.1	0.3	-100	0	0	0	0	0	173	0.288945	2	0	0	
65	0.1	0.3	-100	0	0	0	0	0	173	0.291457	2	0	0	
65	0.1	0.3	-100	0	0	0	0	0	173	0.29397	2	0	0	
65	0.1	0.3	-100	0	0	0	0	0	173	0.296482	2	0	0	
65	0.1	0.3	-100	0	0	0	0	0	173	0.298995	2	0	0	
65	0.1	0.3	-100	0	0	0	0	0	173	0.301508	2	0	0	
65	0.1	0.3	-100	0	0	0	0	0	173	0.30402	2	0	0	
65	0.1	0.3	-100	0	0	0	0	0	173	0.306533	2	0	0	
65	0.1	0.3	-100	0	0	0	0	0	173	0.309045	2	0	0	
65	0.1	0.3	-100	0	0	0	0	0	173	0.311558	2	0	0	
65	0.1	0.3	-100	0	0	0	0	0	173	0.31407	2	0	0	
65	0.1	0.3	-100	0	0	0	0	0	173	0.316583	2	0	0	
65	0.1	0.3	-100	0	0	0	0	0	173	0.319095	2	0	0	
65	0.1	0.3	-100	0	0	0	0	0	173	0.321608	2	0	0	
65	0.1	0.3	-100	0	0	0	0	0	173	0.324121	2	0	0	
65	0.1	0.3	-100	0	0	0	0	0	173	0.326633	2	0	0	
65	0.1	0.3	-100	0	0	0	0	0	173	0.329146	2	0	0	
65	0.1	0.3	-100	0	0	0	0	0	173	0.331658	2	0	0	
65	0.1	0.3	-100	0	0	0	0	0	173	0.334171	2	0	0	
65	0.1	0.3	-100	0	0	0	0	0	173	0.336683	2	0	0	
65	0.1	0.3	-100	0	0	0	0	0	173	0.339196	2	0	0	
65	0.1	0.3	-100	0	0	0	0	0	173	0.341709	2	0	0	
65	0.1	0.3	-100	0	0	0	0	0	173	0.344221	2	0	0	
65	0.1	0.3	-100	0	0	0	0	0	173	0.346734	2	0	0	
65	0.1	0.3	-100	0	0	0	0	0	173	0.349246	2	0	0	
65	0.1	0.3	-100	0	0	0	0	0	173	0.351759	2	0	0	
65	0.1	0.3	-100	0	0	0	0	0	173	0.354271	2	0	0	
65	0.1	0.3	-100	0	0	0	0	0	173	0.356784	2	0	0	
65	0.1	0.3	-100	0	0	0	0	0	173	0.359296	2	0	0	
65	0.1	0.3	-100	0	0	0	0	0	173	0.361809	2	0	0	
65	0.1	0.3	-100	0	0	0	0	0	173	0.364322	2	0	0	
65	0.1	0.3	-100	0	0	0	0	0	173	0.366834	2	0	0	
65	0.1	0.3	-100	0	0	0	0	0	173	0.369347	2	0	0	
65	0.1	0.3	-100	0	0	0	0	0	173	0.371859	2	0	0	
65	0.1	0.3	-100	0	0	0	0	0	173	0.374372	2	0	0	
65	0.1	0.3	-100	0	0	0	0	0	173	0.376884	2	0	0	
65	0.1	0.3	-100	0	0	0	0	0	173	0.379397	2	0	0	
65	0.1	0.3	-100	0	0	0	0	0	173	0.38191	2	0	0	
65	0.1	0.3	-100	0	0	0	0	0	173	0.384422	2	0	0	
65	0.1	0.3	-100	0	0	0	0	0	173	0.386935	2	0	0	
65	0.1	0.3	-100	0	0	0	0	0	173	0.389447	2	0	0	
65	0.1	0.3	-100	0	0	0	0	0	173	0.39196	2	0	0	
65	0.1	0.3	-100	0	0	0	0	0	173	0.394472	2	0	0	
65	0.1	0.3	-100	0	0	0	0	0	173	0.396985	2	0	0	
65	0.1	0.3	-100	0	0	0	0	0	173	0.399497	2	0	0	
65	0.1	0.3	-100	0	0	0	0	0	173	0.40201	2	0	0	
65	0.1	0.3	-100	0	0	0	0	0	173	0.404523	2	0	0	
65	0.1	0.3	-100	0	0	0	0	0	173	0.407035	2	0	0	
65	0.1	0.3	-100	0	0	0	0	0	173	0.409548	2	0	0	
65	0.1	0.3	-100	0	0	0	0	0	173	0.41206	2	0	0	
65	0.1	0.3	-100	0	0	0	0	0	173	0.414573	2	0	0	
65	0.1	0.3	-100	0	0	0	0	0	173	0.417085	2	0	0	
65	0.1	0.3	-100	0	0	0	0	0	173	0.419598	2	0	0	
65	0.1	0.3	-100	0	0	0	0	0	173	0.422111	2	0	0	
65	0.1	0.3	-100	0	0	0	0	0	173	0.424623	2	0	0	
65	0.1	0.3	-100	0	0	0	0	0	173	0.427136	2	0	0	
65	0.1	0.3	-100	0	0	0	0	0	173	0.429648	2	0	0	
65	0.1	0.3	-100	0	0	0	0	0	173	0.432161	2	0	0	
65	0.1	0.3	-100	0	0	0	0	0	173	0.434673	2	0	0	
65	0.1	0.3	-100	0	0	0	0	0	173	0.437186	2	0	0	
65	0.1	0.3	-100	0	0	0	0	0	173	0.439698	2	0	0	
65	0.1	0.3	-100	0	0	0	0	0	173	0.442211	2	0	0	
65	0.1	0.3	-100	0	0	0	0	0	173	0.444724	2	0	0	
65	0.1	0.3	-100	0	0	0	0	0	173	0.447236	2	0	0	
65	0.1	0.3	-100	0	0	0	0	0	173	0.449749	2	0	0	
65	0.1	0.3	-100	0	0	0	0	0	173	0.452261	2	0	0	
65	0.1	0.3	-100	0	0	0	0	0	173	0.454774	2	0	0	
65	0.1	0.3	-100	0	0	0	0	0	173	0.457286	2	0	0	
65	0.1	0.3	-100	0	0	0	0	0	173	0.459799	2	0	0	
65	0.1	0.3	-100	0	0	0	0	0	173	0.462312	2	0	0	
65	0.1	0.3	-100	0	0	0	0	0	173	0.464824	2	0	0	
65	0.1	0.3	-100	0	0	0	0	0	173	0.467337	2	0	0	
65	0.1	0.3	-100	0	0	0	0	0	173	0.469849	2	0	0	
65	0.1	0.3	-100	0	0	0	0	0	173	0.472362	2	0	0	
65	0.1	0.3	-100	0	0	0	0	0	173	0.474874	2	0	0	
65	0.1	0.3	-100	0	0	0	0	0	173	0.477387	2	0	0	
65	0.1	0.3	-100	0	0	0	0	0	173	0.479899	2	0	0	
65	0.1	0.3	-100	0	0	0	0	0	173	0.482412	2	0	0	
65	0.1	0.3	-100	0	0	0	0	0	173	0.484925	2	0	0	
65	0.1	0.3	-100	0	0	0	0	0	173	0.487437	2	0	0	
65	0.1	0.3	-100	0	0	0	0	0	173	0.48995	2	0	0	
65	0.1	0.3	-100	0	0	0	0	0	173	0.492462	2	0	0	
65	0.1	0.3	-100	0	0	0	0	0	173	0.494975	2	0	0	
65	0.1	0.3	-100	0	0	0	0	0	173	0.497487	2	0	0	
65	0.1	0.3	-100	0	0	0	0	0	173	0.5	2	0	0	
