65	0.1	0.1	1	210.3602012492099	24.33314676211301	1.466753416500357e-05	3.143726776324006e-05	-1.998769552579035e-05	346	1	2	0	1	
65	0.1	0.1015075376884422	1	210.3336219723129	24.3293411480097	1.621146410656488e-05	-1.680133916514748e-05	-3.835782613378424e-07	346	1	2	0	1	
65	0.1	0.1030150753768844	1	210.306975698501	24.32551568049199	6.403086162830979e-06	-1.821981797131658e-05	-8.415430119495613e-06	346	1	2	0	1	
65	0.1	0.1045226130653266	1	210.280255234816	24.32202604548202	6.57940915306162e-06	-2.447829461954401e-05	7.90047519743547e-06	346	1	2	0	1	
65	0.1	0.1060301507537689	1	210.2534656934062	24.31821128638785	2.295441437351445e-05	1.213678535420534e-06	1.09236215069069e-05	346	1	2	0	1	
65	0.1	0.1075376884422111	1	210.2266018447426	24.31466366589499	-1.800447953224633e-06	-1.342248419626565e-05	-7.254632099831628e-06	346	1	2	0	1	
65	0.1	0.1090452261306533	1	210.1996633476103	24.31100274415855	-7.592068407794028e-06	-2.739572533872197e-05	-1.226269620838464e-06	346	1	2	0	1	
65	0.1	0.1105527638190955	1	210.1726556521326	24.30727205350914	4.765325367727877e-06	1.30545939504676e-05	1.294402356778218e-05	346	1	2	0	1	
65	0.1	0.1120603015075377	1	210.1455671476695	24.30374282287652	-1.274024025549672e-05	4.538455518950931e-07	6.685445655523133e-06	346	1	2	0	1	
65	0.1	0.1135678391959799	1	210.1184103638418	24.30006480479826	-9.051763686040992e-06	3.746100049293287e-06	1.799908097282667e-05	346	1	2	0	1	
65	0.1	0.1150753768844221	1	210.0911749854343	24.29662633971241	1.883394046324591e-06	-1.419465881263279e-05	-1.220916746071686e-05	346	1	2	0	1	
65	0.1	0.1165829145728643	1	210.0638569427739	24.29300961055046	5.760467489543224e-06	9.394049146457532e-06	1.398385464179496e-05	346	1	2	0	1	
65	0.1	0.1180904522613065	1	210.0364729090876	24.28942639066563	2.853433954022599e-06	-3.276496087852617e-05	1.359275861598738e-06	346	1	2	0	1	
65	0.1	0.1195979899497488	1	210.0090105835694	24.28572489804557	-1.787685666872733e-05	8.603950335365707e-06	3.379862237936977e-06	346	1	2	0	1	
65	0.1	0.121105527638191	1	209.9815007353553	24.28202548485221	-2.894565021322945e-06	-1.599818614184887e-05	-2.343667276405073e-05	346	1	2	0	1	
65	0.1	0.1226130653266332	1	209.9538807768793	24.27901315267799	-1.542220296837427e-05	1.073625691396977e-06	-1.210800526977008e-05	346	1	2	0	1	
65	0.1	0.1241206030150754	1	209.9261343206925	24.27580629459	1.932762380566199e-05	1.784815268085008e-05	3.178917643892538e-05	346	1	2	0	1	
65	0.1	0.1256281407035176	1	209.8983480543753	24.2717945890669	1.47212296449737e-05	-7.506544124214951e-06	8.063705432833998e-06	346	1	2	0	1	
65	0.1	0.1271356783919598	1	209.8706401342783	24.26652239214401	7.558511861382718e-08	2.076626095485467e-05	1.566876932925835e-05	346	1	2	0	1	
65	0.1	0.128643216080402	1	209.843082165585	24.26150547744646	-6.88060525750483e-06	1.413284043307519e-05	3.140209343042817e-05	346	1	2	0	1	
65	0.1	0.1301507537688442	1	209.8149601487351	24.26513875879709	-9.358635973805032e-06	8.967955902275897e-06	-4.043971585310159e-06	346	1	2	0	1	
65	0.1	0.1316582914572864	1	209.786061310574	24.26652635907882	-2.368746186063663e-05	-8.602531649139949e-06	2.636402839797908e-05	346	1	2	0	1	
65	0.1	0.1331658291457287	1	209.7576176391314	24.25060016528123	6.68176499014599e-06	2.733528261561092e-06	9.182935555251644e-07	346	1	2	0	1	
65	0.1	0.1346733668341709	1	209.7318658052155	24.2192638390792	-7.0046115819387e-06	1.131311915364707e-05	5.803382854253714e-06	346	1	2	0	1	
65	0.1	0.1361809045226131	1	209.7083428148001	24.21134818607882	1.883654302631119e-05	-4.300410151429323e-06	-9.482503956424821e-06	346	1	2	0	1	
65	0.1	0.1376884422110553	1	209.6761055134304	24.3155004444295	-1.352927249081228e-05	1.65761026647415e-06	-1.246151652844716e-05	346	1	2	0	1	
65	0.1	0.1391959798994975	1	209.6397253863777	24.28665985661659	3.440552622051656e-06	-2.656214210709428e-05	-6.830798393041158e-06	346	1	2	0	1	
65	0.1	0.1407035175879397	1	209.6360483430394	24.04535877905125	-6.944346595030542e-06	-1.721286233413167e-05	9.877994919205106e-06	346	1	2	0	1	
65	0.1	0.1422110552763819	1	209.5813224289893	24.38058661937577	-5.036846121042315e-06	4.45467549347644e-06	1.523813127455642e-05	346	1	2	0	1	
65	0.1	0.1437185929648241	1	209.5551842031342	24.15528488440028	-5.131433798096486e-06	1.221354277080217e-05	4.673296048740399e-05	346	1	2	0	1	
65	0.1	0.1452261306532663	1	209.5307180759137	24.2059566300586	-1.989642309655512e-05	-1.026755895318584e-05	-9.239179186143673e-06	346	1	2	0	1	
65	0.1	0.1467336683417086	1	209.5003347491565	24.25684796207864	8.364676365913652e-06	2.80699043156376e-05	6.160481276012487e-06	346	1	2	0	1	
65	0.1	0.1482412060301508	1	209.4679045839642	24.24968050102787	6.585658975121133e-06	5.437253248388096e-05	3.95696449959004e-05	346	1	2	0	1	
65	0.1	0.149748743718593	1	209.4369948627411	24.22983345217283	2.899824453181943e-05	-1.052382594280121e-05	1.68658652164162e-05	346	1	2	0	1	
65	0.1	0.1512562814070352	1	209.4072194532577	24.21948302667019	2.399199509559702e-05	6.652972696887303e-06	1.128435391639276e-05	346	1	2	0	1	
65	0.1	0.1527638190954774	1	209.3771240661857	24.22112267017594	-3.838105415796033e-06	-7.199410607155016e-06	-2.696085266869222e-06	346	1	2	0	1	
65	0.1	0.1542713567839196	1	209.3464700659972	24.22236105767275	-3.109324282172445e-06	-1.271153524051313e-05	1.332036593569287e-05	346	1	2	0	1	
65	0.1	0.1557788944723618	1	209.3155959107775	24.21895081212399	1.650610344202969e-05	8.594287580098399e-06	-5.706990725178814e-06	346	1	2	0	1	
65	0.1	0.157286432160804	1	209.2847079611377	24.21509453138606	1.739288277568911e-05	2.437369739460977e-05	-1.02355193476804e-05	346	1	2	0	1	
65	0.1	0.1587939698492462	1	209.2537480558477	24.21239280110026	-3.093728508177522e-06	-6.346390824550707e-06	-1.040260489641902e-05	346	1	2	0	1	
65	0.1	0.1603015075376885	1	209.2226110588823	24.21037382072562	-2.748213451129198e-05	-2.834429333818245e-05	-3.173925026186812e-06	346	1	2	0	1	
65	0.1	0.1618090452261307	1	209.1912814655907	24.20844282892163	2.612395977568001e-05	-1.319115948493793e-06	-3.320025032160593e-06	346	1	2	0	1	
65	0.1	0.1633165829145729	1	209.1597839021064	24.20607723521166	1.04711792252854e-05	-6.259675837862774e-06	-4.116186289685825e-05	346	1	2	0	1	
65	0.1	0.1648241206030151	1	209.128122707859	24.20401756671215	3.181311530816439e-06	-9.296223074985035e-07	-3.140654702999745e-06	346	1	2	0	1	
65	0.1	0.1663316582914573	1	209.0962849839432	24.20209556541208	-6.268596770337385e-06	-5.785165901873331e-06	2.054860230996827e-05	346	1	2	0	1	
65	0.1	0.1678391959798995	1	209.0642605723841	24.20017800539359	1.10331087562511e-05	-2.08172791170975e-05	-2.441715866510365e-05	346	1	2	0	1	
65	0.1	0.1693467336683417	1	209.0320417957529	24.19851958120087	-2.182734409959371e-05	1.383935106171097e-05	-2.424115615674371e-05	346	1	2	0	1	
65	0.1	0.1708542713567839	1	208.999623310905	24.19683576896612	-8.765122127573017e-06	-1.44604935302663e-05	-3.870972278870898e-05	346	1	2	0	1	
65	0.1	0.1723618090452261	1	208.9669995564851	24.19541809478999	3.163879573074113e-05	-1.00406444914024e-06	-5.377484526636362e-06	346	1	2	0	1	
65	0.1	0.1738693467336684	1	208.9341636587513	24.19401382385268	3.878032505090587e-05	-1.711794024961271e-05	2.908658550384965e-05	346	1	2	0	1	
65	0.1	0.1753768844221106	1	208.9011061287526	24.19279459655171	3.631471722286516e-05	2.334368087259493e-06	2.515624141615794e-05	346	1	2	0	1	
65	0.1	0.1768844221105528	1	208.8678199154936	24.19171516079155	2.554632319555104e-05	-3.604909162807451e-07	5.804753400982213e-06	346	1	2	0	1	
65	0.1	0.178391959798995	1	208.8342958405548	24.19069126644247	-4.947086521142618e-05	8.816214595434431e-06	-1.128124266984732e-05	346	1	2	0	1	
65	0.1	0.1798994974874372	1	208.8005254008646	24.1899018094555	6.221875022152656e-06	3.390764043986398e-06	3.982374685011666e-05	346	1	2	0	1	
65	0.1	0.1814070351758794	1	208.7664998751871	24.18914340695666	2.194890883210608e-05	-2.577805881133035e-05	-9.026406354439279e-06	346	1	2	0	1	
65	0.1	0.1829145728643216	1	208.7322087104374	24.18868485116643	-1.173407790047796e-05	6.40509947752349e-06	-7.462848525805745e-06	346	1	2	0	1	
65	0.1	0.1844221105527638	1	208.6976397692232	24.18844773886938	-5.053476044292182e-05	-1.052981405219984e-05	2.19497597407948e-06	346	1	2	0	1	
65	0.1	0.1859296482412061	1	208.6627836491049	24.18830415891668	-9.345343710970289e-07	5.6276318132292e-07	3.253938110402831e-05	346	1	2	0	1	
65	0.1	0.1874371859296483	1	208.6276266321867	24.18853262225205	-2.077730443932058e-05	-1.767659536951572e-06	1.706545453072267e-06	346	1	2	0	1	
65	0.1	0.1889447236180904	1	208.592155450845	24.18898222069085	-1.010939586921361e-05	4.486592129515595e-06	-2.855191996466266e-05	346	1	2	0	1	
65	0.1	0.1904522613065327	1	208.556355630922	24.18947589002983	-7.714261117851284e-05	-1.029308372451722e-05	-4.697763902335354e-05	346	1	2	0	1	
65	0.1	0.1919597989949749	1	208.520212288644	24.19049107252042	4.749261581580774e-05	-9.307032226903137e-06	6.049242687765089e-06	346	1	2	0	1	
65	0.1	0.1934673366834171	1	208.4837072712814	24.1918118643521	7.462723829829154e-06	1.2075144371913e-05	-8.098888452755812e-06	346	1	2	0	1	
65	0.1	0.1949748743718593	1	208.4443567752002	24.24231045969803	-0.0001219292363160221	2.106663910155787e-07	0.0001169443194673929	346	1	2	0	1	
65	0.1	0.1964824120603015	-2	0	0	0	0	0	346	1	2	0	1	
65	0.1	0.1979899497487437	1	208.0938537116681	28.63570027507973	1.329755229321009e-05	-2.248698949056018e-06	25.17469657541523	346	1	2	0	1	
65	0.1	0.1994974874371859	-2	0	0	0	0	0	346	1	2	0	1	
65	0.1	0.2010050251256282	-2	0	0	0	0	0	346	1	2	0	1	
65	0.1	0.2025125628140704	-2	0	0	0	0	0	346	1	2	0	1	
65	0.1	0.2040201005025126	-2	0	0	0	0	0	346	1	2	0	1	
65	0.1	0.2055276381909548	-2	0	0	0	0	0	346	1	2	0	1	
65	0.1	0.207035175879397	-2	0	0	0	0	0	346	1	2	0	1	
65	0.1	0.2085427135678392	-2	0	0	0	0	0	346	1	2	0	1	
65	0.1	0.2100502512562814	-2	0	0	0	0	0	346	1	2	0	1	
65	0.1	0.2115577889447236	-2	0	0	0	0	0	346	1	2	0	1	
65	0.1	0.2130653266331659	-2	0	0	0	0	0	346	1	2	0	1	
65	0.1	0.214572864321608	-2	0	0	0	0	0	346	1	2	0	1	
65	0.1	0.2160804020100503	-2	0	0	0	0	0	346	1	2	0	1	
65	0.1	0.2175879396984925	-2	0	0	0	0	0	346	1	2	0	1	
65	0.1	0.2190954773869347	-2	0	0	0	0	0	346	1	2	0	1	
65	0.1	0.2206030150753769	-2	0	0	0	0	0	346	1	2	0	1	
65	0.1	0.2221105527638191	-2	0	0	0	0	0	346	1	2	0	1	
65	0.1	0.2236180904522613	-2	0	0	0	0	0	346	1	2	0	1	
65	0.1	0.2251256281407035	-2	0	0	0	0	0	346	1	2	0	1	
65	0.1	0.2266331658291457	1	193.0997894827179	102.4553226040721	-5.253222424979754e-05	1.571376116483135e-05	109.2705964252047	346	1	2	0	1	
65	0.1	0.2281407035175879	1	192.2549562098081	105.0576782296997	0.0002162530653518006	-1.341586270392129e-05	111.916399038772	346	1	2	0	1	
65	0.1	0.2296482412060302	1	191.4138438866236	107.5797601885298	9.44312596581927e-05	7.46238167951413e-06	114.4964794837268	346	1	2	0	1	
65	0.1	0.2311557788944724	1	190.5695036804983	110.0476158434891	1.795517547338588e-05	8.841078704967557e-06	117.0197409023253	346	1	2	0	1	
65	0.1	0.2326633165829146	1	189.7218132580425	112.464673963006	3.629666817017252e-05	-2.000672727412193e-05	119.4900074313786	346	1	2	0	1	
65	0.1	0.2341708542713568	1	188.8706525912592	114.8340552041044	-5.795894254083782e-05	-3.494741247369454e-05	121.9106569264181	346	1	2	0	1	
65	0.1	0.235678391959799	1	188.0158991470472	117.1585698822248	-1.449358313637683e-05	7.888863578168342e-06	124.2847680240251	346	1	2	0	1	
65	0.1	0.2371859296482412	1	187.1574377510124	119.4407212461551	1.09790209903253e-05	4.891083253008577e-06	126.6151231149569	346	1	2	0	1	
65	0.1	0.2386934673366834	1	186.2951450826297	121.6829728628391	-3.100814684871105e-05	-3.157788731289468e-05	128.9042432247192	346	1	2	0	1	
65	0.1	0.2402010050251256	1	185.4289084171516	123.887504154658	-5.707038884021523e-06	-2.298620581338002e-05	131.1544727581779	346	1	2	0	1	
65	0.1	0.2417085427135679	1	184.5586108910236	126.056361071918	-6.577880485610478e-05	9.522675713177775e-07	133.3678971214159	346	1	2	0	1	
65	0.1	0.2432160804020101	1	183.6841394842542	128.1915266349926	-4.179149117910716e-05	1.91375569271489e-05	135.5464657264489	346	1	2	0	1	
65	0.1	0.2447236180904523	1	182.8053848176828	130.2950125634643	2.425003309036722e-05	-1.923152758822114e-06	137.6918984471987	346	1	2	0	1	
65	0.1	0.2462311557788945	1	181.9222437720433	132.3689045831813	-6.017358049813237e-05	-1.599045412742361e-05	139.805880481916	346	1	2	0	1	
65	0.1	0.2477386934673367	1	181.0346243500894	134.4156576901008	9.275699376318572e-06	3.70638488723582e-06	141.8899278889385	346	1	2	0	1	
65	0.1	0.2492462311557789	1	180.1424564057488	136.4385645788822	1.979695396489567e-06	1.403801698690588e-05	143.9453724543106	346	1	2	0	1	
65	0.1	0.2507537688442211	1	179.2457187227598	138.4437024224046	-3.572249980786368e-07	-4.303712721281938e-05	145.9734508395611	346	1	2	0	1	
65	0.1	0.2522613065326633	1	178.3445432678571	140.4612528728353	-1.849314584559305e-05	1.76370769971318e-05	147.9753318796878	346	1	2	0	1	
65	0.1	0.2537688442211056	1	177.4402873823461	142.4307570252721	6.592458081631364e-06	2.754175890028882e-05	149.9513769553941	346	1	2	0	1	
65	0.1	0.2552763819095478	1	176.5291991256912	144.2145286477067	-1.860492079763798e-05	2.597758976629824e-05	151.9043714084027	346	1	2	0	1	
65	0.1	0.25678391959799	1	175.6109563151766	146.027339060439	-1.280888393820345e-05	-1.185895680496697e-05	153.8353961638597	346	1	2	0	1	
65	0.1	0.2582914572864322	1	174.6863149736727	147.8414713504607	8.623367268131843e-06	2.894731766182128e-05	155.7448783145919	346	1	2	0	1	
65	0.1	0.2597989949748744	1	173.7553774470201	149.645560479993	4.853238488830401e-05	-2.73549986842675e-05	157.6335686093956	346	1	2	0	1	
65	0.1	0.2613065326633166	1	172.8181399256295	151.4358415002225	-1.76293914025058e-06	-1.989627146127548e-06	159.5022137780921	346	1	2	0	1	
65	0.1	0.2628140703517589	1	171.8745838079466	153.2191430707142	2.782068238429882e-05	6.150885087041758e-06	161.3514855043025	346	1	2	0	1	
65	0.1	0.264321608040201	1	170.9243782661679	154.9763219139457	-1.547551191905319e-05	2.68415618593365e-05	163.1821697175618	346	1	2	0	1	
65	0.1	0.2658291457286432	1	169.9677867318298	156.7080233585443	-1.452959200844001e-05	-2.552463754893972e-05	164.9947949928564	346	1	2	0	1	
65	0.1	0.2673366834170854	1	169.0044236990365	158.4306189599456	3.614602612234466e-05	-3.565312119702124e-06	166.7899990737122	346	1	2	0	1	
65	0.1	0.2688442211055276	1	168.0341920964758	160.1372450628312	-1.24903214021102e-05	-9.360200357972758e-06	168.5684666279706	346	1	2	0	1	
65	0.1	0.2703517587939699	1	167.0569480372354	161.824177969908	-3.650602084361715e-05	-1.340888612698284e-05	170.3306632385797	346	1	2	0	1	
65	0.1	0.2718592964824121	1	166.0726019725572	163.4791239291786	2.227432228790738e-05	3.862807955033049e-06	172.0771342717439	346	1	2	0	1	
65	0.1	0.2733668341708543	1	165.0807177408234	165.216526420575	2.078907392166762e-05	1.227975478891585e-05	173.8084815081318	346	1	2	0	1	
65	0.1	0.2748743718592965	1	164.0814976866911	166.8090656605201	-5.921732707756108e-06	-1.123151249091819e-05	175.525012214743	346	1	2	0	1	
65	0.1	0.2763819095477387	1	163.0745144739578	168.4401966285251	-4.941246335571229e-05	3.135682365550379e-06	177.2273226893647	346	1	2	0	1	
65	0.1	0.2778894472361809	1	162.0596887055077	170.0540063172486	-1.033995860344472e-05	-2.452801498516351e-05	178.9157345068867	346	1	2	0	1	
65	0.1	0.2793969849246232	1	161.0368177343689	171.6653439132878	1.665744562637217e-05	-1.887649829646152e-05	180.590736090211	346	1	2	0	1	
65	0.1	0.2809045226130653	1	160.0057190661708	173.2319435519447	-1.797809023829089e-05	-1.064646355519727e-07	182.2526709344341	346	1	2	0	1	
65	0.1	0.2824120603015076	1	158.965644437294	174.8033640173042	2.095796643625247e-05	-1.078944066823745e-05	183.9021089442494	346	1	2	0	1	
65	0.1	0.2839195979899498	1	157.9168314837412	176.3491452021258	8.856468083517921e-06	-4.312321981910991e-06	185.5392294726439	346	1	2	0	1	
65	0.1	0.285427135678392	1	156.8589704240711	177.8901018054977	-2.945867006487468e-05	-2.141368222824408e-05	187.1644137743878	346	1	2	0	1	
65	0.1	0.2869346733668342	1	155.7917699650114	179.4162168086127	1.750999442655388e-05	-7.595175332985975e-06	188.778018407218	346	1	2	0	1	
65	0.1	0.2884422110552764	1	154.7149860518632	180.9306442138231	4.024270458264506e-05	2.231813361163251e-06	190.3803279138276	346	1	2	0	1	
65	0.1	0.2899497487437186	1	153.6283493332895	182.4326194610547	4.758519643349723e-05	-4.040114755914049e-05	191.9716928657263	346	1	2	0	1	
65	0.1	0.2914572864321608	1	152.5315798836447	183.9224252105872	-3.418160535382554e-06	2.102359258682185e-06	193.5523320681873	346	1	2	0	1	
65	0.1	0.292964824120603	1	151.4243795852478	185.4002319908504	-1.228191178814699e-05	-1.035373081009761e-05	195.1226012225082	346	1	2	0	1	
65	0.1	0.2944723618090452	1	150.3064449021705	186.8661842869736	-7.585126978085222e-06	-1.343915489314396e-05	196.6827763376802	346	1	2	0	1	
65	0.1	0.2959798994974875	1	149.1774485982546	188.3204409101373	-5.287819309432776e-05	4.751964399807296e-06	198.2331196266398	346	1	2	0	1	
65	0.1	0.2974874371859297	1	148.0370532620051	189.763203283596	-2.850506201756628e-05	2.545586340718664e-06	199.7739570566278	346	1	2	0	1	
65	0.1	0.2989949748743719	1	146.884902289158	191.1946431582323	6.59185248985672e-06	-2.738166768745387e-05	201.3056090833925	346	1	2	0	1	
65	0.1	0.3005025125628141	1	145.7206157624229	192.6148706921869	-1.826088324691222e-05	-4.124915198128187e-05	202.8284260572761	346	1	2	0	1	
65	0.1	0.3020100502512563	1	144.543797732334	194.0241137952115	1.309466914406476e-05	-2.229254176477902e-06	204.3429798118929	346	1	2	0	1	
65	0.1	0.3035175879396985	1	143.3540181287613	195.4224861741301	4.162768179992128e-05	2.898666041506459e-05	205.8500372814028	346	1	2	0	1	
65	0.1	0.3050251256281408	1	142.1508037084005	196.8101797221331	7.721747370847964e-05	-3.500930860267371e-06	207.3519449955681	346	1	2	0	1	
65	0.1	0.3065326633165829	1	140.9335357836487	198.1875044886214	-6.925193539567692e-06	4.230380157450864e-05	208.8714458937939	346	1	2	0	1	
65	0.1	0.3080402010050252	1	139.7018766333941	199.554414176103	6.804176141076562e-06	4.173806206264619e-06	210.3544647646604	346	1	2	0	1	
65	0.1	0.3095477386934674	1	138.4555124396224	200.9107928860793	9.30289824024183e-06	1.858469164872645e-05	211.7714250970331	346	1	2	0	1	
65	0.1	0.3110552763819096	1	137.1944477802975	202.2561580856727	-3.305521802454005e-06	2.833810713667034e-06	213.2205125455239	346	1	2	0	1	
65	0.1	0.3125628140703518	1	135.917626891417	203.5911945046873	3.29556250130425e-05	-4.999003726132573e-06	214.6650218919915	346	1	2	0	1	
65	0.1	0.314070351758794	1	134.6244369201012	204.9159746528426	1.243351490665123e-05	-1.557560209558551e-05	216.1034592400268	346	1	2	0	1	
65	0.1	0.3155778894472362	1	133.3142386573475	206.2305866360972	5.489094003687661e-06	-5.812306086061883e-06	217.535284786943	346	1	2	0	1	
65	0.1	0.3170854271356784	1	131.9863334214586	207.5351340241799	2.647575069781877e-06	-2.918441112997883e-05	218.9603346994416	346	1	2	0	1	
65	0.1	0.3185929648241206	1	130.6399838424035	208.8296759515757	5.520820970383866e-07	2.217479170951719e-06	220.3785094087001	346	1	2	0	1	
65	0.1	0.3201005025125628	1	129.2744068837147	-210.1142945356168	9.416528826247049e-06	-4.30075529558524e-06	221.7898214938818	346	1	2	0	1	
65	0.1	0.3216080402010051	1	127.8887658434415	-211.3889963475791	3.411384036394738e-06	2.742418755176043e-05	223.1943008287275	346	1	2	0	1	
65	0.1	0.3231155778894472	1	126.4821698508051	-212.653863594258	1.268617071537546e-05	5.260617634339493e-06	224.5919645834447	346	1	2	0	1	
65	0.1	0.3246231155778895	1	125.0536624871595	-213.9088976563721	1.853723225608839e-05	-4.14418862691481e-06	225.9829176955077	346	1	2	0	1	
65	0.1	0.3261306532663317	1	123.6022158329889	-215.1540877413839	1.335861507589797e-05	2.853125895874165e-06	227.3671923942183	346	1	2	0	1	
65	0.1	0.3276381909547739	1	122.1267223011124	-216.3894639830737	1.125345715812572e-07	5.81792008615421e-06	228.7448486330583	346	1	2	0	1	
65	0.1	0.3291457286432161	1	120.6259854882356	-217.6150040741177	-2.443067798476618e-05	1.988990904208676e-05	230.1159502215223	346	1	2	0	1	
65	0.1	0.3306532663316583	1	119.0987098580914	-218.8306353440375	-3.383326388321783e-06	2.456492628463702e-06	231.480581185465	346	1	2	0	1	
65	0.1	0.3321608040201005	1	117.5434891439104	-220.0363304429274	1.745846545064995e-06	-1.79236570740926e-05	232.8387619673936	346	1	2	0	1	
65	0.1	0.3336683417085428	1	115.9587933774932	-221.2320204261693	6.409407994817373e-06	2.443515724300654e-05	234.1905580353955	346	1	2	0	1	
65	0.1	0.335175879396985	1	114.3429545617868	-222.4175918880355	6.28696748264379e-06	-7.751888603177437e-07	235.5360383839493	346	1	2	0	1	
65	0.1	0.3366834170854272	1	112.694148273828	-223.5929655637052	3.082787233335549e-06	-1.198868086603466e-05	236.8752375271509	346	1	2	0	1	
65	0.1	0.3381909547738694	1	111.0102399527278	-224.7580499081485	-2.652728909042883e-05	-5.566368181941783e-06	238.2082098545004	346	1	2	0	1	
65	0.1	0.3396984924623116	1	109.2890329877656	-225.912648679783	-3.669361016872302e-06	-2.227050614253719e-05	239.5349794800234	346	1	2	0	1	
65	0.1	0.3412060301507538	1	107.524202533183	-227.0590391823972	2.131842455602162e-05	2.001439340942879e-05	240.8563348959774	346	1	2	0	1	
65	0.1	0.342713567839196	1	105.7245298277382	-228.1896041762321	1.71860823270642e-05	-1.606953256610456e-05	242.1701268001078	346	1	2	0	1	
65	0.1	0.3442211055276382	1	103.875276201946	-229.3115514996127	2.925829732824958e-06	-3.278236068776641e-05	243.4785125132601	346	1	2	0	1	
65	0.1	0.3457286432160804	1	101.9767766872723	-230.4220818918614	-3.102576423316683e-06	1.42047034533202e-05	244.780830381534	346	1	2	0	1	
65	0.1	0.3472361809045227	1	100.021670898184	-231.5227550913459	2.827473875189089e-06	3.307839028444948e-05	246.0775961366641	346	1	2	0	1	
65	0.1	0.3487437185929648	1	98.01082748627076	-232.6100224072644	3.497890363013748e-05	-3.382243650113448e-06	247.3679333714099	346	1	2	0	1	
65	0.1	0.3502512562814071	1	95.94282738025231	-233.6816212322197	2.305754825882023e-05	4.263454041145316e-05	248.6513034942348	346	1	2	0	1	
65	0.1	0.3517587939698493	1	93.80091392189458	-234.7426192695781	2.041278078790398e-07	5.829933489193477e-06	249.9292873415051	346	1	2	0	1	
65	0.1	0.3532663316582915	1	91.58255874664366	-235.7898921454066	1.65246580449141e-05	3.899107337120488e-05	251.2011601994713	346	1	2	0	1	
65	0.1	0.3547738693467337	1	89.2792278983637	-236.8227398016643	-1.335934164159447e-05	3.574846290574363e-05	252.466904015436	346	1	2	0	1	
65	0.1	0.3562814070351759	1	86.88067638873829	-237.8402552838855	-5.401542106354962e-06	2.453354999242777e-05	253.7264368822567	346	1	2	0	1	
65	0.1	0.3577889447236181	1	84.37442853880243	238.8414747059346	-2.16218293067616e-05	-8.149831090549509e-06	254.9797329255362	346	1	2	0	1	
65	0.1	0.3592964824120604	1	81.74503745066509	239.8251091210176	-2.255083361470123e-05	-2.890668669930374e-06	256.2266949288739	346	1	2	0	1	
65	0.1	0.3608040201005025	1	78.97299740550733	-240.7896462455515	-1.730288308050137e-05	-3.229685735761656e-05	257.4672220605768	346	1	2	0	1	
65	0.1	0.3623115577889447	1	76.03308873144466	-241.7331903833214	2.382843077719174e-06	3.275813694164631e-06	258.7011920495467	346	1	2	0	1	
65	0.1	0.363819095477387	1	72.89174766714963	-242.653318183644	-4.793453076917809e-05	-1.845300369833615e-05	259.9284366211708	346	1	2	0	1	
65	0.1	0.3653266331658291	1	69.50265838203811	-243.5468354815998	4.044849646806203e-06	2.594040763517422e-05	261.1487306257501	346	1	2	0	1	
65	0.1	0.3668341708542714	1	65.7988486388662	-244.4094838650958	-4.999912242592552e-06	3.774270623358583e-05	262.3618547607875	346	1	2	0	1	
65	0.1	0.3683417085427136	1	61.67720096258274	-245.2351435900677	-1.894190438878583e-05	8.933950127729996e-06	263.5673350962492	346	1	2	0	1	
65	0.1	0.3698492462311558	1	56.9641327967685	-246.0145840724047	-8.753569482447109e-06	1.165737087471287e-05	264.7646470617818	346	1	2	0	1	
65	0.1	0.371356783919598	1	51.3242396023586	-246.7322903291447	-6.325887652799955e-07	9.17560238717155e-06	265.9527995075997	346	1	2	0	1	
65	0.1	0.3728643216080403	1	43.92683563917411	-247.356933684708	-2.448986711728329e-06	-1.561855648918309e-05	267.1297279518582	346	1	2	0	1	
65	0.1	0.3743718592964824	1	30.69821654379022	-247.787754799929	2.531211082758538e-05	2.535203212765576e-05	268.2866348297596	346	1	2	0	1	
65	0.1	0.3758793969849247	-2	0	0	0	0	0	346	1	2	0	1	
65	0.1	0.3773869346733668	-2	0	0	0	0	0	346	1	2	0	1	
65	0.1	0.3788944723618091	-2	0	0	0	0	0	346	1	2	0	1	
65	0.1	0.3804020100502513	-2	0	0	0	0	0	346	1	2	0	1	
65	0.1	0.3819095477386935	-2	0	0	0	0	0	346	1	2	0	1	
65	0.1	0.3834170854271357	-2	0	0	0	0	0	346	1	2	0	1	
65	0.1	0.384924623115578	-2	0	0	0	0	0	346	1	2	0	1	
65	0.1	0.3864321608040201	-2	0	0	0	0	0	346	1	2	0	1	
65	0.1	0.3879396984924623	-2	0	0	0	0	0	346	1	2	0	1	
65	0.1	0.3894472361809046	-2	0	0	0	0	0	346	1	2	0	1	
65	0.1	0.3909547738693467	-2	0	0	0	0	0	346	1	2	0	1	
65	0.1	0.392462311557789	-2	0	0	0	0	0	346	1	2	0	1	
65	0.1	0.3939698492462312	-2	0	0	0	0	0	346	1	2	0	1	
65	0.1	0.3954773869346734	-2	0	0	0	0	0	346	1	2	0	1	
65	0.1	0.3969849246231156	-2	0	0	0	0	0	346	1	2	0	1	
65	0.1	0.3984924623115578	-2	0	0	0	0	0	346	1	2	0	1	
65	0.1	0.4	-2	0	0	0	0	0	346	1	2	0	1	
