65	0.1	0.1	0	120.691	136.61	2.19023e-06	136.61	2.19023e-06	86.5	1	0	0	1	
65	0.1	0.101508	0	120.682	136.607	1.1265e-05	136.607	1.1265e-05	86.5	1	0	0	1	
65	0.1	0.103015	0	120.673	136.604	2.65238e-05	136.604	2.65238e-05	86.5	1	0	0	1	
65	0.1	0.104523	0	120.664	136.601	1.10867e-05	136.601	1.10867e-05	86.5	1	0	0	1	
65	0.1	0.10603	0	120.655	136.598	1.2934e-05	136.598	1.2934e-05	86.5	1	0	0	1	
65	0.1	0.107538	0	120.646	136.596	3.80795e-06	136.596	3.80795e-06	86.5	1	0	0	1	
65	0.1	0.109045	0	120.637	136.593	1.63082e-05	136.593	1.63082e-05	86.5	1	0	0	1	
65	0.1	0.110553	0	120.627	136.591	1.21801e-05	136.591	1.21801e-05	86.5	1	0	0	1	
65	0.1	0.11206	0	120.618	136.589	1.67122e-06	136.589	1.67122e-06	86.5	1	0	0	1	
65	0.1	0.113568	0	120.608	136.587	9.06845e-06	136.587	9.06845e-06	86.5	1	0	0	1	
65	0.1	0.115075	0	120.599	136.586	1.08566e-05	136.586	1.08566e-05	86.5	1	0	0	1	
65	0.1	0.116583	0	120.589	136.584	3.16759e-06	136.584	3.16759e-06	86.5	1	0	0	1	
65	0.1	0.11809	0	120.58	136.583	1.14103e-06	136.583	1.14103e-06	86.5	1	0	0	1	
65	0.1	0.119598	0	120.57	136.582	2.19431e-05	136.582	2.19431e-05	86.5	1	0	0	1	
65	0.1	0.121106	0	120.56	136.581	1.92012e-05	136.581	1.92012e-05	86.5	1	0	0	1	
65	0.1	0.122613	0	120.551	136.58	1.77536e-05	136.58	1.77536e-05	86.5	1	0	0	1	
65	0.1	0.124121	0	120.541	136.579	3.98497e-06	136.579	3.98497e-06	86.5	1	0	0	1	
65	0.1	0.125628	0	120.531	136.579	1.70555e-05	136.579	1.70555e-05	86.5	1	0	0	1	
65	0.1	0.127136	0	120.52	136.579	2.05232e-06	136.579	2.05232e-06	86.5	1	0	0	1	
65	0.1	0.128643	0	120.51	136.579	8.60231e-07	136.579	8.60231e-07	86.5	1	0	0	1	
65	0.1	0.130151	0	120.5	136.58	6.52267e-06	136.58	6.52267e-06	86.5	1	0	0	1	
65	0.1	0.131658	0	120.49	136.581	1.20144e-05	136.581	1.20144e-05	86.5	1	0	0	1	
65	0.1	0.133166	0	120.479	136.582	3.28083e-05	136.582	3.28083e-05	86.5	1	0	0	1	
65	0.1	0.134673	0	120.468	136.583	2.58942e-05	136.583	2.58942e-05	86.5	1	0	0	1	
65	0.1	0.136181	0	120.457	136.586	1.22443e-05	136.586	1.22443e-05	86.5	1	0	0	1	
65	0.1	0.137688	0	120.446	136.588	6.99908e-06	136.588	6.99908e-06	86.5	1	0	0	1	
65	0.1	0.139196	0	120.481	136.471	1.23566e-05	136.471	1.23566e-05	86.5	1	0	0	1	
65	0.1	0.140704	0	120.525	136.333	2.22747e-05	136.333	2.22747e-05	86.5	1	0	0	1	
65	0.1	0.142211	0	120.563	136.206	1.6124e-06	136.206	1.6124e-06	86.5	1	0	0	1	
65	0.1	0.143719	0	120.597	136.091	2.39221e-05	136.091	2.39221e-05	86.5	1	0	0	1	
65	0.1	0.145226	0	120.627	135.987	8.38349e-06	135.987	8.38349e-06	86.5	1	0	0	1	
65	0.1	0.146734	0	120.653	135.893	4.24133e-06	135.893	4.24133e-06	86.5	1	0	0	1	
65	0.1	0.148241	0	120.675	135.811	1.72288e-06	135.811	1.72288e-06	86.5	1	0	0	1	
65	0.1	0.149749	0	120.692	135.739	5.39047e-07	135.739	5.39047e-07	86.5	1	0	0	1	
65	0.1	0.151256	0	120.705	135.677	1.9205e-05	135.677	1.9205e-05	86.5	1	0	0	1	
65	0.1	0.152764	0	120.714	135.627	3.40837e-05	135.627	3.40837e-05	86.5	1	0	0	1	
65	0.1	0.154271	0	120.72	135.587	9.78079e-06	135.587	9.78079e-06	86.5	1	0	0	1	
65	0.1	0.155779	0	120.72	135.559	3.81624e-06	135.559	3.81624e-06	86.5	1	0	0	1	
65	0.1	0.157286	0	120.717	135.541	2.84926e-05	135.541	2.84926e-05	86.5	1	0	0	1	
65	0.1	0.158794	0	120.71	135.533	1.4247e-05	135.533	1.4247e-05	86.5	1	0	0	1	
65	0.1	0.160302	0	120.698	135.537	1.79713e-06	135.537	1.79713e-06	86.5	1	0	0	1	
65	0.1	0.161809	0	120.683	135.551	9.90234e-07	135.551	9.90234e-07	86.5	1	0	0	1	
65	0.1	0.163317	0	120.663	135.576	2.1225e-05	135.576	2.1225e-05	86.5	1	0	0	1	
65	0.1	0.164824	0	120.639	135.612	2.20594e-05	135.612	2.20594e-05	86.5	1	0	0	1	
65	0.1	0.166332	0	120.611	135.659	3.86295e-05	135.659	3.86295e-05	86.5	1	0	0	1	
65	0.1	0.167839	0	120.579	135.717	2.15775e-05	135.717	2.15775e-05	86.5	1	0	0	1	
65	0.1	0.169347	0	120.543	135.786	2.44385e-05	135.786	2.44385e-05	86.5	1	0	0	1	
65	0.1	0.170854	0	120.502	135.865	2.01359e-05	135.865	2.01359e-05	86.5	1	0	0	1	
65	0.1	0.172362	0	120.458	135.956	4.10974e-06	135.956	4.10974e-06	86.5	1	0	0	1	
65	0.1	0.173869	0	120.409	136.057	1.99173e-08	136.057	1.99173e-08	86.5	1	0	0	1	
65	0.1	0.175377	0	120.356	136.169	2.03816e-05	136.169	2.03816e-05	86.5	1	0	0	1	
65	0.1	0.176884	0	120.298	136.293	2.56817e-05	136.293	2.56817e-05	86.5	1	0	0	1	
65	0.1	0.178392	0	120.237	136.427	3.50882e-05	136.427	3.50882e-05	86.5	1	0	0	1	
65	0.1	0.179899	0	120.171	136.572	4.4527e-06	136.572	4.4527e-06	86.5	1	0	0	1	
65	0.1	0.181407	0	120.1	136.728	1.09876e-05	136.728	1.09876e-05	86.5	1	0	0	1	
65	0.1	0.182915	0	120.026	136.895	3.71685e-06	136.895	3.71685e-06	86.5	1	0	0	1	
65	0.1	0.184422	0	119.947	137.073	1.13712e-05	137.073	1.13712e-05	86.5	1	0	0	1	
65	0.1	0.18593	0	119.864	137.261	1.64026e-07	137.261	1.64026e-07	86.5	1	0	0	1	
65	0.1	0.187437	0	119.776	137.461	1.19017e-05	137.461	1.19017e-05	86.5	1	0	0	1	
65	0.1	0.188945	0	119.684	137.672	1.36369e-05	137.672	1.36369e-05	86.5	1	0	0	1	
65	0.1	0.190452	0	119.588	137.894	6.84632e-06	137.894	6.84632e-06	86.5	1	0	0	1	
65	0.1	0.19196	0	119.487	138.126	8.43037e-06	138.126	8.43037e-06	86.5	1	0	0	1	
65	0.1	0.193467	0	119.381	138.37	5.94745e-06	138.37	5.94745e-06	86.5	1	0	0	1	
65	0.1	0.194975	0	119.272	138.624	6.69522e-06	138.624	6.69522e-06	86.5	1	0	0	1	
65	0.1	0.196482	0	119.157	138.89	1.43295e-05	138.89	1.43295e-05	86.5	1	0	0	1	
65	0.1	0.19799	0	119.038	139.166	1.40505e-05	139.166	1.40505e-05	86.5	1	0	0	1	
65	0.1	0.199497	0	118.914	139.453	1.89491e-05	139.453	1.89491e-05	86.5	1	0	0	1	
65	0.1	0.201005	0	118.786	139.751	4.08651e-06	139.751	4.08651e-06	86.5	1	0	0	1	
65	0.1	0.202513	0	118.653	140.06	2.51332e-06	140.06	2.51332e-06	86.5	1	0	0	1	
65	0.1	0.20402	0	118.515	140.38	4.22835e-06	140.38	4.22835e-06	86.5	1	0	0	1	
65	0.1	0.205528	0	118.372	140.711	2.1628e-05	140.711	2.1628e-05	86.5	1	0	0	1	
65	0.1	0.207035	0	118.225	141.052	9.47718e-06	141.052	9.47718e-06	86.5	1	0	0	1	
65	0.1	0.208543	0	118.073	141.405	3.90461e-06	141.405	3.90461e-06	86.5	1	0	0	1	
65	0.1	0.21005	0	117.915	141.768	1.82876e-06	141.768	1.82876e-06	86.5	1	0	0	1	
65	0.1	0.211558	0	117.753	142.142	6.14184e-07	142.142	6.14184e-07	86.5	1	0	0	1	
65	0.1	0.213065	0	117.586	142.527	3.78073e-06	142.527	3.78073e-06	86.5	1	0	0	1	
65	0.1	0.214573	0	117.414	142.923	4.9793e-06	142.923	4.9793e-06	86.5	1	0	0	1	
65	0.1	0.21608	0	117.237	143.329	3.48637e-05	143.329	3.48637e-05	86.5	1	0	0	1	
65	0.1	0.217588	0	117.054	143.746	1.08483e-05	143.746	1.08483e-05	86.5	1	0	0	1	
65	0.1	0.219095	0	116.867	144.174	5.71263e-06	144.174	5.71263e-06	86.5	1	0	0	1	
65	0.1	0.220603	0	116.674	144.613	3.59406e-05	144.613	3.59406e-05	86.5	1	0	0	1	
65	0.1	0.222111	0	116.476	145.062	8.83828e-06	145.062	8.83828e-06	86.5	1	0	0	1	
65	0.1	0.223618	0	116.272	145.522	4.46769e-06	145.522	4.46769e-06	86.5	1	0	0	1	
65	0.1	0.225126	0	116.064	145.993	1.46019e-05	145.993	1.46019e-05	86.5	1	0	0	1	
65	0.1	0.226633	0	115.849	146.474	1.05201e-05	146.474	1.05201e-05	86.5	1	0	0	1	
65	0.1	0.228141	0	115.629	146.966	1.05281e-05	146.966	1.05281e-05	86.5	1	0	0	1	
65	0.1	0.229648	0	115.404	147.468	6.15117e-06	147.468	6.15117e-06	86.5	1	0	0	1	
65	0.1	0.231156	0	115.172	147.981	3.59e-05	147.981	3.59e-05	86.5	1	0	0	1	
65	0.1	0.232663	0	114.935	148.505	1.03956e-05	148.505	1.03956e-05	86.5	1	0	0	1	
65	0.1	0.234171	0	114.692	149.039	2.74512e-05	149.039	2.74512e-05	86.5	1	0	0	1	
65	0.1	0.235678	0	114.443	149.584	1.68532e-05	149.584	1.68532e-05	86.5	1	0	0	1	
65	0.1	0.237186	0	114.189	150.139	8.50908e-06	150.139	8.50908e-06	86.5	1	0	0	1	
65	0.1	0.238693	0	113.928	150.705	2.5998e-05	150.705	2.5998e-05	86.5	1	0	0	1	
65	0.1	0.240201	0	113.661	151.282	3.30183e-06	151.282	3.30183e-06	86.5	1	0	0	1	
65	0.1	0.241709	0	113.387	151.868	1.26659e-05	151.868	1.26659e-05	86.5	1	0	0	1	
65	0.1	0.243216	0	113.108	152.466	2.0785e-05	152.466	2.0785e-05	86.5	1	0	0	1	
65	0.1	0.244724	0	112.822	153.073	8.05024e-06	153.073	8.05024e-06	86.5	1	0	0	1	
65	0.1	0.246231	1	112.529	0	157.406	153.692	0	86.5	1	0	0	1	
65	0.1	0.247739	1	112.23	0	158.905	154.32	0	86.5	1	0	0	1	
65	0.1	0.249246	1	111.923	0	160.395	154.959	0	86.5	1	0	0	1	
65	0.1	0.250754	1	111.611	0	161.874	155.609	0	86.5	1	0	0	1	
65	0.1	0.252261	1	111.291	0	163.344	156.268	0	86.5	1	0	0	1	
65	0.1	0.253769	1	110.964	0	164.805	156.939	0	86.5	1	0	0	1	
65	0.1	0.255276	1	110.63	0	166.257	157.619	0	86.5	1	0	0	1	
65	0.1	0.256784	1	110.288	0	167.7	158.311	0	86.5	1	0	0	1	
65	0.1	0.258291	1	109.939	0	169.135	159.012	0	86.5	1	0	0	1	
65	0.1	0.259799	1	109.582	0	170.562	159.724	0	86.5	1	0	0	1	
65	0.1	0.261307	1	109.218	0	171.981	160.446	0	86.5	1	0	0	1	
65	0.1	0.262814	1	108.846	0	173.392	161.179	0	86.5	1	0	0	1	
65	0.1	0.264322	1	108.466	0	174.796	161.922	0	86.5	1	0	0	1	
65	0.1	0.265829	1	108.077	0	176.193	162.676	0	86.5	1	0	0	1	
65	0.1	0.267337	1	107.68	0	177.583	163.44	0	86.5	1	0	0	1	
65	0.1	0.268844	1	107.275	0	178.966	164.215	0	86.5	1	0	0	1	
65	0.1	0.270352	1	106.861	0	180.343	165	0	86.5	1	0	0	1	
65	0.1	0.271859	1	106.438	0	181.714	165.795	0	86.5	1	0	0	1	
65	0.1	0.273367	1	106.006	0	183.079	166.601	0	86.5	1	0	0	1	
65	0.1	0.274874	1	105.564	0	184.438	167.418	0	86.5	1	0	0	1	
65	0.1	0.276382	1	105.113	0	185.791	168.245	0	86.5	1	0	0	1	
65	0.1	0.277889	1	104.652	0	187.139	169.083	0	86.5	1	0	0	1	
65	0.1	0.279397	1	104.182	0	188.482	169.931	0	86.5	1	0	0	1	
65	0.1	0.280905	1	103.701	0	189.82	170.791	0	86.5	1	0	0	1	
65	0.1	0.282412	1	103.209	0	191.153	171.661	0	86.5	1	0	0	1	
65	0.1	0.28392	1	102.707	0	192.481	172.542	0	86.5	1	0	0	1	
65	0.1	0.285427	1	102.194	0	193.805	173.433	0	86.5	1	0	0	1	
65	0.1	0.286935	1	101.669	0	195.125	174.336	0	86.5	1	0	0	1	
65	0.1	0.288442	1	101.133	0	196.44	175.25	0	86.5	1	0	0	1	
65	0.1	0.28995	1	100.585	0	197.752	176.174	0	86.5	1	0	0	1	
65	0.1	0.291457	1	100.025	0	199.059	177.11	0	86.5	1	0	0	1	
65	0.1	0.292965	1	99.4514	0	200.363	178.058	0	86.5	1	0	0	1	
65	0.1	0.294472	1	98.8652	0	201.664	179.016	0	86.5	1	0	0	1	
65	0.1	0.29598	1	98.2655	0	202.961	179.986	0	86.5	1	0	0	1	
65	0.1	0.297487	1	97.652	0	204.255	180.968	0	86.5	1	0	0	1	
65	0.1	0.298995	1	97.024	0	205.546	181.961	0	86.5	1	0	0	1	
65	0.1	0.300503	1	96.3812	0	206.834	182.966	0	86.5	1	0	0	1	
65	0.1	0.30201	1	95.7231	0	208.12	183.984	0	86.5	1	0	0	1	
65	0.1	0.303518	1	95.049	0	209.403	185.013	0	86.5	1	0	0	1	
65	0.1	0.305025	1	94.3582	0	210.684	186.055	0	86.5	1	0	0	1	
65	0.1	0.306533	1	93.6442	0	211.965	187.119	0	86.5	1	0	0	1	
65	0.1	0.30804	1	92.9051	0	213.246	188.206	0	86.5	1	0	0	1	
65	0.1	0.309548	1	92.1428	0	214.527	189.313	0	86.5	1	0	0	1	
65	0.1	0.311055	1	91.3574	0	215.807	190.437	0	86.5	1	0	0	1	
65	0.1	0.312563	1	90.5483	0	217.087	191.579	0	86.5	1	0	0	1	
65	0.1	0.31407	1	89.715	0	218.366	192.738	0	86.5	1	0	0	1	
65	0.1	0.315578	1	88.8566	0	219.646	193.914	0	86.5	1	0	0	1	
65	0.1	0.317085	1	87.9722	0	220.925	195.108	0	86.5	1	0	0	1	
65	0.1	0.318593	1	87.0607	0	222.203	196.318	0	86.5	1	0	0	1	
65	0.1	0.320101	1	86.1208	0	223.482	197.546	0	86.5	1	0	0	1	
65	0.1	0.321608	1	85.1513	0	224.762	198.792	0	86.5	1	0	0	1	
65	0.1	0.323116	1	84.1507	0	226.042	200.055	0	86.5	1	0	0	1	
65	0.1	0.324623	1	83.1173	0	227.322	201.337	0	86.5	1	0	0	1	
65	0.1	0.326131	1	82.0491	0	228.603	202.637	0	86.5	1	0	0	1	
65	0.1	0.327638	1	80.9443	0	229.886	203.956	0	86.5	1	0	0	1	
65	0.1	0.329146	1	79.8005	0	231.17	205.295	0	86.5	1	0	0	1	
65	0.1	0.330653	1	78.615	0	232.455	206.654	0	86.5	1	0	0	1	
65	0.1	0.332161	1	77.3849	0	233.743	208.034	0	86.5	1	0	0	1	
65	0.1	0.333668	1	76.1069	0	235.033	209.436	0	86.5	1	0	0	1	
65	0.1	0.335176	1	74.7771	0	236.325	210.861	0	86.5	1	0	0	1	
65	0.1	0.336683	1	73.3912	0	237.621	212.311	0	86.5	1	0	0	1	
65	0.1	0.338191	1	71.944	0	238.92	213.786	0	86.5	1	0	0	1	
65	0.1	0.339698	1	70.4294	0	240.224	215.288	0	86.5	1	0	0	1	
65	0.1	0.341206	1	68.8405	0	241.532	216.819	0	86.5	1	0	0	1	
65	0.1	0.342714	1	67.1685	0	242.846	218.382	0	86.5	1	0	0	1	
65	0.1	0.344221	1	65.4031	0	244.166	219.98	0	86.5	1	0	0	1	
65	0.1	0.345729	1	63.5313	0	245.494	221.617	0	86.5	1	0	0	1	
65	0.1	0.347236	1	61.5368	0	246.831	223.296	0	86.5	1	0	0	1	
65	0.1	0.348744	1	59.3986	0	248.178	225.024	0	86.5	1	0	0	1	
65	0.1	0.350251	1	57.0887	0	249.539	226.81	0	86.5	1	0	0	1	
65	0.1	0.351759	1	54.5682	0	250.915	228.663	0	86.5	1	0	0	1	
65	0.1	0.353266	1	51.7815	0	252.311	230.599	0	86.5	1	0	0	1	
65	0.1	0.354774	1	48.6426	0	253.734	232.642	0	86.5	1	0	0	1	
65	0.1	0.356281	1	45.0078	0	255.194	234.828	0	86.5	1	0	0	1	
65	0.1	0.357789	1	40.6016	0	256.709	237.229	0	86.5	1	0	0	1	
65	0.1	0.359296	1	34.7569	0	258.323	240.003	0	86.5	1	0	0	1	
65	0.1	0.360804	1	24.545	0	260.202	243.767	0	86.5	1	0	0	1	
65	0.1	0.362312	-2	0	0	0	0	0	86.5	1	0	0	1	
65	0.1	0.363819	-2	0	0	0	0	0	86.5	1	0	0	1	
65	0.1	0.365327	-2	0	0	0	0	0	86.5	1	0	0	1	
65	0.1	0.366834	-2	0	0	0	0	0	86.5	1	0	0	1	
65	0.1	0.368342	-2	0	0	0	0	0	86.5	1	0	0	1	
65	0.1	0.369849	-2	0	0	0	0	0	86.5	1	0	0	1	
65	0.1	0.371357	-2	0	0	0	0	0	86.5	1	0	0	1	
65	0.1	0.372864	-2	0	0	0	0	0	86.5	1	0	0	1	
65	0.1	0.374372	-2	0	0	0	0	0	86.5	1	0	0	1	
65	0.1	0.375879	-2	0	0	0	0	0	86.5	1	0	0	1	
65	0.1	0.377387	-2	0	0	0	0	0	86.5	1	0	0	1	
65	0.1	0.378894	-2	0	0	0	0	0	86.5	1	0	0	1	
65	0.1	0.380402	-2	0	0	0	0	0	86.5	1	0	0	1	
65	0.1	0.38191	-2	0	0	0	0	0	86.5	1	0	0	1	
65	0.1	0.383417	-2	0	0	0	0	0	86.5	1	0	0	1	
65	0.1	0.384925	-2	0	0	0	0	0	86.5	1	0	0	1	
65	0.1	0.386432	-2	0	0	0	0	0	86.5	1	0	0	1	
65	0.1	0.38794	-2	0	0	0	0	0	86.5	1	0	0	1	
65	0.1	0.389447	-2	0	0	0	0	0	86.5	1	0	0	1	
65	0.1	0.390955	-2	0	0	0	0	0	86.5	1	0	0	1	
65	0.1	0.392462	-2	0	0	0	0	0	86.5	1	0	0	1	
65	0.1	0.39397	-2	0	0	0	0	0	86.5	1	0	0	1	
65	0.1	0.395477	-2	0	0	0	0	0	86.5	1	0	0	1	
65	0.1	0.396985	-2	0	0	0	0	0	86.5	1	0	0	1	
65	0.1	0.398492	-2	0	0	0	0	0	86.5	1	0	0	1	
65	0.1	0.4	-2	0	0	0	0	0	86.5	1	0	0	1	
