65	0.01	0.3	-3	0	0	0	0	0	0	2	1	179.606	
65	0.0109548	0.3	-3	0	0	0	0	0	0	2	1	179.606	
65	0.0119095	0.3	-3	0	0	0	0	0	0	2	1	179.606	
65	0.0128643	0.3	-3	0	0	0	0	0	0	2	1	179.606	
65	0.0138191	0.3	-3	0	0	0	0	0	0	2	1	179.606	
65	0.0147739	0.3	-3	0	0	0	0	0	0	2	1	179.606	
65	0.0157286	0.3	-3	0	0	0	0	0	0	2	1	179.606	
65	0.0166834	0.3	-3	0	0	0	0	0	0	2	1	179.606	
65	0.0176382	0.3	-3	0	0	0	0	0	0	2	1	179.606	
65	0.018593	0.3	-3	0	0	0	0	0	0	2	1	179.606	
65	0.0195477	0.3	-3	0	0	0	0	0	0	2	1	179.606	
65	0.0205025	0.3	-3	0	0	0	0	0	0	2	1	179.606	
65	0.0214573	0.3	-3	0	0	0	0	0	0	2	1	179.606	
65	0.0224121	0.3	-3	0	0	0	0	0	0	2	1	179.606	
65	0.0233668	0.3	-2	0	0	0	0	0	0	2	1	179.606	
65	0.0243216	0.3	-3	0	0	0	0	0	0	2	1	179.606	
65	0.0252764	0.3	-3	0	0	0	0	0	0	2	1	179.606	
65	0.0262312	0.3	-3	0	0	0	0	0	0	2	1	179.606	
65	0.0271859	0.3	-3	0	0	0	0	0	0	2	1	179.606	
65	0.0281407	0.3	-3	0	0	0	0	0	0	2	1	179.606	
65	0.0290955	0.3	-2	0	0	0	0	0	0	2	1	179.606	
65	0.0300503	0.3	-3	0	0	0	0	0	0	2	1	179.606	
65	0.031005	0.3	-3	0	0	0	0	0	0	2	1	179.606	
65	0.0319598	0.3	-2	0	0	0	0	0	0	2	1	179.606	
65	0.0329146	0.3	-2	0	0	0	0	0	0	2	1	179.606	
65	0.0338693	0.3	-2	0	0	0	0	0	0	2	1	179.606	
65	0.0348241	0.3	-2	0	0	0	0	0	0	2	1	179.606	
65	0.0357789	0.3	-2	0	0	0	0	0	0	2	1	179.606	
65	0.0367337	0.3	-2	0	0	0	0	0	0	2	1	179.606	
65	0.0376884	0.3	-2	0	0	0	0	0	0	2	1	179.606	
65	0.0386432	0.3	-2	0	0	0	0	0	0	2	1	179.606	
65	0.039598	0.3	-2	0	0	0	0	0	0	2	1	179.606	
65	0.0405528	0.3	-2	0	0	0	0	0	0	2	1	179.606	
65	0.0415075	0.3	-2	0	0	0	0	0	0	2	1	179.606	
65	0.0424623	0.3	-2	0	0	0	0	0	0	2	1	179.606	
65	0.0434171	0.3	-2	0	0	0	0	0	0	2	1	179.606	
65	0.0443719	0.3	-2	0	0	0	0	0	0	2	1	179.606	
65	0.0453266	0.3	-2	0	0	0	0	0	0	2	1	179.606	
65	0.0462814	0.3	-2	0	0	0	0	0	0	2	1	179.606	
65	0.0472362	0.3	-2	0	0	0	0	0	0	2	1	179.606	
65	0.048191	0.3	-2	0	0	0	0	0	0	2	1	179.606	
65	0.0491457	0.3	1	32.1128	247.118	-2.53312e-05	7.76551e-06	316.757	0	2	1	179.606	
65	0.0501005	0.3	1	41.8956	246.365	-2.25552e-05	-9.84497e-06	313.527	0	2	1	179.606	
65	0.0510553	0.3	1	48.1348	245.511	3.69517e-05	-2.15309e-05	310.358	0	2	1	179.606	
65	0.0520101	0.3	1	52.9363	244.607	9.57434e-07	-2.41472e-05	307.261	0	2	1	179.606	
65	0.0529648	0.3	1	56.9095	243.676	-3.27912e-05	9.93046e-06	304.239	0	2	1	179.606	
65	0.0539196	0.3	1	60.3346	242.729	-3.17808e-06	7.76214e-06	301.291	0	2	1	179.606	
65	0.0548744	0.3	1	63.3561	241.776	9.33458e-06	5.98618e-07	298.416	0	2	1	179.606	
65	0.0558291	0.3	1	66.0689	240.82	6.12717e-06	7.50504e-06	295.61	0	2	1	179.606	
65	0.0567839	0.3	1	68.535	239.866	-3.15208e-05	-1.3379e-05	292.872	0	2	1	179.606	
65	0.0577387	0.3	1	70.7982	238.917	-3.89898e-06	-1.83431e-05	290.2	0	2	1	179.606	
65	0.0586935	0.3	1	72.891	237.973	-1.00626e-06	-2.31125e-05	287.59	0	2	1	179.606	
65	0.0596482	0.3	1	74.8381	237.036	-1.80682e-06	8.35734e-06	285.042	0	2	1	179.606	
65	0.060603	0.3	1	76.6588	236.108	4.77655e-05	-1.90964e-05	282.552	0	2	1	179.606	
65	0.0615578	0.3	1	78.3686	235.189	1.17622e-05	-8.91726e-06	280.119	0	2	1	179.606	
65	0.0625126	0.3	1	79.9803	234.28	1.70379e-05	-2.52152e-05	277.741	0	2	1	179.606	
65	0.0634673	0.3	1	81.5	233.38	4.20536e-05	1.17647e-05	275.416	0	2	1	179.606	
65	0.0644221	0.3	1	82.953	232.488	1.23343e-05	-3.6606e-06	273.14	0	2	1	179.606	
65	0.0653769	0.3	1	84.3203	231.615	-2.48703e-07	-1.00715e-05	270.916	0	2	1	179.606	
65	0.0663317	0.3	1	85.632	230.745	4.27329e-06	-1.19265e-05	268.737	0	2	1	179.606	
65	0.0672864	0.3	1	86.8815	229.887	3.7965e-05	1.18696e-05	266.605	0	2	1	179.606	
65	0.0682412	0.3	1	88.0764	-229.04	-1.65586e-05	7.4247e-06	264.518	0	2	1	179.606	
65	0.069196	0.3	1	89.221	-228.204	-3.06424e-06	-1.25313e-06	262.473	0	2	1	179.606	
65	0.0701508	0.3	1	90.3192	-227.378	-9.30492e-06	-4.67656e-06	260.47	0	2	1	179.606	
65	0.0711055	0.3	1	91.3742	226.562	1.60778e-06	-2.20655e-07	258.507	0	2	1	179.606	
65	0.0720603	0.3	1	92.3844	225.761	2.23084e-05	2.37144e-06	256.584	0	2	1	179.606	
65	0.0730151	0.3	1	93.3631	224.964	-4.14017e-06	-1.03634e-05	254.697	0	2	1	179.606	
65	0.0739698	0.3	1	94.3088	224.176	-1.12799e-05	5.0483e-06	252.846	0	2	1	179.606	
65	0.0749246	0.3	1	95.2184	223.4	-3.27286e-05	1.68158e-05	251.032	0	2	1	179.606	
65	0.0758794	0.3	1	96.0971	222.634	-5.43737e-06	-2.52588e-05	249.251	0	2	1	179.606	
65	0.0768342	0.3	1	96.9468	221.878	-1.89262e-06	-4.13239e-06	247.504	0	2	1	179.606	
65	0.0777889	0.3	1	97.7691	221.13	-1.09761e-05	-7.14246e-06	245.789	0	2	1	179.606	
65	0.0787437	0.3	1	98.5656	220.392	3.55406e-06	-6.54359e-06	244.105	0	2	1	179.606	
65	0.0796985	0.3	1	99.3377	219.663	-1.0642e-05	-3.08449e-06	242.452	0	2	1	179.606	
65	0.0806533	0.3	1	100.087	218.943	-2.71557e-06	2.1474e-05	240.828	0	2	1	179.606	
65	0.081608	0.3	1	100.814	218.231	1.17534e-06	-3.29608e-05	239.233	0	2	1	179.606	
65	0.0825628	0.3	1	101.52	217.528	-1.15381e-05	1.71445e-05	237.666	0	2	1	179.606	
65	0.0835176	0.3	1	102.206	216.832	1.28562e-05	-1.81697e-05	236.126	0	2	1	179.606	
65	0.0844724	0.3	1	102.874	216.145	-2.45355e-05	4.13576e-05	234.613	0	2	1	179.606	
65	0.0854271	0.3	1	103.523	215.466	4.14155e-06	2.15328e-05	233.126	0	2	1	179.606	
65	0.0863819	0.3	1	104.156	214.795	1.17956e-05	8.85254e-06	231.665	0	2	1	179.606	
65	0.0873367	0.3	1	104.772	214.131	-2.04869e-05	1.44179e-05	230.232	0	2	1	179.606	
65	0.0882915	0.3	1	105.372	213.475	-8.52401e-06	1.2498e-05	228.83	0	2	1	179.606	
65	0.0892462	0.3	1	105.958	212.826	-2.07675e-05	6.20651e-06	227.421	0	2	1	179.606	
65	0.090201	0.3	1	106.529	212.184	-3.92739e-05	7.5067e-06	226.04	0	2	1	179.606	
65	0.0911558	0.3	1	107.086	211.55	2.28125e-05	4.505e-05	224.684	0	2	1	179.606	
65	0.0921106	0.3	1	107.63	210.922	1.85019e-06	-4.97673e-06	223.351	0	2	1	179.606	
65	0.0930653	0.3	1	108.161	210.302	-4.56358e-05	-2.79604e-06	222.038	0	2	1	179.606	
65	0.0940201	0.3	1	108.68	209.688	-8.09477e-05	6.54416e-06	220.747	0	2	1	179.606	
65	0.0949749	0.3	1	109.188	209.08	-1.24594e-05	2.42298e-05	219.474	0	2	1	179.606	
65	0.0959296	0.3	1	109.684	208.479	-1.72814e-05	1.3533e-05	218.222	0	2	1	179.606	
65	0.0968844	0.3	1	110.169	207.885	2.0808e-06	-2.48251e-05	216.987	0	2	1	179.606	
65	0.0978392	0.3	1	110.644	207.296	3.1083e-05	2.92606e-05	215.771	0	2	1	179.606	
65	0.098794	0.3	1	111.109	206.713	-6.31596e-06	2.86291e-05	214.573	0	2	1	179.606	
65	0.0997487	0.3	1	111.564	206.137	-1.63542e-05	-1.08864e-05	213.392	0	2	1	179.606	
65	0.100704	0.3	1	112.01	205.566	8.11326e-06	-1.82787e-06	212.228	0	2	1	179.606	
65	0.101658	0.3	1	112.446	205.001	9.99549e-06	2.8757e-05	211.081	0	2	1	179.606	
65	0.102613	0.3	1	112.877	204.438	-4.48847e-05	1.1983e-05	209.949	0	2	1	179.606	
65	0.103568	0.3	1	113.294	203.887	-6.78631e-06	-3.10314e-06	208.833	0	2	1	179.606	
65	0.104523	0.3	1	113.705	203.339	-6.27282e-06	2.45652e-05	207.733	0	2	1	179.606	
65	0.105477	0.3	1	114.109	202.795	-3.22616e-06	-1.77479e-05	206.647	0	2	1	179.606	
65	0.106432	0.3	1	114.504	202.257	-1.67742e-05	1.45141e-05	205.576	0	2	1	179.606	
65	0.107387	0.3	1	114.893	201.724	2.13332e-06	-4.53176e-05	204.52	0	2	1	179.606	
65	0.108342	0.3	1	115.274	201.196	1.41402e-06	1.69716e-06	203.477	0	2	1	179.606	
65	0.109296	0.3	1	115.649	200.673	-1.20355e-05	-5.27215e-05	202.448	0	2	1	179.606	
65	0.110251	0.3	1	116.016	200.154	1.13399e-06	-1.69608e-05	201.433	0	2	1	179.606	
65	0.111206	0.3	1	116.377	199.641	-9.6634e-06	2.47073e-05	200.43	0	2	1	179.606	
65	0.112161	0.3	1	116.732	199.132	1.95078e-05	-1.73971e-06	199.441	0	2	1	179.606	
65	0.113116	0.3	1	117.081	198.627	2.18342e-05	4.76422e-05	198.464	0	2	1	179.606	
65	0.11407	0.3	1	117.424	198.127	-2.90767e-05	-8.32368e-05	197.499	0	2	1	179.606	
65	0.115025	0.3	1	117.76	197.632	1.09283e-05	1.09644e-05	196.547	0	2	1	179.606	
65	0.11598	0.3	1	118.092	197.14	1.45353e-05	-2.0109e-05	195.606	0	2	1	179.606	
65	0.116935	0.3	1	118.418	196.653	-6.90651e-06	3.52282e-06	194.677	0	2	1	179.606	
65	0.117889	0.3	1	118.738	196.17	-1.64922e-05	1.0607e-05	193.758	0	2	1	179.606	
65	0.118844	0.3	1	119.054	195.691	-6.21524e-05	1.79812e-05	192.851	0	2	1	179.606	
65	0.119799	0.3	1	119.364	195.217	1.56127e-07	-1.4723e-05	191.955	0	2	1	179.606	
65	0.120754	0.3	1	119.669	194.746	2.49387e-06	-1.41555e-05	191.069	0	2	1	179.606	
65	0.121709	0.3	1	119.97	194.279	3.01598e-05	1.75778e-08	190.194	0	2	1	179.606	
65	0.122663	0.3	1	120.266	193.816	-3.91967e-06	-8.10007e-06	189.328	0	2	1	179.606	
65	0.123618	0.3	1	120.558	193.356	1.22423e-05	1.1274e-05	188.473	0	2	1	179.606	
65	0.124573	0.3	1	120.845	192.901	9.5996e-06	-1.48035e-05	187.628	0	2	1	179.606	
65	0.125528	0.3	1	121.128	192.449	-3.67281e-05	1.03476e-05	186.792	0	2	1	179.606	
65	0.126482	0.3	1	121.406	192	6.84705e-06	-2.10907e-05	185.965	0	2	1	179.606	
65	0.127437	0.3	1	121.681	191.555	-8.3523e-08	1.98337e-06	185.148	0	2	1	179.606	
65	0.128392	0.3	1	121.952	191.114	2.24087e-05	3.48907e-06	184.34	0	2	1	179.606	
65	0.129347	0.3	1	122.219	190.676	5.26269e-06	-6.75251e-06	183.541	0	2	1	179.606	
65	0.130302	0.3	1	122.482	190.241	2.06252e-05	-1.15841e-05	182.751	0	2	1	179.606	
65	0.131256	0.3	1	122.741	189.81	-4.4556e-06	8.22317e-06	181.969	0	2	1	179.606	
65	0.132211	0.3	1	122.997	189.382	1.46019e-05	1.42266e-05	181.195	0	2	1	179.606	
65	0.133166	0.3	1	123.249	188.957	5.62737e-06	4.0418e-06	180.43	0	2	1	179.606	
65	0.134121	0.3	1	123.498	188.535	-1.16543e-05	-3.1143e-05	179.673	0	2	1	179.606	
65	0.135075	0.3	1	123.743	188.117	2.79702e-07	1.91815e-05	178.924	0	2	1	179.606	
65	0.13603	0.3	1	123.985	187.701	-4.51635e-07	-1.83109e-07	178.183	0	2	1	179.606	
65	0.136985	0.3	1	124.224	187.289	1.00054e-05	-1.85585e-06	177.449	0	2	1	179.606	
65	0.13794	0.3	1	124.46	186.879	-2.21121e-05	-1.45557e-05	176.723	0	2	1	179.606	
65	0.138894	0.3	1	124.692	186.473	-1.94225e-06	1.08923e-05	176.004	0	2	1	179.606	
65	0.139849	0.3	1	124.922	186.069	5.40362e-06	-1.20468e-05	175.293	0	2	1	179.606	
65	0.140804	0.3	1	125.149	185.668	-7.3397e-06	1.62459e-05	174.589	0	2	1	179.606	
65	0.141759	0.3	1	125.373	185.27	5.41841e-06	2.81672e-06	173.892	0	2	1	179.606	
65	0.142714	0.3	1	125.594	184.875	2.33816e-05	1.23127e-05	173.201	0	2	1	179.606	
65	0.143668	0.3	1	125.812	184.483	-7.67754e-07	6.46028e-06	172.518	0	2	1	179.606	
65	0.144623	0.3	1	126.028	184.094	8.48911e-06	3.83895e-05	171.841	0	2	1	179.606	
65	0.145578	0.3	1	126.241	183.707	-1.92488e-06	9.30946e-08	171.171	0	2	1	179.606	
65	0.146533	0.3	1	126.452	183.321	2.51712e-05	2.21216e-06	170.507	0	2	1	179.606	
65	0.147487	0.3	1	126.66	182.944	1.1984e-05	1.82905e-05	169.85	0	2	1	179.606	
65	0.148442	0.3	1	126.865	182.574	5.14195e-05	2.55927e-05	169.199	0	2	1	179.606	
65	0.149397	0.3	1	127.068	182.184	-3.66118e-05	-1.22196e-05	168.554	0	2	1	179.606	
65	0.150352	0.3	1	127.269	181.858	1.15946e-05	-2.44881e-06	167.915	0	2	1	179.606	
65	0.151307	0.3	1	127.467	181.429	9.16987e-06	1.18949e-05	167.283	0	2	1	179.606	
65	0.152261	0.3	1	127.663	181.065	-1.32629e-06	-5.45871e-06	166.656	0	2	1	179.606	
65	0.153216	0.3	1	127.857	180.702	2.62943e-05	8.15052e-05	166.034	0	2	1	179.606	
65	0.154171	0.3	1	128.048	180.33	-1.92329e-05	4.44262e-06	165.419	0	2	1	179.606	
65	0.155126	0.3	1	128.238	179.962	-2.84961e-05	-2.82983e-05	164.809	0	2	1	179.606	
65	0.15608	0.3	1	128.425	179.6	-2.81522e-05	-1.45176e-05	164.204	0	2	1	179.606	
65	0.157035	0.3	1	128.611	179.24	-8.56071e-06	5.34359e-05	163.605	0	2	1	179.606	
65	0.15799	0.3	1	128.794	178.882	-8.55127e-05	-2.64821e-05	163.012	0	2	1	179.606	
65	0.158945	0.3	1	128.975	178.526	-6.9271e-07	1.35252e-05	162.423	0	2	1	179.606	
65	0.159899	0.3	1	129.155	178.172	1.54302e-05	8.1958e-06	161.84	0	2	1	179.606	
65	0.160854	0.3	1	129.332	177.821	8.49033e-06	1.55945e-05	161.262	0	2	1	179.606	
65	0.161809	0.3	1	129.508	177.471	-1.52719e-05	-1.26075e-05	160.689	0	2	1	179.606	
65	0.162764	0.3	1	129.681	177.124	8.53585e-05	2.78474e-05	160.121	0	2	1	179.606	
65	0.163719	0.3	1	129.853	176.778	-5.41618e-06	2.32031e-05	159.557	0	2	1	179.606	
65	0.164673	0.3	1	130.023	176.435	-6.93186e-06	1.74726e-05	158.999	0	2	1	179.606	
65	0.165628	0.3	1	130.192	176.094	-1.55701e-06	-2.52074e-06	158.445	0	2	1	179.606	
65	0.166583	0.3	1	130.358	175.754	2.92873e-05	-4.70311e-05	157.896	0	2	1	179.606	
65	0.167538	0.3	1	130.523	175.417	2.31311e-05	1.76014e-05	157.351	0	2	1	179.606	
65	0.168492	0.3	1	130.687	175.081	2.27699e-06	-4.49804e-06	156.811	0	2	1	179.606	
65	0.169447	0.3	1	130.848	174.747	1.93037e-05	-2.31259e-06	156.276	0	2	1	179.606	
65	0.170402	0.3	1	131.008	174.415	1.05923e-05	1.14782e-05	155.744	0	2	1	179.606	
65	0.171357	0.3	1	131.167	174.085	-9.6955e-07	-1.84013e-05	155.218	0	2	1	179.606	
65	0.172312	0.3	1	131.324	173.757	-3.42948e-05	1.54179e-05	154.695	0	2	1	179.606	
65	0.173266	0.3	1	131.479	173.431	1.31031e-05	-6.32551e-06	154.177	0	2	1	179.606	
65	0.174221	0.3	1	131.633	173.106	-7.46939e-06	-8.45734e-08	153.662	0	2	1	179.606	
65	0.175176	0.3	1	131.786	172.783	-5.79387e-05	3.80872e-05	153.152	0	2	1	179.606	
65	0.176131	0.3	1	131.937	172.461	-2.11618e-05	-6.16742e-06	152.646	0	2	1	179.606	
65	0.177085	0.3	1	132.086	172.142	6.22304e-06	8.16411e-05	152.144	0	2	1	179.606	
65	0.17804	0.3	1	132.234	171.824	-1.10396e-05	-1.2269e-05	151.646	0	2	1	179.606	
65	0.178995	0.3	1	132.381	171.508	-3.03528e-06	7.00285e-06	151.152	0	2	1	179.606	
65	0.17995	0.3	1	132.527	171.193	1.24428e-05	5.02118e-06	150.661	0	2	1	179.606	
65	0.180905	0.3	1	132.671	170.88	-1.58926e-05	7.23357e-06	150.174	0	2	1	179.606	
65	0.181859	0.3	1	132.813	170.568	-6.46883e-06	1.05304e-05	149.691	0	2	1	179.606	
65	0.182814	0.3	1	132.955	170.258	1.12736e-05	-3.66759e-05	149.212	0	2	1	179.606	
65	0.183769	0.3	1	133.095	169.95	2.6492e-05	-2.25397e-05	148.737	0	2	1	179.606	
65	0.184724	0.3	1	133.234	169.643	2.89694e-05	1.59527e-05	148.264	0	2	1	179.606	
65	0.185678	0.3	1	133.372	169.338	1.14357e-05	5.27645e-05	147.796	0	2	1	179.606	
65	0.186633	0.3	1	133.508	169.034	-1.35115e-05	-2.06842e-05	147.331	0	2	1	179.606	
65	0.187588	0.3	1	133.644	168.732	1.76268e-05	-1.85396e-05	146.869	0	2	1	179.606	
65	0.188543	0.3	1	133.778	168.431	-3.59093e-05	-9.08989e-06	146.411	0	2	1	179.606	
65	0.189497	0.3	1	133.911	168.132	-1.04765e-05	2.39534e-05	145.956	0	2	1	179.606	
65	0.190452	0.3	1	134.043	167.834	5.0295e-05	2.26954e-05	145.504	0	2	1	179.606	
65	0.191407	0.3	1	134.173	167.537	-2.97388e-05	1.38868e-05	145.056	0	2	1	179.606	
65	0.192362	0.3	1	134.303	167.242	2.97911e-05	2.43186e-05	144.611	0	2	1	179.606	
65	0.193317	0.3	1	134.432	166.948	3.03472e-05	2.05191e-05	144.169	0	2	1	179.606	
65	0.194271	0.3	1	134.559	166.656	-2.29017e-05	1.61419e-05	143.73	0	2	1	179.606	
65	0.195226	0.3	1	134.685	166.365	7.99135e-06	9.70925e-06	143.294	0	2	1	179.606	
65	0.196181	0.3	1	134.811	166.075	-8.289e-06	-1.00014e-05	142.861	0	2	1	179.606	
65	0.197136	0.3	1	134.935	165.787	1.1329e-05	-2.38209e-05	142.432	0	2	1	179.606	
65	0.19809	0.3	1	135.058	165.499	-1.93173e-05	7.00304e-06	142.005	0	2	1	179.606	
65	0.199045	0.3	1	135.181	165.214	-1.39926e-05	1.52332e-06	141.581	0	2	1	179.606	
65	0.2	0.3	1	135.302	164.929	-1.60982e-05	1.09379e-05	141.161	0	2	1	179.606	
