65	0.1	0.1	1	nan	0	1599.98	1599.98	0	173	1	0	0	1	
65	0.1	0.10303	1	nan	0	1599.98	1599.98	0	173	1	0	0	1	
65	0.1	0.106061	1	nan	0	1599.98	1599.98	0	173	1	0	0	1	
65	0.1	0.109091	1	nan	0	1599.98	1599.98	0	173	1	0	0	1	
65	0.1	0.112121	1	nan	0	1599.98	1599.98	0	173	1	0	0	1	
65	0.1	0.115152	1	nan	0	1599.98	1599.98	0	173	1	0	0	1	
65	0.1	0.118182	1	nan	0	1599.98	1599.98	0	173	1	0	0	1	
65	0.1	0.121212	1	nan	0	1599.98	1599.98	0	173	1	0	0	1	
65	0.1	0.124242	1	nan	0	1599.98	1599.98	0	173	1	0	0	1	
65	0.1	0.127273	1	nan	0	1599.98	1599.98	0	173	1	0	0	1	
65	0.1	0.130303	1	nan	0	1599.98	1599.98	0	173	1	0	0	1	
65	0.1	0.133333	1	nan	0	1599.98	1599.98	0	173	1	0	0	1	
65	0.1	0.136364	1	nan	0	1599.98	1599.98	0	173	1	0	0	1	
65	0.1	0.139394	1	nan	0	1599.98	1599.98	0	173	1	0	0	1	
65	0.1	0.142424	1	107.843	154.36	154.36	154.36	154.36	173	1	0	0	1	
65	0.1	0.145455	1	107.904	154.188	154.188	154.188	154.188	173	1	0	0	1	
65	0.1	0.148485	1	107.947	154.057	154.057	154.057	154.057	173	1	0	0	1	
65	0.1	0.151515	1	107.972	153.965	153.965	153.965	153.965	173	1	0	0	1	
65	0.1	0.154545	1	107.98	153.912	153.912	153.912	153.912	173	1	0	0	1	
65	0.1	0.157576	1	107.969	153.899	153.899	153.899	153.899	173	1	0	0	1	
65	0.1	0.160606	1	107.94	153.925	153.925	153.925	153.925	173	1	0	0	1	
65	0.1	0.163636	1	107.894	153.99	153.99	153.99	153.99	173	1	0	0	1	
65	0.1	0.166667	1	107.83	154.095	154.095	154.095	154.095	173	1	0	0	1	
65	0.1	0.169697	1	107.747	154.239	154.239	154.239	154.239	173	1	0	0	1	
65	0.1	0.172727	1	107.647	154.423	154.423	154.423	154.423	173	1	0	0	1	
65	0.1	0.175758	1	107.528	154.647	154.647	154.647	154.647	173	1	0	0	1	
65	0.1	0.178788	1	107.391	154.91	154.91	154.91	154.91	173	1	0	0	1	
65	0.1	0.181818	1	107.235	155.214	155.214	155.214	155.214	173	1	0	0	1	
65	0.1	0.184848	1	107.06	155.557	155.557	155.557	155.557	173	1	0	0	1	
65	0.1	0.187879	1	106.866	155.941	155.941	155.941	155.941	173	1	0	0	1	
65	0.1	0.190909	1	106.653	156.364	156.364	156.364	156.364	173	1	0	0	1	
65	0.1	0.193939	1	106.421	156.828	156.828	156.828	156.828	173	1	0	0	1	
65	0.1	0.19697	1	106.168	157.332	157.332	157.332	157.332	173	1	0	0	1	
65	0.1	0.2	1	105.895	157.877	157.877	157.877	157.877	173	1	0	0	1	
65	0.1	0.20303	1	105.602	158.462	158.462	158.462	158.462	173	1	0	0	1	
65	0.1	0.206061	1	105.287	159.087	159.087	159.087	159.087	173	1	0	0	1	
65	0.1	0.209091	1	104.951	159.752	159.752	159.752	159.752	173	1	0	0	1	
65	0.1	0.212121	1	104.594	160.458	160.458	160.458	160.458	173	1	0	0	1	
65	0.1	0.215152	1	104.214	161.204	161.204	161.204	161.204	173	1	0	0	1	
65	0.1	0.218182	1	103.811	161.991	161.991	161.991	161.991	173	1	0	0	1	
65	0.1	0.221212	1	103.385	162.818	162.818	162.818	162.818	173	1	0	0	1	
65	0.1	0.224242	1	102.934	163.686	163.686	163.686	163.686	173	1	0	0	1	
65	0.1	0.227273	1	102.459	164.595	164.595	164.595	164.595	173	1	0	0	1	
65	0.1	0.230303	1	101.959	165.544	165.544	165.544	165.544	173	1	0	0	1	
65	0.1	0.233333	1	101.433	166.534	166.534	166.534	166.534	173	1	0	0	1	
65	0.1	0.236364	1	100.88	167.565	167.565	167.565	167.565	173	1	0	0	1	
65	0.1	0.239394	1	100.299	168.636	168.636	168.636	168.636	173	1	0	0	1	
65	0.1	0.242424	1	99.6894	169.749	169.749	169.749	169.749	173	1	0	0	1	
65	0.1	0.245455	1	99.0501	170.903	170.903	170.903	170.903	173	1	0	0	1	
65	0.1	0.248485	1	98.38	172.098	172.098	172.098	172.098	173	1	0	0	1	
65	0.1	0.251515	1	97.6778	173.335	173.335	173.335	173.335	173	1	0	0	1	
65	0.1	0.254545	1	96.9424	174.613	174.613	174.613	174.613	173	1	0	0	1	
65	0.1	0.257576	1	96.1721	175.933	175.933	175.933	175.933	173	1	0	0	1	
65	0.1	0.260606	1	95.3656	177.296	177.296	177.296	177.296	173	1	0	0	1	
65	0.1	0.263636	1	94.5211	178.702	178.702	178.702	178.702	173	1	0	0	1	
65	0.1	0.266667	1	93.6367	0	180.151	180.151	0	173	1	0	0	1	
65	0.1	0.269697	1	92.7103	0	181.822	181.643	0	173	1	0	0	1	
65	0.1	0.272727	1	91.7398	0	184.542	183.18	0	173	1	0	0	1	
65	0.1	0.275758	1	90.7225	0	187.239	184.762	0	173	1	0	0	1	
65	0.1	0.278788	1	89.6556	0	189.916	186.389	0	173	1	0	0	1	
65	0.1	0.281818	1	88.536	0	188.063	188.063	0	173	1	0	0	1	
65	0.1	0.284848	1	87.3601	0	189.785	189.785	0	173	1	0	0	1	
65	0.1	0.287879	1	86.1239	0	191.556	191.556	0	173	1	0	0	1	
65	0.1	0.290909	1	84.8227	0	193.377	193.377	0	173	1	0	0	1	
65	0.1	0.293939	1	83.4513	0	195.251	195.251	0	173	1	0	0	1	
65	0.1	0.29697	1	82.0035	0	197.178	197.178	0	173	1	0	0	1	
65	0.1	0.3	1	80.4723	0	208.211	199.162	0	173	1	0	0	1	
65	0.1	0.30303	1	78.849	0	210.78	201.206	0	173	1	0	0	1	
65	0.1	0.306061	1	77.1237	0	213.343	203.313	0	173	1	0	0	1	
65	0.1	0.309091	1	75.2814	0	215.902	205.49	0	173	1	0	0	1	
65	0.1	0.312121	1	73.2838	0	218.466	207.768	0	173	1	0	0	1	
65	0.1	0.315152	1	71.1194	0	221.034	210.143	0	173	1	0	0	1	
65	0.1	0.318182	1	68.7667	0	223.609	212.617	0	173	1	0	0	1	
65	0.1	0.321212	1	66.194	0	226.194	215.198	0	173	1	0	0	1	
65	0.1	0.324242	1	63.3564	0	228.792	217.901	0	173	1	0	0	1	
65	0.1	0.327273	1	60.1888	0	231.41	220.743	0	173	1	0	0	1	
65	0.1	0.330303	1	56.5912	0	234.056	223.757	0	173	1	0	0	1	
65	0.1	0.333333	1	52.3977	0	236.745	226.993	0	173	1	0	0	1	
65	0.1	0.336364	1	47.2938	0	239.5	230.544	0	173	1	0	0	1	
65	0.1	0.339394	1	40.5318	0	242.378	234.625	0	173	1	0	0	1	
65	0.1	0.342424	1	28.9954	0	245.583	240.031	0	173	1	0	0	1	
65	0.1	0.345455	-2	0	0	0	0	0	173	1	0	0	1	
65	0.1	0.348485	-2	0	0	0	0	0	173	1	0	0	1	
65	0.1	0.351515	-2	0	0	0	0	0	173	1	0	0	1	
65	0.1	0.354545	-2	0	0	0	0	0	173	1	0	0	1	
65	0.1	0.357576	-2	0	0	0	0	0	173	1	0	0	1	
65	0.1	0.360606	-2	0	0	0	0	0	173	1	0	0	1	
65	0.1	0.363636	-2	0	0	0	0	0	173	1	0	0	1	
65	0.1	0.366667	-2	0	0	0	0	0	173	1	0	0	1	
65	0.1	0.369697	-2	0	0	0	0	0	173	1	0	0	1	
65	0.1	0.372727	-2	0	0	0	0	0	173	1	0	0	1	
65	0.1	0.375758	-2	0	0	0	0	0	173	1	0	0	1	
65	0.1	0.378788	-2	0	0	0	0	0	173	1	0	0	1	
65	0.1	0.381818	-2	0	0	0	0	0	173	1	0	0	1	
65	0.1	0.384848	-2	0	0	0	0	0	173	1	0	0	1	
65	0.1	0.387879	-2	0	0	0	0	0	173	1	0	0	1	
65	0.1	0.390909	-2	0	0	0	0	0	173	1	0	0	1	
65	0.1	0.393939	-2	0	0	0	0	0	173	1	0	0	1	
65	0.1	0.39697	-2	0	0	0	0	0	173	1	0	0	1	
65	0.1	0.4	-2	0	0	0	0	0	173	1	0	0	1	
