65	0.0472362	0.3	-100	0	0	0	0	0	0	1	2	0	1	
65	0.048191	0.3	1	53.323	245.061	-2.55336e-05	-9.61629e-06	316.924	334.903	1	2	0	1	
65	0.0491457	0.3	1	59.2559	243.72	-2.06746e-05	-7.64164e-06	313.055	372.194	1	2	0	1	
65	0.0501005	0.3	1	63.8125	242.42	2.8217e-06	-2.52848e-06	309.38	400.897	1	2	0	1	
65	0.0510553	0.3	1	67.5975	241.148	-3.92852e-06	8.71736e-06	305.849	424.703	1	2	0	1	
65	0.0520101	0.3	1	70.8696	-239.898	2.955e-05	-9.50448e-07	302.441	445.274	1	2	0	1	
65	0.0529648	0.3	1	73.7678	238.669	-3.26014e-06	-1.5419e-05	299.142	463.489	1	2	0	1	
65	0.0539196	0.3	1	76.3762	237.461	-3.72098e-06	2.44194e-05	295.946	479.829	1	2	0	1	
65	0.0548744	0.3	1	78.7538	236.273	1.55931e-05	-5.85054e-06	292.842	494.781	1	2	0	1	
65	0.0558291	0.3	1	80.9395	235.104	3.78259e-06	1.05107e-05	289.828	508.524	1	2	0	1	
65	0.0567839	0.3	1	82.9633	233.955	1.00334e-05	-1.03788e-05	286.897	521.247	1	2	0	1	
65	0.0577387	0.3	1	84.8433	232.828	-3.07358e-05	5.80996e-06	284.047	533.064	1	2	0	1	
65	0.0586935	0.3	1	86.6083	231.716	9.74903e-06	-1.76083e-05	281.271	544.157	1	2	0	1	
65	0.0596482	0.3	1	88.2695	230.621	-6.05312e-06	-1.34219e-05	278.568	554.597	1	2	0	1	
65	0.060603	0.3	1	89.8325	229.547	-5.13686e-06	3.08258e-06	275.933	564.42	1	2	0	1	
65	0.0615578	0.3	1	91.3108	228.49	1.66345e-05	8.46774e-06	273.365	573.711	1	2	0	1	
65	0.0625126	0.3	1	92.7129	227.451	2.86982e-05	2.3258e-05	270.86	582.522	1	2	0	1	
65	0.0634673	0.3	1	94.04	226.433	-2.81726e-05	2.27872e-05	268.417	590.861	1	2	0	1	
65	0.0644221	0.3	1	95.312	225.426	-5.15894e-06	3.07359e-06	266.03	598.854	1	2	0	1	
65	0.0653769	0.3	1	96.5279	224.434	-2.06458e-05	2.15893e-05	263.7	606.495	1	2	0	1	
65	0.0663317	0.3	1	97.6871	223.46	2.55255e-05	-4.69802e-06	261.423	613.779	1	2	0	1	
65	0.0672864	0.3	1	98.7973	-222.502	-3.9973e-06	-1.97804e-05	259.199	620.755	1	2	0	1	
65	0.0682412	0.3	1	99.8622	221.558	7.47335e-06	2.83627e-05	257.024	627.447	1	2	0	1	
65	0.069196	0.3	1	100.885	-220.629	-6.12767e-07	-1.26028e-05	254.897	633.873	1	2	0	1	
65	0.0701508	0.3	1	101.869	219.715	8.12122e-06	-1.57709e-05	252.816	640.056	1	2	0	1	
65	0.0711055	0.3	1	102.816	218.814	5.12892e-06	-2.90002e-05	250.78	646.006	1	2	0	1	
65	0.0720603	0.3	1	103.729	217.927	-7.66891e-07	-1.24703e-06	248.788	651.742	1	2	0	1	
65	0.0730151	0.3	1	104.61	217.053	-4.61313e-05	4.15462e-05	246.836	657.278	1	2	0	1	
65	0.0739698	0.3	1	105.46	216.191	3.70822e-05	8.6046e-07	244.925	662.625	1	2	0	1	
65	0.0749246	0.3	1	106.283	215.342	-2.59264e-05	-5.01102e-06	243.052	667.789	1	2	0	1	
65	0.0758794	0.3	1	107.079	214.505	-3.40635e-06	-1.83009e-05	241.217	672.791	1	2	0	1	
65	0.0768342	0.3	1	107.849	213.681	2.96432e-05	-1.65195e-05	239.419	677.629	1	2	0	1	
65	0.0777889	0.3	1	108.596	212.867	1.07443e-05	-4.67388e-05	237.655	682.322	1	2	0	1	
65	0.0787437	0.3	1	109.319	-212.065	4.11387e-05	-7.96134e-05	235.925	686.872	1	2	0	1	
65	0.0796985	0.3	1	110.022	211.273	1.56726e-05	-1.85395e-05	234.228	691.289	1	2	0	1	
65	0.0806533	0.3	1	110.704	210.493	-5.40682e-06	1.44727e-05	232.563	695.574	1	2	0	1	
65	0.081608	0.3	1	111.367	209.722	1.31448e-05	4.12111e-06	230.929	699.739	1	2	0	1	
65	0.0825628	0.3	1	112.011	208.962	9.44343e-06	3.43775e-06	229.325	703.786	1	2	0	1	
65	0.0835176	0.3	1	112.638	208.212	-6.64574e-06	1.19259e-05	227.75	707.725	1	2	0	1	
65	0.0844724	0.3	1	113.248	207.471	-1.33499e-05	-1.93504e-06	226.203	711.558	1	2	0	1	
65	0.0854271	0.3	1	113.842	206.74	2.21399e-06	1.67287e-05	224.683	715.29	1	2	0	1	
65	0.0863819	0.3	1	114.421	206.018	1.85399e-05	-3.8698e-05	223.19	718.928	1	2	0	1	
65	0.0873367	0.3	1	114.986	205.305	-1.08569e-05	-4.41511e-06	221.722	722.472	1	2	0	1	
65	0.0882915	0.3	1	115.536	204.6	7.57262e-06	-1.22727e-05	220.28	725.934	1	2	0	1	
65	0.0892462	0.3	1	116.078	203.898	-5.346e-06	-1.89228e-05	218.86	729.333	1	2	0	1	
65	0.090201	0.3	1	116.597	203.217	1.69048e-05	2.71811e-06	217.467	732.594	1	2	0	1	
65	0.0911558	0.3	1	117.108	202.537	-4.81753e-06	1.44155e-05	216.096	735.811	1	2	0	1	
65	0.0921106	0.3	1	117.608	201.865	2.38466e-05	3.26139e-05	214.747	738.953	1	2	0	1	
65	0.0930653	0.3	1	118.097	201.202	3.26487e-05	2.27317e-05	213.419	742.025	1	2	0	1	
65	0.0940201	0.3	1	118.574	200.545	-2.31019e-05	-8.06968e-06	212.113	745.022	1	2	0	1	
65	0.0949749	0.3	1	119.041	199.896	-1.85412e-06	-2.6977e-05	210.828	747.957	1	2	0	1	
65	0.0959296	0.3	1	119.498	199.255	7.94482e-06	1.55727e-06	209.562	750.828	1	2	0	1	
65	0.0968844	0.3	1	119.946	198.62	-8.01691e-07	2.05187e-05	208.317	753.637	1	2	0	1	
65	0.0978392	0.3	1	120.383	197.992	7.08877e-05	-9.63861e-06	207.09	756.389	1	2	0	1	
65	0.098794	0.3	1	120.812	197.372	2.59408e-05	-4.67177e-06	205.882	759.084	1	2	0	1	
65	0.0997487	0.3	1	121.232	196.757	-8.0757e-06	1.98015e-05	204.692	761.723	1	2	0	1	
65	0.100704	0.3	1	121.644	196.149	6.97014e-07	2.70216e-06	203.519	764.312	1	2	0	1	
65	0.101658	0.3	1	122.047	195.548	4.55744e-05	3.4408e-06	202.365	766.844	1	2	0	1	
65	0.102613	0.3	1	122.443	194.952	2.15798e-05	-5.19623e-06	201.227	769.326	1	2	0	1	
65	0.103568	0.3	1	122.831	194.363	-1.09801e-06	1.81961e-05	200.105	771.764	1	2	0	1	
65	0.104523	0.3	1	123.211	193.779	-2.53118e-05	1.44891e-05	199	774.158	1	2	0	1	
65	0.105477	0.3	1	123.585	193.202	2.01299e-05	-1.00447e-05	197.911	776.501	1	2	0	1	
65	0.106432	0.3	1	123.951	192.63	-1.65598e-05	-8.45804e-06	196.837	778.807	1	2	0	1	
65	0.107387	0.3	1	124.311	192.063	1.36953e-05	4.06211e-05	195.776	781.069	1	2	0	1	
65	0.108342	0.3	1	124.664	191.502	1.23827e-05	-2.05518e-05	194.758	783.287	1	2	0	1	
65	0.109296	0.3	1	125.012	190.946	1.48841e-06	3.16167e-06	193.67	785.467	1	2	0	1	
65	0.110251	0.3	1	125.353	190.396	-4.07262e-08	-2.21497e-05	192.696	787.616	1	2	0	1	
65	0.111206	0.3	1	125.688	189.85	-8.25928e-05	1.89146e-06	191.68	789.721	1	2	0	1	
65	0.112161	0.3	1	126.017	189.31	7.41053e-06	1.28648e-05	190.683	791.788	1	2	0	1	
65	0.113116	0.3	1	126.341	188.775	-4.84982e-06	5.95505e-06	189.7	793.824	1	2	0	1	
65	0.11407	0.3	1	126.659	188.244	8.26444e-05	-7.12523e-06	188.73	795.822	1	2	0	1	
65	0.115025	0.3	1	126.972	187.719	1.00226e-06	3.95565e-07	187.773	797.789	1	2	0	1	
65	0.11598	0.3	1	127.28	187.198	-5.68508e-05	-2.16763e-05	186.829	799.724	1	2	0	1	
65	0.116935	0.3	1	127.583	186.681	8.45902e-07	2.46038e-06	185.897	801.628	1	2	0	1	
65	0.117889	0.3	1	127.881	186.169	-3.22261e-05	6.25252e-06	184.976	803.5	1	2	0	1	
65	0.118844	0.3	1	128.175	185.662	-8.60167e-06	6.49058e-06	184.068	805.341	1	2	0	1	
65	0.119799	0.3	1	128.463	185.159	1.37505e-05	4.5414e-06	183.17	807.157	1	2	0	1	
65	0.120754	0.3	1	128.748	184.66	1.06134e-06	-3.89319e-06	182.283	808.948	1	2	0	1	
65	0.121709	0.3	1	129.028	184.165	5.39051e-06	4.86453e-05	181.407	810.707	1	2	0	1	
65	0.122663	0.3	1	129.303	183.674	7.3188e-05	-1.21584e-05	180.541	812.435	1	2	0	1	
65	0.123618	0.3	1	129.575	183.188	2.20179e-06	1.6086e-06	179.686	814.144	1	2	0	1	
65	0.124573	0.3	1	129.843	182.705	2.1602e-05	5.18574e-05	178.84	815.828	1	2	0	1	
65	0.125528	0.3	1	130.106	182.227	5.58947e-06	-1.57457e-05	178.005	817.48	1	2	0	1	
65	0.126482	0.3	1	130.366	181.752	6.16957e-06	-2.86202e-06	177.179	819.114	1	2	0	1	
65	0.127437	0.3	1	130.622	181.281	6.82235e-05	-5.92822e-06	176.362	820.722	1	2	0	1	
65	0.128392	0.3	1	130.875	180.813	-1.19282e-05	-2.91303e-06	175.555	822.312	1	2	0	1	
65	0.129347	0.3	1	131.124	180.349	4.90297e-06	-1.05113e-05	174.757	823.876	1	2	0	1	
65	0.130302	0.3	1	131.37	179.889	-1.74976e-05	-5.21154e-06	173.967	825.416	1	2	0	1	
65	0.131256	0.3	1	131.612	179.432	1.82917e-05	2.92012e-06	173.187	826.943	1	2	0	1	
65	0.132211	0.3	1	131.851	178.979	-2.59069e-05	-5.78662e-06	172.415	828.438	1	2	0	1	
65	0.133166	0.3	1	132.086	178.529	8.73214e-05	9.48863e-06	171.651	829.921	1	2	0	1	
65	0.134121	0.3	1	132.319	178.083	-5.32006e-06	-1.90635e-06	170.896	831.385	1	2	0	1	
65	0.135075	0.3	1	132.548	177.64	2.89819e-06	-2.10538e-06	170.148	832.824	1	2	0	1	
65	0.13603	0.3	1	132.775	177.2	-2.26236e-05	-3.25623e-06	169.409	834.25	1	2	0	1	
65	0.136985	0.3	1	132.998	176.763	7.63467e-06	-1.53576e-05	168.677	835.651	1	2	0	1	
65	0.13794	0.3	1	133.219	176.331	-3.4784e-05	-4.4241e-05	167.953	837.04	1	2	0	1	
65	0.138894	0.3	1	133.437	175.9	9.80096e-06	3.99335e-05	167.237	838.403	1	2	0	1	
65	0.139849	0.3	1	133.652	175.47	-3.04705e-05	-3.01143e-05	166.528	839.76	1	2	0	1	
65	0.140804	0.3	1	133.864	175.048	1.87017e-06	9.26197e-06	165.826	841.092	1	2	0	1	
65	0.141759	0.3	1	134.074	174.637	-4.99486e-06	-8.88679e-06	165.131	842.412	1	2	0	1	
65	0.142714	0.3	1	134.281	174.217	-4.47681e-06	-1.5108e-05	164.443	843.712	1	2	0	1	
65	0.143668	0.3	1	134.486	173.781	6.41448e-06	1.32324e-05	163.762	845	1	2	0	1	
65	0.144623	0.3	1	134.679	173.449	-1.83549e-05	9.10751e-06	163.09	846.213	1	2	0	1	
65	0.145578	0.3	1	134.888	172.953	-2.34056e-06	2.71026e-05	162.42	847.52	1	2	0	1	
65	0.146533	0.3	1	135.085	172.558	1.3069e-05	-2.46618e-05	161.759	848.764	1	2	0	1	
65	0.147487	0.3	1	135.28	172.159	4.9775e-05	2.25535e-07	161.104	849.989	1	2	0	1	
65	0.148442	0.3	1	135.473	171.751	8.68927e-05	-9.05911e-06	160.455	851.202	1	2	0	1	
65	0.149397	0.3	1	135.664	171.346	4.94483e-05	3.70414e-05	159.813	852.402	1	2	0	1	
65	0.150352	0.3	1	135.852	170.946	4.26371e-05	-3.54859e-06	159.177	853.583	1	2	0	1	
65	0.151307	0.3	1	136.038	170.551	-2.84202e-06	9.55394e-06	158.546	854.752	1	2	0	1	
65	0.152261	0.3	1	136.223	170.158	2.16956e-06	-1.13549e-05	157.922	855.914	1	2	0	1	
65	0.153216	0.3	1	136.405	169.766	-1.56951e-05	1.07432e-05	157.303	857.058	1	2	0	1	
65	0.154171	0.3	1	136.585	169.377	-3.3946e-05	1.77878e-06	156.69	858.189	1	2	0	1	
65	0.155126	0.3	1	136.763	168.99	-2.05028e-05	-9.65248e-06	156.083	859.307	1	2	0	1	
65	0.15608	0.3	1	136.94	168.606	-7.35887e-06	5.55803e-06	155.481	860.419	1	2	0	1	
65	0.157035	0.3	1	137.114	168.224	-1.01661e-05	-1.14244e-05	154.884	861.513	1	2	0	1	
65	0.15799	0.3	1	137.287	167.844	8.33275e-07	-2.21909e-06	154.293	862.6	1	2	0	1	
65	0.158945	0.3	1	137.457	167.467	-2.25433e-06	-5.33685e-05	153.707	863.668	1	2	0	1	
65	0.159899	0.3	1	137.626	167.091	2.30069e-05	-3.22719e-05	153.126	864.73	1	2	0	1	
65	0.160854	0.3	1	137.793	166.718	9.84782e-06	4.40286e-05	152.55	865.779	1	2	0	1	
65	0.161809	0.3	1	137.959	166.347	-3.14743e-05	-1.06043e-05	151.98	866.822	1	2	0	1	
65	0.162764	0.3	1	138.122	165.979	-1.59514e-05	-9.05289e-06	151.414	867.846	1	2	0	1	
65	0.163719	0.3	1	138.285	165.612	-4.43927e-05	-4.42883e-06	150.853	868.864	1	2	0	1	
65	0.164673	0.3	1	138.445	165.247	1.47535e-05	-4.31933e-06	150.297	869.876	1	2	0	1	
65	0.165628	0.3	1	138.604	164.884	1.24873e-05	8.7484e-06	149.745	870.875	1	2	0	1	
65	0.166583	0.3	1	138.761	164.523	3.11417e-05	1.22206e-05	149.198	871.861	1	2	0	1	
65	0.167538	0.3	1	138.917	164.165	6.21015e-06	-2.06052e-05	148.656	872.841	1	2	0	1	
65	0.168492	0.3	1	139.071	163.808	1.49131e-05	1.51314e-05	148.118	873.809	1	2	0	1	
65	0.169447	0.3	1	139.224	163.453	-6.63216e-06	-1.57141e-05	147.584	874.764	1	2	0	1	
65	0.170402	0.3	1	139.375	163.1	4.61139e-06	3.16086e-05	147.055	875.719	1	2	0	1	
65	0.171357	0.3	1	139.524	162.749	4.03923e-05	5.10503e-07	146.53	876.655	1	2	0	1	
65	0.172312	0.3	1	139.673	162.399	7.10997e-05	2.40418e-05	146.009	877.591	1	2	0	1	
65	0.173266	0.3	1	139.82	162.052	-1.73221e-05	-2.46094e-06	145.493	878.515	1	2	0	1	
65	0.174221	0.3	1	139.965	161.706	-5.23663e-06	5.22451e-06	144.98	879.426	1	2	0	1	
65	0.175176	0.3	1	140.109	161.362	-3.03435e-05	2.19363e-05	144.472	880.331	1	2	0	1	
65	0.176131	0.3	1	140.252	161.02	2.02702e-05	-1.25726e-06	143.968	881.229	1	2	0	1	
65	0.177085	0.3	1	140.394	160.679	8.38971e-07	3.66953e-06	143.467	882.122	1	2	0	1	
65	0.17804	0.3	1	140.534	160.34	-2.86916e-05	-1.72336e-05	142.971	883.001	1	2	0	1	
65	0.178995	0.3	1	140.673	160.003	-2.15054e-05	1.93169e-05	142.478	883.875	1	2	0	1	
65	0.17995	0.3	1	140.811	159.668	1.75123e-05	-2.19506e-05	141.989	884.742	1	2	0	1	
65	0.180905	0.3	1	140.947	159.334	-1.98653e-05	1.24503e-05	141.504	885.596	1	2	0	1	
65	0.181859	0.3	1	141.083	159.002	-7.9671e-06	-1.81443e-05	141.022	886.444	1	2	0	1	
65	0.182814	0.3	1	141.217	158.671	5.72364e-05	-4.57352e-05	140.544	887.293	1	2	0	1	
65	0.183769	0.3	1	141.35	158.342	2.0542e-06	-2.06802e-05	140.069	888.128	1	2	0	1	
65	0.184724	0.3	1	141.481	158.014	1.4928e-06	1.47496e-05	139.598	888.951	1	2	0	1	
65	0.185678	0.3	1	141.612	157.688	6.02645e-06	3.71422e-05	139.131	889.774	1	2	0	1	
65	0.186633	0.3	1	141.742	157.364	-1.30071e-05	-2.03044e-05	138.667	890.585	1	2	0	1	
65	0.187588	0.3	1	141.87	157.041	-1.09731e-05	-1.12734e-05	138.206	891.395	1	2	0	1	
65	0.188543	0.3	1	141.997	156.719	7.5801e-06	-1.76194e-05	137.749	892.193	1	2	0	1	
65	0.189497	0.3	1	142.124	156.399	8.02658e-06	2.41961e-05	137.294	892.985	1	2	0	1	
65	0.190452	0.3	1	142.249	156.081	-2.82769e-05	1.29494e-05	136.844	893.777	1	2	0	1	
65	0.191407	0.3	1	142.373	155.763	5.79163e-06	-1.35117e-05	136.396	894.556	1	2	0	1	
65	0.192362	0.3	1	142.496	155.448	-3.885e-05	7.6362e-06	135.951	895.329	1	2	0	1	
65	0.193317	0.3	1	142.618	155.133	3.13712e-05	-2.41681e-05	135.51	896.095	1	2	0	1	
65	0.194271	0.3	1	142.739	154.82	-4.35932e-06	-6.86508e-06	135.071	896.856	1	2	0	1	
65	0.195226	0.3	1	142.859	154.509	1.04228e-05	2.21823e-06	134.636	897.61	1	2	0	1	
65	0.196181	0.3	1	142.979	154.199	-1.50902e-06	8.41698e-06	134.204	898.364	1	2	0	1	
65	0.197136	0.3	1	143.097	153.89	3.30798e-05	-2.24018e-05	133.774	899.105	1	2	0	1	
65	0.19809	0.3	1	143.214	153.582	3.58215e-05	-5.82065e-06	133.348	899.84	1	2	0	1	
65	0.199045	0.3	1	143.331	153.276	7.28209e-05	1.35084e-05	132.924	900.575	1	2	0	1	
65	0.2	0.3	1	143.446	152.971	4.18993e-05	7.65292e-06	132.503	901.298	1	2	0	1	
