65	0.01	0.3	-2	0	0	0	0	0	346	0	0	0	1	
65	0.0119192	0.3	-2	0	0	0	0	0	346	0	0	0	1	
65	0.0138384	0.3	-2	0	0	0	0	0	346	0	0	0	1	
65	0.0157576	0.3	-2	0	0	0	0	0	346	0	0	0	1	
65	0.0176768	0.3	-2	0	0	0	0	0	346	0	0	0	1	
65	0.019596	0.3	-2	0	0	0	0	0	346	0	0	0	1	
65	0.0215152	0.3	-2	0	0	0	0	0	346	0	0	0	1	
65	0.0234343	0.3	-2	0	0	0	0	0	346	0	0	0	1	
65	0.0253535	0.3	-2	0	0	0	0	0	346	0	0	0	1	
65	0.0272727	0.3	-2	0	0	0	0	0	346	0	0	0	1	
65	0.0291919	0.3	-2	0	0	0	0	0	346	0	0	0	1	
65	0.0311111	0.3	-2	0	0	0	0	0	346	0	0	0	1	
65	0.0330303	0.3	-2	0	0	0	0	0	346	0	0	0	1	
65	0.0349495	0.3	-2	0	0	0	0	0	346	0	0	0	1	
65	0.0368687	0.3	-2	0	0	0	0	0	346	0	0	0	1	
65	0.0387879	0.3	-2	0	0	0	0	0	346	0	0	0	1	
65	0.0407071	0.3	-2	0	0	0	0	0	346	0	0	0	1	
65	0.0426263	0.3	-2	0	0	0	0	0	346	0	0	0	1	
65	0.0445455	0.3	-2	0	0	0	0	0	346	0	0	0	1	
65	0.0464646	0.3	-2	0	0	0	0	0	346	0	0	0	1	
65	0.0483838	0.3	-2	0	0	0	0	0	346	0	0	0	1	
65	0.050303	0.3	-2	0	0	0	0	0	346	0	0	0	1	
65	0.0522222	0.3	-2	0	0	0	0	0	346	0	0	0	1	
65	0.0541414	0.3	-2	0	0	0	0	0	346	0	0	0	1	
65	0.0560606	0.3	-2	0	0	0	0	0	346	0	0	0	1	
65	0.0579798	0.3	-2	0	0	0	0	0	346	0	0	0	1	
65	0.059899	0.3	-2	0	0	0	0	0	346	0	0	0	1	
65	0.0618182	0.3	-2	0	0	0	0	0	346	0	0	0	1	
65	0.0637374	0.3	1	25.947	0	272.983	260.737	0	346	0	0	0	1	
65	0.0656566	0.3	1	39.176	0	267.34	255.685	0	346	0	0	0	1	
65	0.0675758	0.3	1	45.996	0	262.413	252.221	0	346	0	0	0	1	
65	0.0694949	0.3	1	50.8978	0	249.353	249.353	0	346	0	0	0	1	
65	0.0714141	0.3	1	54.7813	0	246.849	246.849	0	346	0	0	0	1	
65	0.0733333	0.3	1	58.0108	0	244.604	244.604	0	346	0	0	0	1	
65	0.0752525	0.3	1	60.7764	0	242.562	242.562	0	346	0	0	0	1	
65	0.0771717	0.3	1	63.192	0	241.993	240.685	0	346	0	0	0	1	
65	0.0790909	0.3	1	65.3324	0	238.948	238.948	0	346	0	0	0	1	
65	0.0810101	0.3	1	67.2497	0	237.331	237.331	0	346	0	0	0	1	
65	0.0829293	0.3	1	68.982	0	235.821	235.821	0	346	0	0	0	1	
65	0.0848485	0.3	1	70.5582	0	234.404	234.404	0	346	0	0	0	1	
65	0.0867677	0.3	1	72.0008	0	233.072	233.072	0	346	0	0	0	1	
65	0.0886869	0.3	1	73.3275	0	231.816	231.816	0	346	0	0	0	1	
65	0.0906061	0.3	1	74.5529	0	230.629	230.629	0	346	0	0	0	1	
65	0.0925253	0.3	1	75.689	0	229.505	229.505	0	346	0	0	0	1	
65	0.0944444	0.3	1	76.7455	0	228.44	228.44	0	346	0	0	0	1	
65	0.0963636	0.3	1	77.7309	0	227.429	227.429	0	346	0	0	0	1	
65	0.0982828	0.3	1	78.6522	0	226.467	226.467	0	346	0	0	0	1	
65	0.100202	0.3	1	79.5156	0	225.552	225.552	0	346	0	0	0	1	
65	0.102121	0.3	1	80.3263	0	224.68	224.68	0	346	0	0	0	1	
65	0.10404	0.3	1	81.0888	0	223.849	223.849	0	346	0	0	0	1	
65	0.10596	0.3	1	81.8069	0	223.056	223.056	0	346	0	0	0	1	
65	0.107879	0.3	1	82.4841	0	222.3	222.3	0	346	0	0	0	1	
65	0.109798	0.3	1	83.1228	0	221.578	221.578	0	346	0	0	0	1	
65	0.111717	0.3	1	83.7249	0	220.89	220.89	0	346	0	0	0	1	
65	0.113636	0.3	1	84.2898	0	220.239	220.239	0	346	0	0	0	1	
65	0.115556	0.3	1	84.8269	0	219.613	219.613	0	346	0	0	0	1	
65	0.117475	0.3	1	85.3396	0	219.01	219.01	0	346	0	0	0	1	
65	0.119394	0.3	1	85.8298	0	218.429	218.429	0	346	0	0	0	1	
65	0.121313	0.3	1	86.2989	0	217.869	217.869	0	346	0	0	0	1	
65	0.123232	0.3	1	86.7483	0	217.327	217.327	0	346	0	0	0	1	
65	0.125152	0.3	1	87.1793	0	216.804	216.804	0	346	0	0	0	1	
65	0.127071	0.3	1	87.5931	216.299	216.299	216.299	216.299	346	0	0	0	1	
65	0.12899	0.3	1	87.9907	215.809	215.809	215.809	215.809	346	0	0	0	1	
65	0.130909	0.3	1	88.373	215.335	215.335	215.335	215.335	346	0	0	0	1	
65	0.132828	0.3	1	88.7409	214.876	214.876	214.876	214.876	346	0	0	0	1	
65	0.134747	0.3	1	89.0953	214.432	214.432	214.432	214.432	346	0	0	0	1	
65	0.136667	0.3	1	89.4369	214	214	214	214	346	0	0	0	1	
65	0.138586	0.3	1	89.7664	213.582	213.582	213.582	213.582	346	0	0	0	1	
65	0.140505	0.3	1	90.0845	213.176	213.176	213.176	213.176	346	0	0	0	1	
65	0.142424	0.3	1	90.3917	212.782	212.782	212.782	212.782	346	0	0	0	1	
65	0.144343	0.3	1	90.6887	212.398	212.398	212.398	212.398	346	0	0	0	1	
65	0.146263	0.3	1	90.9759	212.026	212.026	212.026	212.026	346	0	0	0	1	
65	0.148182	0.3	1	91.2538	211.664	211.664	211.664	211.664	346	0	0	0	1	
65	0.150101	0.3	1	91.5228	211.312	211.312	211.312	211.312	346	0	0	0	1	
65	0.15202	0.3	1	91.7835	210.969	210.969	210.969	210.969	346	0	0	0	1	
65	0.153939	0.3	1	92.0361	210.635	210.635	210.635	210.635	346	0	0	0	1	
65	0.155859	0.3	1	92.2811	210.31	210.31	210.31	210.31	346	0	0	0	1	
65	0.157778	0.3	1	92.5188	209.993	209.993	209.993	209.993	346	0	0	0	1	
65	0.159697	0.3	1	92.7495	209.685	209.685	209.685	209.685	346	0	0	0	1	
65	0.161616	0.3	1	92.9736	209.384	209.384	209.384	209.384	346	0	0	0	1	
65	0.163535	0.3	1	93.1913	209.09	209.09	209.09	209.09	346	0	0	0	1	
65	0.165455	0.3	1	93.4029	208.804	208.804	208.804	208.804	346	0	0	0	1	
65	0.167374	0.3	1	93.6087	208.525	208.525	208.525	208.525	346	0	0	0	1	
65	0.169293	0.3	1	93.8088	208.252	208.252	208.252	208.252	346	0	0	0	1	
65	0.171212	0.3	1	94.0036	207.985	207.985	207.985	207.985	346	0	0	0	1	
65	0.173131	0.3	1	94.1932	207.725	207.725	207.725	207.725	346	0	0	0	1	
65	0.175051	0.3	1	94.3779	207.471	207.471	207.471	207.471	346	0	0	0	1	
65	0.17697	0.3	1	94.5578	207.223	207.223	207.223	207.223	346	0	0	0	1	
65	0.178889	0.3	1	94.7331	206.98	206.98	206.98	206.98	346	0	0	0	1	
65	0.180808	0.3	1	94.9041	206.742	206.742	206.742	206.742	346	0	0	0	1	
65	0.182727	0.3	1	95.0708	206.51	206.51	206.51	206.51	346	0	0	0	1	
65	0.184646	0.3	1	95.2334	206.283	206.283	206.283	206.283	346	0	0	0	1	
65	0.186566	0.3	1	95.3921	206.061	206.061	206.061	206.061	346	0	0	0	1	
65	0.188485	0.3	1	95.547	205.843	205.843	205.843	205.843	346	0	0	0	1	
65	0.190404	0.3	1	95.6983	205.63	205.63	205.63	205.63	346	0	0	0	1	
65	0.192323	0.3	1	95.846	205.421	205.421	205.421	205.421	346	0	0	0	1	
65	0.194242	0.3	1	95.9903	205.217	205.217	205.217	205.217	346	0	0	0	1	
65	0.196162	0.3	1	96.1314	205.017	205.017	205.017	205.017	346	0	0	0	1	
65	0.198081	0.3	1	96.2693	204.82	204.82	204.82	204.82	346	0	0	0	1	
65	0.2	0.3	1	96.4041	204.628	204.628	204.628	204.628	346	0	0	0	1	
