65	0.0653769	0.3	1	35.1147	0	271.712	200.593	0	35.133	1	0	0	1	
65	0.0663317	0.3	1	41.8988	0	268.504	201.203	0	41.9097	1	0	0	1	
65	0.0672864	0.3	1	46.1596	0	265.726	200.907	0	46.1612	1	0	0	1	
65	0.0682412	0.3	1	49.4522	0	263.143	200.354	0	49.4555	1	0	0	1	
65	0.069196	0.3	1	52.1874	0	260.693	199.686	0	52.1931	1	0	0	1	
65	0.0701508	0.3	1	54.5467	0	258.347	198.958	0	54.5463	1	0	0	1	
65	0.0711055	0.3	1	56.6309	0	256.087	198.204	0	56.6304	1	0	0	1	
65	0.0720603	0.3	1	58.5014	0	253.903	197.438	0	58.501	1	0	0	1	
65	0.0730151	0.3	1	60.1999	0	251.787	196.669	0	60.1995	1	0	0	1	
65	0.0739698	0.3	1	61.7557	0	249.732	195.904	0	61.7555	1	0	0	1	
65	0.0749246	0.3	1	63.1909	0	247.734	195.147	0	63.1907	1	0	0	1	
65	0.0758794	0.3	1	64.5222	0	245.789	194.401	0	64.5221	1	0	0	1	
65	0.0768342	0.3	1	65.7627	0	243.894	193.667	0	65.7627	1	0	0	1	
65	0.0777889	0.3	1	66.9229	0	242.045	192.947	0	66.9229	1	0	0	1	
65	0.0787437	0.3	1	68.0111	0	240.242	192.241	0	68.0111	1	0	0	1	
65	0.0796985	0.3	1	69.0329	0	238.481	191.553	0	69.0329	1	0	0	1	
65	0.0806533	0.3	1	69.9939	0	236.76	190.882	0	69.9939	1	0	0	1	
65	0.081608	0.3	1	70.9049	0	235.078	190.224	0	70.9049	1	0	0	1	
65	0.0825628	0.3	1	71.7706	0	233.431	189.58	0	71.7706	1	0	0	1	
65	0.0835176	0.3	1	72.5949	0	231.819	188.95	0	72.5949	1	0	0	1	
65	0.0844724	0.3	1	73.3813	0	230.24	188.333	0	73.3813	1	0	0	1	
65	0.0854271	0.3	1	74.1326	0	228.692	187.728	0	74.1326	1	0	0	1	
65	0.0863819	0.3	1	74.8515	0	227.174	187.136	0	74.8515	1	0	0	1	
65	0.0873367	0.3	1	75.5405	0	225.686	186.557	0	75.5404	1	0	0	1	
65	0.0882915	0.3	1	76.2015	0	224.226	185.989	0	76.2014	1	0	0	1	
65	0.0892462	0.3	1	76.8365	0	222.794	185.433	0	76.8364	1	0	0	1	
65	0.090201	0.3	1	77.4471	0	221.387	184.888	0	77.447	1	0	0	1	
65	0.0911558	0.3	1	78.035	0	220.006	184.354	0	78.0348	1	0	0	1	
65	0.0921106	0.3	1	78.6014	0	218.65	183.831	0	78.6013	1	0	0	1	
65	0.0930653	0.3	1	79.1478	0	217.317	183.319	0	79.1476	1	0	0	1	
65	0.0940201	0.3	1	79.6752	0	216.007	182.816	0	79.6749	1	0	0	1	
65	0.0949749	0.3	1	80.1847	0	214.719	182.323	0	80.1844	1	0	0	1	
65	0.0959296	0.3	1	80.6773	0	213.453	181.84	0	80.677	1	0	0	1	
65	0.0968844	0.3	1	81.1539	0	212.208	181.367	0	81.1536	1	0	0	1	
65	0.0978392	0.3	1	81.6153	0	210.984	180.902	0	81.615	1	0	0	1	
65	0.098794	0.3	1	82.0624	0	209.779	180.446	0	82.062	1	0	0	1	
65	0.0997487	0.3	1	82.4958	0	208.593	179.999	0	82.4954	1	0	0	1	
65	0.100704	0.3	1	82.9162	0	207.426	179.56	0	82.9158	1	0	0	1	
65	0.101658	0.3	1	83.3242	0	206.277	179.13	0	83.3238	1	0	0	1	
65	0.102613	0.3	1	83.7204	0	205.145	178.707	0	83.72	1	0	0	1	
65	0.103568	0.3	1	84.1054	0	204.031	178.292	0	84.1049	1	0	0	1	
65	0.104523	0.3	1	84.4796	0	202.933	177.884	0	84.4791	1	0	0	1	
65	0.105477	0.3	1	84.8435	0	201.852	177.484	0	84.843	1	0	0	1	
65	0.106432	0.3	1	85.1977	0	200.786	177.091	0	85.1971	1	0	0	1	
65	0.107387	0.3	1	85.5424	0	199.736	176.704	0	85.5418	1	0	0	1	
65	0.108342	0.3	1	85.878	0	198.7	176.325	0	85.8775	1	0	0	1	
65	0.109296	0.3	1	86.2051	0	197.68	175.952	0	86.2045	1	0	0	1	
65	0.110251	0.3	1	86.5238	0	196.674	175.585	0	86.5232	1	0	0	1	
65	0.111206	0.3	1	86.8346	0	195.681	175.225	0	86.8339	1	0	0	1	
65	0.112161	0.3	1	87.1377	0	194.702	174.87	0	87.137	1	0	0	1	
65	0.113116	0.3	1	87.4334	0	193.737	174.522	0	87.4327	1	0	0	1	
65	0.11407	0.3	1	87.7221	0	192.784	174.179	0	87.7214	1	0	0	1	
65	0.115025	0.3	1	88.0039	0	191.844	173.842	0	88.0032	1	0	0	1	
65	0.11598	0.3	1	88.2792	0	190.917	173.51	0	88.2784	1	0	0	1	
65	0.116935	0.3	1	88.5481	0	190.002	173.184	0	88.5473	1	0	0	1	
65	0.117889	0.3	1	88.8109	0	189.098	172.863	0	88.8102	1	0	0	1	
65	0.118844	0.3	1	89.0679	0	188.206	172.547	0	89.0671	1	0	0	1	
65	0.119799	0.3	1	89.3191	0	187.325	172.236	0	89.3183	1	0	0	1	
65	0.120754	0.3	1	89.5649	0	186.455	171.93	0	89.5641	1	0	0	1	
65	0.121709	0.3	1	89.8053	0	185.596	171.629	0	89.8045	1	0	0	1	
65	0.122663	0.3	1	90.0407	0	184.748	171.332	0	90.0398	1	0	0	1	
65	0.123618	0.3	1	90.271	0	183.91	171.04	0	90.2701	1	0	0	1	
65	0.124573	0.3	1	90.4966	0	183.082	170.752	0	90.4957	1	0	0	1	
65	0.125528	0.3	1	90.7175	0	182.264	170.469	0	90.7166	1	0	0	1	
65	0.126482	0.3	1	90.9339	0	181.455	170.19	0	90.933	1	0	0	1	
65	0.127437	0.3	1	91.146	0	180.657	169.915	0	91.145	1	0	0	1	
65	0.128392	0.3	1	91.3538	0	179.867	169.644	0	91.3529	1	0	0	1	
65	0.129347	0.3	1	91.5576	0	179.087	169.376	0	91.5566	1	0	0	1	
65	0.130302	0.3	1	91.7573	0	178.315	169.113	0	91.7564	1	0	0	1	
65	0.131256	0.3	1	91.9533	0	177.553	168.854	0	91.9523	1	0	0	1	
65	0.132211	0.3	1	92.1455	0	176.798	168.598	0	92.1444	1	0	0	1	
65	0.133166	0.3	1	92.334	0	176.053	168.346	0	92.333	1	0	0	1	
65	0.134121	0.3	1	92.5191	0	175.315	168.097	0	92.518	1	0	0	1	
65	0.135075	0.3	1	92.7007	0	174.586	167.852	0	92.6996	1	0	0	1	
65	0.13603	0.3	1	92.879	0	173.865	167.611	0	92.8779	1	0	0	1	
65	0.136985	0.3	1	93.054	0	173.151	167.372	0	93.0529	1	0	0	1	
65	0.13794	0.3	1	93.2259	0	172.445	167.137	0	93.2248	1	0	0	1	
65	0.138894	0.3	1	93.3948	0	171.747	166.905	0	93.3937	1	0	0	1	
65	0.139849	0.3	1	93.5607	0	171.056	166.676	0	93.5595	1	0	0	1	
65	0.140804	0.3	1	93.7236	0	170.372	166.451	0	93.7225	1	0	0	1	
65	0.141759	0.3	1	93.8838	0	169.696	166.228	0	93.8827	1	0	0	1	
65	0.142714	0.3	1	94.0412	0	169.026	166.008	0	94.0401	1	0	0	1	
65	0.143668	0.3	0	94.196	8.94679e-06	168.363	8.94679e-06	168.363	94.1948	1	0	0	1	
65	0.144623	0.3	0	94.3482	8.00982e-05	167.707	8.00982e-05	167.707	94.347	1	0	0	1	
65	0.145578	0.3	0	94.4978	1.57591e-05	167.057	1.57591e-05	167.057	94.4966	1	0	0	1	
65	0.146533	0.3	0	94.6449	2.54796e-05	166.414	2.54796e-05	166.414	94.6437	1	0	0	1	
65	0.147487	0.3	0	94.7897	1.99152e-05	165.778	1.99152e-05	165.778	94.7885	1	0	0	1	
65	0.148442	0.3	0	94.9321	1.04355e-05	165.147	1.04355e-05	165.147	94.9309	1	0	0	1	
65	0.149397	0.3	0	95.0722	4.1545e-06	164.523	4.1545e-06	164.523	95.0709	1	0	0	1	
65	0.150352	0.3	0	95.21	1.67694e-05	163.905	1.67694e-05	163.905	95.2088	1	0	0	1	
65	0.151307	0.3	0	95.3457	2.72395e-06	163.293	2.72395e-06	163.293	95.3445	1	0	0	1	
65	0.152261	0.3	0	95.4793	1.45051e-05	162.687	1.45051e-05	162.687	95.478	1	0	0	1	
65	0.153216	0.3	0	95.6107	3.49324e-05	162.086	3.49324e-05	162.086	95.6095	1	0	0	1	
65	0.154171	0.3	0	95.7402	8.71461e-06	161.492	8.71461e-06	161.492	95.7389	1	0	0	1	
65	0.155126	0.3	0	95.8676	2.35622e-05	160.902	2.35622e-05	160.902	95.8664	1	0	0	1	
65	0.15608	0.3	0	95.9932	4.3314e-05	160.318	4.3314e-05	160.318	95.9919	1	0	0	1	
65	0.157035	0.3	0	96.1168	1.53463e-05	159.74	1.53463e-05	159.74	96.1155	1	0	0	1	
65	0.15799	0.3	0	96.2386	2.26705e-05	159.167	2.26705e-05	159.167	96.2373	1	0	0	1	
65	0.158945	0.3	0	96.3586	1.0475e-06	158.599	1.0475e-06	158.599	96.3573	1	0	0	1	
65	0.159899	0.3	0	96.4768	2.01234e-06	158.037	2.01234e-06	158.037	96.4755	1	0	0	1	
65	0.160854	0.3	0	96.5933	6.82385e-06	157.479	6.82385e-06	157.479	96.592	1	0	0	1	
65	0.161809	0.3	0	96.7081	2.01874e-05	156.926	2.01874e-05	156.926	96.7068	1	0	0	1	
65	0.162764	0.3	0	96.8213	2.46734e-05	156.379	2.46734e-05	156.379	96.8199	1	0	0	1	
65	0.163719	0.3	0	96.9328	2.13106e-05	155.836	2.13106e-05	155.836	96.9315	1	0	0	1	
65	0.164673	0.3	0	97.0428	1.5016e-05	155.298	1.5016e-05	155.298	97.0414	1	0	0	1	
65	0.165628	0.3	0	97.1512	6.75867e-05	154.764	6.75867e-05	154.764	97.1499	1	0	0	1	
65	0.166583	0.3	0	97.2581	2.22393e-05	154.235	2.22393e-05	154.235	97.2567	1	0	0	1	
65	0.167538	0.3	0	97.3635	0.000109682	153.711	0.000109682	153.711	97.3622	1	0	0	1	
65	0.168492	0.3	0	97.4675	57.3671	143.43	57.3671	143.43	97.4661	1	0	0	1	
65	0.169447	0.3	0	97.57	77.3907	134.424	77.3907	134.424	97.5687	1	0	0	1	
65	0.170402	0.3	0	97.6712	89.4209	127.269	89.4209	127.269	97.6698	1	0	0	1	
65	0.171357	0.3	0	97.771	97.7821	121.356	97.7821	121.356	97.7696	1	0	0	1	
65	0.172312	0.3	0	97.8695	103.95	116.404	103.95	116.404	97.8681	1	0	0	1	
65	0.173266	0.3	0	97.9666	108.736	112.157	108.736	112.157	97.9652	1	0	0	1	
65	0.174221	0.3	0	98.0625	112.565	108.464	112.565	108.464	98.0611	1	0	0	1	
65	0.175176	0.3	0	98.1571	115.702	105.212	115.702	105.212	98.1557	1	0	0	1	
65	0.176131	0.3	0	98.2505	118.316	102.325	118.316	102.325	98.2491	1	0	0	1	
65	0.177085	0.3	0	98.3427	120.535	99.7272	120.535	99.7272	98.3413	1	0	0	1	
65	0.17804	0.3	0	98.4337	122.441	97.378	122.441	97.378	98.4323	1	0	0	1	
65	0.178995	0.3	0	98.5235	124.096	95.237	124.096	95.237	98.5221	1	0	0	1	
65	0.17995	0.3	0	98.6122	125.549	93.2703	125.549	93.2703	98.6108	1	0	0	1	
65	0.180905	0.3	0	98.6998	126.832	91.4562	126.832	91.4562	98.6984	1	0	0	1	
65	0.181859	0.3	0	98.7863	127.972	89.7786	127.972	89.7786	98.7849	1	0	0	1	
65	0.182814	0.3	0	98.8717	128.999	88.2082	128.999	88.2082	98.8703	1	0	0	1	
65	0.183769	0.3	0	98.9561	129.918	86.7496	129.918	86.7496	98.9546	1	0	0	1	
65	0.184724	0.3	0	99.0394	130.753	85.377	130.753	85.377	99.038	1	0	0	1	
65	0.185678	0.3	0	99.1217	131.514	84.0807	131.514	84.0807	99.1203	1	0	0	1	
65	0.186633	0.3	0	99.2031	132.208	82.8591	132.208	82.8591	99.2016	1	0	0	1	
65	0.187588	0.3	0	99.2834	132.849	81.6956	132.849	81.6956	99.2819	1	0	0	1	
65	0.188543	0.3	0	99.3628	133.426	80.6073	133.426	80.6073	99.3613	1	0	0	1	
65	0.189497	0.3	0	99.4412	133.97	79.5525	133.97	79.5525	99.4397	1	0	0	1	
65	0.190452	0.3	0	99.5187	134.473	78.5507	134.473	78.5507	99.5172	1	0	0	1	
65	0.191407	0.3	0	99.5953	134.938	77.5924	134.938	77.5924	99.5938	1	0	0	1	
65	0.192362	0.3	0	99.671	135.373	76.6712	135.373	76.6712	99.6695	1	0	0	1	
65	0.193317	0.3	0	99.7458	135.777	75.791	135.777	75.791	99.7443	1	0	0	1	
65	0.194271	0.3	0	99.8198	136.155	74.9417	136.155	74.9417	99.8183	1	0	0	1	
65	0.195226	0.3	0	99.8929	136.51	74.1246	136.51	74.1246	99.8914	1	0	0	1	
65	0.196181	0.3	0	99.9652	136.843	73.3343	136.843	73.3343	99.9637	1	0	0	1	
65	0.197136	0.3	0	100.037	137.156	72.5702	137.156	72.5702	100.035	1	0	0	1	
65	0.19809	0.3	0	100.107	137.451	71.8331	137.451	71.8331	100.106	1	0	0	1	
65	0.199045	0.3	0	100.177	137.733	71.1133	137.733	71.1133	100.176	1	0	0	1	
65	0.2	0.3	0	100.246	137.994	70.4216	137.994	70.4216	100.245	1	0	0	1	
