65	0.1	0.1	1	nan	0	1599.98	1599.98	0	346	0	0	0	1	
65	0.1	0.10303	1	nan	0	1599.98	1599.98	0	346	0	0	0	1	
65	0.1	0.106061	1	nan	0	1599.98	1599.98	0	346	0	0	0	1	
65	0.1	0.109091	1	nan	0	1599.98	1599.98	0	346	0	0	0	1	
65	0.1	0.112121	1	nan	0	1599.98	1599.98	0	346	0	0	0	1	
65	0.1	0.115152	1	nan	0	1599.98	1599.98	0	346	0	0	0	1	
65	0.1	0.118182	1	nan	0	1599.98	1599.98	0	346	0	0	0	1	
65	0.1	0.121212	1	nan	0	1599.98	1599.98	0	346	0	0	0	1	
65	0.1	0.124242	1	nan	0	1599.98	1599.98	0	346	0	0	0	1	
65	0.1	0.127273	1	nan	0	1599.98	1599.98	0	346	0	0	0	1	
65	0.1	0.130303	1	nan	0	1599.98	1599.98	0	346	0	0	0	1	
65	0.1	0.133333	1	nan	0	1599.98	1599.98	0	346	0	0	0	1	
65	0.1	0.136364	1	nan	0	1599.98	1599.98	0	346	0	0	0	1	
65	0.1	0.139394	1	103.097	0	173.3	173.3	0	346	0	0	0	1	
65	0.1	0.142424	1	103.167	0	173.148	173.148	0	346	0	0	0	1	
65	0.1	0.145455	1	103.215	0	173.033	173.033	0	346	0	0	0	1	
65	0.1	0.148485	1	103.243	0	172.954	172.954	0	346	0	0	0	1	
65	0.1	0.151515	1	103.25	0	172.911	172.911	0	346	0	0	0	1	
65	0.1	0.154545	1	103.236	0	172.905	172.905	0	346	0	0	0	1	
65	0.1	0.157576	1	103.202	0	172.934	172.934	0	346	0	0	0	1	
65	0.1	0.160606	1	103.147	0	173	173	0	346	0	0	0	1	
65	0.1	0.163636	1	103.072	0	173.102	173.102	0	346	0	0	0	1	
65	0.1	0.166667	1	102.976	0	173.24	173.24	0	346	0	0	0	1	
65	0.1	0.169697	1	102.858	0	173.414	173.414	0	346	0	0	0	1	
65	0.1	0.172727	1	102.72	0	173.626	173.626	0	346	0	0	0	1	
65	0.1	0.175758	1	102.56	0	173.874	173.874	0	346	0	0	0	1	
65	0.1	0.178788	1	102.379	0	174.159	174.159	0	346	0	0	0	1	
65	0.1	0.181818	1	102.175	0	174.481	174.481	0	346	0	0	0	1	
65	0.1	0.184848	1	101.95	0	174.841	174.841	0	346	0	0	0	1	
65	0.1	0.187879	1	101.701	0	175.238	175.238	0	346	0	0	0	1	
65	0.1	0.190909	1	101.43	0	175.672	175.672	0	346	0	0	0	1	
65	0.1	0.193939	1	101.135	0	176.144	176.144	0	346	0	0	0	1	
65	0.1	0.19697	1	100.817	0	176.654	176.654	0	346	0	0	0	1	
65	0.1	0.2	1	100.474	0	177.202	177.202	0	346	0	0	0	1	
65	0.1	0.20303	1	100.106	0	177.789	177.789	0	346	0	0	0	1	
65	0.1	0.206061	1	99.7128	0	178.413	178.413	0	346	0	0	0	1	
65	0.1	0.209091	1	99.2934	0	179.076	179.076	0	346	0	0	0	1	
65	0.1	0.212121	1	98.8472	0	179.778	179.778	0	346	0	0	0	1	
65	0.1	0.215152	1	98.3735	0	180.519	180.519	0	346	0	0	0	1	
65	0.1	0.218182	1	97.8714	0	181.299	181.299	0	346	0	0	0	1	
65	0.1	0.221212	1	97.3402	0	182.118	182.118	0	346	0	0	0	1	
65	0.1	0.224242	1	96.7788	0	182.977	182.977	0	346	0	0	0	1	
65	0.1	0.227273	1	96.1863	0	183.875	183.875	0	346	0	0	0	1	
65	0.1	0.230303	1	95.5615	0	184.814	184.814	0	346	0	0	0	1	
65	0.1	0.233333	1	94.9032	0	185.793	185.793	0	346	0	0	0	1	
65	0.1	0.236364	1	94.2102	0	186.813	186.813	0	346	0	0	0	1	
65	0.1	0.239394	1	93.481	0	187.874	187.874	0	346	0	0	0	1	
65	0.1	0.242424	1	92.714	0	188.976	188.976	0	346	0	0	0	1	
65	0.1	0.245455	1	91.9075	0	190.12	190.12	0	346	0	0	0	1	
65	0.1	0.248485	1	91.0597	0	191.307	191.307	0	346	0	0	0	1	
65	0.1	0.251515	1	90.1683	0	192.536	192.536	0	346	0	0	0	1	
65	0.1	0.254545	1	89.2312	0	193.809	193.809	0	346	0	0	0	1	
65	0.1	0.257576	1	88.2458	0	195.126	195.126	0	346	0	0	0	1	
65	0.1	0.260606	1	87.2091	0	196.488	196.488	0	346	0	0	0	1	
65	0.1	0.263636	1	86.118	0	197.896	197.896	0	346	0	0	0	1	
65	0.1	0.266667	1	84.9689	0	199.351	199.351	0	346	0	0	0	1	
65	0.1	0.269697	1	83.7576	0	200.854	200.854	0	346	0	0	0	1	
65	0.1	0.272727	1	82.4795	0	202.406	202.406	0	346	0	0	0	1	
65	0.1	0.275758	1	81.1292	0	204.01	204.01	0	346	0	0	0	1	
65	0.1	0.278788	1	79.7004	0	205.666	205.666	0	346	0	0	0	1	
65	0.1	0.281818	1	78.1859	0	207.377	207.377	0	346	0	0	0	1	
65	0.1	0.284848	1	76.577	0	209.146	209.146	0	346	0	0	0	1	
65	0.1	0.287879	1	74.8636	0	210.975	210.975	0	346	0	0	0	1	
65	0.1	0.290909	1	73.033	0	212.868	212.868	0	346	0	0	0	1	
65	0.1	0.293939	1	71.07	0	214.831	214.831	0	346	0	0	0	1	
65	0.1	0.29697	1	68.9552	0	216.868	216.868	0	346	0	0	0	1	
65	0.1	0.3	1	66.6639	0	218.988	218.988	0	346	0	0	0	1	
65	0.1	0.30303	1	64.163	0	221.199	221.199	0	346	0	0	0	1	
65	0.1	0.306061	1	61.4057	0	223.518	223.518	0	346	0	0	0	1	
65	0.1	0.309091	1	58.2988	0	225.984	225.984	0	346	0	0	0	1	
65	0.1	0.312121	1	54.7492	0	228.618	228.618	0	346	0	0	0	1	
65	0.1	0.315152	1	50.5932	0	231.459	231.459	0	346	0	0	0	1	
65	0.1	0.318182	1	45.5116	0	234.591	234.591	0	346	0	0	0	1	
65	0.1	0.321212	1	38.7305	0	238.205	238.205	0	346	0	0	0	1	
65	0.1	0.324242	1	26.836	0	243.057	243.057	0	346	0	0	0	1	
65	0.1	0.327273	-2	0	0	0	0	0	346	0	0	0	1	
65	0.1	0.330303	-2	0	0	0	0	0	346	0	0	0	1	
65	0.1	0.333333	-2	0	0	0	0	0	346	0	0	0	1	
65	0.1	0.336364	-2	0	0	0	0	0	346	0	0	0	1	
65	0.1	0.339394	-2	0	0	0	0	0	346	0	0	0	1	
65	0.1	0.342424	-2	0	0	0	0	0	346	0	0	0	1	
65	0.1	0.345455	-2	0	0	0	0	0	346	0	0	0	1	
65	0.1	0.348485	-2	0	0	0	0	0	346	0	0	0	1	
65	0.1	0.351515	-2	0	0	0	0	0	346	0	0	0	1	
65	0.1	0.354545	-2	0	0	0	0	0	346	0	0	0	1	
65	0.1	0.357576	-2	0	0	0	0	0	346	0	0	0	1	
65	0.1	0.360606	-2	0	0	0	0	0	346	0	0	0	1	
65	0.1	0.363636	-2	0	0	0	0	0	346	0	0	0	1	
65	0.1	0.366667	-2	0	0	0	0	0	346	0	0	0	1	
65	0.1	0.369697	-2	0	0	0	0	0	346	0	0	0	1	
65	0.1	0.372727	-2	0	0	0	0	0	346	0	0	0	1	
65	0.1	0.375758	-2	0	0	0	0	0	346	0	0	0	1	
65	0.1	0.378788	-2	0	0	0	0	0	346	0	0	0	1	
65	0.1	0.381818	-2	0	0	0	0	0	346	0	0	0	1	
65	0.1	0.384848	-2	0	0	0	0	0	346	0	0	0	1	
65	0.1	0.387879	-2	0	0	0	0	0	346	0	0	0	1	
65	0.1	0.390909	-2	0	0	0	0	0	346	0	0	0	1	
65	0.1	0.393939	-2	0	0	0	0	0	346	0	0	0	1	
65	0.1	0.39697	-2	0	0	0	0	0	346	0	0	0	1	
65	0.1	0.4	-2	0	0	0	0	0	346	0	0	0	1	
