65	0.1	0.1	0	96.6251	184.493	6.56231e-07	184.493	6.56231e-07	607.159	1	0	0	1	
65	0.1	0.101508	0	96.6194	184.489	1.15426e-06	184.489	1.15426e-06	607.123	1	0	0	1	
65	0.1	0.103015	0	96.6136	184.485	1.9344e-09	184.485	1.9344e-09	607.086	1	0	0	1	
65	0.1	0.104523	0	96.6078	184.482	1.57926e-05	184.482	1.57926e-05	607.05	1	0	0	1	
65	0.1	0.10603	0	96.6019	184.478	2.81948e-06	184.478	2.81948e-06	607.013	1	0	0	1	
65	0.1	0.107538	0	96.596	184.475	1.01349e-05	184.475	1.01349e-05	606.975	1	0	0	1	
65	0.1	0.109045	0	96.59	184.472	5.84335e-06	184.472	5.84335e-06	606.937	1	0	0	1	
65	0.1	0.110553	0	96.5839	184.469	4.86619e-06	184.469	4.86619e-06	606.9	1	0	0	1	
65	0.1	0.11206	0	96.5778	184.466	2.82473e-06	184.466	2.82473e-06	606.861	1	0	0	1	
65	0.1	0.113568	0	96.5716	184.463	2.85634e-06	184.463	2.85634e-06	606.822	1	0	0	1	
65	0.1	0.115075	0	96.5653	184.46	7.56138e-06	184.46	7.56138e-06	606.783	1	0	0	1	
65	0.1	0.116583	0	96.559	184.457	6.6077e-06	184.457	6.6077e-06	606.743	1	0	0	1	
65	0.1	0.11809	0	96.5526	184.454	3.30819e-05	184.454	3.30819e-05	606.702	1	0	0	1	
65	0.1	0.119598	0	96.5461	184.452	2.00854e-05	184.452	2.00854e-05	606.662	1	0	0	1	
65	0.1	0.121106	0	96.5396	184.45	8.10756e-06	184.45	8.10756e-06	606.621	1	0	0	1	
65	0.1	0.122613	0	96.5329	184.447	2.31101e-06	184.447	2.31101e-06	606.579	1	0	0	1	
65	0.1	0.124121	0	96.5262	184.445	3.35587e-05	184.445	3.35587e-05	606.537	1	0	0	1	
65	0.1	0.125628	0	96.5194	184.443	5.9618e-06	184.443	5.9618e-06	606.494	1	0	0	1	
65	0.1	0.127136	0	96.5125	184.441	1.96709e-05	184.441	1.96709e-05	606.451	1	0	0	1	
65	0.1	0.128643	0	96.5055	184.44	4.52862e-06	184.44	4.52862e-06	606.407	1	0	0	1	
65	0.1	0.130151	0	96.4984	184.438	4.46452e-05	184.438	4.46452e-05	606.362	1	0	0	1	
65	0.1	0.131658	0	96.4911	184.437	1.48878e-06	184.437	1.48878e-06	606.316	1	0	0	1	
65	0.1	0.133166	0	96.4838	184.436	1.65118e-05	184.436	1.65118e-05	606.27	1	0	0	1	
65	0.1	0.134673	0	96.4762	184.435	1.03129e-05	184.435	1.03129e-05	606.222	1	0	0	1	
65	0.1	0.136181	0	96.4685	184.434	1.36481e-05	184.434	1.36481e-05	606.174	1	0	0	1	
65	0.1	0.137688	0	96.4605	184.434	5.27443e-05	184.434	5.27443e-05	606.124	1	0	0	1	
65	0.1	0.139196	0	96.4885	184.379	3.78806e-06	184.379	3.78806e-06	606.3	1	0	0	1	
65	0.1	0.140704	0	96.5208	184.317	4.12518e-06	184.317	4.12518e-06	606.503	1	0	0	1	
65	0.1	0.142211	0	96.5479	184.263	2.06409e-06	184.263	2.06409e-06	606.673	1	0	0	1	
65	0.1	0.143719	0	96.57	184.217	3.51697e-05	184.217	3.51697e-05	606.812	1	0	0	1	
65	0.1	0.145226	0	96.5872	184.178	2.65574e-05	184.178	2.65574e-05	606.92	1	0	0	1	
65	0.1	0.146734	0	96.5994	184.147	1.84474e-06	184.147	1.84474e-06	606.997	1	0	0	1	
65	0.1	0.148241	0	96.6066	184.123	1.39976e-05	184.123	1.39976e-05	607.042	1	0	0	1	
65	0.1	0.149749	0	96.609	184.107	3.51167e-05	184.107	3.51167e-05	607.057	1	0	0	1	
65	0.1	0.151256	0	96.6065	184.099	9.68817e-06	184.099	9.68817e-06	607.042	1	0	0	1	
65	0.1	0.152764	0	96.5991	184.098	2.47633e-05	184.098	2.47633e-05	606.995	1	0	0	1	
65	0.1	0.154271	0	96.5868	184.104	1.34384e-05	184.104	1.34384e-05	606.918	1	0	0	1	
65	0.1	0.155779	0	96.5696	184.118	3.39055e-05	184.118	3.39055e-05	606.811	1	0	0	1	
65	0.1	0.157286	0	96.5475	184.14	3.97324e-06	184.14	3.97324e-06	606.672	1	0	0	1	
65	0.1	0.158794	0	96.5204	184.169	2.09182e-05	184.169	2.09182e-05	606.503	1	0	0	1	
65	0.1	0.160302	0	96.4885	184.206	1.1828e-05	184.206	1.1828e-05	606.302	1	0	0	1	
65	0.1	0.161809	0	96.4517	184.25	1.97003e-05	184.25	1.97003e-05	606.071	1	0	0	1	
65	0.1	0.163317	0	96.4099	184.302	4.1714e-06	184.302	4.1714e-06	605.808	1	0	0	1	
65	0.1	0.164824	0	96.3631	184.361	1.51146e-05	184.361	1.51146e-05	605.515	1	0	0	1	
65	0.1	0.166332	0	96.3114	184.428	1.06086e-05	184.428	1.06086e-05	605.191	1	0	0	1	
65	0.1	0.167839	0	96.2546	184.503	1.88483e-05	184.503	1.88483e-05	604.834	1	0	0	1	
65	0.1	0.169347	0	96.1929	184.585	2.3643e-06	184.585	2.3643e-06	604.447	1	0	0	1	
65	0.1	0.170854	0	96.1261	184.675	6.40927e-06	184.675	6.40927e-06	604.028	1	0	0	1	
65	0.1	0.172362	0	96.0542	184.772	3.51065e-05	184.772	3.51065e-05	603.577	1	0	0	1	
65	0.1	0.173869	0	95.9773	184.877	1.26362e-06	184.877	1.26362e-06	603.095	1	0	0	1	
65	0.1	0.175377	0	95.8953	184.99	3.34672e-05	184.99	3.34672e-05	602.579	1	0	0	1	
65	0.1	0.176884	0	95.8081	185.111	8.10374e-06	185.111	8.10374e-06	602.032	1	0	0	1	
65	0.1	0.178392	0	95.7157	185.239	2.67232e-05	185.239	2.67232e-05	601.453	1	0	0	1	
65	0.1	0.179899	0	95.6181	185.375	1.24274e-05	185.375	1.24274e-05	600.841	1	0	0	1	
65	0.1	0.181407	0	95.5154	185.518	2.02104e-05	185.518	2.02104e-05	600.196	1	0	0	1	
65	0.1	0.182915	0	95.4073	185.67	7.58405e-06	185.67	7.58405e-06	599.518	1	0	0	1	
65	0.1	0.184422	0	95.2939	185.829	2.81091e-05	185.829	2.81091e-05	598.806	1	0	0	1	
65	0.1	0.18593	0	95.1752	185.996	1.48496e-05	185.996	1.48496e-05	598.061	1	0	0	1	
65	0.1	0.187437	0	95.0511	186.17	3.07184e-05	186.17	3.07184e-05	597.282	1	0	0	1	
65	0.1	0.188945	0	94.9216	186.353	2.65891e-05	186.353	2.65891e-05	596.47	1	0	0	1	
65	0.1	0.190452	0	94.7866	186.543	1.593e-05	186.543	1.593e-05	595.623	1	0	0	1	
65	0.1	0.19196	0	94.6461	186.741	4.58482e-05	186.741	4.58482e-05	594.741	1	0	0	1	
65	0.1	0.193467	0	94.5001	186.947	6.64197e-06	186.947	6.64197e-06	593.825	1	0	0	1	
65	0.1	0.194975	0	94.3484	187.16	1.22332e-05	187.16	1.22332e-05	592.874	1	0	0	1	
65	0.1	0.196482	0	94.1912	187.382	5.01075e-06	187.382	5.01075e-06	591.887	1	0	0	1	
65	0.1	0.19799	0	94.0282	187.611	1.07255e-05	187.611	1.07255e-05	590.864	1	0	0	1	
65	0.1	0.199497	0	93.8594	187.848	3.28124e-06	187.848	3.28124e-06	589.805	1	0	0	1	
65	0.1	0.201005	0	93.6849	188.093	1.53848e-05	188.093	1.53848e-05	588.711	1	0	0	1	
65	0.1	0.202513	0	93.5044	188.346	1.03461e-06	188.346	1.03461e-06	587.578	1	0	0	1	
65	0.1	0.20402	0	93.3181	188.607	8.10457e-06	188.607	8.10457e-06	586.41	1	0	0	1	
65	0.1	0.205528	0	93.1258	188.876	2.81254e-05	188.876	2.81254e-05	585.203	1	0	0	1	
65	0.1	0.207035	0	92.9274	189.152	1.44964e-05	189.152	1.44964e-05	583.959	1	0	0	1	
65	0.1	0.208543	0	92.7229	189.437	1.41812e-05	189.437	1.41812e-05	582.676	1	0	0	1	
65	0.1	0.21005	0	92.5122	189.729	1.05448e-06	189.729	1.05448e-06	581.354	1	0	0	1	
65	0.1	0.211558	0	92.2953	190.029	3.83951e-06	190.029	3.83951e-06	579.994	1	0	0	1	
65	0.1	0.213065	0	92.072	190.338	2.19972e-05	190.338	2.19972e-05	578.593	1	0	0	1	
65	0.1	0.214573	0	91.8423	190.654	3.92215e-05	190.654	3.92215e-05	577.153	1	0	0	1	
65	0.1	0.21608	0	91.6062	190.978	1.46854e-06	190.978	1.46854e-06	575.672	1	0	0	1	
65	0.1	0.217588	0	91.3635	191.31	1.80413e-06	191.31	1.80413e-06	574.151	1	0	0	1	
65	0.1	0.219095	0	91.1141	191.65	5.3316e-07	191.65	5.3316e-07	572.587	1	0	0	1	
65	0.1	0.220603	0	90.8581	191.998	2.25203e-05	191.998	2.25203e-05	570.982	1	0	0	1	
65	0.1	0.222111	0	90.5952	192.354	2.11398e-05	192.354	2.11398e-05	569.334	1	0	0	1	
65	0.1	0.223618	0	90.3284	192.713	4.09502e-05	192.713	4.09502e-05	567.531	1	0	0	1	
65	0.1	0.225126	0	90.0518	193.085	7.09653e-06	193.085	7.09653e-06	565.791	1	0	0	1	
65	0.1	0.226633	0	89.768	193.465	5.27689e-06	193.465	5.27689e-06	564.008	1	0	0	1	
65	0.1	0.228141	0	89.477	193.852	3.19054e-05	193.852	3.19054e-05	562.178	1	0	0	1	
65	0.1	0.229648	0	89.1787	194.248	5.19528e-06	194.248	5.19528e-06	560.303	1	0	0	1	
65	0.1	0.231156	0	88.8731	194.652	4.52793e-06	194.652	4.52793e-06	558.381	1	0	0	1	
65	0.1	0.232663	0	88.5598	195.063	8.32685e-06	195.063	8.32685e-06	556.412	1	0	0	1	
65	0.1	0.234171	0	88.239	195.483	2.14741e-05	195.483	2.14741e-05	554.394	1	0	0	1	
65	0.1	0.235678	0	87.9104	195.911	6.32851e-06	195.911	6.32851e-06	552.328	1	0	0	1	
65	0.1	0.237186	0	87.5738	196.346	8.45262e-06	196.346	8.45262e-06	550.212	1	0	0	1	
65	0.1	0.238693	0	87.2293	196.79	2.61868e-05	196.79	2.61868e-05	548.045	1	0	0	1	
65	0.1	0.240201	0	86.8766	197.241	1.61931e-05	197.241	1.61931e-05	545.827	1	0	0	1	
65	0.1	0.241709	0	86.5157	197.701	4.47758e-05	197.701	4.47758e-05	543.556	1	0	0	1	
65	0.1	0.243216	0	86.1463	198.168	1.51897e-05	198.168	1.51897e-05	541.233	1	0	0	1	
65	0.1	0.244724	0	85.7683	198.644	2.31303e-06	198.644	2.31303e-06	538.855	1	0	0	1	
65	0.1	0.246231	0	85.3815	199.128	8.14184e-07	199.128	8.14184e-07	536.423	1	0	0	1	
65	0.1	0.247739	0	84.9859	199.619	1.6276e-05	199.619	1.6276e-05	533.934	1	0	0	1	
65	0.1	0.249246	0	84.5812	200.119	1.98626e-05	200.119	1.98626e-05	531.387	1	0	0	1	
65	0.1	0.250754	0	84.1673	200.626	7.22451e-06	200.626	7.22451e-06	528.783	1	0	0	1	
65	0.1	0.252261	0	83.744	201.142	2.25832e-07	201.142	2.25832e-07	526.119	1	0	0	1	
65	0.1	0.253769	0	83.311	201.665	1.73658e-05	201.665	1.73658e-05	523.394	1	0	0	1	
65	0.1	0.255276	0	82.8683	202.196	3.06843e-05	202.196	3.06843e-05	520.607	1	0	0	1	
65	0.1	0.256784	0	82.4156	202.736	1.58659e-05	202.736	1.58659e-05	517.756	1	0	0	1	
65	0.1	0.258291	0	81.9527	203.283	1.26542e-05	203.283	1.26542e-05	514.84	1	0	0	1	
65	0.1	0.259799	0	81.4794	203.838	1.96681e-05	203.838	1.96681e-05	511.859	1	0	0	1	
65	0.1	0.261307	0	80.9954	204.402	2.23973e-06	204.402	2.23973e-06	508.81	1	0	0	1	
65	0.1	0.262814	0	80.5006	204.973	2.16237e-06	204.973	2.16237e-06	505.692	1	0	0	1	
65	0.1	0.264322	0	79.9947	205.552	8.94232e-06	205.552	8.94232e-06	502.503	1	0	0	1	
65	0.1	0.265829	0	79.4775	206.138	2.51211e-05	206.138	2.51211e-05	499.241	1	0	0	1	
65	0.1	0.267337	0	78.9487	206.733	2.12255e-05	206.733	2.12255e-05	495.904	1	0	0	1	
65	0.1	0.268844	0	78.4079	207.336	1.21403e-05	207.336	1.21403e-05	492.491	1	0	0	1	
65	0.1	0.270352	0	77.8476	207.954	4.6282e-05	207.954	4.6282e-05	489.178	1	0	0	1	
65	0.1	0.271859	0	77.2813	208.573	3.96341e-06	208.573	3.96341e-06	485.626	1	0	0	1	
65	0.1	0.273367	0	76.7021	209.2	2.54363e-05	209.2	2.54363e-05	481.995	1	0	0	1	
65	0.1	0.274874	0	76.1097	209.835	2.77619e-05	209.835	2.77619e-05	478.282	1	0	0	1	
65	0.1	0.276382	0	75.5037	210.477	8.32579e-06	210.477	8.32579e-06	474.485	1	0	0	1	
65	0.1	0.277889	0	74.8838	211.127	3.0956e-06	211.127	3.0956e-06	470.602	1	0	0	1	
65	0.1	0.279397	0	74.2495	211.786	6.88246e-06	211.786	6.88246e-06	466.633	1	0	0	1	
65	0.1	0.280905	0	73.6004	212.451	2.48516e-06	212.451	2.48516e-06	462.573	1	0	0	1	
65	0.1	0.282412	0	72.9362	213.125	2.1243e-06	213.125	2.1243e-06	458.422	1	0	0	1	
65	0.1	0.28392	0	72.2562	213.806	1.3565e-05	213.806	1.3565e-05	454.178	1	0	0	1	
65	0.1	0.285427	0	71.5714	214.484	2.40954e-05	214.484	2.40954e-05	449.625	1	0	0	1	
65	0.1	0.286935	1	70.8611	0	204.802	215.178	0	445.147	1	0	0	1	
65	0.1	0.288442	1	70.1343	0	206.077	215.88	0	440.559	1	0	0	1	
65	0.1	0.28995	1	69.3904	0	207.347	216.588	0	435.858	1	0	0	1	
65	0.1	0.291457	1	68.6292	0	208.614	217.303	0	431.04	1	0	0	1	
65	0.1	0.292965	1	67.8502	0	209.876	218.025	0	426.098	1	0	0	1	
65	0.1	0.294472	1	67.0352	0	211.138	218.768	0	421.306	1	0	0	1	
65	0.1	0.29598	1	66.2135	0	212.393	219.507	0	416.182	1	0	0	1	
65	0.1	0.297487	1	65.3708	0	213.645	220.253	0	410.943	1	0	0	1	
65	0.1	0.298995	1	64.5263	0	214.889	220.988	0	405.304	1	0	0	1	
65	0.1	0.300503	1	63.6473	0	216.131	221.742	0	399.724	1	0	0	1	
65	0.1	0.30201	1	62.7482	0	217.37	222.499	0	393.984	1	0	0	1	
65	0.1	0.303518	1	61.7958	0	218.612	223.287	0	388.484	1	0	0	1	
65	0.1	0.305025	1	60.8664	0	219.84	224.043	0	382.256	1	0	0	1	
65	0.1	0.306533	1	59.8981	0	221.067	224.815	0	376.041	1	0	0	1	
65	0.1	0.30804	1	58.8539	0	222.301	225.632	0	370.112	1	0	0	1	
65	0.1	0.309548	1	57.8209	0	223.524	226.423	0	363.535	1	0	0	1	
65	0.1	0.311055	1	56.7897	0	224.738	227.196	0	356.475	1	0	0	1	
65	0.1	0.312563	1	55.6981	0	225.954	227.997	0	349.551	1	0	0	1	
65	0.1	0.31407	1	54.5688	0	227.168	228.806	0	342.512	1	0	0	1	
65	0.1	0.315578	1	53.3576	0	228.387	229.654	0	335.701	1	0	0	1	
65	0.1	0.317085	1	52.2388	0	229.58	230.417	0	327.709	1	0	0	1	
65	0.1	0.318593	-2	0	0	0	0	0	0	1	0	0	1	
65	0.1	0.320101	-2	0	0	0	0	0	0	1	0	0	1	
65	0.1	0.321608	-2	0	0	0	0	0	0	1	0	0	1	
65	0.1	0.323116	-2	0	0	0	0	0	0	1	0	0	1	
65	0.1	0.324623	-2	0	0	0	0	0	0	1	0	0	1	
65	0.1	0.326131	-2	0	0	0	0	0	0	1	0	0	1	
65	0.1	0.327638	-2	0	0	0	0	0	0	1	0	0	1	
65	0.1	0.329146	-2	0	0	0	0	0	0	1	0	0	1	
65	0.1	0.330653	-2	0	0	0	0	0	0	1	0	0	1	
65	0.1	0.332161	-2	0	0	0	0	0	0	1	0	0	1	
65	0.1	0.333668	-2	0	0	0	0	0	0	1	0	0	1	
65	0.1	0.335176	-2	0	0	0	0	0	0	1	0	0	1	
65	0.1	0.336683	-2	0	0	0	0	0	0	1	0	0	1	
65	0.1	0.338191	-2	0	0	0	0	0	0	1	0	0	1	
65	0.1	0.339698	-2	0	0	0	0	0	0	1	0	0	1	
65	0.1	0.341206	-2	0	0	0	0	0	0	1	0	0	1	
65	0.1	0.342714	-2	0	0	0	0	0	0	1	0	0	1	
65	0.1	0.344221	-2	0	0	0	0	0	0	1	0	0	1	
