65	0.0615578	0.3	1	85.0752	0	269.976	199.198	0	42.5444	1	0	0	1	
65	0.0625126	0.3	1	86.0437	0	267.53	197.955	0	43.0256	1	0	0	1	
65	0.0634673	0.3	1	86.9727	0	265.143	196.742	0	43.4759	1	0	0	1	
65	0.0644221	0.3	1	87.8537	0	262.818	195.573	0	43.919	1	0	0	1	
65	0.0653769	0.3	1	88.6966	0	260.548	194.437	0	44.3421	1	0	0	1	
65	0.0663317	0.3	1	89.5035	0	258.332	193.333	0	44.7467	1	0	0	1	
65	0.0672864	0.3	1	90.2767	0	256.168	192.259	0	45.1343	1	0	0	1	
65	0.0682412	0.3	1	91.0181	0	254.054	191.215	0	45.5057	1	0	0	1	
65	0.069196	0.3	1	91.7295	0	251.987	190.2	0	45.862	1	0	0	1	
65	0.0701508	0.3	1	92.4128	0	249.967	189.213	0	46.2039	1	0	0	1	
65	0.0711055	0.3	1	93.0652	0	247.993	188.258	0	46.5423	1	0	0	1	
65	0.0720603	0.3	1	93.6971	0	246.06	187.322	0	46.8571	1	0	0	1	
65	0.0730151	0.3	1	94.3051	0	244.169	186.411	0	47.1601	1	0	0	1	
65	0.0739698	0.3	1	94.8905	0	242.317	185.525	0	47.4519	1	0	0	1	
65	0.0749246	0.3	1	95.4543	0	240.504	184.661	0	47.7332	1	0	0	1	
65	0.0758794	0.3	1	95.9978	0	238.728	183.82	0	48.0044	1	0	0	1	
65	0.0768342	0.3	1	96.522	0	236.988	183.001	0	48.2659	1	0	0	1	
65	0.0777889	0.3	1	97.0278	0	235.283	182.203	0	48.5183	1	0	0	1	
65	0.0787437	0.3	1	97.5161	0	233.611	181.425	0	48.7621	1	0	0	1	
65	0.0796985	0.3	1	97.9877	0	231.972	180.667	0	48.9976	1	0	0	1	
65	0.0806533	0.3	1	98.4435	0	230.365	179.927	0	49.2251	1	0	0	1	
65	0.081608	0.3	1	98.884	0	228.787	179.206	0	49.4451	1	0	0	1	
65	0.0825628	0.3	1	99.3101	0	227.239	178.503	0	49.6579	1	0	0	1	
65	0.0835176	0.3	1	99.7223	0	225.72	177.818	0	49.8638	1	0	0	1	
65	0.0844724	0.3	1	100.121	0	224.229	177.149	0	50.063	1	0	0	1	
65	0.0854271	0.3	1	100.507	0	222.764	176.496	0	50.256	1	0	0	1	
65	0.0863819	0.3	1	100.881	0	221.326	175.86	0	50.443	1	0	0	1	
65	0.0873367	0.3	1	101.244	0	219.913	175.239	0	50.624	1	0	0	1	
65	0.0882915	0.3	1	101.595	0	218.524	174.633	0	50.799	1	0	0	1	
65	0.0892462	0.3	1	101.935	0	217.159	174.042	0	50.969	1	0	0	1	
65	0.090201	0.3	1	102.264	0	215.818	173.465	0	51.1335	1	0	0	1	
65	0.0911558	0.3	1	102.583	0	214.499	172.903	0	51.2935	1	0	0	1	
65	0.0921106	0.3	1	102.893	0	213.203	172.355	0	51.4475	1	0	0	1	
65	0.0930653	0.3	1	103.192	0	211.928	171.821	0	51.5975	1	0	0	1	
65	0.0940201	0.3	1	103.481	0	210.674	171.302	0	51.742	1	0	0	1	
65	0.0949749	0.3	1	103.76	0	209.441	170.799	0	51.8815	1	0	0	1	
65	0.0959296	0.3	1	104.029	0	208.228	170.312	0	52.0155	1	0	0	1	
65	0.0968844	0.3	1	104.293	0	207.034	169.83	0	52.1385	1	0	0	1	
65	0.0978392	0.3	1	104.548	0	205.858	169.362	0	52.2665	1	0	0	1	
65	0.098794	0.3	1	104.797	0	204.7	168.903	0	52.3915	1	0	0	1	
65	0.0997487	0.3	1	105.041	0	203.559	168.452	0	52.5135	1	0	0	1	
65	0.100704	0.3	1	105.279	0	202.435	168.009	0	52.6325	1	0	0	1	
65	0.101658	0.3	1	105.511	0	201.328	167.575	0	52.749	1	0	0	1	
65	0.102613	0.3	1	105.738	0	200.236	167.148	0	52.863	1	0	0	1	
65	0.103568	0.3	1	105.96	0	199.16	166.729	0	52.974	1	0	0	1	
65	0.104523	0.3	0	106.177	4.74456e-06	198.099	4.74456e-06	198.099	53.0825	1	0	0	1	
65	0.105477	0.3	0	106.39	6.02575e-06	197.052	6.02575e-06	197.052	53.189	1	0	0	1	
65	0.106432	0.3	1	106.597	0	196.021	165.514	0	53.293	1	0	0	1	
65	0.107387	0.3	1	106.801	0	195.003	165.124	0	53.395	1	0	0	1	
65	0.108342	0.3	0	107	6.19636e-06	193.999	6.19636e-06	193.999	53.4945	1	0	0	1	
65	0.109296	0.3	0	107.194	5.89029e-06	193.009	5.89029e-06	193.009	53.5925	1	0	0	1	
65	0.110251	0.3	0	107.385	1.54062e-05	192.031	1.54062e-05	192.031	53.688	1	0	0	1	
65	0.111206	0.3	0	107.572	5.60176e-06	191.067	5.60176e-06	191.067	53.7815	1	0	0	1	
65	0.112161	0.3	0	107.756	7.23867e-06	190.115	7.23867e-06	190.115	53.873	1	0	0	1	
65	0.113116	0.3	0	107.935	2.01014e-06	189.175	2.01014e-06	189.175	53.963	1	0	0	1	
65	0.11407	0.3	0	108.111	2.14398e-05	188.248	2.14398e-05	188.248	54.051	1	0	0	1	
65	0.115025	0.3	0	108.284	4.9978e-05	187.332	4.9978e-05	187.332	54.1375	1	0	0	1	
65	0.11598	0.3	0	108.453	1.90511e-05	186.428	1.90511e-05	186.428	54.222	1	0	0	1	
65	0.116935	0.3	0	108.619	5.37105e-06	185.535	5.37105e-06	185.535	54.305	1	0	0	1	
65	0.117889	0.3	0	108.781	8.21092e-06	184.653	8.21092e-06	184.653	54.3865	1	0	0	1	
65	0.118844	0.3	0	108.941	1.90437e-05	183.781	1.90437e-05	183.781	54.4665	1	0	0	1	
65	0.119799	0.3	0	109.098	9.30413e-08	182.921	9.30413e-08	182.921	54.545	1	0	0	1	
65	0.120754	0.3	0	109.252	1.95993e-05	182.07	1.95993e-05	182.07	54.622	1	0	0	1	
65	0.121709	0.3	0	109.403	4.12038e-06	181.23	4.12038e-06	181.23	54.6975	1	0	0	1	
65	0.122663	0.3	0	109.551	2.23101e-05	180.4	2.23101e-05	180.4	54.772	1	0	0	1	
65	0.123618	0.3	0	109.696	1.89597e-07	179.579	1.89597e-07	179.579	54.8445	1	0	0	1	
65	0.124573	0.3	0	109.839	3.77281e-05	178.768	3.77281e-05	178.768	54.916	1	0	0	1	
65	0.125528	0.3	0	109.98	1.00568e-05	177.966	1.00568e-05	177.966	54.9865	1	0	0	1	
65	0.126482	0.3	0	110.118	3.26111e-06	177.173	3.26111e-06	177.173	55.0555	1	0	0	1	
65	0.127437	0.3	0	110.253	1.98025e-05	176.39	1.98025e-05	176.39	55.1235	1	0	0	1	
65	0.128392	0.3	0	110.387	4.08634e-05	175.615	4.08634e-05	175.615	55.19	1	0	0	1	
65	0.129347	0.3	0	110.518	1.90826e-05	174.848	1.90826e-05	174.848	55.2555	1	0	0	1	
65	0.130302	0.3	0	110.646	5.05584e-06	174.091	5.05584e-06	174.091	55.32	1	0	0	1	
65	0.131256	0.3	0	110.773	1.39207e-05	173.341	1.39207e-05	173.341	55.3835	1	0	0	1	
65	0.132211	0.3	0	110.898	4.21236e-06	172.6	4.21236e-06	172.6	55.446	1	0	0	1	
65	0.133166	0.3	0	111.02	2.12049e-05	171.866	2.12049e-05	171.866	55.507	1	0	0	1	
65	0.134121	0.3	0	111.14	9.89084e-08	171.141	9.89084e-08	171.141	55.5675	1	0	0	1	
65	0.135075	0.3	0	111.259	1.56158e-07	170.423	1.56158e-07	170.423	55.6265	1	0	0	1	
65	0.13603	0.3	0	111.376	2.61609e-06	169.712	2.61609e-06	169.712	55.685	1	0	0	1	
65	0.136985	0.3	0	111.49	2.34986e-05	169.009	2.34986e-05	169.009	55.7425	1	0	0	1	
65	0.13794	0.3	0	111.603	1.78439e-05	168.314	1.78439e-05	168.314	55.799	1	0	0	1	
65	0.138894	0.3	0	111.715	1.25585e-05	167.625	1.25585e-05	167.625	55.8545	1	0	0	1	
65	0.139849	0.3	0	111.824	6.00449e-06	166.944	6.00449e-06	166.944	55.9095	1	0	0	1	
65	0.140804	0.3	0	111.932	8.72641e-05	166.269	8.72641e-05	166.269	55.963	1	0	0	1	
65	0.141759	0.3	0	112.038	3.33293e-05	165.602	3.33293e-05	165.602	56.0165	1	0	0	1	
65	0.142714	0.3	0	112.142	5.59344e-06	164.94	5.59344e-06	164.94	56.0685	1	0	0	1	
65	0.143668	0.3	0	112.245	2.48592e-05	164.286	2.48592e-05	164.286	56.12	1	0	0	1	
65	0.144623	0.3	0	112.347	4.59019e-06	163.638	4.59019e-06	163.638	56.171	1	0	0	1	
65	0.145578	0.3	0	112.446	1.38893e-05	162.996	1.38893e-05	162.996	56.221	1	0	0	1	
65	0.146533	0.3	0	112.545	3.61698e-05	162.36	3.61698e-05	162.36	56.27	1	0	0	1	
65	0.147487	0.3	0	112.642	7.19944e-06	161.731	7.19944e-06	161.731	56.3185	1	0	0	1	
65	0.148442	0.3	0	112.737	8.51231e-05	161.107	8.51231e-05	161.107	56.3665	1	0	0	1	
65	0.149397	0.3	0	112.831	1.7471e-05	160.49	1.7471e-05	160.49	56.4135	1	0	0	1	
65	0.150352	0.3	0	112.924	2.62651e-05	159.878	2.62651e-05	159.878	56.46	1	0	0	1	
65	0.151307	0.3	0	113.016	2.50744e-06	159.272	2.50744e-06	159.272	56.5055	1	0	0	1	
65	0.152261	0.3	0	113.106	8.80024e-06	158.672	8.80024e-06	158.672	56.551	1	0	0	1	
65	0.153216	0.3	0	113.195	4.24042e-05	158.077	4.24042e-05	158.077	56.595	1	0	0	1	
65	0.154171	0.3	0	113.283	4.7465e-06	157.487	4.7465e-06	157.487	56.639	1	0	0	1	
65	0.155126	0.3	0	113.369	2.99833e-06	156.903	2.99833e-06	156.903	56.6825	1	0	0	1	
65	0.15608	0.3	0	113.454	1.71473e-05	156.325	1.71473e-05	156.325	56.725	1	0	0	1	
65	0.157035	0.3	0	113.539	1.99918e-06	155.751	1.99918e-06	155.751	56.767	1	0	0	1	
65	0.15799	0.3	0	113.622	2.32003e-07	155.182	2.32003e-07	155.182	56.8085	1	0	0	1	
65	0.158945	0.3	0	113.704	5.59089e-06	154.619	5.59089e-06	154.619	56.8495	1	0	0	1	
65	0.159899	0.3	0	113.784	1.78122e-05	154.061	1.78122e-05	154.061	56.89	1	0	0	1	
65	0.160854	0.3	0	113.864	2.293e-05	153.507	2.293e-05	153.507	56.93	1	0	0	1	
65	0.161809	0.3	0	113.943	1.92109e-05	152.958	1.92109e-05	152.958	56.9695	1	0	0	1	
65	0.162764	0.3	0	114.02	2.01254e-06	152.414	2.01254e-06	152.414	57.008	1	0	0	1	
65	0.163719	0.3	0	114.097	3.03608e-06	151.875	3.03608e-06	151.875	57.0465	1	0	0	1	
65	0.164673	0.3	0	114.173	2.56319e-06	151.34	2.56319e-06	151.34	57.0845	1	0	0	1	
65	0.165628	0.3	0	114.247	2.56821e-06	150.81	2.56821e-06	150.81	57.1215	1	0	0	1	
65	0.166583	0.3	0	114.321	1.03614e-06	150.284	1.03614e-06	150.284	57.1585	1	0	0	1	
65	0.167538	0.3	0	114.394	7.4623e-06	149.762	7.4623e-06	149.762	57.195	1	0	0	1	
65	0.168492	0.3	0	114.466	4.71035e-05	149.245	4.71035e-05	149.245	57.231	1	0	0	1	
65	0.169447	0.3	0	114.537	4.72089e-06	148.732	4.72089e-06	148.732	57.2665	1	0	0	1	
65	0.170402	0.3	0	114.607	1.81575e-06	148.224	1.81575e-06	148.224	57.3015	1	0	0	1	
65	0.171357	0.3	0	114.676	1.77222e-05	147.719	1.77222e-05	147.719	57.336	1	0	0	1	
65	0.172312	0.3	0	114.744	4.62223e-06	147.219	4.62223e-06	147.219	57.3705	1	0	0	1	
65	0.173266	0.3	0	114.812	3.08518e-05	146.722	3.08518e-05	146.722	57.404	1	0	0	1	
65	0.174221	0.3	0	114.879	1.80795e-06	146.23	1.80795e-06	146.23	57.4375	1	0	0	1	
65	0.175176	0.3	0	114.945	3.33783e-06	145.741	3.33783e-06	145.741	57.4705	1	0	0	1	
65	0.176131	0.3	0	115.01	1.07287e-05	145.257	1.07287e-05	145.257	57.503	1	0	0	1	
65	0.177085	0.3	0	115.074	2.04792e-05	144.776	2.04792e-05	144.776	57.5355	1	0	0	1	
65	0.17804	0.3	0	115.138	7.0295e-06	144.299	7.0295e-06	144.299	57.567	1	0	0	1	
65	0.178995	0.3	0	115.201	2.82516e-05	143.825	2.82516e-05	143.825	57.5985	1	0	0	1	
65	0.17995	0.3	0	115.263	3.38557e-05	143.355	3.38557e-05	143.355	57.6295	1	0	0	1	
65	0.180905	0.3	0	115.324	9.56045e-06	142.889	9.56045e-06	142.889	57.6605	1	0	0	1	
65	0.181859	0.3	0	115.385	1.07964e-05	142.426	1.07964e-05	142.426	57.6905	1	0	0	1	
65	0.182814	0.3	0	115.445	3.83164e-06	141.967	3.83164e-06	141.967	57.7205	1	0	0	1	
65	0.183769	0.3	0	115.504	9.39881e-06	141.512	9.39881e-06	141.512	57.7505	1	0	0	1	
65	0.184724	0.3	0	115.563	1.98935e-05	141.059	1.98935e-05	141.059	57.7795	1	0	0	1	
65	0.185678	0.3	0	115.621	9.45909e-06	140.61	9.45909e-06	140.61	57.8085	1	0	0	1	
65	0.186633	0.3	0	115.678	1.81567e-05	140.165	1.81567e-05	140.165	57.8375	1	0	0	1	
65	0.187588	0.3	0	115.735	1.99716e-05	139.723	1.99716e-05	139.723	57.8655	1	0	0	1	
65	0.188543	0.3	0	115.791	2.50049e-06	139.284	2.50049e-06	139.284	57.8935	1	0	0	1	
65	0.189497	0.3	0	115.846	4.15454e-05	138.848	4.15454e-05	138.848	57.9215	1	0	0	1	
65	0.190452	0.3	0	115.901	4.80583e-06	138.415	4.80583e-06	138.415	57.949	1	0	0	1	
65	0.191407	0.3	0	115.955	1.02709e-05	137.985	1.02709e-05	137.985	57.976	1	0	0	1	
65	0.192362	0.3	0	116.009	1.05159e-05	137.559	1.05159e-05	137.559	58.003	1	0	0	1	
65	0.193317	0.3	0	116.062	7.73955e-07	137.135	7.73955e-07	137.135	58.0295	1	0	0	1	
65	0.194271	0.3	0	116.114	5.91188e-07	136.715	5.91188e-07	136.715	58.0555	1	0	0	1	
65	0.195226	0.3	0	116.166	6.22505e-06	136.297	6.22505e-06	136.297	58.0815	1	0	0	1	
65	0.196181	0.3	0	116.217	3.8386e-06	135.883	3.8386e-06	135.883	58.1075	1	0	0	1	
65	0.197136	0.3	0	116.268	1.55264e-05	135.471	1.55264e-05	135.471	58.1325	1	0	0	1	
65	0.19809	0.3	0	116.319	1.74035e-05	135.062	1.74035e-05	135.062	58.158	1	0	0	1	
65	0.199045	0.3	0	116.368	1.03388e-05	134.656	1.03388e-05	134.656	58.183	1	0	0	1	
65	0.2	0.3	0	116.418	1.9809e-05	134.253	1.9809e-05	134.253	58.2075	1	0	0	1	
