65	0.01	0.3	-3	0	0	0	0	0	86.5	1	2	0	1	
65	0.01095477386934673	0.3	-3	0	0	0	0	0	86.5	1	2	0	1	
65	0.01190954773869347	0.3	-3	0	0	0	0	0	86.5	1	2	0	1	
65	0.0128643216080402	0.3	-3	0	0	0	0	0	86.5	1	2	0	1	
65	0.01381909547738694	0.3	-3	0	0	0	0	0	86.5	1	2	0	1	
65	0.01477386934673367	0.3	-3	0	0	0	0	0	86.5	1	2	0	1	
65	0.0157286432160804	0.3	-3	0	0	0	0	0	86.5	1	2	0	1	
65	0.01668341708542714	0.3	-3	0	0	0	0	0	86.5	1	2	0	1	
65	0.01763819095477387	0.3	-3	0	0	0	0	0	86.5	1	2	0	1	
65	0.0185929648241206	0.3	-3	0	0	0	0	0	86.5	1	2	0	1	
65	0.01954773869346734	0.3	-3	0	0	0	0	0	86.5	1	2	0	1	
65	0.02050251256281407	0.3	-3	0	0	0	0	0	86.5	1	2	0	1	
65	0.02145728643216081	0.3	-3	0	0	0	0	0	86.5	1	2	0	1	
65	0.02241206030150754	0.3	-2	0	0	0	0	0	86.5	1	2	0	1	
65	0.02336683417085427	0.3	-3	0	0	0	0	0	86.5	1	2	0	1	
65	0.024321608040201	0.3	-3	0	0	0	0	0	86.5	1	2	0	1	
65	0.02527638190954774	0.3	-3	0	0	0	0	0	86.5	1	2	0	1	
65	0.02623115577889448	0.3	-2	0	0	0	0	0	86.5	1	2	0	1	
65	0.02718592964824121	0.3	-2	0	0	0	0	0	86.5	1	2	0	1	
65	0.02814070351758794	0.3	-2	0	0	0	0	0	86.5	1	2	0	1	
65	0.02909547738693467	0.3	-2	0	0	0	0	0	86.5	1	2	0	1	
65	0.03005025125628141	0.3	-2	0	0	0	0	0	86.5	1	2	0	1	
65	0.03100502512562815	0.3	-2	0	0	0	0	0	86.5	1	2	0	1	
65	0.03195979899497488	0.3	-2	0	0	0	0	0	86.5	1	2	0	1	
65	0.03291457286432161	0.3	-2	0	0	0	0	0	86.5	1	2	0	1	
65	0.03386934673366834	0.3	-2	0	0	0	0	0	86.5	1	2	0	1	
65	0.03482412060301508	0.3	-2	0	0	0	0	0	86.5	1	2	0	1	
65	0.03577889447236181	0.3	-2	0	0	0	0	0	86.5	1	2	0	1	
65	0.03673366834170855	0.3	-2	0	0	0	0	0	86.5	1	2	0	1	
65	0.03768844221105528	0.3	-2	0	0	0	0	0	86.5	1	2	0	1	
65	0.03864321608040201	0.3	-2	0	0	0	0	0	86.5	1	2	0	1	
65	0.03959798994974875	0.3	-2	0	0	0	0	0	86.5	1	2	0	1	
65	0.04055276381909548	0.3	-2	0	0	0	0	0	86.5	1	2	0	1	
65	0.04150753768844222	0.3	-2	0	0	0	0	0	86.5	1	2	0	1	
65	0.04246231155778895	0.3	-2	0	0	0	0	0	86.5	1	2	0	1	
65	0.04341708542713568	0.3	-2	0	0	0	0	0	86.5	1	2	0	1	
65	0.04437185929648241	0.3	-2	0	0	0	0	0	86.5	1	2	0	1	
65	0.04532663316582915	0.3	-2	0	0	0	0	0	86.5	1	2	0	1	
65	0.04628140703517589	0.3	-2	0	0	0	0	0	86.5	1	2	0	1	
65	0.04723618090452262	0.3	-2	0	0	0	0	0	86.5	1	2	0	1	
65	0.04819095477386935	0.3	-2	0	0	0	0	0	86.5	1	2	0	1	
65	0.04914572864321608	0.3	1	43.61750975008614	-248.4088036382329	-1.363424225619969e-05	-1.733888464303807e-05	315.5895791423139	86.5	1	2	0	1	
65	0.05010050251256282	0.3	1	52.81800732264699	-247.58164059059	-1.16786158436688e-05	1.689813812377088e-05	312.0121923385734	86.5	1	2	0	1	
65	0.05105527638190955	0.3	1	59.20837747565413	-246.6278694000642	-1.73390779634186e-05	-4.527378794694226e-06	308.5457561912761	86.5	1	2	0	1	
65	0.05201005025125629	0.3	1	64.27689053260772	-245.6126875153989	-8.862974067258816e-06	1.311227923420089e-06	305.1819678360594	86.5	1	2	0	1	
65	0.05296482412060302	0.3	1	68.5494647428138	-244.5617929035567	-4.588397981887711e-06	-1.274337881501664e-05	301.9137170337185	86.5	1	2	0	1	
65	0.05391959798994975	0.3	1	72.26393608243932	-243.4931860681105	-3.571839078606032e-06	-2.908461542767365e-05	298.7370519466708	86.5	1	2	0	1	
65	0.05487437185929649	0.3	1	75.56641696403804	-242.4155544336451	-8.019475634113427e-06	6.308839002367589e-06	295.6472704042723	86.5	1	2	0	1	
65	0.05582914572864322	0.3	1	78.54739183055283	-241.3352017076306	2.070325680354759e-05	-3.08325465523257e-05	292.640359377921	86.5	1	2	0	1	
65	0.05678391959798995	0.3	1	81.2685859653342	-240.2563953515788	2.252642752279682e-06	-8.634183454028096e-06	289.7127078677161	86.5	1	2	0	1	
65	0.05773869346733669	0.3	1	83.77434906701049	-239.1822272453549	7.87435680327242e-05	-2.201567060577947e-05	286.8609159822706	86.5	1	2	0	1	
65	0.05869346733668342	0.3	1	86.09783079957673	-238.1149023692967	5.43063364013413e-06	1.145797770164825e-05	284.0817736440621	86.5	1	2	0	1	
65	0.05964824120603016	0.3	1	88.26459136698217	-237.0559845128158	-2.262012024478732e-05	1.444920266187582e-05	281.3723486764739	86.5	1	2	0	1	
65	0.06060301507537689	0.3	1	90.2948393689618	-236.0066410947254	1.136766024669583e-06	1.900628501318169e-05	278.7297858268821	86.5	1	2	0	1	
65	0.06155778894472362	0.3	1	92.20488536475347	-234.9677127003253	1.072787166545019e-06	-3.178515671475868e-05	276.1514474878599	86.5	1	2	0	1	
65	0.06251256281407035	0.3	1	94.008123031099	-233.9398212128633	9.530188257457148e-06	-2.766389240029646e-06	273.6348044100209	86.5	1	2	0	1	
65	0.06346733668341709	0.3	1	95.7105532058942	232.9264795159446	2.375649822261572e-05	1.203102791640792e-05	271.1783706184288	86.5	1	2	0	1	
65	0.06442211055276383	0.3	1	97.33315800618055	-231.9210862821924	2.031663217822062e-05	1.880348978897106e-06	268.7780268430063	86.5	1	2	0	1	
65	0.06537688442211055	0.3	1	98.88022098908309	-230.9257616072213	2.441860212521949e-05	-4.10423609101848e-07	266.4322144811396	86.5	1	2	0	1	
65	0.06633165829145729	0.3	1	100.3521150635803	-229.9448500284424	-8.566647600933273e-06	-1.615120114979489e-05	264.1400333932405	86.5	1	2	0	1	
65	0.06728643216080402	0.3	1	101.7587477688205	-228.9759396078095	-1.178294815074379e-05	-1.202126588834744e-05	261.8989183430099	86.5	1	2	0	1	
65	0.06824120603015076	0.3	1	103.1053639780952	-228.0189748567194	2.640733446958542e-05	1.938063075890284e-05	259.7071636033153	86.5	1	2	0	1	
65	0.0691959798994975	0.3	1	104.3922994122165	-227.0770995163478	6.553944385263855e-06	8.343956972287334e-06	257.5638607855445	86.5	1	2	0	1	
65	0.07015075376884422	0.3	1	105.6365527463025	-226.1405944240553	-2.973593242819317e-08	-2.728821530281755e-06	255.4650766691722	86.5	1	2	0	1	
65	0.07110552763819096	0.3	1	106.8289590666166	-225.2188528737429	-1.957963874876789e-05	-1.151318878241103e-05	253.4118045136031	86.5	1	2	0	1	
65	0.07206030150753769	0.3	1	107.9770404955955	-224.3085585578679	-1.097756890797164e-05	1.183066771306279e-05	251.4021225504009	86.5	1	2	0	1	
65	0.07301507537688443	0.3	1	109.0837513314586	-223.4095630299738	-1.315328140447797e-05	-2.558905665472899e-06	249.4353773129292	86.5	1	2	0	1	
65	0.07396984924623115	0.3	1	110.1517816921831	-222.521626151667	2.003092521174743e-05	-7.853470792480027e-06	247.5127059527797	86.5	1	2	0	1	
65	0.07492462311557789	0.3	1	111.1839266045118	-221.644265728239	-3.329403769300788e-06	1.790756549788913e-05	245.6048473611932	86.5	1	2	0	1	
65	0.07587939698492462	0.3	1	112.1816851817687	-220.7777893810366	-4.390213451455232e-06	6.576932846827453e-06	243.7602309792239	86.5	1	2	0	1	
65	0.07683417085427136	0.3	1	113.1470417167491	-219.9220939149197	-9.409262910375915e-06	-1.885660568102035e-06	241.9303784180654	86.5	1	2	0	1	
65	0.07778894472361809	0.3	1	114.0819290551597	-219.0768641985659	-1.91532908981884e-05	-1.127852053671441e-05	240.1384420452159	86.5	1	2	0	1	
65	0.07874371859296482	0.3	1	114.9880621087407	-218.2418994731451	-8.929461812745565e-07	4.921680876329715e-05	238.3815740334845	86.5	1	2	0	1	
65	0.07969849246231156	0.3	1	115.8670023667404	217.4169778622844	7.022696416503216e-06	-9.531759238626085e-06	236.6581167382587	86.5	1	2	0	1	
65	0.08065326633165829	0.3	1	116.720184492834	-216.6018473630904	7.455318435586888e-06	-3.162631908028637e-06	234.96678200412	86.5	1	2	0	1	
65	0.08160804020100502	0.3	1	117.5489321982918	-215.7963593638346	2.526241071282949e-05	-1.482083248589817e-05	233.3064423235868	86.5	1	2	0	1	
65	0.08256281407035176	0.3	1	118.3544704220547	-215.0003226919878	-6.097171939745474e-06	-4.853050269037172e-06	231.6760880897457	86.5	1	2	0	1	
65	0.08351758793969849	0.3	1	119.1379353953311	-214.2134787325404	4.021250839841922e-05	-1.009651447850257e-06	230.0747903589998	86.5	1	2	0	1	
65	0.08447236180904523	0.3	1	119.9003937666666	213.435685159845	-8.419119076397141e-06	-2.453382404838528e-05	228.5016289074957	86.5	1	2	0	1	
65	0.08542713567839195	0.3	1	120.6428057379418	212.6667656153787	-1.845072636361134e-05	3.585679420686771e-06	226.9558250212786	86.5	1	2	0	1	
65	0.08638190954773869	0.3	1	121.3661012648173	211.9064820914545	4.855719835605843e-06	1.689236156332541e-05	225.4365281659624	86.5	1	2	0	1	
65	0.08733668341708542	0.3	1	122.0711390960729	211.1546833568604	3.359722914385993e-05	5.839937222917868e-06	223.9429710251933	86.5	1	2	0	1	
65	0.08829145728643216	0.3	1	122.7587216609679	210.4111971116646	-1.426283294647668e-05	-2.748919737016742e-05	222.4744179981233	86.5	1	2	0	1	
65	0.0892462311557789	0.3	1	123.4296010524172	209.675840088447	4.887003424994957e-06	2.373170191610763e-07	221.0301925170036	86.5	1	2	0	1	
65	0.09020100502512562	0.3	1	124.0844832046688	208.9484386371341	-1.529841724462466e-05	-1.235587159365004e-06	219.6096024317671	86.5	1	2	0	1	
65	0.09115577889447236	0.3	1	124.7240316014236	208.2288168668448	-9.655338776060063e-06	-3.435091486736486e-05	218.2119897396508	86.5	1	2	0	1	
65	0.09211055276381909	0.3	1	125.3488706206232	207.5168354957001	-2.303676200254151e-05	1.819822087845147e-05	216.8367076058912	86.5	1	2	0	1	
65	0.09306532663316583	0.3	1	125.9595885467607	206.8123198949487	1.028053498543602e-05	4.049638737065711e-06	215.4831869693922	86.5	1	2	0	1	
65	0.09402010050251257	0.3	1	126.5567402908997	206.1151000454767	-1.941603083512045e-05	3.441650303659567e-05	214.1508403488866	86.5	1	2	0	1	
65	0.09497487437185929	0.3	1	127.1408498589036	205.4250383972033	5.737249866188954e-06	9.121599842454309e-06	212.8391079671958	86.5	1	2	0	1	
65	0.09592964824120603	0.3	1	127.7124017888286	204.7420476374948	-2.715845787726323e-05	-9.570866167131487e-06	211.5474409808329	86.5	1	2	0	1	
65	0.09688442211055276	0.3	1	128.2718725604514	204.0658868319286	1.958208699068167e-05	-6.695582882090823e-07	210.2753622928694	86.5	1	2	0	1	
65	0.0978391959798995	0.3	1	128.819707011939	203.3964824063073	1.070341658643672e-05	-1.262774290583524e-05	209.0223206012353	86.5	1	2	0	1	
65	0.09879396984924622	0.3	1	129.3563278630301	202.7336666252222	-8.780115045906728e-06	-2.256369133454145e-05	207.7878627344492	86.5	1	2	0	1	
65	0.09974874371859296	0.3	1	129.8821357194698	202.0773145433961	-1.040295011868388e-05	-3.778100943923105e-06	206.5714961719443	86.5	1	2	0	1	
65	0.1007035175879397	0.3	1	130.3975106514001	201.4272947564794	8.278483511578449e-06	3.530288998243591e-06	205.3727942313202	86.5	1	2	0	1	
65	0.1016582914572864	0.3	1	130.9028136152355	200.7834535958222	-9.582441437110123e-06	9.6998411454784e-06	204.1913188870676	86.5	1	2	0	1	
65	0.1026130653266332	0.3	1	131.3983877678837	200.1457360822357	-7.713569621819669e-06	-2.000483416143793e-05	203.0266310430436	86.5	1	2	0	1	
65	0.1035678391959799	0.3	1	131.8845596466456	199.5139341860624	2.956173656162898e-05	-8.884905975989774e-06	201.8783355758256	86.5	1	2	0	1	
65	0.1045226130653266	0.3	1	132.3616402267287	198.8880067997205	7.859617240105199e-06	-1.445380094593392e-05	200.7460634059521	86.5	1	2	0	1	
65	0.1054773869346734	0.3	1	132.8299259502629	198.2677992325384	-1.067868137777372e-05	2.438931870263686e-06	199.6293966290898	86.5	1	2	0	1	
65	0.1064321608040201	0.3	1	133.2896995769026	197.6532041756024	1.393774635772074e-05	-4.662761726169449e-06	198.5279704815873	86.5	1	2	0	1	
65	0.1073869346733668	0.3	1	133.7412310618053	197.0441121837312	-3.836945191251773e-06	-1.005848030887781e-05	197.4414678508958	86.5	1	2	0	1	
65	0.1083417085427136	0.3	1	134.1847782696614	196.4404353064014	-3.383756271291283e-06	1.140226750831475e-05	196.3695076652558	86.5	1	2	0	1	
65	0.1092964824120603	0.3	1	134.6205877295352	195.8420727113211	-4.618730052698139e-05	1.903367939222215e-05	195.3117563774148	86.5	1	2	0	1	
65	0.110251256281407	0.3	1	135.0488952526972	195.2488967920212	3.779305322304527e-05	7.715833437393904e-06	194.2679061181795	86.5	1	2	0	1	
65	0.1112060301507538	0.3	1	135.4699265428069	194.6608297476362	-1.300575586933583e-05	6.679920051866218e-06	193.2376479496188	86.5	1	2	0	1	
65	0.1121608040201005	0.3	1	135.8838977630493	194.0777831439078	1.845347162343918e-05	3.413471184376959e-06	192.2206662251147	86.5	1	2	0	1	
65	0.1131155778894472	0.3	1	136.2910160541636	193.4996643082093	-9.068723321596536e-06	1.126804960448335e-05	191.2166550695231	86.5	1	2	0	1	
65	0.114070351758794	0.3	1	136.6914800156111	192.926382025405	-3.841163357247261e-05	-2.0519983611203e-05	190.22535476061	86.5	1	2	0	1	
65	0.1150251256281407	0.3	1	137.0854801615272	192.3578364817321	-4.869642006480324e-06	2.102370011924926e-05	189.2464757043905	86.5	1	2	0	1	
65	0.1159798994974874	0.3	1	137.4731993252917	191.7939118034011	4.744340021733962e-06	-1.38791779800973e-06	188.2797521616727	86.5	1	2	0	1	
65	0.1169346733668342	0.3	1	137.8548132521765	191.2345957328835	-1.056158036250032e-06	7.893244055978688e-06	187.3249155480198	86.5	1	2	0	1	
65	0.1178894472361809	0.3	1	138.2304902155421	190.6797669456678	-1.688644017885411e-05	-4.967014788581636e-06	186.3817144876813	86.5	1	2	0	1	
65	0.1188442211055276	0.3	1	138.6003933147355	190.1293243868956	1.295694756010823e-05	4.064866820489865e-06	185.4499057664571	86.5	1	2	0	1	
65	0.1197989949748744	0.3	1	138.9646780696577	189.5834016135617	1.127040564696813e-05	1.154882283093545e-06	184.5292669965668	86.5	1	2	0	1	
65	0.1207537688442211	0.3	1	139.3235560572506	189.0407980601131	-5.41826325544183e-05	4.213848312655628e-05	183.6195236883869	86.5	1	2	0	1	
65	0.1217085427135678	0.3	1	139.677000326006	188.5038096891592	-5.647479150994172e-08	-2.060713359475306e-05	182.7205027136817	86.5	1	2	0	1	
65	0.1226633165829146	0.3	1	140.0252785408955	187.9715397111211	-7.161578852939209e-07	-5.193531361481849e-06	181.831964255755	86.5	1	2	0	1	
65	0.1236180904522613	0.3	1	140.3685214204618	187.598978703832	-1.295042519688493e-05	1.315848729013986e-05	180.9536850026991	86.5	1	2	0	1	
65	0.124572864321608	0.3	1	140.706912260387	186.9194897561831	-1.136245834794901e-06	1.646316319547231e-05	180.0854501625004	86.5	1	2	0	1	
65	0.1255276381909548	0.3	1	141.0404479448167	186.3956720375714	-1.226368576401696e-05	-2.309269287771587e-08	179.2270694402741	86.5	1	2	0	1	
65	0.1264824120603015	0.3	1	141.3692676558126	185.8755566339166	-1.22210649401433e-05	5.766497272790665e-06	178.3783758721976	86.5	1	2	0	1	
65	0.1274371859296483	0.3	1	141.6935592382886	185.3639339878784	2.365040290120031e-06	-5.722886435891158e-06	177.539161148639	86.5	1	2	0	1	
65	0.128391959798995	0.3	1	142.0134016702926	184.8527770717052	2.889275549165706e-05	-1.406393576122891e-05	176.7092114785353	86.5	1	2	0	1	
65	0.1293467336683417	0.3	1	142.3289016117917	184.3471685973686	5.916929451413365e-06	-8.840720708490259e-06	175.8883797750077	86.5	1	2	0	1	
65	0.1303015075376885	0.3	1	142.6401589649669	183.8455706958051	-2.783408733678973e-05	3.782307748624765e-05	175.0764866133042	86.5	1	2	0	1	
65	0.1312562814070352	0.3	1	142.9473072621976	183.3459212144694	2.884315015695693e-05	2.147179717842864e-05	174.2733388622648	86.5	1	2	0	1	
65	0.1322110552763819	0.3	1	143.2503879499453	182.8482638829215	-8.736215776551648e-06	4.910144386541249e-06	173.4787809865722	86.5	1	2	0	1	
65	0.1331658291457287	0.3	1	143.5494917070084	182.3604696305563	2.305828635471366e-05	1.453488124844582e-05	172.6926710540208	86.5	1	2	0	1	
65	0.1341206030150754	0.3	1	143.8447400690431	181.8853665488606	4.498316031567584e-06	-4.619367273905938e-05	171.9148271540582	86.5	1	2	0	1	
65	0.1350753768844221	0.3	1	144.1362198266826	181.3887733677297	6.959213862689495e-05	1.062243660185369e-05	171.1451133539232	86.5	1	2	0	1	
65	0.1360301507537689	0.3	1	144.4240408575985	180.9026061890347	-3.043138249436694e-05	-4.885316085632974e-05	170.3833582012034	86.5	1	2	0	1	
65	0.1369849246231156	0.3	1	144.7081396624621	180.4304922651812	5.752990202195774e-06	9.891826070029808e-06	169.6294554767777	86.5	1	2	0	1	
65	0.1379396984924623	0.3	1	144.9888663148473	179.9357452776151	1.97907501605088e-05	-2.072588715010433e-05	168.8832044408904	86.5	1	2	0	1	
65	0.1388944723618091	0.3	1	145.2661494339718	179.4755174286866	-2.479855198328669e-05	9.07661217005272e-07	168.1444904325478	86.5	1	2	0	1	
65	0.1398492462311558	0.3	1	145.5400431762038	179.0045178254489	3.607862694821051e-06	5.793062196886994e-06	167.4131867570973	86.5	1	2	0	1	
65	0.1408040201005025	0.3	1	145.8106749310995	178.5290381338617	1.145154928715482e-05	-1.570052971221095e-05	166.6891518134004	86.5	1	2	0	1	
65	0.1417587939698493	0.3	1	146.0780838107404	178.0612452950766	8.457699852333113e-06	-6.723189216334566e-06	165.9722483795678	86.5	1	2	0	1	
65	0.142713567839196	0.3	1	146.342354747204	177.6004643131351	2.909112690573359e-05	1.331195814557873e-05	165.2623815054554	86.5	1	2	0	1	
65	0.1436683417085427	0.3	1	146.6035514029592	177.1339959820769	-1.338072018143566e-05	-9.93717099233315e-06	164.559413265072	86.5	1	2	0	1	
65	0.1446231155778895	0.3	1	146.8617161092545	176.7024169688813	-6.358533569894576e-06	-4.237335938626994e-06	163.8631974718153	86.5	1	2	0	1	
65	0.1455778894472362	0.3	1	147.1169197611721	176.1851139955157	5.144954064669827e-06	1.833392673894133e-05	163.1736494347215	86.5	1	2	0	1	
65	0.1465326633165829	0.3	1	147.3692090054325	175.7518981964583	1.587227284799431e-05	-5.277672825143402e-05	162.4906529865465	86.5	1	2	0	1	
65	0.1474874371859297	0.3	1	147.6187719735645	175.3273842412497	-4.739677321752983e-05	-7.927918284389044e-05	161.8140660711305	86.5	1	2	0	1	
65	0.1484422110552764	0.3	1	147.8654581627454	174.8863474997618	1.509396446552902e-05	-4.333828607379353e-06	161.1438200256518	86.5	1	2	0	1	
65	0.1493969849246231	0.3	1	148.1094422100119	174.4341387617247	4.888995008833774e-07	-1.506913434124596e-05	160.4797941560448	86.5	1	2	0	1	
65	0.1503517587939699	0.3	1	148.3507637600239	173.9971047309972	-1.204449066713096e-05	1.458171811646869e-05	159.8218547335006	86.5	1	2	0	1	
65	0.1513065326633166	0.3	1	148.5894634374567	173.5580709225073	-1.886236659871809e-06	1.642818161520787e-06	159.1699279237752	86.5	1	2	0	1	
65	0.1522613065326633	0.3	1	148.8256001151802	173.121993649224	2.611288087128391e-05	-1.286053488180894e-05	158.5239415788869	86.5	1	2	0	1	
65	0.1532160804020101	0.3	1	149.0592204829467	172.6888661947851	-3.879506289328205e-06	-8.952165212683383e-06	157.8837612739906	86.5	1	2	0	1	
65	0.1541708542713568	0.3	1	149.2903730226549	172.2579021979513	-7.856036795095278e-06	2.28337165320662e-05	157.249292661727	86.5	1	2	0	1	
65	0.1551256281407035	0.3	1	149.5191050620114	171.8294107511228	1.788684357706405e-05	2.123347787600293e-06	156.620453951593	86.5	1	2	0	1	
65	0.1560804020100503	0.3	1	149.7454621059477	171.4033270179281	3.404184337751914e-06	1.136465369932539e-05	155.9971467576694	86.5	1	2	0	1	
65	0.157035175879397	0.3	1	149.9694886701072	170.9795652589085	-4.545428306107664e-05	-5.261161917149287e-06	155.3792973058861	86.5	1	2	0	1	
65	0.1579899497487437	0.3	1	150.1912280823033	170.5581323907309	-1.596802800709739e-05	-1.597768656972818e-05	154.7667832425746	86.5	1	2	0	1	
65	0.1589447236180905	0.3	1	150.4107225118518	170.1389964870085	1.295519067023854e-05	8.248862166566971e-05	154.1595522220389	86.5	1	2	0	1	
65	0.1598994974874372	0.3	1	150.6280130351935	169.7220872423026	5.094637807010957e-06	-4.573179715391831e-06	153.5575298381544	86.5	1	2	0	1	
65	0.1608542713567839	0.3	1	150.8431396775186	169.307412089958	-8.942901043405317e-06	-5.083620719390988e-05	152.9606192689962	86.5	1	2	0	1	
65	0.1618090452261307	0.3	1	151.0561414256239	168.8949310042447	-3.057474422008682e-05	6.744517344288437e-06	152.3687150414814	86.5	1	2	0	1	
65	0.1627638190954774	0.3	1	151.2670562792765	168.4846089814633	1.42012180500893e-05	1.150114406401129e-06	151.7817907789419	86.5	1	2	0	1	
65	0.1637185929648241	0.3	1	151.4759212727551	168.0764210199835	4.392889025179019e-05	-1.562575078231654e-06	151.1997340287762	86.5	1	2	0	1	
65	0.1646733668341709	0.3	1	151.682772511972	167.6703528537589	2.382734762296094e-05	-2.685214963476295e-05	150.6224734022737	86.5	1	2	0	1	
65	0.1656281407035176	0.3	1	151.8876451977232	167.266343215235	-4.004838377827044e-05	-1.379969045650631e-05	150.0499619161608	86.5	1	2	0	1	
65	0.1665829145728643	0.3	1	152.0905743063587	166.8643986506788	-2.511333768309698e-05	-2.42641348251714e-05	149.4820900589664	86.5	1	2	0	1	
65	0.1675376884422111	0.3	1	152.2915913917251	166.4644844612449	1.295899144707416e-05	-3.018027490940545e-05	148.9188007082817	86.5	1	2	0	1	
65	0.1684924623115578	0.3	1	152.4907310501595	166.0665739513633	-2.035156594389076e-05	-2.457077280304532e-06	148.3600477397925	86.5	1	2	0	1	
65	0.1694472361809045	0.3	1	152.688024952928	165.6706427268725	-1.197158437937773e-05	-2.340584717957193e-06	147.8057322534276	86.5	1	2	0	1	
65	0.1704020100502513	0.3	1	152.8835028698234	165.2766534262366	2.994763333596939e-06	-1.08554074153e-05	147.2558059618516	86.5	1	2	0	1	
65	0.171356783919598	0.3	1	153.0771968350131	164.8846060263562	-7.941040688547174e-06	2.768952834826012e-06	146.7101853059044	86.5	1	2	0	1	
65	0.1723115577889447	0.3	1	153.2691353055957	164.4944701597749	2.741884049595189e-05	-2.786090689042842e-05	146.1688708661991	86.5	1	2	0	1	
65	0.1732663316582915	0.3	1	153.4593473278904	164.1062001534509	6.458966328906635e-06	1.610503299421997e-05	145.6317173915457	86.5	1	2	0	1	
65	0.1742211055276382	0.3	1	153.6478619712524	163.7198113752883	6.586169814970511e-06	-1.338218175840275e-05	145.0987062423322	86.5	1	2	0	1	
65	0.175175879396985	0.3	1	153.8347060038383	163.3352351448633	1.639380411588842e-06	9.682572771379186e-06	144.56976187276	86.5	1	2	0	1	
65	0.1761306532663317	0.3	1	154.0199066483039	162.9525035136313	-1.73865074686308e-05	-6.180743608419359e-06	144.044850519685	86.5	1	2	0	1	
65	0.1770854271356784	0.3	1	154.2034902253539	162.5715559907269	7.343905047196841e-06	-1.424117937009242e-05	143.5238924680289	86.5	1	2	0	1	
65	0.1780402010050252	0.3	1	154.3854823222657	162.1923963738869	2.275892254484692e-06	-3.199860358099604e-06	143.0068465518903	86.5	1	2	0	1	
65	0.1789949748743719	0.3	1	154.5659084735496	161.8149877721122	9.915843092567408e-06	1.025970972676119e-05	142.4936484547383	86.5	1	2	0	1	
65	0.1799497487437186	0.3	1	154.7447928365554	161.4393272134534	3.191618469810936e-05	-2.234497644771141e-07	141.9842255183699	86.5	1	2	0	1	
65	0.1809045226130653	0.3	1	154.9221594630321	161.0653850991475	4.692890134463945e-05	1.28959122394634e-06	141.4785642445894	86.5	1	2	0	1	
65	0.1818592964824121	0.3	1	155.0980320840889	160.6931373547247	3.338861377250729e-05	-1.953836564272393e-05	140.9765792271809	86.5	1	2	0	1	
65	0.1828140703517588	0.3	1	155.2724333817166	160.3225843045533	6.18663823165333e-06	1.063296253529626e-05	140.4782648797599	86.5	1	2	0	1	
65	0.1837688442211055	0.3	1	155.4453858731551	159.9536938210903	1.744760789308686e-05	5.747820683472959e-07	139.9835032023578	86.5	1	2	0	1	
65	0.1847236180904523	0.3	1	155.6169114520894	159.5864483184978	-1.867884375573135e-05	2.312114644958431e-05	139.4922841138076	86.5	1	2	0	1	
65	0.185678391959799	0.3	1	155.7870317108189	159.2208594875183	-2.612296481863119e-05	3.456685773959011e-06	139.0045675900584	86.5	1	2	0	1	
65	0.1866331658291457	0.3	1	155.9557674957144	158.8568707577514	2.704520767880428e-05	6.575172657731845e-06	138.5202901025253	86.5	1	2	0	1	
65	0.1875879396984925	0.3	1	156.1231393512093	158.49449882136	-2.892119870817611e-05	-3.177356852308519e-05	138.0394177613697	86.5	1	2	0	1	
65	0.1885427135678392	0.3	1	156.2891674471251	158.1337153365504	4.64224710394201e-05	2.001139146268855e-05	137.5619054705213	86.5	1	2	0	1	
65	0.1894974874371859	0.3	1	156.4538713269064	157.7745181001284	-3.000668737035417e-05	5.24059032414731e-06	137.0876933783317	86.5	1	2	0	1	
65	0.1904522613065327	0.3	1	156.6172702837551	157.4168714421841	3.177549703840821e-05	1.319863383861253e-05	136.6167423582712	86.5	1	2	0	1	
65	0.1914070351758794	0.3	1	156.7793831134861	157.0607739319198	1.557412465479394e-05	1.147736911134845e-05	136.1490197190494	86.5	1	2	0	1	
65	0.1923618090452262	0.3	1	156.9402282356024	156.7061963433981	-7.052902201363048e-05	-2.399684737664897e-05	135.6844586095933	86.5	1	2	0	1	
65	0.1933165829145729	0.3	1	157.0998236493513	156.3531820098512	-0.000109099902352144	-4.052679565325068e-06	135.2230533200033	86.5	1	2	0	1	
65	0.1942713567839196	0.3	1	157.2581870036501	156.0016551067039	2.785557624471191e-05	-2.082747054144019e-05	134.7647281275576	86.5	1	2	0	1	
65	0.1952261306532664	0.3	1	157.4153355569219	155.651638305684	-7.614386771004344e-05	4.079510537026323e-06	134.3094678959141	86.5	1	2	0	1	
65	0.1961809045226131	0.3	1	157.5712862294782	155.3031275674757	-4.251780392910964e-05	-2.357483072458434e-05	133.8572598015902	86.5	1	2	0	1	
65	0.1971356783919598	0.3	1	157.726055541803	154.9560887251089	2.78682682743189e-05	5.815815125778667e-06	133.4079628982701	86.5	1	2	0	1	
65	0.1980904522613066	0.3	1	157.8796597021191	154.6105204267403	-1.194045825339204e-05	1.943272526569451e-05	132.9616477825057	86.5	1	2	0	1	
65	0.1990452261306533	0.3	1	158.0321145597475	154.2664335371923	5.214752238321893e-05	-2.971557687895751e-05	132.5182232480171	86.5	1	2	0	1	
65	0.2	0.3	1	158.1834356385626	153.9237991106056	-0.0001106628542809282	-3.275089798684613e-05	132.0776550773854	86.5	1	2	0	1	
