65	0.1	0.1	1	nan	0	1599.98	1599.98	0	346	0	2	0	1	
65	0.1	0.10303	1	nan	0	1599.98	1599.98	0	346	0	2	0	1	
65	0.1	0.106061	1	nan	0	1599.98	1599.98	0	346	0	2	0	1	
65	0.1	0.109091	1	nan	0	1599.98	1599.98	0	346	0	2	0	1	
65	0.1	0.112121	1	nan	0	1599.98	1599.98	0	346	0	2	0	1	
65	0.1	0.115152	1	nan	0	1599.98	1599.98	0	346	0	2	0	1	
65	0.1	0.118182	1	nan	0	1599.98	1599.98	0	346	0	2	0	1	
65	0.1	0.121212	1	nan	0	1599.98	1599.98	0	346	0	2	0	1	
65	0.1	0.124242	1	nan	0	1599.98	1599.98	0	346	0	2	0	1	
65	0.1	0.127273	1	nan	0	1599.98	1599.98	0	346	0	2	0	1	
65	0.1	0.130303	1	nan	0	1599.98	1599.98	0	346	0	2	0	1	
65	0.1	0.133333	1	nan	0	1599.98	1599.98	0	346	0	2	0	1	
65	0.1	0.136364	1	nan	0	1599.98	1599.98	0	346	0	2	0	1	
65	0.1	0.139394	1	nan	0	1599.98	1599.98	0	346	0	2	0	1	
65	0.1	0.142424	1	124.23	0	181.965	181.965	0	346	0	2	0	1	
65	0.1	0.145455	1	124.312	0	181.757	181.757	0	346	0	2	0	1	
65	0.1	0.148485	1	124.379	0	181.578	181.578	0	346	0	2	0	1	
65	0.1	0.151515	1	124.43	0	181.43	181.43	0	346	0	2	0	1	
65	0.1	0.154545	1	124.466	0	181.311	181.311	0	346	0	2	0	1	
65	0.1	0.157576	1	124.485	0	181.223	181.223	0	346	0	2	0	1	
65	0.1	0.160606	1	124.489	0	181.165	181.165	0	346	0	2	0	1	
65	0.1	0.163636	1	124.478	0	181.138	181.138	0	346	0	2	0	1	
65	0.1	0.166667	1	124.45	0	181.142	181.142	0	346	0	2	0	1	
65	0.1	0.169697	1	124.407	0	181.176	181.176	0	346	0	2	0	1	
65	0.1	0.172727	1	124.348	0	181.241	181.241	0	346	0	2	0	1	
65	0.1	0.175758	1	124.272	0	181.338	181.338	0	346	0	2	0	1	
65	0.1	0.178788	1	124.181	0	181.465	181.465	0	346	0	2	0	1	
65	0.1	0.181818	1	124.073	0	181.624	181.624	0	346	0	2	0	1	
65	0.1	0.184848	1	123.949	0	181.815	181.815	0	346	0	2	0	1	
65	0.1	0.187879	1	123.808	0	182.037	182.037	0	346	0	2	0	1	
65	0.1	0.190909	1	123.65	0	182.291	182.291	0	346	0	2	0	1	
65	0.1	0.193939	1	123.476	0	182.577	182.577	0	346	0	2	0	1	
65	0.1	0.19697	1	123.284	0	182.895	182.895	0	346	0	2	0	1	
65	0.1	0.2	1	123.075	0	183.245	183.245	0	346	0	2	0	1	
65	0.1	0.20303	1	122.849	0	183.628	183.628	0	346	0	2	0	1	
65	0.1	0.206061	1	122.6	0	184.05	184.05	0	346	0	2	0	1	
65	0.1	0.209091	1	122.327	0	184.518	184.518	0	346	0	2	0	1	
65	0.1	0.212121	1	122.031	0	185.026	185.026	0	346	0	2	0	1	
65	0.1	0.215152	1	121.713	0	185.572	185.572	0	346	0	2	0	1	
65	0.1	0.218182	1	121.373	0	186.157	186.157	0	346	0	2	0	1	
65	0.1	0.221212	1	121.01	0	186.78	186.78	0	346	0	2	0	1	
65	0.1	0.224242	1	120.626	0	187.44	187.44	0	346	0	2	0	1	
65	0.1	0.227273	1	120.218	0	188.138	188.138	0	346	0	2	0	1	
65	0.1	0.230303	1	119.787	0	188.872	188.872	0	346	0	2	0	1	
65	0.1	0.233333	1	119.333	0	189.644	189.644	0	346	0	2	0	1	
65	0.1	0.236364	1	118.855	0	190.453	190.453	0	346	0	2	0	1	
65	0.1	0.239394	1	118.352	0	191.299	191.299	0	346	0	2	0	1	
65	0.1	0.242424	1	117.824	0	192.181	192.181	0	346	0	2	0	1	
65	0.1	0.245455	1	117.27	0	193.101	193.101	0	346	0	2	0	1	
65	0.1	0.248485	1	116.691	0	194.057	194.057	0	346	0	2	0	1	
65	0.1	0.251515	1	116.084	0	195.05	195.05	0	346	0	2	0	1	
65	0.1	0.254545	1	115.449	0	196.08	196.08	0	346	0	2	0	1	
65	0.1	0.257576	1	114.786	0	197.147	197.147	0	346	0	2	0	1	
65	0.1	0.260606	1	114.093	0	198.251	198.251	0	346	0	2	0	1	
65	0.1	0.263636	1	113.371	0	199.391	199.391	0	346	0	2	0	1	
65	0.1	0.266667	1	112.617	0	200.569	200.569	0	346	0	2	0	1	
65	0.1	0.269697	1	111.831	0	201.783	201.783	0	346	0	2	0	1	
65	0.1	0.272727	1	111.011	0	203.035	203.035	0	346	0	2	0	1	
65	0.1	0.275758	1	110.156	0	204.323	204.323	0	346	0	2	0	1	
65	0.1	0.278788	1	109.266	0	205.649	205.649	0	346	0	2	0	1	
65	0.1	0.281818	1	108.338	0	207.013	207.013	0	346	0	2	0	1	
65	0.1	0.284848	1	107.371	0	208.414	208.414	0	346	0	2	0	1	
65	0.1	0.287879	1	106.364	0	209.853	209.853	0	346	0	2	0	1	
65	0.1	0.290909	1	105.314	0	211.33	211.33	0	346	0	2	0	1	
65	0.1	0.293939	1	104.219	0	212.846	212.846	0	346	0	2	0	1	
65	0.1	0.29697	1	103.077	0	214.4	214.4	0	346	0	2	0	1	
65	0.1	0.3	1	101.886	0	215.993	215.993	0	346	0	2	0	1	
65	0.1	0.30303	1	100.644	0	217.626	217.626	0	346	0	2	0	1	
65	0.1	0.306061	1	99.3459	0	219.298	219.298	0	346	0	2	0	1	
65	0.1	0.309091	1	97.9898	0	221.012	221.012	0	346	0	2	0	1	
65	0.1	0.312121	1	96.5714	0	222.767	222.767	0	346	0	2	0	1	
65	0.1	0.315152	1	95.0863	0	224.565	224.565	0	346	0	2	0	1	
65	0.1	0.318182	1	93.5297	0	226.406	226.406	0	346	0	2	0	1	
65	0.1	0.321212	1	91.896	0	228.293	228.293	0	346	0	2	0	1	
65	0.1	0.324242	1	90.1785	0	230.226	230.226	0	346	0	2	0	1	
65	0.1	0.327273	1	88.3697	0	232.208	232.208	0	346	0	2	0	1	
65	0.1	0.330303	1	86.4607	0	234.24	234.24	0	346	0	2	0	1	
65	0.1	0.333333	1	84.4406	0	236.326	236.326	0	346	0	2	0	1	
65	0.1	0.336364	1	82.2967	0	238.468	238.468	0	346	0	2	0	1	
65	0.1	0.339394	1	80.013	0	240.671	240.671	0	346	0	2	0	1	
65	0.1	0.342424	1	77.5697	0	242.941	242.941	0	346	0	2	0	1	
65	0.1	0.345455	1	74.9412	0	245.284	245.284	0	346	0	2	0	1	
65	0.1	0.348485	1	72.0943	0	247.709	247.709	0	346	0	2	0	1	
65	0.1	0.351515	1	68.9831	0	250.229	250.229	0	346	0	2	0	1	
65	0.1	0.354545	1	65.543	0	252.861	252.861	0	346	0	2	0	1	
65	0.1	0.357576	1	61.6759	0	255.632	255.632	0	346	0	2	0	1	
65	0.1	0.360606	1	57.2221	0	258.584	258.584	0	346	0	2	0	1	
65	0.1	0.363636	1	51.8864	0	261.795	261.795	0	346	0	2	0	1	
65	0.1	0.366667	1	44.9989	0	265.43	265.43	0	346	0	2	0	1	
65	0.1	0.369697	1	34.1303	0	270.049	270.049	0	346	0	2	0	1	
65	0.1	0.372727	-2	0	0	0	0	0	346	0	2	0	1	
65	0.1	0.375758	-2	0	0	0	0	0	346	0	2	0	1	
65	0.1	0.378788	-2	0	0	0	0	0	346	0	2	0	1	
65	0.1	0.381818	-2	0	0	0	0	0	346	0	2	0	1	
65	0.1	0.384848	-2	0	0	0	0	0	346	0	2	0	1	
65	0.1	0.387879	-2	0	0	0	0	0	346	0	2	0	1	
65	0.1	0.390909	-2	0	0	0	0	0	346	0	2	0	1	
65	0.1	0.393939	-2	0	0	0	0	0	346	0	2	0	1	
65	0.1	0.39697	-2	0	0	0	0	0	346	0	2	0	1	
65	0.1	0.4	-2	0	0	0	0	0	346	0	2	0	1	
