65	0.01	0.3	-2	0	0	0	0	0	173	0	0	0	1	
65	0.0119192	0.3	-2	0	0	0	0	0	173	0	0	0	1	
65	0.0138384	0.3	-2	0	0	0	0	0	173	0	0	0	1	
65	0.0157576	0.3	-2	0	0	0	0	0	173	0	0	0	1	
65	0.0176768	0.3	-2	0	0	0	0	0	173	0	0	0	1	
65	0.019596	0.3	-2	0	0	0	0	0	173	0	0	0	1	
65	0.0215152	0.3	-2	0	0	0	0	0	173	0	0	0	1	
65	0.0234343	0.3	-2	0	0	0	0	0	173	0	0	0	1	
65	0.0253535	0.3	-2	0	0	0	0	0	173	0	0	0	1	
65	0.0272727	0.3	-2	0	0	0	0	0	173	0	0	0	1	
65	0.0291919	0.3	-2	0	0	0	0	0	173	0	0	0	1	
65	0.0311111	0.3	-2	0	0	0	0	0	173	0	0	0	1	
65	0.0330303	0.3	-2	0	0	0	0	0	173	0	0	0	1	
65	0.0349495	0.3	-2	0	0	0	0	0	173	0	0	0	1	
65	0.0368687	0.3	-2	0	0	0	0	0	173	0	0	0	1	
65	0.0387879	0.3	-2	0	0	0	0	0	173	0	0	0	1	
65	0.0407071	0.3	-2	0	0	0	0	0	173	0	0	0	1	
65	0.0426263	0.3	-2	0	0	0	0	0	173	0	0	0	1	
65	0.0445455	0.3	-2	0	0	0	0	0	173	0	0	0	1	
65	0.0464646	0.3	-2	0	0	0	0	0	173	0	0	0	1	
65	0.0483838	0.3	-2	0	0	0	0	0	173	0	0	0	1	
65	0.050303	0.3	-2	0	0	0	0	0	173	0	0	0	1	
65	0.0522222	0.3	-2	0	0	0	0	0	173	0	0	0	1	
65	0.0541414	0.3	-2	0	0	0	0	0	173	0	0	0	1	
65	0.0560606	0.3	-2	0	0	0	0	0	173	0	0	0	1	
65	0.0579798	0.3	-2	0	0	0	0	0	173	0	0	0	1	
65	0.059899	0.3	-2	0	0	0	0	0	173	0	0	0	1	
65	0.0618182	0.3	-2	0	0	0	0	0	173	0	0	0	1	
65	0.0637374	0.3	1	34.6454	0	273.04	240.412	0	173	0	0	0	1	
65	0.0656566	0.3	1	43.7002	0	267.653	236.144	0	173	0	0	0	1	
65	0.0675758	0.3	1	49.5909	0	262.753	232.785	0	173	0	0	0	1	
65	0.0694949	0.3	1	54.0816	0	258.181	229.9	0	173	0	0	0	1	
65	0.0714141	0.3	1	57.7381	0	227.336	227.336	0	173	0	0	0	1	
65	0.0733333	0.3	1	60.8269	0	225.015	225.015	0	173	0	0	0	1	
65	0.0752525	0.3	1	63.4983	0	222.889	222.889	0	173	0	0	0	1	
65	0.0771717	0.3	1	65.8473	0	220.926	220.926	0	173	0	0	0	1	
65	0.0790909	0.3	1	67.9382	0	238.664	219.103	0	173	0	0	0	1	
65	0.0810101	0.3	1	69.8173	0	217.403	217.403	0	173	0	0	0	1	
65	0.0829293	0.3	1	71.5187	0	215.812	215.812	0	173	0	0	0	1	
65	0.0848485	0.3	1	73.069	0	214.318	214.318	0	173	0	0	0	1	
65	0.0867677	0.3	1	74.4888	0	212.912	212.912	0	173	0	0	0	1	
65	0.0886869	0.3	1	75.7947	0	211.586	211.586	0	173	0	0	0	1	
65	0.0906061	0.3	1	77.0001	0	220.206	210.335	0	173	0	0	0	1	
65	0.0925253	0.3	1	78.1159	0	217.514	209.152	0	173	0	0	0	1	
65	0.0944444	0.3	1	79.151	0	214.914	208.033	0	173	0	0	0	1	
65	0.0963636	0.3	1	80.1118	0	212.402	206.976	0	173	0	0	0	1	
65	0.0982828	0.3	1	80.9997	0	209.973	205.983	0	173	0	0	0	1	
65	0.100202	0.3	1	81.8317	0	205.038	205.038	0	173	0	0	0	1	
65	0.102121	0.3	1	82.6164	0	204.134	204.134	0	173	0	0	0	1	
65	0.10404	0.3	1	83.3581	0	203.267	203.267	0	173	0	0	0	1	
65	0.10596	0.3	1	84.0604	0	202.436	202.436	0	173	0	0	0	1	
65	0.107879	0.3	1	84.7266	0	201.639	201.639	0	173	0	0	0	1	
65	0.109798	0.3	1	85.3595	0	200.872	200.872	0	173	0	0	0	1	
65	0.111717	0.3	1	85.9616	0	200.134	200.134	0	173	0	0	0	1	
65	0.113636	0.3	1	86.5354	0	199.424	199.424	0	173	0	0	0	1	
65	0.115556	0.3	1	87.0828	0	198.74	198.74	0	173	0	0	0	1	
65	0.117475	0.3	1	87.6056	0	198.08	198.08	0	173	0	0	0	1	
65	0.119394	0.3	1	88.1057	0	197.443	197.443	0	173	0	0	0	1	
65	0.121313	0.3	1	88.5843	0	196.828	196.828	0	173	0	0	0	1	
65	0.123232	0.3	1	89.0431	0	196.233	196.233	0	173	0	0	0	1	
65	0.125152	0.3	1	89.4831	0	195.659	195.659	0	173	0	0	0	1	
65	0.127071	0.3	1	89.9057	0	195.103	195.103	0	173	0	0	0	1	
65	0.12899	0.3	1	90.3117	0	194.564	194.564	0	173	0	0	0	1	
65	0.130909	0.3	1	90.7023	0	194.043	194.043	0	173	0	0	0	1	
65	0.132828	0.3	1	91.0783	0	193.537	193.537	0	173	0	0	0	1	
65	0.134747	0.3	1	91.4405	0	193.047	193.047	0	173	0	0	0	1	
65	0.136667	0.3	1	91.7896	0	192.571	192.571	0	173	0	0	0	1	
65	0.138586	0.3	1	92.1265	192.109	192.109	192.109	192.109	173	0	0	0	1	
65	0.140505	0.3	1	92.4517	191.661	191.661	191.661	191.661	173	0	0	0	1	
65	0.142424	0.3	1	92.7659	191.225	191.225	191.225	191.225	173	0	0	0	1	
65	0.144343	0.3	1	93.0696	190.801	190.801	190.801	190.801	173	0	0	0	1	
65	0.146263	0.3	1	93.3633	190.39	190.39	190.39	190.39	173	0	0	0	1	
65	0.148182	0.3	1	93.6476	189.989	189.989	189.989	189.989	173	0	0	0	1	
65	0.150101	0.3	1	93.9229	189.599	189.599	189.599	189.599	173	0	0	0	1	
65	0.15202	0.3	1	94.1896	189.219	189.219	189.219	189.219	173	0	0	0	1	
65	0.153939	0.3	1	94.4481	188.849	188.849	188.849	188.849	173	0	0	0	1	
65	0.155859	0.3	1	94.6988	188.489	188.489	188.489	188.489	173	0	0	0	1	
65	0.157778	0.3	1	94.9421	188.138	188.138	188.138	188.138	173	0	0	0	1	
65	0.159697	0.3	1	95.1783	187.795	187.795	187.795	187.795	173	0	0	0	1	
65	0.161616	0.3	1	95.4077	187.461	187.461	187.461	187.461	173	0	0	0	1	
65	0.163535	0.3	1	95.6306	187.135	187.135	187.135	187.135	173	0	0	0	1	
65	0.165455	0.3	1	95.8472	186.817	186.817	186.817	186.817	173	0	0	0	1	
65	0.167374	0.3	1	96.0579	186.507	186.507	186.507	186.507	173	0	0	0	1	
65	0.169293	0.3	1	96.2628	186.204	186.204	186.204	186.204	173	0	0	0	1	
65	0.171212	0.3	1	96.4623	185.907	185.907	185.907	185.907	173	0	0	0	1	
65	0.173131	0.3	1	96.6565	185.618	185.618	185.618	185.618	173	0	0	0	1	
65	0.175051	0.3	1	96.8456	185.335	185.335	185.335	185.335	173	0	0	0	1	
65	0.17697	0.3	1	97.0299	185.059	185.059	185.059	185.059	173	0	0	0	1	
65	0.178889	0.3	1	97.2095	184.788	184.788	184.788	184.788	173	0	0	0	1	
65	0.180808	0.3	1	97.3846	184.524	184.524	184.524	184.524	173	0	0	0	1	
65	0.182727	0.3	1	97.5554	184.265	184.265	184.265	184.265	173	0	0	0	1	
65	0.184646	0.3	1	97.722	184.012	184.012	184.012	184.012	173	0	0	0	1	
65	0.186566	0.3	1	97.8846	183.764	183.764	183.764	183.764	173	0	0	0	1	
65	0.188485	0.3	1	98.0433	183.521	183.521	183.521	183.521	173	0	0	0	1	
65	0.190404	0.3	1	98.1983	183.283	183.283	183.283	183.283	173	0	0	0	1	
65	0.192323	0.3	1	98.3497	183.05	183.05	183.05	183.05	173	0	0	0	1	
65	0.194242	0.3	1	98.4976	182.822	182.822	182.822	182.822	173	0	0	0	1	
65	0.196162	0.3	1	98.6421	182.599	182.599	182.599	182.599	173	0	0	0	1	
65	0.198081	0.3	1	98.7834	182.379	182.379	182.379	182.379	173	0	0	0	1	
65	0.2	0.3	1	98.9216	182.165	182.165	182.165	182.165	173	0	0	0	1	
