65	0.1	0.1	1	155.74	41.1143	-8.17828e-07	-1.6105e-05	-1.33989e-05	346	0	0	0	1	
65	0.1	0.10303	1	155.711	41.1137	8.21763e-06	-1.70505e-05	2.13436e-06	346	0	0	0	1	
65	0.1	0.106061	1	155.682	41.114	5.14656e-07	-7.57845e-06	-6.57116e-06	346	0	0	0	1	
65	0.1	0.109091	1	155.651	41.1153	2.23799e-06	8.45406e-06	-1.31576e-05	346	0	0	0	1	
65	0.1	0.112121	1	155.62	41.118	2.75218e-05	-1.86166e-05	-2.49796e-05	346	0	0	0	1	
65	0.1	0.115152	1	155.588	41.1222	1.37148e-05	1.43825e-05	-7.58001e-06	346	0	0	0	1	
65	0.1	0.118182	1	155.555	41.1286	-4.24998e-06	1.34135e-05	9.17406e-06	346	0	0	0	1	
65	0.1	0.121212	1	155.521	41.138	3.72206e-06	-2.23607e-07	-1.70188e-05	346	0	0	0	1	
65	0.1	0.124242	1	155.485	41.1513	-4.65102e-06	-2.9362e-06	5.32869e-06	346	0	0	0	1	
65	0.1	0.127273	1	155.448	41.1708	7.53395e-06	-1.67278e-05	-5.68251e-06	346	0	0	0	1	
65	0.1	0.130303	1	155.408	41.1999	1.6916e-05	-6.68364e-06	-7.45004e-06	346	0	0	0	1	
65	0.1	0.133333	1	155.365	41.2468	2.80539e-06	7.83075e-06	8.94409e-06	346	0	0	0	1	
65	0.1	0.136364	1	155.317	41.3361	-6.88534e-06	5.86301e-06	-1.26444e-05	346	0	0	0	1	
65	0.1	0.139394	1	155.258	41.5614	-6.79003e-06	1.08705e-05	2.36389e-05	346	0	0	0	1	
65	0.1	0.142424	1	155.183	41.8775	9.16288e-07	-5.19443e-06	-5.43641e-06	346	0	0	0	1	
65	0.1	0.145455	1	155.146	40.8184	7.02246e-07	1.52353e-05	-1.3921e-05	346	0	0	0	1	
65	0.1	0.148485	1	155.119	40.8286	6.02385e-06	5.45603e-06	1.24704e-05	346	0	0	0	1	
65	0.1	0.151515	1	155.093	40.8214	1.56285e-05	1.4122e-05	2.62823e-05	346	0	0	0	1	
65	0.1	0.154545	1	155.067	40.8085	-1.51716e-05	-1.42026e-05	3.32357e-05	346	0	0	0	1	
65	0.1	0.157576	1	155.041	40.7975	-2.23698e-05	6.58867e-06	-1.97252e-06	346	0	0	0	1	
65	0.1	0.160606	1	155.015	40.7871	4.01504e-06	-4.62166e-06	-2.18338e-05	346	0	0	0	1	
65	0.1	0.163636	1	154.989	40.777	3.4773e-06	8.16505e-06	4.75905e-05	346	0	0	0	1	
65	0.1	0.166667	1	154.964	40.7671	-1.99208e-06	6.38381e-06	-7.47601e-06	346	0	0	0	1	
65	0.1	0.169697	1	154.938	40.7573	-8.48793e-06	-1.01902e-05	1.86003e-06	346	0	0	0	1	
65	0.1	0.172727	1	154.913	40.7476	4.07374e-05	-1.62497e-05	2.16539e-05	346	0	0	0	1	
65	0.1	0.175758	1	154.888	40.7379	-5.67511e-06	3.01101e-06	-3.03926e-05	346	0	0	0	1	
65	0.1	0.178788	1	154.863	40.7284	-2.55409e-05	1.01045e-05	1.42965e-05	346	0	0	0	1	
65	0.1	0.181818	-2	0	0	0	0	0	346	0	0	0	1	
65	0.1	0.184848	1	154.688	43.6706	8.18656e-06	9.35744e-06	26.4992	346	0	0	0	1	
65	0.1	0.187879	1	154.269	50.5946	-1.72247e-05	-1.63942e-05	39.4965	346	0	0	0	1	
65	0.1	0.190909	1	153.691	57.7936	-1.11793e-05	5.41493e-06	49.4558	346	0	0	0	1	
65	0.1	0.193939	1	153.027	64.4392	9.11779e-08	-1.32458e-05	57.8616	346	0	0	0	1	
65	0.1	0.19697	1	152.297	70.6169	3.04903e-05	5.85947e-06	65.2935	346	0	0	0	1	
65	0.1	0.2	3	151.519	76.3722	9.32433e-07	1.37536e-05	72.0402	346	0	0	0	1	
65	0.1	0.20303	3	150.702	81.7744	-6.17296e-05	1.55895e-05	78.3264	346	0	0	0	1	
65	0.1	0.206061	3	149.819	87.0717	-4.614e-06	6.01107e-07	87.5637	346	0	0	0	1	
65	0.1	0.209091	3	148.883	92.2088	6.04878e-06	-1.38937e-05	93.9719	346	0	0	0	1	
65	0.1	0.212121	3	147.918	97.1004	-1.78695e-05	1.48826e-06	99.7141	346	0	0	0	1	
65	0.1	0.215152	3	146.929	101.763	-2.84716e-05	1.86667e-06	105.034	346	0	0	0	1	
65	0.1	0.218182	3	145.918	106.222	1.20463e-05	2.27807e-06	110.038	346	0	0	0	1	
65	0.1	0.221212	3	144.888	110.5	-2.42158e-05	-2.95153e-06	114.788	346	0	0	0	1	
65	0.1	0.224242	3	143.839	114.616	-3.16532e-05	2.21135e-05	119.327	346	0	0	0	1	
65	0.1	0.227273	3	142.772	118.588	-1.23697e-05	-1.52109e-05	123.684	346	0	0	0	1	
65	0.1	0.230303	3	141.687	122.432	-8.67587e-06	-1.44408e-06	127.884	346	0	0	0	1	
65	0.1	0.233333	3	140.584	126.161	4.88118e-05	4.01296e-06	131.944	346	0	0	0	1	
65	0.1	0.236364	3	139.463	129.785	1.95553e-05	4.54174e-07	135.88	346	0	0	0	1	
65	0.1	0.239394	3	138.324	133.319	-7.10684e-05	1.56473e-05	139.703	346	0	0	0	1	
65	0.1	0.242424	3	137.167	136.777	-2.16759e-05	-6.20364e-06	143.426	346	0	0	0	1	
65	0.1	0.245455	3	135.992	140.202	-8.30907e-06	-1.78583e-06	147.055	346	0	0	0	1	
65	0.1	0.248485	3	134.816	145.276	2.7771e-05	-1.8251e-05	150.589	346	0	0	0	1	
65	0.1	0.251515	3	133.644	149.114	-1.89546e-07	-1.98009e-05	154.033	346	0	0	0	1	
65	0.1	0.254545	3	132.461	152.583	-4.52356e-05	1.39352e-05	157.4	346	0	0	0	1	
65	0.1	0.257576	3	131.272	157.105	-2.56783e-05	2.17165e-05	160.695	346	0	0	0	1	
65	0.1	0.260606	3	130.084	160.841	1.22571e-05	2.17434e-06	163.917	346	0	0	0	1	
65	0.1	0.263636	3	128.886	164.15	8.71307e-06	2.29302e-06	167.077	346	0	0	0	1	
65	0.1	0.266667	3	127.714	170.938	1.10507e-05	-1.37406e-05	170.162	346	0	0	0	1	
65	0.1	0.269697	3	126.537	174.587	-1.76499e-05	5.26323e-05	173.19	346	0	0	0	1	
65	0.1	0.272727	3	125.351	177.814	-4.91244e-05	-4.53534e-05	176.166	346	0	0	0	1	
65	0.1	0.275758	3	124.145	180.813	-2.03368e-05	4.35296e-06	179.099	346	0	0	0	1	
65	0.1	0.278788	3	122.918	183.654	-2.41096e-06	7.27729e-06	181.99	346	0	0	0	1	
65	0.1	0.281818	3	121.666	186.375	2.21426e-05	-5.1881e-05	184.844	346	0	0	0	1	
65	0.1	0.284848	3	120.389	189.001	1.13023e-05	-2.17461e-05	187.662	346	0	0	0	1	
65	0.1	0.287879	3	119.084	191.546	-2.38088e-05	1.16648e-06	190.448	346	0	0	0	1	
65	0.1	0.290909	4	117.749	194.024	-1.05577e-05	-3.99258e-06	193.202	346	0	0	0	1	
65	0.1	0.293939	4	116.383	196.441	1.93375e-05	3.33525e-05	195.928	346	0	0	0	1	
65	0.1	0.29697	4	114.983	198.806	-8.71458e-05	-4.35617e-05	198.627	346	0	0	0	1	
65	0.1	0.3	4	113.547	201.123	-1.5463e-05	6.43502e-06	201.301	346	0	0	0	1	
65	0.1	0.30303	4	112.074	203.397	-2.61867e-05	-1.30591e-05	203.953	346	0	0	0	1	
65	0.1	0.306061	4	110.56	205.632	2.97782e-05	1.85322e-05	206.589	346	0	0	0	1	
65	0.1	0.309091	4	109.003	207.83	-3.6826e-06	1.13213e-05	209.249	346	0	0	0	1	
65	0.1	0.312121	4	107.357	210.05	-6.04519e-06	8.28893e-06	214.182	346	0	0	0	1	
65	0.1	0.315152	4	105.628	212.276	4.59548e-07	-4.44324e-06	217.559	346	0	0	0	1	
65	0.1	0.318182	4	103.827	-214.486	-5.90912e-07	1.5004e-05	220.697	346	0	0	0	1	
65	0.1	0.321212	4	101.951	-216.674	4.41755e-06	2.74086e-05	223.701	346	0	0	0	1	
65	0.1	0.324242	4	99.9999	-218.838	1.00613e-05	-1.07687e-05	226.611	346	0	0	0	1	
65	0.1	0.327273	4	97.9678	-220.975	1.42863e-05	7.93672e-06	229.449	346	0	0	0	1	
65	0.1	0.330303	1	95.8494	-223.082	-1.14384e-05	-1.25443e-05	232.226	346	0	0	0	1	
65	0.1	0.333333	1	93.6376	-225.16	1.19206e-05	-2.70669e-05	234.95	346	0	0	0	1	
65	0.1	0.336364	1	91.3237	-227.205	-2.89552e-06	6.97309e-06	237.626	346	0	0	0	1	
65	0.1	0.339394	4	88.8968	-229.218	4.02946e-05	-2.41798e-05	240.26	346	0	0	0	1	
65	0.1	0.342424	4	86.344	-231.195	1.60239e-05	-2.49141e-05	242.854	346	0	0	0	1	
65	0.1	0.345455	3	83.6486	-233.137	-1.36494e-05	2.46239e-06	245.41	346	0	0	0	1	
65	0.1	0.348485	3	80.7898	-235.039	-1.28528e-07	-3.94089e-05	247.931	346	0	0	0	1	
65	0.1	0.351515	3	77.7382	-236.902	-7.36975e-06	-2.43159e-05	250.418	346	0	0	0	1	
65	0.1	0.354545	3	74.462	-238.718	5.12128e-05	8.50387e-06	252.871	346	0	0	0	1	
65	0.1	0.357576	3	70.9105	-240.485	-4.24775e-06	-1.41353e-05	255.292	346	0	0	0	1	
65	0.1	0.360606	3	67.0135	242.195	2.80788e-05	-1.14006e-05	257.68	346	0	0	0	1	
65	0.1	0.363636	3	62.6652	-243.841	-3.0744e-05	2.71062e-06	260.036	346	0	0	0	1	
65	0.1	0.366667	3	57.6808	-245.411	1.69748e-05	-3.92008e-05	262.358	346	0	0	0	1	
65	0.1	0.369697	3	51.7269	-246.882	-9.78143e-07	4.26326e-07	264.645	346	0	0	0	1	
65	0.1	0.372727	3	44.011	-248.215	-4.84341e-06	-1.40604e-05	266.891	346	0	0	0	1	
65	0.1	0.375758	3	31.3103	-249.304	-5.78254e-06	-4.86981e-06	269.078	346	0	0	0	1	
65	0.1	0.378788	-3	0	0	0	0	0	346	0	0	0	1	
65	0.1	0.381818	-3	0	0	0	0	0	346	0	0	0	1	
65	0.1	0.384848	-3	0	0	0	0	0	346	0	0	0	1	
65	0.1	0.387879	-3	0	0	0	0	0	346	0	0	0	1	
65	0.1	0.390909	-3	0	0	0	0	0	346	0	0	0	1	
65	0.1	0.393939	-3	0	0	0	0	0	346	0	0	0	1	
65	0.1	0.39697	-3	0	0	0	0	0	346	0	0	0	1	
65	0.1	0.4	-3	0	0	0	0	0	346	0	0	0	1	
