65	0.1	0.36	1	52.69911784193288	245.17755512899	-3.395195041139276e-05	1.676639653224159e-05	261.936955670452	173	1	2	0	1	
65	0.1	0.3601482448979592	1	52.36591473115539	245.2418644149676	-4.520773823138424e-06	-1.020401514132199e-05	262.0449642467462	173	1	2	0	1	
65	0.1	0.3602964897959183	1	52.02848950347354	245.305836909511	3.053553021159505e-05	7.945280244225916e-06	262.1528698915627	173	1	2	0	1	
65	0.1	0.3604447346938776	1	51.68669229036564	245.3694662649839	-3.279059211092538e-06	8.987426699746948e-06	262.2607395109243	173	1	2	0	1	
65	0.1	0.3605929795918367	1	51.34036440707346	245.4327424792129	2.037748854427993e-05	-4.093679584143452e-06	262.3685271250221	173	1	2	0	1	
65	0.1	0.3607412244897959	1	50.98933763385794	245.4956299418777	-1.893201174046986e-05	2.732552985680071e-05	262.4762672688619	173	1	2	0	1	
65	0.1	0.3608894693877551	1	50.63343336225666	-245.5581585023634	-2.943493749394907e-05	4.439948338040849e-05	262.5839264476751	173	1	2	0	1	
65	0.1	0.3610377142857143	1	50.27246175844377	-245.620270582991	6.134263622425626e-06	-2.213469621170118e-06	262.6915278087459	173	1	2	0	1	
65	0.1	0.3611859591836735	1	49.90622070090171	-245.6820259712619	-1.358113286093082e-05	-2.167907318049306e-05	262.7990741074257	173	1	2	0	1	
65	0.1	0.3613342040816326	1	49.5344947602517	-245.7433614149165	-2.044260964444754e-05	2.829300343568618e-05	262.9065435424264	173	1	2	0	1	
65	0.1	0.3614824489795918	1	49.15705382718062	-245.8042690561604	-2.894887086957079e-05	-1.261357796472629e-05	263.0139277304442	173	1	2	0	1	
65	0.1	0.361630693877551	1	48.77365178584297	-245.8647746780972	-2.156377522440772e-05	1.565008484827324e-05	263.1212885904386	173	1	2	0	1	
65	0.1	0.3617789387755102	1	48.38402491847208	-245.9248404540339	-9.046137347534788e-07	3.500216122706568e-06	263.2285316159388	173	1	2	0	1	
65	0.1	0.3619271836734694	1	47.98789013097038	-245.9844711427883	1.500797032666281e-05	-8.942019386897764e-06	263.3357363510722	173	1	2	0	1	
65	0.1	0.3620754285714285	1	47.58494293439239	-246.0436279355398	1.725909191748962e-06	-3.610437690398927e-05	263.4428468577789	173	1	2	0	1	
65	0.1	0.3622236734693877	1	47.17485514792681	-246.1022874360719	1.031914034010928e-05	-1.659537414372414e-05	263.5498852731988	173	1	2	0	1	
65	0.1	0.3623719183673469	1	46.75727230022591	-246.1605041124419	-5.30101372535341e-06	-1.656287517544375e-05	263.6568318839275	173	1	2	0	1	
65	0.1	0.3625201632653061	1	46.33181063401915	-246.2182053811401	6.895606627255191e-06	-1.960391402028305e-05	263.7637358349542	173	1	2	0	1	
65	0.1	0.3626684081632653	1	45.89805366842398	-246.2753972132551	-1.225572815781797e-05	-4.810616073505636e-06	263.8705399004514	173	1	2	0	1	
65	0.1	0.3628166530612245	1	45.45554824946448	-246.3320448916913	-9.9123672466922e-06	1.320504186197446e-05	263.9772609106231	173	1	2	0	1	
65	0.1	0.3629648979591836	1	45.00379993812638	-246.3881248548868	-1.753901937106769e-05	2.274538614774248e-05	264.08392687824	173	1	2	0	1	
65	0.1	0.3631131428571429	1	44.54226767595674	-246.4436638353818	-3.851626132367336e-06	2.383522726528975e-05	264.1904722941398	173	1	2	0	1	
65	0.1	0.363261387755102	1	44.07035751053289	-246.4985975622839	-6.118187955816978e-06	2.130241188888493e-05	264.296959999138	173	1	2	0	1	
65	0.1	0.3634096326530612	1	43.58741521519892	-246.5529343175742	-1.095523815207444e-05	-2.02812527366758e-05	264.4033397518608	173	1	2	0	1	
65	0.1	0.3635578775510204	1	43.09271756745557	-246.6066313563166	1.806829606709748e-05	-1.915058313844758e-06	264.5096374086377	173	1	2	0	1	
65	0.1	0.3637061224489796	1	42.58546192713309	-246.6596581373938	-4.021428625100576e-06	1.896157100213583e-05	264.6158383355724	173	1	2	0	1	
65	0.1	0.3638543673469388	1	42.06475374576202	-246.7120141827708	-1.701905942347662e-05	3.203723006469029e-05	264.7219131043415	173	1	2	0	1	
65	0.1	0.3640026122448979	1	41.52959146735766	-246.7636543145566	-4.527391556574667e-05	2.501362212989111e-05	264.8279481362252	173	1	2	0	1	
65	0.1	0.3641508571428571	1	40.9788481270226	-246.8145278084161	-1.476863783322901e-06	-3.483027515094328e-05	264.9338285088581	173	1	2	0	1	
65	0.1	0.3642991020408163	1	40.4112487315958	-246.8646254012332	-2.639940500531734e-05	-1.198935117824101e-05	265.0395893631401	173	1	2	0	1	
65	0.1	0.3644473469387755	1	39.82534223462245	-246.9139096143311	-1.543177161678067e-05	-7.579369674061941e-06	265.1452496572223	173	1	2	0	1	
65	0.1	0.3645955918367347	1	39.21946611852975	-246.962332043005	1.770016098445737e-05	-4.71539557039824e-06	265.2507814758738	173	1	2	0	1	
65	0.1	0.3647438367346938	1	38.59313514485191	-247.0097164050742	-2.632248511935664e-06	-6.378522877215076e-06	265.3561420247751	173	1	2	0	1	
65	0.1	0.364892081632653	1	37.93981791627511	-247.0563488587588	1.30366070182561e-05	-2.254840537834878e-05	265.4614348986894	173	1	2	0	1	
65	0.1	0.3650403265306122	1	37.25893235205518	-247.1020084271095	-2.126373316779784e-05	-2.785626536329702e-05	265.5665895545312	173	1	2	0	1	
65	0.1	0.3651885714285714	1	36.55272754982765	-247.1462981940855	1.779431640466789e-05	2.522682997701392e-06	265.6715144136106	173	1	2	0	1	
65	0.1	0.3653368163265306	1	35.81068603521528	-247.1895594777414	4.597208359347071e-05	-3.394097984776856e-06	265.7762619398316	173	1	2	0	1	
65	0.1	0.3654850612244898	1	35.03054648475654	-247.2315685937414	1.851868405844392e-06	5.953437185318711e-07	265.8808511546175	173	1	2	0	1	
65	0.1	0.365633306122449	1	34.20672713591003	-247.2722281676119	-2.167757313598084e-06	6.90891434797225e-06	265.9851935222758	173	1	2	0	1	
65	0.1	0.3657815510204082	1	33.33222830589937	-247.3114098623314	-4.927681825663693e-06	-4.264493305344841e-06	266.089317676526	173	1	2	0	1	
65	0.1	0.3659297959183673	1	32.39808039061811	-247.3489705574872	2.018630568530015e-07	-1.632464959014195e-05	266.1931418715194	173	1	2	0	1	
65	0.1	0.3660780408163265	1	31.392514930219	-247.3847466267839	1.714739872868843e-05	-8.510729608585121e-06	266.2966476169583	173	1	2	0	1	
65	0.1	0.3662262857142857	1	30.2994850584575	-247.4185264806622	2.957688227630102e-05	-1.324536736412653e-05	266.3997672982233	173	1	2	0	1	
65	0.1	0.3663745306122449	1	29.09367248176839	-247.4500675796001	-4.595105795771374e-06	1.502646028194604e-05	266.5024576247991	173	1	2	0	1	
65	0.1	0.3665227755102041	1	27.74453910328688	-247.4789724931856	-2.332585947369039e-06	2.705038234918382e-05	266.6045451965078	173	1	2	0	1	
65	0.1	0.3666710204081632	1	26.19622378946825	-247.5046909498892	-1.599323978055366e-05	4.180745655653004e-06	266.7058632055354	173	1	2	0	1	
65	0.1	0.3668192653061224	1	24.35115835177434	-247.5265432498356	-4.077578510109032e-05	2.216704031556688e-05	266.8061276746463	173	1	2	0	1	
65	0.1	0.3669675102040816	1	22.01138273958959	-247.5431837489629	1.641406344565777e-05	1.804142454160662e-05	266.9046550710231	173	1	2	0	1	
65	0.1	0.3671157551020408	1	18.59951690822297	-247.5518862950353	2.708507048756038e-05	-1.992120960669745e-05	267.0000031452341	173	1	2	0	1	
65	0.1	0.367263	1	5.651900249987703	-247.5390550562721	4.013938078089576e-06	2.173080798118258e-06	267.0820346236059	173	1	2	0	1	
65	0.1	0.3672630101010101	1	5.631056507310102	-247.5390338548982	-5.133536017196388e-06	7.789439337324356e-06	267.0820345493964	173	1	2	0	1	
65	0.1	0.3672630202020202	1	5.609888265144292	-247.5390461579827	5.878466155309625e-07	-2.107653953919487e-05	267.082030061815	173	1	2	0	1	
65	0.1	0.3672630303030303	1	5.588455737016772	-247.5390228403733	1.775346454545475e-05	-1.271527099251799e-06	267.0820395325419	173	1	2	0	1	
65	0.1	0.3672630404040404	1	5.566648008681343	-247.5390140677137	-4.063016437834063e-06	-1.141582571122109e-06	267.0820214894288	173	1	2	0	1	
65	0.1	0.3672630505050505	1	5.544448886801645	-247.5390152906049	6.548307565287792e-06	-1.573658831798625e-05	267.082048133438	173	1	2	0	1	
65	0.1	0.3672630606060606	1	5.52184103699862	-247.5390007367949	1.596636644176135e-05	-1.254061616961769e-05	267.0820250102627	173	1	2	0	1	
65	0.1	0.3672630707070707	1	5.498805869420479	-247.5389885036701	-2.229981314006888e-05	4.708230059895582e-06	267.08203663928	173	1	2	0	1	
65	0.1	0.3672630808080808	1	5.475323393281665	-247.5389743330657	-6.773334925363527e-06	-3.232221916548708e-06	267.0820308263727	173	1	2	0	1	
65	0.1	0.3672630909090909	1	5.451372028483528	-247.5389842456179	1.274782909541756e-05	1.530782318388731e-05	267.0820434243025	173	1	2	0	1	
65	0.1	0.367263101010101	1	5.426928426897623	-247.5389621226508	7.381591274411908e-06	4.773364551027403e-06	267.0820325551795	173	1	2	0	1	
65	0.1	0.3672631111111111	1	5.401967110137871	-247.5389467357445	-1.914383463648634e-06	1.872574104073387e-05	267.0820318977564	173	1	2	0	1	
65	0.1	0.3672631212121212	1	5.376465070521494	-247.5389370412487	3.537633917100741e-06	-4.970817696554105e-06	267.082023703646	173	1	2	0	1	
65	0.1	0.3672631313131313	1	5.350387106243749	-247.5389169627517	-7.995781108900007e-06	1.700944765243065e-05	267.082030406336	173	1	2	0	1	
65	0.1	0.3672631414141414	1	5.323703258441201	-247.5389179913942	-4.656824687608585e-06	1.124606062085634e-05	267.0820249130657	173	1	2	0	1	
65	0.1	0.3672631515151515	1	5.296378351310919	-247.5389210701323	-1.800826380011795e-05	1.934638153926808e-05	267.0820254900847	173	1	2	0	1	
65	0.1	0.3672631616161616	1	5.268373836725986	-247.5388784650852	3.210436036925335e-06	-2.372957794740218e-06	267.0820284613301	173	1	2	0	1	
65	0.1	0.3672631717171717	1	5.239647284893932	-247.5388837632103	6.041655406285049e-06	2.010158310535417e-05	267.0820287201193	173	1	2	0	1	
65	0.1	0.3672631818181818	1	5.21015176468297	-247.5388718742156	-3.167826820789886e-06	-6.633043271183324e-07	267.0820135315311	173	1	2	0	1	
65	0.1	0.3672631919191919	1	5.179835134151116	-247.5388637449819	4.090167555599817e-06	-2.106138732778503e-05	267.0820360454134	173	1	2	0	1	
65	0.1	0.367263202020202	1	5.148638937669338	-247.5388407328313	5.28223225694513e-07	-7.09210507548845e-06	267.0820070275857	173	1	2	0	1	
65	0.1	0.3672632121212121	1	5.116496905724072	-247.5388340177327	-2.301618937191738e-05	-1.616472398870481e-05	267.0820127061035	173	1	2	0	1	
65	0.1	0.3672632222222222	1	5.083332280736451	-247.5388349486308	-2.349362981013056e-05	5.98224339891807e-07	267.0820260917995	173	1	2	0	1	
65	0.1	0.3672632323232323	1	5.048885391729672	-247.5388211432459	-5.730271023823841e-06	5.903243759749183e-06	267.0820194140496	173	1	2	0	1	
65	0.1	0.3672632424242424	1	5.013680424243752	-247.5388087628168	-2.063025835006497e-05	1.299947230308069e-05	267.0820185728931	173	1	2	0	1	
65	0.1	0.3672632525252525	1	4.976952731059773	-247.5387818929943	1.504216516212301e-05	-4.298384399612207e-06	267.0819913295498	173	1	2	0	1	
65	0.1	0.3672632626262626	1	4.938809663704127	-247.5387776003933	2.767893073589587e-05	2.234543933941685e-05	267.0820272057696	173	1	2	0	1	
65	0.1	0.3672632727272727	1	4.89911034932991	-247.5387735463267	-2.481600401416442e-06	1.21795665065478e-05	267.0820083488817	173	1	2	0	1	
65	0.1	0.3672632828282828	1	4.857690026089703	-247.5387489883704	-9.038111326539462e-06	-1.054433063666586e-05	267.081997556471	173	1	2	0	1	
65	0.1	0.3672632929292929	1	4.814353972466075	-247.5387288408133	-1.825949308431347e-06	-1.754666147711767e-05	267.0819950256803	173	1	2	0	1	
65	0.1	0.367263303030303	1	4.76886951099393	-247.5387060707496	4.790727155433265e-06	-4.745590365259726e-06	267.0819926572639	173	1	2	0	1	
65	0.1	0.3672633131313131	1	4.720954964139405	-247.538700228492	1.057181680526521e-05	-1.955078887856763e-05	267.0819777787451	173	1	2	0	1	
65	0.1	0.3672633232323232	1	4.670264757493541	-247.5386898560683	-6.653925534544396e-06	-2.084404267974137e-05	267.0819749406642	173	1	2	0	1	
65	0.1	0.3672633333333333	1	4.616367302696174	-247.5386769801725	2.362469105473007e-05	-3.85813595022226e-06	267.0819685026545	173	1	2	0	1	
65	0.1	0.3672633434343434	1	4.558811595111354	-247.5386598126546	-1.738276159351913e-05	1.575753861235365e-05	267.081974084632	173	1	2	0	1	
65	0.1	0.3672633535353536	1	4.496556709452117	-247.5386435986984	1.170430505718377e-05	-6.578571669802804e-06	267.0819528575382	173	1	2	0	1	
65	0.1	0.3672633636363636	1	4.428923841304251	-247.5386134371263	9.158643531913902e-07	3.103959983717219e-05	267.08197384832	173	1	2	0	1	
65	0.1	0.3672633737373737	-2	0	0	0	0	0	173	1	2	0	1	
65	0.1	0.3672633838383839	-2	0	0	0	0	0	173	1	2	0	1	
65	0.1	0.3672633939393939	-2	0	0	0	0	0	173	1	2	0	1	
65	0.1	0.367263404040404	-2	0	0	0	0	0	173	1	2	0	1	
65	0.1	0.3672634141414141	-2	0	0	0	0	0	173	1	2	0	1	
65	0.1	0.3672634242424243	-2	0	0	0	0	0	173	1	2	0	1	
65	0.1	0.3672634343434343	-2	0	0	0	0	0	173	1	2	0	1	
65	0.1	0.3672634444444444	-2	0	0	0	0	0	173	1	2	0	1	
65	0.1	0.3672634545454546	-2	0	0	0	0	0	173	1	2	0	1	
65	0.1	0.3672634646464646	-2	0	0	0	0	0	173	1	2	0	1	
65	0.1	0.3672634747474747	-2	0	0	0	0	0	173	1	2	0	1	
65	0.1	0.3672634848484849	-2	0	0	0	0	0	173	1	2	0	1	
65	0.1	0.367263494949495	-2	0	0	0	0	0	173	1	2	0	1	
65	0.1	0.367263505050505	-2	0	0	0	0	0	173	1	2	0	1	
65	0.1	0.3672635151515151	-2	0	0	0	0	0	173	1	2	0	1	
65	0.1	0.3672635252525253	-2	0	0	0	0	0	173	1	2	0	1	
65	0.1	0.3672635353535353	-2	0	0	0	0	0	173	1	2	0	1	
65	0.1	0.3672635454545454	-2	0	0	0	0	0	173	1	2	0	1	
65	0.1	0.3672635555555556	-2	0	0	0	0	0	173	1	2	0	1	
65	0.1	0.3672635656565656	-2	0	0	0	0	0	173	1	2	0	1	
65	0.1	0.3672635757575757	-2	0	0	0	0	0	173	1	2	0	1	
65	0.1	0.3672635858585859	-2	0	0	0	0	0	173	1	2	0	1	
65	0.1	0.367263595959596	-2	0	0	0	0	0	173	1	2	0	1	
65	0.1	0.367263606060606	-2	0	0	0	0	0	173	1	2	0	1	
65	0.1	0.3672636161616161	-2	0	0	0	0	0	173	1	2	0	1	
65	0.1	0.3672636262626263	-2	0	0	0	0	0	173	1	2	0	1	
65	0.1	0.3672636363636363	-2	0	0	0	0	0	173	1	2	0	1	
65	0.1	0.3672636464646464	-2	0	0	0	0	0	173	1	2	0	1	
65	0.1	0.3672636565656566	-2	0	0	0	0	0	173	1	2	0	1	
65	0.1	0.3672636666666667	-2	0	0	0	0	0	173	1	2	0	1	
65	0.1	0.3672636767676767	-2	0	0	0	0	0	173	1	2	0	1	
65	0.1	0.3672636868686869	-2	0	0	0	0	0	173	1	2	0	1	
65	0.1	0.367263696969697	-2	0	0	0	0	0	173	1	2	0	1	
65	0.1	0.367263707070707	-2	0	0	0	0	0	173	1	2	0	1	
65	0.1	0.3672637171717172	-2	0	0	0	0	0	173	1	2	0	1	
65	0.1	0.3672637272727273	-2	0	0	0	0	0	173	1	2	0	1	
65	0.1	0.3672637373737374	-2	0	0	0	0	0	173	1	2	0	1	
65	0.1	0.3672637474747474	-2	0	0	0	0	0	173	1	2	0	1	
65	0.1	0.3672637575757576	-2	0	0	0	0	0	173	1	2	0	1	
65	0.1	0.3672637676767677	-2	0	0	0	0	0	173	1	2	0	1	
65	0.1	0.3672637777777777	-2	0	0	0	0	0	173	1	2	0	1	
65	0.1	0.3672637878787879	-2	0	0	0	0	0	173	1	2	0	1	
65	0.1	0.367263797979798	-2	0	0	0	0	0	173	1	2	0	1	
65	0.1	0.3672638080808081	-2	0	0	0	0	0	173	1	2	0	1	
65	0.1	0.3672638181818182	-2	0	0	0	0	0	173	1	2	0	1	
65	0.1	0.3672638282828283	-2	0	0	0	0	0	173	1	2	0	1	
65	0.1	0.3672638383838384	-2	0	0	0	0	0	173	1	2	0	1	
65	0.1	0.3672638484848484	-2	0	0	0	0	0	173	1	2	0	1	
65	0.1	0.3672638585858586	-2	0	0	0	0	0	173	1	2	0	1	
65	0.1	0.3672638686868687	-2	0	0	0	0	0	173	1	2	0	1	
65	0.1	0.3672638787878788	-2	0	0	0	0	0	173	1	2	0	1	
65	0.1	0.3672638888888889	-2	0	0	0	0	0	173	1	2	0	1	
65	0.1	0.367263898989899	-2	0	0	0	0	0	173	1	2	0	1	
65	0.1	0.3672639090909091	-2	0	0	0	0	0	173	1	2	0	1	
65	0.1	0.3672639191919192	-2	0	0	0	0	0	173	1	2	0	1	
65	0.1	0.3672639292929293	-2	0	0	0	0	0	173	1	2	0	1	
65	0.1	0.3672639393939394	-2	0	0	0	0	0	173	1	2	0	1	
65	0.1	0.3672639494949494	-2	0	0	0	0	0	173	1	2	0	1	
65	0.1	0.3672639595959596	-2	0	0	0	0	0	173	1	2	0	1	
65	0.1	0.3672639696969697	-2	0	0	0	0	0	173	1	2	0	1	
65	0.1	0.3672639797979798	-2	0	0	0	0	0	173	1	2	0	1	
65	0.1	0.3672639898989899	-2	0	0	0	0	0	173	1	2	0	1	
65	0.1	0.367264	-2	0	0	0	0	0	173	1	2	0	1	
65	0.1	0.367264	-2	0	0	0	0	0	173	1	2	0	1	
