65	0.01	0.3	-3	0	0	0	0	0	173	0	0	0	1	
65	0.0109548	0.3	-3	0	0	0	0	0	173	0	0	0	1	
65	0.0119095	0.3	-3	0	0	0	0	0	173	0	0	0	1	
65	0.0128643	0.3	-3	0	0	0	0	0	173	0	0	0	1	
65	0.0138191	0.3	-3	0	0	0	0	0	173	0	0	0	1	
65	0.0147739	0.3	-3	0	0	0	0	0	173	0	0	0	1	
65	0.0157286	0.3	-3	0	0	0	0	0	173	0	0	0	1	
65	0.0166834	0.3	-3	0	0	0	0	0	173	0	0	0	1	
65	0.0176382	0.3	-3	0	0	0	0	0	173	0	0	0	1	
65	0.018593	0.3	-3	0	0	0	0	0	173	0	0	0	1	
65	0.0195477	0.3	-3	0	0	0	0	0	173	0	0	0	1	
65	0.0205025	0.3	-3	0	0	0	0	0	173	0	0	0	1	
65	0.0214573	0.3	-3	0	0	0	0	0	173	0	0	0	1	
65	0.0224121	0.3	-3	0	0	0	0	0	173	0	0	0	1	
65	0.0233668	0.3	-3	0	0	0	0	0	173	0	0	0	1	
65	0.0243216	0.3	-3	0	0	0	0	0	173	0	0	0	1	
65	0.0252764	0.3	-3	0	0	0	0	0	173	0	0	0	1	
65	0.0262312	0.3	-3	0	0	0	0	0	173	0	0	0	1	
65	0.0271859	0.3	-3	0	0	0	0	0	173	0	0	0	1	
65	0.0281407	0.3	-3	0	0	0	0	0	173	0	0	0	1	
65	0.0290955	0.3	-3	0	0	0	0	0	173	0	0	0	1	
65	0.0300503	0.3	-3	0	0	0	0	0	173	0	0	0	1	
65	0.031005	0.3	-3	0	0	0	0	0	173	0	0	0	1	
65	0.0319598	0.3	-3	0	0	0	0	0	173	0	0	0	1	
65	0.0329146	0.3	-3	0	0	0	0	0	173	0	0	0	1	
65	0.0338693	0.3	-3	0	0	0	0	0	173	0	0	0	1	
65	0.0348241	0.3	-3	0	0	0	0	0	173	0	0	0	1	
65	0.0357789	0.3	-3	0	0	0	0	0	173	0	0	0	1	
65	0.0367337	0.3	-3	0	0	0	0	0	173	0	0	0	1	
65	0.0376884	0.3	-3	0	0	0	0	0	173	0	0	0	1	
65	0.0386432	0.3	-3	0	0	0	0	0	173	0	0	0	1	
65	0.039598	0.3	-3	0	0	0	0	0	173	0	0	0	1	
65	0.0405528	0.3	-3	0	0	0	0	0	173	0	0	0	1	
65	0.0415075	0.3	-3	0	0	0	0	0	173	0	0	0	1	
65	0.0424623	0.3	-3	0	0	0	0	0	173	0	0	0	1	
65	0.0434171	0.3	-3	0	0	0	0	0	173	0	0	0	1	
65	0.0443719	0.3	-3	0	0	0	0	0	173	0	0	0	1	
65	0.0453266	0.3	-3	0	0	0	0	0	173	0	0	0	1	
65	0.0462814	0.3	-3	0	0	0	0	0	173	0	0	0	1	
65	0.0472362	0.3	-3	0	0	0	0	0	173	0	0	0	1	
65	0.048191	0.3	3	34.595	246.746	2.19664e-05	2.16917e-05	320.542	173	0	0	0	1	
65	0.0491457	0.3	3	43.3103	245.74	2.74237e-06	9.96651e-06	316.957	173	0	0	0	1	
65	0.0501005	0.3	3	49.201	244.654	-7.20932e-06	1.80747e-05	313.449	173	0	0	0	1	
65	0.0510553	0.3	3	53.8111	243.525	-5.05212e-06	-5.02607e-06	310.025	173	0	0	0	1	
65	0.0520101	0.3	3	57.6628	242.368	-1.90524e-05	7.71236e-06	306.684	173	0	0	0	1	
65	0.0529648	0.3	3	60.9889	241.197	8.11067e-06	-1.1589e-05	303.425	173	0	0	0	1	
65	0.0539196	0.3	3	63.9299	240.015	1.65712e-05	8.39307e-06	300.247	173	0	0	0	1	
65	0.0548744	0.3	3	66.5721	238.824	7.20975e-06	-4.18446e-06	297.145	173	0	0	0	1	
65	0.0558291	0.3	3	68.9743	237.624	-4.89389e-06	-4.49808e-05	294.117	173	0	0	0	1	
65	0.0567839	0.3	3	71.1784	236.408	-2.44992e-06	6.22401e-06	291.161	173	0	0	0	1	
65	0.0577387	0.3	3	73.2161	235.149	-1.20359e-05	2.21667e-05	288.274	173	0	0	0	1	
65	0.0586935	0.3	3	75.1132	233.746	-1.27498e-06	3.35665e-06	285.451	173	0	0	0	1	
65	0.0596482	0.3	3	76.8863	232.654	1.26575e-05	1.2959e-05	282.692	173	0	0	0	1	
65	0.060603	0.3	3	78.5445	231.58	-5.98218e-07	1.28449e-05	279.994	173	0	0	0	1	
65	0.0615578	0.3	4	80.1087	230.519	4.07143e-06	-2.9515e-05	277.354	173	0	0	0	1	
65	0.0625126	0.3	4	81.5869	229.472	-5.87835e-06	6.13675e-06	274.77	173	0	0	0	1	
65	0.0634673	0.3	4	82.9824	228.442	2.10309e-06	-2.22617e-06	272.24	173	0	0	0	1	
65	0.0644221	0.3	4	84.3058	227.428	-1.40055e-05	-1.40225e-06	269.762	173	0	0	0	1	
65	0.0653769	0.3	4	85.5634	226.429	4.3723e-06	2.89876e-06	267.333	173	0	0	0	1	
65	0.0663317	0.3	4	86.7564	225.45	6.38539e-07	-1.5426e-05	264.952	173	0	0	0	1	
65	0.0672864	0.3	1	87.9026	224.479	1.48863e-05	-4.66975e-06	262.614	173	0	0	0	1	
65	0.0682412	0.3	1	88.9933	-223.527	3.01499e-06	-1.92848e-05	260.32	173	0	0	0	1	
65	0.069196	0.3	1	90.0364	-222.591	-7.60428e-06	-5.91902e-06	258.067	173	0	0	0	1	
65	0.0701508	0.3	1	91.0354	-221.669	-3.86588e-05	1.73485e-05	255.853	173	0	0	0	1	
65	0.0711055	0.3	1	91.9931	220.762	1.14065e-06	-4.12738e-06	253.674	173	0	0	0	1	
65	0.0720603	0.3	1	92.9121	219.87	3.87439e-05	4.47166e-05	251.53	173	0	0	0	1	
65	0.0730151	0.3	1	93.795	218.993	5.52905e-05	1.70191e-05	249.418	173	0	0	0	1	
65	0.0739698	0.3	1	94.6437	218.13	-1.96513e-06	-1.76215e-05	247.334	173	0	0	0	1	
65	0.0749246	0.3	1	95.4602	217.282	-1.18292e-05	-2.81693e-06	245.275	173	0	0	0	1	
65	0.0758794	0.3	1	96.2462	216.448	-3.32212e-06	-7.1492e-06	243.237	173	0	0	0	1	
65	0.0768342	0.3	1	97.0031	215.629	-3.2998e-05	-5.15337e-07	241.215	173	0	0	0	1	
65	0.0777889	0.3	1	97.7323	214.824	4.40342e-06	-2.20687e-05	239.202	173	0	0	0	1	
65	0.0787437	0.3	1	98.4348	214.035	1.16542e-07	2.00282e-05	237.186	173	0	0	0	1	
65	0.0796985	0.3	1	99.1116	213.26	-8.61429e-06	-3.41221e-06	235.145	173	0	0	0	1	
65	0.0806533	0.3	1	99.7629	212.501	5.70545e-06	-3.98659e-06	233.028	173	0	0	0	1	
65	0.081608	0.3	1	100.388	211.761	1.34947e-05	6.61513e-06	230.534	173	0	0	0	1	
65	0.0825628	0.3	1	100.979	211.05	-1.21162e-05	-1.38886e-06	228.058	173	0	0	0	1	
65	0.0835176	0.3	1	101.552	210.349	2.04367e-05	-3.07546e-06	226.539	173	0	0	0	1	
65	0.0844724	0.3	1	102.11	209.657	2.90459e-06	-1.86743e-06	225.054	173	0	0	0	1	
65	0.0854271	0.3	1	102.653	208.974	-4.18868e-06	-1.04854e-06	223.598	173	0	0	0	1	
65	0.0863819	0.3	1	103.181	208.3	4.97585e-06	-7.46882e-05	222.17	173	0	0	0	1	
65	0.0873367	0.3	1	103.696	207.633	1.6275e-06	-4.81259e-06	220.766	173	0	0	0	1	
65	0.0882915	0.3	1	104.198	206.975	-7.23804e-06	1.79831e-05	219.387	173	0	0	0	1	
65	0.0892462	0.3	1	104.688	206.324	6.98526e-06	-2.21878e-05	218.032	173	0	0	0	1	
65	0.090201	0.3	1	105.165	205.681	-7.24814e-06	-2.52321e-05	216.7	173	0	0	0	1	
65	0.0911558	0.3	1	105.632	205.045	-1.03693e-05	6.96116e-06	215.389	173	0	0	0	1	
65	0.0921106	0.3	1	106.087	204.417	-2.58307e-05	-6.41181e-06	214.1	173	0	0	0	1	
65	0.0930653	0.3	1	106.531	203.795	2.21913e-06	7.31191e-06	212.832	173	0	0	0	1	
65	0.0940201	0.3	1	106.966	203.18	2.49949e-06	1.58248e-05	211.584	173	0	0	0	1	
65	0.0949749	0.3	1	107.391	202.572	-1.42578e-05	9.83731e-07	210.355	173	0	0	0	1	
65	0.0959296	0.3	1	107.806	201.971	2.12373e-06	-6.99099e-07	209.146	173	0	0	0	1	
65	0.0968844	0.3	1	108.215	201.372	-6.85012e-06	-7.88224e-06	207.954	173	0	0	0	1	
65	0.0978392	0.3	1	108.611	200.786	7.2118e-05	-1.44921e-06	206.781	173	0	0	0	1	
65	0.098794	0.3	1	109	200.203	5.06198e-05	1.15408e-05	205.626	173	0	0	0	1	
65	0.0997487	0.3	1	109.382	199.626	-4.54125e-05	-3.51411e-06	204.488	173	0	0	0	1	
65	0.100704	0.3	1	109.755	199.054	-1.00587e-05	4.24134e-05	203.366	173	0	0	0	1	
65	0.101658	0.3	4	110.121	198.488	3.61129e-05	1.522e-05	202.26	173	0	0	0	1	
65	0.102613	0.3	4	110.48	197.927	2.03586e-07	-9.56962e-07	201.171	173	0	0	0	1	
65	0.103568	0.3	4	110.832	197.372	2.63198e-06	-1.85762e-05	200.096	173	0	0	0	1	
65	0.104523	0.3	3	111.177	196.822	-1.20712e-05	-1.41563e-05	199.037	173	0	0	0	1	
65	0.105477	0.3	3	111.516	196.276	1.13341e-05	-1.48186e-05	197.992	173	0	0	0	1	
65	0.106432	0.3	3	111.848	195.736	1.58506e-05	-2.96896e-06	196.962	173	0	0	0	1	
65	0.107387	0.3	3	112.174	195.201	3.18925e-06	-1.39949e-05	195.946	173	0	0	0	1	
65	0.108342	0.3	3	112.495	194.67	-7.92442e-06	2.36059e-06	194.943	173	0	0	0	1	
65	0.109296	0.3	3	112.809	194.144	-2.56308e-05	8.68754e-06	193.954	173	0	0	0	1	
65	0.110251	0.3	3	113.118	193.622	-5.25812e-06	-1.75063e-05	192.978	173	0	0	0	1	
65	0.111206	0.3	3	113.421	193.104	3.47756e-05	1.82699e-06	192.014	173	0	0	0	1	
65	0.112161	0.3	3	113.719	192.591	-1.4616e-05	1.30106e-05	191.063	173	0	0	0	1	
65	0.113116	0.3	3	114.013	192.081	7.64221e-05	-1.54078e-07	190.124	173	0	0	0	1	
65	0.11407	0.3	3	114.301	191.576	6.32402e-05	-4.62718e-06	189.197	173	0	0	0	1	
65	0.115025	0.3	3	114.584	191.074	-5.36709e-06	-7.07498e-06	188.282	173	0	0	0	1	
65	0.11598	0.3	3	114.863	190.577	2.10221e-05	-1.80916e-06	187.377	173	0	0	0	1	
65	0.116935	0.3	3	115.137	190.083	-7.04671e-06	-3.12361e-05	186.484	173	0	0	0	1	
65	0.117889	0.3	3	115.407	189.592	2.2834e-05	5.80156e-07	185.602	173	0	0	0	1	
65	0.118844	0.3	3	115.672	189.105	2.26676e-05	-3.28028e-06	184.731	173	0	0	0	1	
65	0.119799	0.3	3	115.934	188.621	2.20918e-05	-2.27029e-05	183.87	173	0	0	0	1	
65	0.120754	0.3	3	116.191	188.14	5.16613e-06	-7.99486e-06	183.019	173	0	0	0	1	
65	0.121709	0.3	3	116.444	187.662	2.17733e-05	-1.21216e-05	182.178	173	0	0	0	1	
65	0.122663	0.3	3	116.694	187.187	1.73286e-05	-1.44411e-05	181.347	173	0	0	0	1	
65	0.123618	0.3	3	116.94	186.715	5.09974e-06	-3.20334e-06	180.526	173	0	0	0	1	
65	0.124573	0.3	3	117.182	186.246	7.47865e-07	4.96331e-05	179.714	173	0	0	0	1	
65	0.125528	0.3	3	117.421	185.779	-2.88902e-06	-5.08909e-05	178.911	173	0	0	0	1	
65	0.126482	0.3	3	117.656	185.314	6.20471e-06	-2.20714e-05	178.117	173	0	0	0	1	
65	0.127437	0.3	3	117.888	184.852	5.45546e-06	1.23274e-05	177.332	173	0	0	0	1	
65	0.128392	0.3	3	118.117	184.391	1.16812e-06	3.88668e-06	176.556	173	0	0	0	1	
65	0.129347	0.3	3	118.342	183.932	-1.07614e-05	9.24561e-06	175.788	173	0	0	0	1	
65	0.130302	0.3	3	118.564	183.474	1.08053e-06	-4.01084e-06	175.029	173	0	0	0	1	
65	0.131256	0.3	3	118.784	183.017	-1.02678e-05	-4.75669e-06	174.277	173	0	0	0	1	
65	0.132211	0.3	3	119	182.561	-1.86242e-05	1.01258e-05	173.534	173	0	0	0	1	
65	0.133166	0.3	3	119.214	182.105	4.51703e-06	-1.8864e-05	172.799	173	0	0	0	1	
65	0.134121	0.3	3	119.425	181.646	2.79312e-05	2.34645e-05	172.071	173	0	0	0	1	
65	0.135075	0.3	3	119.633	181.183	2.68073e-06	-9.9508e-06	171.351	173	0	0	0	1	
65	0.13603	0.3	3	119.838	180.723	-1.48178e-05	-8.01173e-06	170.638	173	0	0	0	1	
65	0.136985	0.3	3	120.041	180.228	-8.74346e-06	6.3442e-06	169.932	173	0	0	0	1	
65	0.13794	0.3	3	120.242	179.67	-3.26615e-06	8.03615e-06	169.234	173	0	0	0	1	
65	0.138894	0.3	3	120.44	179.232	-8.88257e-05	-1.15269e-05	168.543	173	0	0	0	1	
65	0.139849	0.3	3	120.636	178.831	1.00176e-05	1.11781e-06	167.858	173	0	0	0	1	
65	0.140804	0.3	3	120.829	178.421	9.12664e-06	-5.38891e-06	167.18	173	0	0	0	1	
65	0.141759	0.3	3	121.02	178.016	-2.05251e-05	-1.09878e-05	166.509	173	0	0	0	1	
65	0.142714	0.3	3	121.208	177.617	-5.62515e-06	1.54369e-05	165.845	173	0	0	0	1	
65	0.143668	0.3	3	121.395	177.22	-2.37551e-06	-3.08871e-05	165.187	173	0	0	0	1	
65	0.144623	0.3	3	121.579	176.825	-4.15875e-06	1.78378e-05	164.535	173	0	0	0	1	
65	0.145578	0.3	3	121.76	176.433	-9.99769e-06	-3.01345e-05	163.89	173	0	0	0	1	
65	0.146533	0.3	3	121.94	176.044	-2.34896e-06	1.64432e-05	163.25	173	0	0	0	1	
65	0.147487	0.3	3	122.118	175.656	1.38363e-05	1.56568e-05	162.617	173	0	0	0	1	
65	0.148442	0.3	3	122.293	175.272	-1.38025e-06	-6.71717e-06	161.99	173	0	0	0	1	
65	0.149397	0.3	3	122.466	174.889	1.58624e-05	-1.99332e-05	161.368	173	0	0	0	1	
65	0.150352	0.3	3	122.638	174.508	-4.65014e-05	-3.06814e-06	160.752	173	0	0	0	1	
65	0.151307	0.3	3	122.807	174.13	5.91798e-06	-6.87372e-06	160.142	173	0	0	0	1	
65	0.152261	0.3	3	122.975	173.754	3.13708e-05	-1.09525e-05	159.537	173	0	0	0	1	
65	0.153216	0.3	3	123.141	173.38	-2.9311e-05	-3.78111e-06	158.938	173	0	0	0	1	
65	0.154171	0.3	3	123.305	173.008	3.27807e-05	-5.02313e-06	158.344	173	0	0	0	1	
65	0.155126	0.3	3	123.467	172.638	-9.27024e-06	-2.19391e-05	157.756	173	0	0	0	1	
65	0.15608	0.3	3	123.627	172.269	1.54925e-05	-1.76529e-05	157.173	173	0	0	0	1	
65	0.157035	0.3	3	123.786	171.903	2.03999e-06	2.08343e-05	156.594	173	0	0	0	1	
65	0.15799	0.3	3	123.943	171.538	3.36623e-05	1.33298e-06	156.021	173	0	0	0	1	
65	0.158945	0.3	3	124.098	171.176	2.5828e-06	-4.59002e-05	155.453	173	0	0	0	1	
65	0.159899	0.3	3	124.252	170.815	2.62768e-05	-1.32673e-06	154.889	173	0	0	0	1	
65	0.160854	0.3	3	124.404	170.456	-1.99203e-05	-4.44024e-05	154.331	173	0	0	0	1	
65	0.161809	0.3	3	124.554	170.098	6.17723e-06	2.48642e-06	153.777	173	0	0	0	1	
65	0.162764	0.3	3	124.703	169.743	-9.45145e-06	-7.87556e-06	153.227	173	0	0	0	1	
65	0.163719	0.3	3	124.85	169.388	2.93394e-05	-4.83792e-05	152.683	173	0	0	0	1	
65	0.164673	0.3	3	124.996	169.036	2.66288e-06	-4.1047e-06	152.143	173	0	0	0	1	
65	0.165628	0.3	3	125.141	168.685	-3.18161e-05	1.73817e-05	151.607	173	0	0	0	1	
65	0.166583	0.3	3	125.284	168.336	-6.41308e-06	-7.37024e-05	151.075	173	0	0	0	1	
65	0.167538	0.3	3	125.426	167.988	2.00868e-05	-1.89778e-05	150.548	173	0	0	0	1	
65	0.168492	0.3	3	125.566	167.641	-7.93433e-05	1.30747e-05	150.025	173	0	0	0	1	
65	0.169447	0.3	3	125.705	167.296	-2.31726e-06	6.67248e-07	149.507	173	0	0	0	1	
65	0.170402	0.3	3	125.842	166.953	7.36863e-06	1.49919e-05	148.992	173	0	0	0	1	
65	0.171357	0.3	3	125.979	166.61	1.02527e-06	-1.42856e-05	148.482	173	0	0	0	1	
65	0.172312	0.3	3	126.114	166.269	-6.81582e-06	1.45049e-05	147.975	173	0	0	0	1	
65	0.173266	0.3	3	126.247	165.93	2.47641e-05	-2.18882e-05	147.473	173	0	0	0	1	
65	0.174221	0.3	3	126.38	165.592	-1.65774e-05	-1.32821e-05	146.974	173	0	0	0	1	
65	0.175176	0.3	3	126.511	165.255	-1.28405e-05	-1.20668e-06	146.479	173	0	0	0	1	
65	0.176131	0.3	3	126.641	164.919	-1.3452e-05	-3.76192e-06	145.988	173	0	0	0	1	
65	0.177085	0.3	3	126.77	164.584	8.52743e-05	-1.53907e-06	145.501	173	0	0	0	1	
65	0.17804	0.3	3	126.898	164.251	9.85278e-07	1.74202e-05	145.017	173	0	0	0	1	
65	0.178995	0.3	3	127.024	163.918	-1.24807e-05	-2.32251e-06	144.537	173	0	0	0	1	
65	0.17995	0.3	3	127.15	163.587	2.93096e-05	-2.46843e-05	144.06	173	0	0	0	1	
65	0.180905	0.3	3	127.274	163.257	1.37753e-05	-4.68906e-06	143.587	173	0	0	0	1	
65	0.181859	0.3	3	127.397	162.928	8.47961e-06	1.38872e-05	143.117	173	0	0	0	1	
65	0.182814	0.3	3	127.52	162.599	1.46094e-05	-1.28816e-05	142.651	173	0	0	0	1	
65	0.183769	0.3	3	127.641	162.272	1.12314e-05	-4.6609e-05	142.188	173	0	0	0	1	
65	0.184724	0.3	3	127.761	161.946	1.02347e-05	-3.25944e-06	141.729	173	0	0	0	1	
65	0.185678	0.3	3	127.88	161.621	-2.5363e-05	-1.95915e-05	141.273	173	0	0	0	1	
65	0.186633	0.3	3	127.998	161.296	-1.55315e-05	1.60487e-05	140.82	173	0	0	0	1	
65	0.187588	0.3	3	128.116	160.973	-6.97875e-06	-4.54359e-06	140.37	173	0	0	0	1	
65	0.188543	0.3	3	128.232	160.65	-2.23188e-05	-2.96648e-05	139.923	173	0	0	0	1	
65	0.189497	0.3	3	128.347	160.328	3.71161e-05	1.63549e-05	139.48	173	0	0	0	1	
65	0.190452	0.3	3	128.461	160.007	-2.40446e-05	-4.17499e-06	139.039	173	0	0	0	1	
65	0.191407	0.3	3	128.575	159.686	1.76461e-06	2.18968e-05	138.602	173	0	0	0	1	
65	0.192362	0.3	3	128.687	159.366	-8.64697e-06	5.4348e-06	138.167	173	0	0	0	1	
65	0.193317	0.3	3	128.799	159.047	1.72476e-05	-7.52506e-06	137.736	173	0	0	0	1	
65	0.194271	0.3	3	128.91	158.729	-8.74482e-06	-1.65934e-05	137.307	173	0	0	0	1	
65	0.195226	0.3	3	129.02	158.411	3.22409e-06	5.62767e-05	136.881	173	0	0	0	1	
65	0.196181	0.3	3	129.129	158.093	3.74303e-05	5.4716e-06	136.458	173	0	0	0	1	
65	0.197136	0.3	3	129.237	157.776	-2.18004e-05	-8.94453e-06	136.038	173	0	0	0	1	
65	0.19809	0.3	3	129.344	157.46	-3.75531e-05	-3.685e-05	135.621	173	0	0	0	1	
65	0.199045	0.3	3	129.451	157.144	-1.64128e-07	3.85091e-05	135.206	173	0	0	0	1	
65	0.2	0.3	3	129.557	156.828	4.38799e-05	-1.91153e-05	134.794	173	0	0	0	1	
