65	0.1	0.1	1	nan	0	1599.98	1599.98	0	86.5	0	2	0	1	
65	0.1	0.10303	1	nan	0	1599.98	1599.98	0	86.5	0	2	0	1	
65	0.1	0.106061	1	nan	0	1599.98	1599.98	0	86.5	0	2	0	1	
65	0.1	0.109091	1	nan	0	1599.98	1599.98	0	86.5	0	2	0	1	
65	0.1	0.112121	1	nan	0	1599.98	1599.98	0	86.5	0	2	0	1	
65	0.1	0.115152	1	nan	0	1599.98	1599.98	0	86.5	0	2	0	1	
65	0.1	0.118182	1	nan	0	1599.98	1599.98	0	86.5	0	2	0	1	
65	0.1	0.121212	1	nan	0	1599.98	1599.98	0	86.5	0	2	0	1	
65	0.1	0.124242	1	nan	0	1599.98	1599.98	0	86.5	0	2	0	1	
65	0.1	0.127273	1	nan	0	1599.98	1599.98	0	86.5	0	2	0	1	
65	0.1	0.130303	1	nan	0	1599.98	1599.98	0	86.5	0	2	0	1	
65	0.1	0.133333	1	nan	0	1599.98	1599.98	0	86.5	0	2	0	1	
65	0.1	0.136364	1	nan	0	1599.98	1599.98	0	86.5	0	2	0	1	
65	0.1	0.139394	1	131.162	0	118.638	118.638	0	86.5	0	2	0	1	
65	0.1	0.142424	1	131.266	0	118.269	118.269	0	86.5	0	2	0	1	
65	0.1	0.145455	1	131.353	0	117.949	117.949	0	86.5	0	2	0	1	
65	0.1	0.148485	1	131.423	0	117.679	117.679	0	86.5	0	2	0	1	
65	0.1	0.151515	1	131.475	0	117.46	117.46	0	86.5	0	2	0	1	
65	0.1	0.154545	1	131.51	0	117.291	117.291	0	86.5	0	2	0	1	
65	0.1	0.157576	1	131.528	0	117.173	117.173	0	86.5	0	2	0	1	
65	0.1	0.160606	1	131.529	0	117.107	117.107	0	86.5	0	2	0	1	
65	0.1	0.163636	1	131.512	0	117.092	117.092	0	86.5	0	2	0	1	
65	0.1	0.166667	1	131.477	0	117.129	117.129	0	86.5	0	2	0	1	
65	0.1	0.169697	1	131.425	0	117.219	117.219	0	86.5	0	2	0	1	
65	0.1	0.172727	1	131.356	0	117.36	117.36	0	86.5	0	2	0	1	
65	0.1	0.175758	1	131.268	0	117.555	117.555	0	86.5	0	2	0	1	
65	0.1	0.178788	1	131.162	0	117.802	117.802	0	86.5	0	2	0	1	
65	0.1	0.181818	1	131.038	0	118.103	118.103	0	86.5	0	2	0	1	
65	0.1	0.184848	1	130.896	0	118.456	118.456	0	86.5	0	2	0	1	
65	0.1	0.187879	1	130.736	0	118.862	118.862	0	86.5	0	2	0	1	
65	0.1	0.190909	1	130.556	0	119.32	119.32	0	86.5	0	2	0	1	
65	0.1	0.193939	1	130.358	0	119.832	119.832	0	86.5	0	2	0	1	
65	0.1	0.19697	1	130.14	0	120.395	120.395	0	86.5	0	2	0	1	
65	0.1	0.2	1	129.903	0	121.012	121.012	0	86.5	0	2	0	1	
65	0.1	0.20303	1	129.646	0	121.68	121.68	0	86.5	0	2	0	1	
65	0.1	0.206061	1	129.369	0	122.4	122.4	0	86.5	0	2	0	1	
65	0.1	0.209091	1	129.071	0	123.172	123.172	0	86.5	0	2	0	1	
65	0.1	0.212121	1	128.753	0	123.994	123.994	0	86.5	0	2	0	1	
65	0.1	0.215152	1	128.413	0	124.869	124.869	0	86.5	0	2	0	1	
65	0.1	0.218182	1	128.044	0	125.814	125.814	0	86.5	0	2	0	1	
65	0.1	0.221212	1	127.647	0	126.825	126.825	0	86.5	0	2	0	1	
65	0.1	0.224242	1	127.224	0	127.894	127.894	0	86.5	0	2	0	1	
65	0.1	0.227273	1	126.775	0	129.02	129.02	0	86.5	0	2	0	1	
65	0.1	0.230303	1	126.299	0	130.201	130.201	0	86.5	0	2	0	1	
65	0.1	0.233333	1	125.797	0	131.436	131.436	0	86.5	0	2	0	1	
65	0.1	0.236364	1	125.268	0	132.724	132.724	0	86.5	0	2	0	1	
65	0.1	0.239394	1	124.71	0	134.063	134.063	0	86.5	0	2	0	1	
65	0.1	0.242424	1	124.125	0	135.452	135.452	0	86.5	0	2	0	1	
65	0.1	0.245455	1	123.511	0	136.891	136.891	0	86.5	0	2	0	1	
65	0.1	0.248485	1	122.867	0	138.379	138.379	0	86.5	0	2	0	1	
65	0.1	0.251515	1	122.193	0	157.244	3.81292e-06	0	86.5	0	2	0	1	
65	0.1	0.254545	1	121.487	0	160.299	6.64974e-06	0	86.5	0	2	0	1	
65	0.1	0.257576	1	120.75	0	163.317	8.95765e-06	0	86.5	0	2	0	1	
65	0.1	0.260606	1	119.98	0	166.299	2.26858e-05	0	86.5	0	2	0	1	
65	0.1	0.263636	1	119.175	0	169.249	1.66634e-05	0	86.5	0	2	0	1	
65	0.1	0.266667	1	118.336	0	172.168	1.43785e-05	0	86.5	0	2	0	1	
65	0.1	0.269697	1	117.46	0	175.059	4.05639e-06	0	86.5	0	2	0	1	
65	0.1	0.272727	1	116.546	0	177.922	1.33316e-05	0	86.5	0	2	0	1	
65	0.1	0.275758	1	115.594	0	180.761	3.28926e-06	0	86.5	0	2	0	1	
65	0.1	0.278788	1	114.601	0	155.777	155.777	0	86.5	0	2	0	1	
65	0.1	0.281818	1	113.565	0	157.756	157.756	0	86.5	0	2	0	1	
65	0.1	0.284848	1	112.486	0	159.777	159.777	0	86.5	0	2	0	1	
65	0.1	0.287879	1	111.36	0	161.839	161.839	0	86.5	0	2	0	1	
65	0.1	0.290909	1	110.187	0	163.943	163.943	0	86.5	0	2	0	1	
65	0.1	0.293939	1	108.962	0	166.089	166.089	0	86.5	0	2	0	1	
65	0.1	0.29697	1	107.685	0	168.275	168.275	0	86.5	0	2	0	1	
65	0.1	0.3	1	106.352	0	170.503	170.503	0	86.5	0	2	0	1	
65	0.1	0.30303	1	104.959	0	172.773	172.773	0	86.5	0	2	0	1	
65	0.1	0.306061	1	103.503	0	175.084	175.084	0	86.5	0	2	0	1	
65	0.1	0.309091	1	101.981	0	177.438	177.438	0	86.5	0	2	0	1	
65	0.1	0.312121	1	100.387	0	179.835	179.835	0	86.5	0	2	0	1	
65	0.1	0.315152	1	98.7169	0	182.276	182.276	0	86.5	0	2	0	1	
65	0.1	0.318182	1	96.9643	0	184.762	184.762	0	86.5	0	2	0	1	
65	0.1	0.321212	1	95.1222	0	187.294	187.294	0	86.5	0	2	0	1	
65	0.1	0.324242	1	93.1838	0	189.874	189.874	0	86.5	0	2	0	1	
65	0.1	0.327273	1	91.1395	0	192.502	192.502	0	86.5	0	2	0	1	
65	0.1	0.330303	1	88.9785	0	195.183	195.183	0	86.5	0	2	0	1	
65	0.1	0.333333	1	86.6876	0	197.918	197.918	0	86.5	0	2	0	1	
65	0.1	0.336364	1	84.251	0	200.712	200.712	0	86.5	0	2	0	1	
65	0.1	0.339394	1	81.6487	0	203.571	203.571	0	86.5	0	2	0	1	
65	0.1	0.342424	1	78.8556	0	206.499	206.499	0	86.5	0	2	0	1	
65	0.1	0.345455	1	75.839	0	209.506	209.506	0	86.5	0	2	0	1	
65	0.1	0.348485	1	72.555	0	212.604	212.604	0	86.5	0	2	0	1	
65	0.1	0.351515	1	68.942	0	215.808	215.808	0	86.5	0	2	0	1	
65	0.1	0.354545	1	64.9093	0	219.143	219.143	0	86.5	0	2	0	1	
65	0.1	0.357576	1	60.313	0	222.647	222.647	0	86.5	0	2	0	1	
65	0.1	0.360606	1	54.8989	0	226.386	226.386	0	86.5	0	2	0	1	
65	0.1	0.363636	1	48.1339	0	230.496	230.496	0	86.5	0	2	0	1	
65	0.1	0.366667	1	38.4336	0	235.356	235.356	0	86.5	0	2	0	1	
65	0.1	0.369697	-2	0	0	0	0	0	86.5	0	2	0	1	
65	0.1	0.372727	-2	0	0	0	0	0	86.5	0	2	0	1	
65	0.1	0.375758	-2	0	0	0	0	0	86.5	0	2	0	1	
65	0.1	0.378788	-2	0	0	0	0	0	86.5	0	2	0	1	
65	0.1	0.381818	-2	0	0	0	0	0	86.5	0	2	0	1	
65	0.1	0.384848	-2	0	0	0	0	0	86.5	0	2	0	1	
65	0.1	0.387879	-2	0	0	0	0	0	86.5	0	2	0	1	
65	0.1	0.390909	-2	0	0	0	0	0	86.5	0	2	0	1	
65	0.1	0.393939	-2	0	0	0	0	0	86.5	0	2	0	1	
65	0.1	0.39697	-2	0	0	0	0	0	86.5	0	2	0	1	
65	0.1	0.4	-2	0	0	0	0	0	86.5	0	2	0	1	
