65	0.1	0.1	1	162.407	40.8811	1.40457e-05	4.50886e-06	-1.47546e-05	173	3	2	0	1	
65	0.1	0.10303	1	162.383	40.8695	-7.91887e-06	-4.57998e-06	-1.25085e-05	173	3	2	0	1	
65	0.1	0.106061	1	162.358	40.8589	-9.03911e-06	1.32643e-05	1.03562e-05	173	3	2	0	1	
65	0.1	0.109091	1	162.334	40.8487	3.27117e-07	-1.77009e-05	-3.17101e-05	173	3	2	0	1	
65	0.1	0.112121	1	162.309	40.8394	-1.7906e-05	1.51557e-05	-2.59392e-05	173	3	2	0	1	
65	0.1	0.115152	1	162.284	40.8309	-4.73023e-07	1.62059e-05	3.75844e-06	173	3	2	0	1	
65	0.1	0.118182	1	162.258	40.8233	-3.92836e-07	1.3786e-05	5.20667e-06	173	3	2	0	1	
65	0.1	0.121212	1	162.232	40.8166	3.70224e-06	8.12936e-07	-1.7587e-05	173	3	2	0	1	
65	0.1	0.124242	1	162.205	40.8108	-7.17223e-06	-4.24444e-06	-5.36569e-06	173	3	2	0	1	
65	0.1	0.127273	1	162.178	40.8057	5.19943e-06	1.27694e-05	7.44281e-06	173	3	2	0	1	
65	0.1	0.130303	1	162.151	40.8011	-1.84138e-06	-2.21337e-06	-3.34271e-06	173	3	2	0	1	
65	0.1	0.133333	1	162.123	40.7983	8.49864e-06	2.03963e-06	2.5524e-05	173	3	2	0	1	
65	0.1	0.136364	1	162.095	40.7947	1.63628e-08	-5.46531e-06	-3.07899e-05	173	3	2	0	1	
65	0.1	0.139394	1	162.068	40.7298	6.12861e-06	6.75469e-06	9.66054e-06	173	3	2	0	1	
65	0.1	0.142424	1	162.045	40.6554	2.32009e-05	-3.64775e-06	1.52869e-05	173	3	2	0	1	
65	0.1	0.145455	1	162.006	40.9018	1.9489e-06	-1.29916e-05	-2.69388e-05	173	3	2	0	1	
65	0.1	0.148485	1	161.974	40.9135	2.34648e-05	-6.71947e-06	-1.33301e-05	173	3	2	0	1	
65	0.1	0.151515	1	161.941	40.8606	5.68491e-06	-1.26114e-06	-4.33031e-06	173	3	2	0	1	
65	0.1	0.154545	1	161.908	40.8801	-3.8272e-05	9.85657e-06	-7.56706e-06	173	3	2	0	1	
65	0.1	0.157576	1	161.873	40.9035	-8.02667e-06	-4.9692e-08	2.17655e-06	173	3	2	0	1	
65	0.1	0.160606	1	161.837	40.9318	-5.36502e-06	-1.80942e-06	3.42531e-05	173	3	2	0	1	
65	0.1	0.163636	1	161.8	40.9675	9.35215e-06	-7.20247e-06	-3.79258e-05	173	3	2	0	1	
65	0.1	0.166667	1	161.761	41.0116	3.80292e-05	-9.90988e-09	2.94283e-06	173	3	2	0	1	
65	0.1	0.169697	1	161.721	41.0669	-6.59347e-06	3.07626e-07	-3.68468e-05	173	3	2	0	1	
65	0.1	0.172727	1	161.679	41.1362	-1.87645e-05	9.30182e-06	5.62246e-06	173	3	2	0	1	
65	0.1	0.175758	-2	0	0	0	0	0	173	3	2	0	1	
65	0.1	0.178788	1	161.377	47.6685	-4.90154e-05	6.856e-06	31.4806	173	3	2	0	1	
65	0.1	0.181818	1	160.804	58.1881	1.57885e-06	6.08687e-06	45.5586	173	3	2	0	1	
65	0.1	0.184848	1	160.114	67.2961	6.00988e-05	-5.48846e-06	56.0871	173	3	2	0	1	
65	0.1	0.187879	1	159.354	75.2582	-4.27103e-05	2.26428e-05	64.8712	173	3	2	0	1	
65	0.1	0.190909	1	158.547	82.3554	-3.64881e-05	6.82382e-06	72.6604	173	3	2	0	1	
65	0.1	0.193939	1	157.707	88.7728	6.91271e-05	7.56849e-06	79.3758	173	3	2	0	1	
65	0.1	0.19697	1	156.839	94.6678	1.46972e-05	5.36716e-06	85.6658	173	3	2	0	1	
65	0.1	0.2	1	155.946	100.147	-6.08162e-05	-1.92915e-05	91.5253	173	3	2	0	1	
65	0.1	0.20303	1	155.03	105.286	5.88252e-06	-2.43455e-05	97.0319	173	3	2	0	1	
65	0.1	0.206061	1	154.094	110.139	-6.61864e-05	-3.02072e-05	102.244	173	3	2	0	1	
65	0.1	0.209091	1	153.137	114.749	1.8069e-05	-3.13501e-05	107.206	173	3	2	0	1	
65	0.1	0.212121	1	152.161	119.144	4.84783e-06	2.23418e-07	111.953	173	3	2	0	1	
65	0.1	0.215152	1	151.167	123.357	-6.74835e-05	7.22846e-06	116.512	173	3	2	0	1	
65	0.1	0.218182	1	150.154	127.467	-8.80053e-07	-7.08686e-06	120.905	173	3	2	0	1	
65	0.1	0.221212	1	149.123	131.311	-4.26056e-05	-6.71803e-06	125.151	173	3	2	0	1	
65	0.1	0.224242	1	148.074	135.089	-5.81793e-06	7.56897e-06	129.265	173	3	2	0	1	
65	0.1	0.227273	1	147.007	138.761	6.23933e-05	-1.37266e-05	133.26	173	3	2	0	1	
65	0.1	0.230303	1	145.923	142.396	1.33713e-05	5.6919e-06	137.146	173	3	2	0	1	
65	0.1	0.233333	1	144.821	145.696	2.23632e-05	2.16979e-05	140.933	173	3	2	0	1	
65	0.1	0.236364	1	143.697	148.971	-2.00308e-05	-1.91195e-05	144.631	173	3	2	0	1	
65	0.1	0.239394	1	142.554	152.193	2.23299e-05	-5.80456e-06	148.244	173	3	2	0	1	
65	0.1	0.242424	1	141.391	155.346	-2.47072e-05	-2.86746e-06	151.781	173	3	2	0	1	
65	0.1	0.245455	1	140.208	158.441	-2.82692e-05	9.62381e-06	155.245	173	3	2	0	1	
65	0.1	0.248485	1	139.004	161.521	-1.58302e-05	2.80482e-07	158.642	173	3	2	0	1	
65	0.1	0.251515	1	137.779	164.417	4.26171e-06	-2.08507e-05	161.977	173	3	2	0	1	
65	0.1	0.254545	1	136.533	167.307	4.47628e-05	3.03358e-05	165.252	173	3	2	0	1	
65	0.1	0.257576	1	135.264	170.144	1.43879e-05	-3.44817e-05	168.472	173	3	2	0	1	
65	0.1	0.260606	1	133.973	172.929	8.74875e-06	3.48399e-05	171.64	173	3	2	0	1	
65	0.1	0.263636	1	132.658	175.662	3.38782e-05	-5.51119e-06	174.758	173	3	2	0	1	
65	0.1	0.266667	1	131.318	178.346	-1.80277e-05	-2.3043e-05	177.83	173	3	2	0	1	
65	0.1	0.269697	1	129.953	180.982	1.74217e-05	6.827e-06	180.856	173	3	2	0	1	
65	0.1	0.272727	1	128.562	183.572	1.15388e-05	-9.84231e-06	183.841	173	3	2	0	1	
65	0.1	0.275758	1	127.143	186.119	-3.25811e-07	-7.84942e-06	186.785	173	3	2	0	1	
65	0.1	0.278788	1	125.695	188.623	1.32605e-05	-1.7437e-05	189.691	173	3	2	0	1	
65	0.1	0.281818	1	124.218	191.086	-1.17846e-05	3.81172e-05	192.56	173	3	2	0	1	
65	0.1	0.284848	1	122.709	193.51	-3.50787e-06	4.49564e-06	195.393	173	3	2	0	1	
65	0.1	0.287879	1	121.168	195.896	-1.63198e-05	1.11303e-05	198.193	173	3	2	0	1	
65	0.1	0.290909	1	119.592	198.244	-1.09422e-05	-3.81786e-06	200.96	173	3	2	0	1	
65	0.1	0.293939	1	117.979	200.556	-3.99378e-06	9.22722e-06	203.696	173	3	2	0	1	
65	0.1	0.29697	1	116.328	202.832	-7.68912e-07	-4.60137e-06	206.401	173	3	2	0	1	
65	0.1	0.3	1	114.637	205.074	-6.91819e-06	-4.26806e-05	209.078	173	3	2	0	1	
65	0.1	0.30303	1	112.903	207.282	-2.46264e-06	-3.97246e-05	211.726	173	3	2	0	1	
65	0.1	0.306061	1	111.122	209.457	-5.67572e-06	3.00909e-05	214.347	173	3	2	0	1	
65	0.1	0.309091	1	109.293	211.598	-1.5977e-05	-2.51426e-06	216.943	173	3	2	0	1	
65	0.1	0.312121	1	107.412	213.707	-9.78965e-06	1.73464e-06	219.514	173	3	2	0	1	
65	0.1	0.315152	1	105.474	215.784	-1.02143e-05	1.75051e-06	222.07	173	3	2	0	1	
65	0.1	0.318182	1	103.475	217.828	-5.0423e-06	-2.71472e-06	224.573	173	3	2	0	1	
65	0.1	0.321212	1	101.411	219.84	2.19641e-06	2.05889e-05	227.056	173	3	2	0	1	
65	0.1	0.324242	1	99.2755	221.819	7.22984e-06	-2.834e-08	229.521	173	3	2	0	1	
65	0.1	0.327273	1	97.062	223.764	4.51606e-05	-2.31219e-05	231.965	173	3	2	0	1	
65	0.1	0.330303	1	94.7625	225.677	-1.72067e-05	-7.52562e-06	234.388	173	3	2	0	1	
65	0.1	0.333333	1	92.364	227.558	-7.60555e-06	-2.48675e-05	236.79	173	3	2	0	1	
65	0.1	0.336364	1	89.8655	229.399	-1.96522e-05	3.37036e-05	239.171	173	3	2	0	1	
65	0.1	0.339394	1	87.2429	231.207	-9.60874e-06	-1.21838e-06	241.531	173	3	2	0	1	
65	0.1	0.342424	1	84.4829	232.977	-9.0164e-06	6.90957e-06	243.871	173	3	2	0	1	
65	0.1	0.345455	1	81.5639	234.708	9.70618e-06	2.12627e-05	246.19	173	3	2	0	1	
65	0.1	0.348485	1	78.4556	236.397	-5.22908e-06	-9.44527e-06	248.489	173	3	2	0	1	
65	0.1	0.351515	1	75.1267	238.04	2.995e-05	-5.0437e-06	250.768	173	3	2	0	1	
65	0.1	0.354545	1	71.5252	239.632	2.58498e-05	-1.41309e-05	253.027	173	3	2	0	1	
65	0.1	0.357576	1	67.5792	241.166	-5.64048e-06	1.66848e-05	255.265	173	3	2	0	1	
65	0.1	0.360606	1	63.1791	242.634	2.88699e-06	4.58875e-06	257.482	173	3	2	0	1	
65	0.1	0.363636	1	58.1367	244.024	-2.47989e-05	1.00421e-06	259.678	173	3	2	0	1	
65	0.1	0.366667	1	52.1048	245.31	-2.30344e-05	-5.34259e-06	261.85	173	3	2	0	1	
65	0.1	0.369697	1	44.2455	246.45	-3.63058e-06	-5.88896e-06	263.995	173	3	2	0	1	
65	0.1	0.372727	1	30.9451	247.323	-3.50114e-05	7.38477e-06	266.097	173	3	2	0	1	
65	0.1	0.375758	-2	0	0	0	0	0	173	3	2	0	1	
65	0.1	0.378788	-2	0	0	0	0	0	173	3	2	0	1	
65	0.1	0.381818	-2	0	0	0	0	0	173	3	2	0	1	
65	0.1	0.384848	-2	0	0	0	0	0	173	3	2	0	1	
65	0.1	0.387879	-2	0	0	0	0	0	173	3	2	0	1	
65	0.1	0.390909	-2	0	0	0	0	0	173	3	2	0	1	
65	0.1	0.393939	-2	0	0	0	0	0	173	3	2	0	1	
65	0.1	0.39697	-2	0	0	0	0	0	173	3	2	0	1	
65	0.1	0.4	-2	0	0	0	0	0	173	3	2	0	1	
