65	0.1	0.1	1	141.6076055270559	91.94034838895759	-2.228931461043665e-06	1.783688024380071e-05	-9.270854878028177e-06	70.8067537307662	1	1	0	1	
65	0.1	0.1015075376884422	1	141.5980080770535	91.93903070444719	-1.159682930547325e-06	1.059132188054971e-05	-4.78268709226456e-07	70.80195377417471	1	1	0	1	
65	0.1	0.1030150753768844	1	141.5883378924834	91.93792945769285	-1.673688438318989e-05	1.487190371758948e-05	1.188136177142333e-05	70.79711762548395	1	1	0	1	
65	0.1	0.1045226130653266	1	141.5786026332408	91.93698228351823	-8.951151097114085e-06	1.400316095992392e-05	-9.634381846710758e-06	70.792250728987	1	1	0	1	
65	0.1	0.1060301507537689	1	141.5687997891541	91.93616124616044	3.761457221918008e-06	-1.248269694427448e-05	7.767033530804391e-06	70.7873460806999	1	1	0	1	
65	0.1	0.1075376884422111	1	141.5589249228745	91.93549745177695	-7.803400507322422e-06	-1.708965678667005e-06	-1.100060301939444e-05	70.7824073619731	1	1	0	1	
65	0.1	0.1090452261306533	1	141.5489757856611	91.93513192093921	5.914853274391341e-07	7.591143152104315e-06	9.950404008218218e-06	70.77743347157335	1	1	0	1	
65	0.1	0.1105527638190955	1	141.5389544236217	91.93483883114568	-1.071906485337892e-05	1.088613022913578e-05	4.730918894264421e-06	70.77241947958565	1	1	0	1	
65	0.1	0.1120603015075377	1	141.5288566248086	91.93481301354772	-8.000563647546366e-06	1.31226403365159e-05	2.957760252121416e-06	70.76737123084175	1	1	0	1	
65	0.1	0.1135678391959799	1	141.5186832550017	91.93496246294829	-1.444974972297786e-05	-1.626829929307193e-05	1.859823409352526e-07	70.7622811960552	1	1	0	1	
65	0.1	0.1150753768844221	1	141.5084289114138	91.93529260852694	-6.379528512789889e-06	-1.778783463678663e-05	9.645859937955852e-06	70.75715266975286	1	1	0	1	
65	0.1	0.1165829145728643	1	141.4980968885676	91.93585133159335	4.164128097894348e-09	-2.370875617468292e-06	-2.636193702264338e-05	70.75198524788576	1	1	0	1	
65	0.1	0.1180904522613065	1	141.487680506416	91.93663089719612	9.980811375494281e-06	2.246962277247384e-05	6.032091675147778e-06	70.7467753434961	1	1	0	1	
65	0.1	0.1195979899497488	1	141.4771770083094	91.93776182047824	4.586421695873533e-06	9.427019196908103e-06	-1.030989643579038e-05	70.74152462722915	1	1	0	1	
65	0.1	0.121105527638191	1	141.466589697035	91.93900442484086	-2.633173860316917e-06	1.287579247158635e-05	-3.005782208270788e-05	70.73622969886605	1	1	0	1	
65	0.1	0.1226130653266332	1	141.455915868508	91.9404693728362	-2.238934403264725e-06	-1.170503251972359e-05	1.367867224326664e-05	70.73088917362359	1	1	0	1	
65	0.1	0.1241206030150754	1	141.4451502981906	91.94223692116904	-1.504513961535225e-05	1.094003278613893e-05	-6.032783747954278e-06	70.72550490264339	1	1	0	1	
65	0.1	0.1256281407035176	1	141.4342902826494	91.94423937910088	-1.117319858634502e-05	-1.087528660694188e-05	-1.341776484946383e-05	70.7200755800413	1	1	0	1	
65	0.1	0.1271356783919598	1	141.4233385298971	91.94655385701807	-9.762878685426468e-06	1.500990346872588e-05	-1.065008134508166e-05	70.71459819942756	1	1	0	1	
65	0.1	0.128643216080402	1	141.4122934929046	91.94901029500416	8.15415824303653e-06	-2.21005250826325e-06	2.844723978961518e-05	70.70907379702381	1	1	0	1	
65	0.1	0.1301507537688442	1	141.4011474607407	91.95185292992825	-1.78955088904266e-05	-7.559880979638822e-06	-2.63727450477903e-05	70.7034995491599	1	1	0	1	
65	0.1	0.1316582914572864	1	141.3899046556797	91.95493742898574	1.079505436701184e-05	-8.144799189248056e-06	-1.40922334942574e-05	70.69787458946445	1	1	0	1	
65	0.1	0.1331658291457287	1	141.3785602555313	91.95830598793407	-4.880644822374824e-06	1.594990281785301e-05	1.445120567203841e-05	70.69220082288825	1	1	0	1	
65	0.1	0.1346733668341709	1	141.3671179936189	91.96182671019143	2.648830613510324e-06	-6.094178868152406e-06	-1.649177171960028e-05	70.68647810798549	1	1	0	1	
65	0.1	0.1361809045226131	1	141.3555754060789	91.96564098051293	1.24656979411604e-05	-7.010153566647948e-07	-3.013520790365795e-05	70.6807074064414	1	1	0	1	
65	0.1	0.1376884422110553	1	141.3439427489764	91.96953662669067	1.471001757590885e-05	1.037380934063659e-05	-4.119368519101098e-06	70.6748894698937	1	1	0	1	
65	0.1	0.1391959798994975	1	141.3322342875219	91.97335205074204	1.701037624635485e-05	-1.680502149041471e-05	3.609289257100248e-06	70.66903373705826	1	1	0	1	
65	0.1	0.1407035175879397	1	141.3205091932065	91.97641647029766	-1.603176658652311e-06	-1.121760308631951e-05	1.227351002733209e-05	70.6631678904359	1	1	0	1	
65	0.1	0.1422110552763819	1	141.3087856439503	91.97846578407464	1.502426361154816e-05	-9.467207077731416e-06	-1.546219040976702e-05	70.65730651273275	1	1	0	1	
65	0.1	0.1437185929648241	1	141.296678968689	91.98384986376347	-1.516060436202241e-05	-1.097830312216934e-05	-3.005689920115036e-06	70.65124941633745	1	1	0	1	
65	0.1	0.1452261306532663	1	141.2843242926973	91.99100576530515	8.207204238219745e-06	1.17132381883989e-05	1.840017493921497e-05	70.64507236736046	1	1	0	1	
65	0.1	0.1467336683417086	1	141.2717477823287	91.99976059014664	1.976996248953533e-05	7.289579855963381e-06	-2.588007874953707e-05	70.63878212253699	1	1	0	1	
65	0.1	0.1482412060301508	1	141.2589499640275	92.00988956668606	-9.580383719565155e-06	-1.15280195627714e-05	-1.075121461229459e-05	70.63238111651955	1	1	0	1	
65	0.1	0.149748743718593	1	141.2459288309889	92.02157714336437	1.091207792225379e-05	3.960013785383841e-06	-3.260670037568719e-05	70.62586820344055	1	1	0	1	
65	0.1	0.1512562814070352	1	141.2326709071243	92.03495275362408	-3.538270165083859e-06	-1.906494295952736e-05	-3.08008980937781e-05	70.61923481561524	1	1	0	1	
65	0.1	0.1527638190954774	1	141.2190728173717	92.05112270584787	-7.502168845468365e-06	-1.234302765911232e-05	-2.853256596775631e-06	70.6124356424632	1	1	0	1	
65	0.1	0.1542713567839196	1	141.2055100241623	92.06601977606543	3.37989133013944e-06	1.040789160798865e-06	2.329419046499314e-05	70.60565267843675	1	1	0	1	
65	0.1	0.1557788944723618	1	141.1915625617287	92.08443703707395	-4.739197298403441e-06	-1.892576989313412e-08	7.905020177075427e-06	70.59867678691946	1	1	0	1	
65	0.1	0.157286432160804	1	141.1772975792854	92.10578266150712	7.291650936297467e-06	-8.128549058275588e-06	3.45875924465479e-05	70.59154133943019	1	1	0	1	
65	0.1	0.1587939698492462	1	141.1626948962731	92.13075145819667	1.852846259434637e-05	-4.293491809656538e-06	3.000207966162162e-05	70.5842373682067	1	1	0	1	
65	0.1	0.1603015075376885	1	141.1477095741796	92.16079578565937	-3.523924541494819e-05	-5.3580447010109e-06	3.971232381509335e-05	70.57674076890279	1	1	0	1	
65	0.1	0.1618090452261307	1	141.132336320561	92.19880082114246	-1.232106338175035e-05	-2.898621116615126e-06	9.477600861151261e-06	70.56905200773436	1	1	0	1	
65	0.1	0.1633165829145729	1	141.1166214780013	92.27237966917329	1.588059054002944e-05	-3.452140022030324e-07	-1.523645937352082e-05	70.56119161860995	1	1	0	1	
65	0.1	0.1648241206030151	1	141.1004893416807	92.26181539282727	4.289348911723501e-06	-2.673201524070236e-06	-1.163461950051484e-05	70.5531234949699	1	1	0	1	
65	0.1	0.1663316582914573	1	141.0840206153683	92.27978386633507	9.997511618887317e-06	-1.629926216278539e-05	2.467223526696837e-05	70.5448869708294	1	1	0	1	
65	0.1	0.1678391959798995	1	141.0671620768634	92.30611815772247	2.576438445731771e-05	3.543760657887911e-06	-2.970562084555695e-05	70.53645545037485	1	1	0	1	
65	0.1	0.1693467336683417	1	141.0498123957994	92.33814337341907	-6.278606722198168e-06	4.311352545483674e-06	-2.755129868131078e-05	70.52777809559835	1	1	0	1	
65	0.1	0.1708542713567839	1	141.0318850427506	92.37568057297874	1.706616624470858e-06	-1.586301753661748e-05	4.515203381705608e-05	70.5188120541163	1	1	0	1	
65	0.1	0.1723618090452261	1	141.0161109640975	92.38724878371292	-9.25473267498686e-06	-5.489670787813161e-06	4.756855104289995e-06	70.510921812752	1	1	0	1	
65	0.1	0.1738693467336684	1	140.9985687025004	92.4169082190101	-4.223306271316119e-06	-3.880830979225988e-06	-2.24160663888159e-05	70.5021672837732	1	1	0	1	
65	0.1	0.1768844221105528	1	140.92570481897	92.89347546758779	-4.93685679603395e-06	6.003714962047915e-07	27.40934478162131	70.4658419459448	1	1	0	1	
65	0.1	0.178391959798995	1	140.8621461227183	93.42427124084641	1.413791028328018e-05	-1.299350393741479e-05	35.70318113106173	70.43410862226276	1	1	0	1	
65	0.1	0.1798994974874372	1	140.7641982726197	94.31197518678728	-1.879512851343985e-05	1.321908556119506e-05	42.18384370387565	70.3851644385521	1	1	0	1	
65	0.1	0.1814070351758794	1	140.6414701263479	95.42863431491801	1.675610685131224e-05	9.720840359357658e-07	47.69884615647758	70.3238100074325	1	1	0	1	
65	0.1	0.1829145728643216	1	140.4954379919871	96.7367664144482	8.300409517077167e-05	-5.384253037695602e-06	52.59579250781721	70.2507869109064	1	1	0	1	
65	0.1	0.1844221105527638	1	140.3276285397232	98.20075454299706	2.90367742874012e-06	6.200152635194023e-06	57.05496177363216	70.16686166176095	1	1	0	1	
65	0.1	0.1859296482412061	1	140.1395701556322	99.78829743971498	6.095778198000629e-06	-4.719889870441474e-06	61.18504470996102	70.07280131102419	1	1	0	1	
65	0.1	0.1874371859296483	1	139.9327315726442	101.471702587857	1.345526056013326e-05	-1.260555106491305e-05	65.06213894398158	69.9693409533985	1	1	0	1	
65	0.1	0.1889447236180904	1	139.708423581524	103.2284285738761	4.394331988815878e-05	4.583807180328497e-06	68.77728825321702	69.8571430189069	1	1	0	1	
65	0.1	0.1904522613065327	1	139.4678112070132	105.0403283143054	-1.682368290737563e-05	6.375473514060297e-06	72.16806658157115	69.73678572922876	1	1	0	1	
65	0.1	0.1919597989949749	1	139.2131101426958	106.8839987356612	-4.056506748698887e-06	-8.683899010468227e-06	75.39100026630493	69.60938033573154	1	1	0	1	
65	0.1	0.1934673366834171	1	138.9359782729683	108.816552989099	-8.388669859921345e-07	2.477006462953124e-05	78.51977608324407	69.47110770291565	1	1	0	1	
65	0.1	0.1949748743718593	1	138.657086401432	110.6826674298514	3.975978496693899e-05	-2.839894063076141e-06	81.52826612176101	69.3312552290872	1	1	0	1	
65	0.1	0.1964824120603015	1	138.3663050598734	112.5586129378217	-4.874439528623764e-05	-2.229745179353759e-05	84.43672900957037	69.18580816310345	1	1	0	1	
65	0.1	0.1979899497487437	1	138.0644051871899	114.437986404696	-1.636352010257747e-05	1.3456588183848e-05	87.25368525671475	69.03480105416214	1	1	0	1	
65	0.1	0.1994974874371859	1	137.7521330909377	116.3156997636466	-1.21632767651203e-05	4.723777083441261e-06	89.98706194496884	68.8786090939839	1	1	0	1	
65	0.1	0.2010050251256282	1	137.4301550926957	118.1877742526847	-6.642474475560683e-06	1.617575591197039e-05	92.64378280144291	68.7175643615639	1	1	0	1	
65	0.1	0.2025125628140704	1	137.0990588422652	120.051200256047	-4.241805347027228e-06	5.639019929688696e-06	95.23004078137187	68.55196114340715	1	1	0	1	
65	0.1	0.2040201005025126	1	136.7593655110557	121.9036710803043	-3.390752620698826e-05	-8.896189917673158e-06	97.75133473577034	68.38205993978249	1	1	0	1	
65	0.1	0.2055276381909548	1	136.4115362119697	123.7436291433073	1.120362528453551e-05	-2.169603017432012e-05	100.2123220686137	68.20809192304056	1	1	0	1	
65	0.1	0.207035175879397	1	136.0559805757316	125.5698458950854	-2.871250072726512e-05	8.510521335991939e-06	102.6173579488808	68.03026205517536	1	1	0	1	
65	0.1	0.2085427135678392	1	135.6930636447297	127.381573037305	-1.512104039802818e-05	-1.280655363944965e-05	104.9701811890471	67.84875215202921	1	1	0	1	
65	0.1	0.2100502512562814	1	135.3231108352819	129.17839422471	2.34753918961772e-05	3.672230174309263e-05	107.2741906292886	67.66372554112115	1	1	0	1	
65	0.1	0.2115577889447236	1	134.9464144532273	130.9602270276408	1.972345046230908e-05	1.815370699693661e-05	109.5324358697508	67.47532791753225	1	1	0	1	
65	0.1	0.2130653266331659	1	134.5632377944584	132.7273339867781	-4.526330481194134e-05	-1.096528861895659e-05	111.7476312166124	67.28369150883201	1	1	0	1	
65	0.1	0.214572864321608	1	134.173822863636	134.4803525656792	2.169957134423584e-06	-1.744563795963612e-07	113.9223298913697	67.08893671685075	1	1	0	1	
65	0.1	0.2160804020100503	1	133.778392650842	136.220513004294	-4.297114693072292e-05	-2.55199406402418e-07	116.0587227128221	66.89117516885275	1	1	0	1	
65	0.1	0.2175879396984925	1	133.3771570234372	137.9501500848366	7.802721100069743e-07	2.510974384451956e-05	118.1588601961278	66.69051143439735	1	1	0	1	
65	0.1	0.2190954773869347	1	132.9703298035317	139.6740460720608	-1.700483929369112e-05	-8.151416773074897e-06	120.2246097828438	66.48705239823946	1	1	0	1	
65	0.1	0.2206030150753769	1	132.5582006075712	141.4044601407492	5.054491108216908e-05	1.783337453142462e-05	122.2576391767167	66.280944104065	1	1	0	1	
65	0.1	0.2221105527638191	1	132.1417838928973	143.1995617798233	3.127156904338992e-05	2.020287186952491e-05	124.2589281909746	66.07268549025299	1	1	0	1	
65	0.1	0.2236180904522613	1	131.7202054201564	144.8697179896299	-1.759038415819457e-06	-4.115275302266509e-05	126.2306289674874	65.8618561987651	1	1	0	1	
65	0.1	0.2251256281407035	1	131.2922012938863	146.2808225106724	-2.196669705845046e-05	-1.573717944232839e-05	128.1750284645217	65.6478177251099	1	1	0	1	
65	0.1	0.2266331658291457	1	130.8589041446953	147.7804594456997	-3.846276167521201e-06	2.097330624312117e-05	130.0927455183289	65.43112728177709	1	1	0	1	
65	0.1	0.2281407035175879	1	130.4187655238287	149.3055207326836	-1.312472925458033e-05	5.612364391119166e-06	131.9859740747358	65.21102223150714	1	1	0	1	
65	0.1	0.2296482412060302	1	129.9736370277201	150.8329061197661	-3.059428910800934e-05	3.168286003579768e-06	133.8545812232993	64.98841970947235	1	1	0	1	
65	0.1	0.2311557788944724	1	129.5231496337479	152.3576532536507	-5.683344752954733e-06	-6.394331033217392e-06	135.6997993641946	64.7631380316014	1	1	0	1	
65	0.1	0.2326633165829146	1	129.0674348834611	153.8764372480586	1.206253153201997e-05	-2.194613029532499e-05	137.5224358296375	64.53524250170635	1	1	0	1	
65	0.1	0.2341708542713568	1	128.6065870428324	155.3875887838704	-7.809133654473888e-06	-1.021582968534706e-05	139.3235282881582	64.30478081048155	1	1	0	1	
65	0.1	0.235678391959799	1	128.1406797207129	156.8905734568305	1.024172812287647e-05	-3.164372930034021e-06	141.1044233492591	64.07178969126335	1	1	0	1	
65	0.1	0.2371859296482412	1	127.6697762806766	158.3867810660695	-1.735488263630673e-05	-2.309151273087798e-05	142.8660563322044	63.8363009941472	1	1	0	1	
65	0.1	0.2386934673366834	1	127.1939437390843	159.8731535611784	-3.960971787798082e-06	-1.935012185258142e-05	144.6073915230508	63.59834648251995	1	1	0	1	
65	0.1	0.2402010050251256	1	126.7131448871867	161.3292296348792	1.27994501220377e-06	5.876761413066423e-06	146.3274654058163	63.35790727568425	1	1	0	1	
65	0.1	0.2417085427135679	1	126.2273764467967	162.7825380649806	-6.590081039096335e-06	1.075039002080419e-05	148.0293897666086	63.1149777354048	1	1	0	1	
65	0.1	0.2432160804020101	1	125.7366818052882	164.2270711133728	-3.861778900962273e-05	-2.164213357280786e-05	149.7245051446993	62.8695899670168	1	1	0	1	
65	0.1	0.2447236180904523	1	125.2411239789488	165.6617637399258	4.855313491813895e-07	-3.058493379800176e-05	151.410590800284	62.62176703235965	1	1	0	1	
65	0.1	0.2462311557788945	1	124.740685999303	167.0864161200065	-2.447766968184965e-05	-2.780683655112526e-06	153.0447451459686	62.371506157431	1	1	0	1	
65	0.1	0.2477386934673367	1	124.2354683998591	168.5006535905771	6.251209007990255e-06	6.003280487334832e-07	154.6314492375785	62.11885608638015	1	1	0	1	
65	0.1	0.2492462311557789	1	123.7244067448819	169.9075260461625	1.115145115049591e-05	1.675116708765856e-05	157.0766136235166	61.86324671114675	1	1	0	1	
65	0.1	0.2507537688442211	1	123.2069376591863	171.308455086133	1.913317576107687e-05	-1.799227715176821e-05	159.1288409022415	61.60443922112315	1	1	0	1	
65	0.1	0.2522613065326633	1	122.68355822663	172.7020063574472	-4.033181705871865e-05	-3.650302006233397e-06	160.9793665990026	61.34270127052795	1	1	0	1	
65	0.1	0.2537688442211056	1	122.1546413508474	174.0870969798393	1.040168093260907e-05	-2.144375075285865e-07	162.7677707120601	61.078198354703	1	1	0	1	
65	0.1	0.2552763819095478	1	121.6202897958919	175.463515077717	-5.436374677203482e-06	-1.041300320691121e-05	164.5021254767972	60.81098152416765	1	1	0	1	
65	0.1	0.25678391959799	1	121.080549197643	176.8311408645925	5.55080273588384e-06	3.783572237364414e-05	166.206036123383	60.5410720835697	1	1	0	1	
65	0.1	0.2582914572864322	1	120.5354296239783	178.1900145952692	3.629472099955984e-05	-1.177734637813899e-06	167.8808491137532	60.2684748067192	1	1	0	1	
65	0.1	0.2597989949748744	1	119.9849301873869	179.540170456674	-5.635424319517385e-06	-2.573471167410801e-05	169.5317910153836	59.9931889107567	1	1	0	1	
65	0.1	0.2613065326633166	1	119.429036207168	180.8816937079369	-2.130842729742774e-05	-2.006927683240178e-05	171.1613367071569	59.7152068673801	1	1	0	1	
65	0.1	0.2628140703517589	1	118.8677246970249	182.2146839718345	-3.866078236103299e-06	1.106811874818092e-05	172.7713988241889	59.43451706875865	1	1	0	1	
65	0.1	0.264321608040201	1	118.3009653755097	183.5392439389077	-9.711160696326826e-06	-5.032095625742e-06	174.3635114026775	59.1511042563212	1	1	0	1	
65	0.1	0.2658291457286432	1	117.7287216542225	184.855493941729	2.362300000585682e-06	1.520815092335981e-05	175.9388808058746	58.86495006440425	1	1	0	1	
65	0.1	0.2673366834170854	1	117.1509514077669	186.1635675441536	1.545444384761993e-05	4.76736659365401e-06	177.4985497808757	58.5760333779261	1	1	0	1	
65	0.1	0.2688442211055276	1	116.5676074213309	187.4635780865089	9.063863900538038e-06	4.688026058996542e-05	179.0433716009774	58.2843305300463	1	1	0	1	
65	0.1	0.2703517587939699	1	115.9786376793368	188.7556620493481	1.804524150755826e-05	-4.293996636040021e-07	180.5740486205725	57.9898155130844	1	1	0	1	
65	0.1	0.2718592964824121	1	115.3839857218196	190.0399628547481	2.551117296881216e-05	-1.083947698798937e-05	182.0911978063805	57.6924600594162	1	1	0	1	
65	0.1	0.2733668341708543	1	114.7835907015639	191.3166184456	-5.482198445413977e-07	7.553010367724027e-06	183.5954069600117	57.3922337440001	1	1	0	1	
65	0.1	0.2748743718592965	1	114.1773875736035	192.5857342724899	-5.726478070906815e-06	4.010104754169352e-06	185.0871869017453	57.08910404051645	1	1	0	1	
65	0.1	0.2763819095477387	1	113.5653064962436	193.8474733953043	8.981857966716689e-06	-2.649617285366279e-05	186.5669617921955	56.7830360338556	1	1	0	1	
65	0.1	0.2778894472361809	1	112.9472761339695	195.1019797626811	1.501365669787091e-06	1.195997733074994e-05	188.0351787279059	56.4739940646548	1	1	0	1	
65	0.1	0.2793969849246232	1	112.3232171701803	196.34937255938	1.392052330843538e-05	2.593356592918775e-07	189.4921733040603	56.16193848601965	1	1	0	1	
65	0.1	0.2809045226130653	1	111.6930488001307	197.5897848061155	-2.828916277933767e-05	4.123183451439777e-06	190.9383249215244	55.8468289232959	1	1	0	1	
65	0.1	0.2824120603015076	1	111.0566854555906	198.8233824012558	2.03585146248738e-05	3.170018055259367e-06	192.3739434899322	55.52862260845615	1	1	0	1	
65	0.1	0.2839195979899498	1	110.4140374170244	200.0502854110922	-2.837696137319989e-06	3.417795526874934e-05	193.7993463848411	55.20727471524665	1	1	0	1	
65	0.1	0.285427135678392	1	109.7650107382489	201.2706142516739	-3.224732594162005e-06	1.228683025704543e-05	195.2147639218514	54.8827383045023	1	1	0	1	
65	0.1	0.2869346733668342	1	109.1095071773808	202.4845072535756	-8.584492708650637e-06	6.348989842763948e-06	196.6204916077632	54.5549642907655	1	1	0	1	
65	0.1	0.2884422110552764	1	108.4474241199424	203.6921202446784	5.755886917262372e-06	6.490747955334442e-06	198.0168141993667	54.2239014078891	1	1	0	1	
65	0.1	0.2899497487437186	1	107.7786544537784	204.8935580308936	1.628640078780823e-06	7.910478260764187e-06	199.4038609070385	53.88949614238325	1	1	0	1	
65	0.1	0.2914572864321608	1	107.1030864805144	206.0889786912712	4.295993972203778e-06	-1.065817849293937e-05	200.7819371003844	53.55169269353625	1	1	0	1	
65	0.1	0.292964824120603	1	106.4206037847708	207.2785027349668	4.003795743197716e-06	-3.336115023944153e-05	202.1512189586441	53.21043289874135	1	1	0	1	
65	0.1	0.2944723618090452	1	105.7310858255204	208.4622982207956	-1.23884874754232e-05	-5.065922609404083e-06	203.511901966328	52.86565618288485	1	1	0	1	
65	0.1	0.2959798994974875	1	105.0396923008121	209.6314967770476	1.753752515966898e-05	-4.636252509467031e-06	204.8633373079616	52.51994323470715	1	1	0	1	
65	0.1	0.2974874371859297	1	104.33043698068	210.8131516026496	1.275311605401092e-05	5.408310215018752e-06	206.2082148989931	52.165300748989	1	1	0	1	
65	0.1	0.2989949748743719	1	103.6190470475737	211.9804888430513	5.402484646695876e-06	1.809792933848975e-06	207.544148068636	51.8095918940627	1	1	0	1	
65	0.1	0.3005025125628141	1	102.9000950950497	213.1426053465858	-2.007646888943504e-06	-1.086682778690022e-05	208.8722263692871	51.4501032862361	1	1	0	1	
65	0.1	0.3020100502512563	1	102.1734357595237	214.2996772951286	-9.819756055395342e-07	-2.152328682186231e-05	210.1924911664161	51.08676228269425	1	1	0	1	
65	0.1	0.3035175879396985	1	101.4389182278051	215.4518253403752	2.192943400597391e-05	-1.419145961951843e-05	211.5051628182245	50.7194935079108	1	1	0	1	
65	0.1	0.3050251256281408	1	100.6963860873732	216.5991824145126	5.345615655905078e-06	-8.518027491827285e-07	212.8103520022115	50.34821877581725	1	1	0	1	
65	0.1	0.3065326633165829	1	99.94567717896747	217.7419213452735	7.872914507878193e-06	-1.928450890775757e-05	214.1082174826613	49.97285701241269	1	1	0	1	
65	0.1	0.3080402010050252	1	99.18662345421416	218.8801722268327	-1.47537364926717e-05	3.232877510329912e-05	215.3988307465558	49.5933241801246	1	1	0	1	
65	0.1	0.3095477386934674	1	98.41906639698266	220.0139588822019	6.261416967307213e-06	1.503276920002128e-05	216.6823685487001	49.21012537421144	1	1	0	1	
65	0.1	0.3110552763819096	1	97.64278773542611	221.1437895984467	-5.332838664030837e-06	-1.49425618030663e-05	217.9588985087806	48.82179851242602	1	1	0	1	
65	0.1	0.3125628140703518	1	96.85762558668841	222.2696272178139	3.218701347618147e-06	-4.756353469033414e-06	219.228548178842	48.42906054235972	1	1	0	1	
65	0.1	0.314070351758794	1	96.06338660474165	223.3916453982685	1.350660145919908e-06	5.86700969973375e-06	220.4914451084968	48.03181845287345	1	1	0	1	
65	0.1	0.3155778894472362	1	95.25987067850758	224.5100083340451	2.608639078481752e-05	-1.719659449159194e-06	221.7476607738388	47.62997616288934	1	1	0	1	
65	0.1	0.3170854271356784	1	94.44687029899848	225.624945967819	5.000106166567521e-06	-1.348604249391816e-06	222.9973129628896	47.22343420320307	1	1	0	1	
65	0.1	0.3185929648241206	1	93.62416596171039	226.7366093536487	-1.861771593028123e-05	5.332231292657413e-06	224.2404736270339	46.81208737541675	1	1	0	1	
65	0.1	0.3201005025125628	1	92.79155623694575	-227.8452027858256	5.810693013197366e-06	1.617833291763914e-05	225.477218283407	46.39583976079309	1	1	0	1	
65	0.1	0.3216080402010051	1	91.94880556313163	-228.9509729166647	-2.331939484401246e-06	-3.920412007929406e-05	226.7076912599391	45.97457862513455	1	1	0	1	
65	0.1	0.3231155778894472	1	91.09566837576793	-230.0541021467072	-3.236578321200168e-06	6.780817692092055e-06	227.9319036343932	45.54818617702842	1	1	0	1	
65	0.1	0.3246231155778895	1	90.23191084064476	-231.1548664354	1.214201089514495e-05	6.692393352277785e-06	229.1499851107878	45.11655045185793	1	1	0	1	
65	0.1	0.3261306532663317	1	89.35728501466971	-232.2535337625001	-1.111310249957316e-05	-1.561388377420664e-05	230.361959533289	44.67955202409899	1	1	0	1	
65	0.1	0.3276381909547739	1	88.47153642468948	-233.3503721167324	-4.156698879576037e-05	1.698902286270849e-05	231.5679312141582	44.23706742630007	1	1	0	1	
65	0.1	0.3291457286432161	1	87.57451327038183	-234.4462826886747	4.40705742355274e-05	-2.69532353979491e-05	232.7678252735419	43.78720220282503	1	1	0	1	
65	0.1	0.3306532663316583	1	86.66304139818317	-235.5438492305483	2.003044143962518e-05	6.634342381767189e-05	233.9623226380196	43.33143755028289	1	1	0	1	
65	0.1	0.3321608040201005	1	85.74143833650811	-236.6383780815354	-5.710446241650319e-07	1.106795996796972e-06	235.1506944857458	42.87059792602169	1	1	0	1	
65	0.1	0.3336683417085428	1	84.81249286615606	-237.7267677960245	-3.08536014874683e-05	-8.882673868156575e-06	236.3325761295827	42.40607687901311	1	1	0	1	
65	0.1	0.335175879396985	1	83.86731411359897	-238.8195220651065	-1.308469449304295e-05	-2.062505603905862e-05	237.5092852644538	41.93342586353523	1	1	0	1	
65	0.1	0.3366834170854272	1	82.90944063385274	-239.9126492310109	-4.708125892927129e-06	-1.499253654890786e-06	238.6802890882079	41.45441474425626	1	1	0	1	
65	0.1	0.3381909547738694	1	81.93860612413152	-241.0065327114751	-2.897925067603434e-05	-1.360048861265284e-05	239.8456509584461	40.96891108799824	1	1	0	1	
65	0.1	0.3396984924623116	1	80.95454856707316	-242.1017357255091	-1.469985860492475e-05	-1.751957044793251e-05	241.0053582677116	40.47678745362931	1	1	0	1	
65	0.1	0.3412060301507538	1	79.9570128112985	-243.1987790445089	-4.733338720124079e-05	4.378777642588538e-06	242.1595046376131	39.97792440283303	1	1	0	1	
65	0.1	0.342713567839196	1	78.94575334844254	-244.2982005787715	-3.856359764867201e-06	8.158186710645332e-05	243.3080990017054	39.4722149934063	1	1	0	1	
65	0.1	0.3442211055276382	1	77.92053712704515	-245.4007086409336	-1.893008761158499e-05	2.558121517608897e-05	244.4512141599429	38.95957118359385	1	1	0	1	
65	0.1	0.3457286432160804	1	76.88114597205275	-246.5069515716721	1.965728844649517e-05	-1.067132794363435e-05	245.588852085888	38.43993307829285	1	1	0	1	
65	0.1	0.3472361809045227	1	75.82656968382784	-247.6159874263112	1.182926340015378e-05	6.748141150425546e-06	246.7212717197353	37.91654708920348	1	1	0	1	
65	0.1	0.3487437185929648	1	74.75933303875112	-248.7342148134889	4.372178716327557e-05	-2.886117992939585e-05	247.8479751518085	37.37860652254263	1	1	0	1	
65	0.1	0.3502512562814071	1	73.67596451844332	-249.8556393727777	9.442983783976289e-06	-1.423730236438381e-05	248.9698646200389	36.83921561124419	1	1	0	1	
65	0.1	0.3517587939698493	1	72.57794612725239	-250.9845341487585	1.334539008987501e-05	-4.496504163459258e-05	250.087070329419	36.29220672222306	1	1	0	1	
65	0.1	0.3532663316582915	1	71.46473866574675	-252.1210823463751	5.276484584038413e-05	3.110888286140569e-06	251.2013671833966	35.73912435244763	1	1	0	1	
65	0.1	0.3547738693467337	1	70.34104504982534	-253.2740478938253	2.155971026434624e-05	4.256388378960294e-05	252.3111414319856	35.16795060585843	1	1	0	1	
65	0.1	0.3562814070351759	1	69.20123074946218	-254.434464298083	-1.494417067170927e-05	-2.005845016099777e-05	253.3954543608158	34.59552960203465	1	1	0	1	
65	0.1	0.3577889447236181	1	68.04856779032156	-255.6084902176019	-3.833512340682688e-05	-7.815198183727667e-06	254.4818949403591	34.01450562271427	1	1	0	1	
65	0.1	0.3592964824120604	1	66.87451404019876	-256.7855011425487	-6.039267916424507e-06	-1.42553802872647e-05	255.5655461783077	33.44224472036861	1	1	0	1	
65	0.1	0.3608040201005025	1	65.69096488042703	-257.9831998910821	2.230867915428703e-05	8.00929110774248e-05	256.6436088668979	32.85582350000899	1	1	0	1	
65	0.1	0.3623115577889447	1	64.50627828116509	-259.2119840765083	5.176291470732064e-06	-9.018871906709552e-06	257.7148098568891	32.24607587370494	1	1	0	1	
65	0.1	0.363819095477387	1	63.30756639131758	-260.4556995833182	-2.10499979653167e-05	6.775970376044155e-06	258.7807586675036	31.63748927696367	1	1	0	1	
65	0.1	0.3653266331658291	1	62.0762599496409	-261.6951766332512	2.684121779031323e-05	-1.564026597742491e-05	259.8435016214153	31.05358343759392	1	1	0	1	
65	0.1	0.3668341708542714	1	60.87300987766857	-263.0021319747627	-5.224015528031839e-06	8.370265010881894e-06	260.8959502505328	30.41799490513709	1	1	0	1	
65	0.1	0.3683417085427136	1	59.64454227982677	-264.3066146875904	-1.291510075875774e-05	-2.245567012705563e-06	261.9443793466879	29.8082343875395	1	1	0	1	
65	0.1	0.3698492462311558	1	58.41532334417375	-265.6467323660125	-7.331034992956627e-06	2.852665613168248e-05	262.985995094915	29.1901315491538	1	1	0	1	
65	0.1	0.371356783919598	1	57.14989756880357	-266.9861089176252	-9.533794316729516e-06	-9.482940029989506e-06	264.0244006287143	28.59913176021787	1	1	0	1	
