65	0.0484356	0.3	-2	0	0	0	0	0	346	1	2	0	1	
65	0.0484356	0.3	-2	0	0	0	0	0	346	1	2	0	1	
65	0.04843561414141415	0.3	-2	0	0	0	0	0	346	1	2	0	1	
65	0.04843562828282828	0.3	-2	0	0	0	0	0	346	1	2	0	1	
65	0.04843564242424243	0.3	-2	0	0	0	0	0	346	1	2	0	1	
65	0.04843565656565657	0.3	-2	0	0	0	0	0	346	1	2	0	1	
65	0.04843567070707071	0.3	-2	0	0	0	0	0	346	1	2	0	1	
65	0.04843568484848485	0.3	1	3.974784744546325	-249.5830372717969	6.897068629811102e-06	9.925133629234465e-07	323.5146580463587	346	1	2	0	1	
65	0.048435698989899	0.3	1	4.226561569438223	-249.5830878218761	2.605534207801355e-06	4.569281241059314e-06	323.5146430755307	346	1	2	0	1	
65	0.04843571313131313	0.3	1	4.419221075453015	-249.5831512453047	-1.813688217267495e-05	-1.21708893263363e-05	323.5146127218286	346	1	2	0	1	
65	0.04843572727272728	0.3	1	4.578207687710496	-249.5831946408584	2.54937178040304e-05	7.728822170486968e-06	323.5145913991237	346	1	2	0	1	
65	0.04843574141414141	0.3	1	4.714972913179365	-249.5832099025484	-4.317083297621471e-05	-1.012715643514045e-05	323.5145668013	346	1	2	0	1	
65	0.04843575555555556	0.3	1	4.835497036224004	-249.5832563967277	7.493115083679529e-06	-8.436537697988522e-06	323.5145418662568	346	1	2	0	1	
65	0.0484357696969697	0.3	1	4.944481726593846	-249.5832841748039	1.458606781275983e-05	-1.201334511605431e-06	323.5145457179466	346	1	2	0	1	
65	0.04843578383838384	0.3	1	5.043662677655488	-249.5833172033239	-5.976491655887428e-06	8.188930035363867e-06	323.514502292188	346	1	2	0	1	
65	0.04843579797979798	0.3	1	5.135072439528455	-249.583357657979	-1.652760567649649e-05	1.408219736327318e-05	323.514496952577	346	1	2	0	1	
65	0.04843581212121213	0.3	1	5.220030907297492	-249.5833752412649	5.227516571226776e-06	2.467091337071182e-05	323.5144605507775	346	1	2	0	1	
65	0.04843582626262626	0.3	1	5.299526764137847	-249.5834017219426	2.024742717807171e-05	8.795303959747378e-06	323.5144513842907	346	1	2	0	1	
65	0.04843584040404041	0.3	1	5.374337787782514	-249.5834226096518	-9.434649958825291e-06	3.622703641780259e-06	323.5143857485654	346	1	2	0	1	
65	0.04843585454545455	0.3	1	5.44506577432079	-249.5834515863262	2.069048904266646e-06	-1.837330120276737e-06	323.5143811330463	346	1	2	0	1	
65	0.04843586868686869	0.3	1	5.512302070339758	-249.5834770494558	3.08282127538511e-06	4.135885203264532e-06	323.5143524308852	346	1	2	0	1	
65	0.04843588282828283	0.3	1	5.5761622621343	-249.5834982969059	1.440721051312486e-05	1.620000723101707e-05	323.5143201579492	346	1	2	0	1	
65	0.04843589696969697	0.3	1	5.637272641822598	-249.5835082947851	2.644687031225527e-05	4.848324257570198e-07	323.5142733670385	346	1	2	0	1	
65	0.04843591111111111	0.3	1	5.695820354628357	-249.5835487426039	5.584776321015169e-06	2.419264089989709e-06	323.514249912547	346	1	2	0	1	
65	0.04843592525252526	0.3	1	5.752046681885036	-249.5835817691477	-1.241534435257987e-05	-6.452389754138359e-06	323.5142400272572	346	1	2	0	1	
65	0.0484359393939394	0.3	1	5.806158810536423	-249.583589730036	2.263265269350674e-05	-6.908853602027553e-06	323.5141723280541	346	1	2	0	1	
65	0.04843595353535354	0.3	1	5.858336093611767	-249.5836154168394	2.769217401993231e-06	-9.176942742594932e-06	323.5141783231867	346	1	2	0	1	
65	0.04843596767676768	0.3	1	5.908734920236189	-249.583632693468	-1.646709168461047e-05	4.000168344935528e-06	323.5141180601137	346	1	2	0	1	
65	0.04843598181818182	0.3	1	5.957492576675746	-249.5836668401832	-5.103868570908716e-05	-1.09797650067159e-06	323.5141011893319	346	1	2	0	1	
65	0.04843599595959596	0.3	1	6.00473032231373	-249.5836779117362	4.098890576812245e-05	-2.885520103419357e-05	323.5140334273065	346	1	2	0	1	
65	0.0484360101010101	0.3	1	6.050555766830287	-249.583704534745	-3.959459399279983e-05	1.973745667595761e-06	323.5140485266048	346	1	2	0	1	
65	0.04843602424242424	0.3	1	6.095418952579413	-249.5837235617111	-2.371491896809236e-06	1.794394925289404e-05	323.5140206825237	346	1	2	0	1	
65	0.04843603838383839	0.3	1	6.138655395008436	-249.5837551535465	-1.503705401058992e-05	-2.551097867114355e-05	323.513962096617	346	1	2	0	1	
65	0.04843605252525253	0.3	1	6.180745724004638	-249.5837610571534	1.941484678572703e-05	1.63723336308744e-05	323.5139305162437	346	1	2	0	1	
65	0.04843606666666667	0.3	1	6.221758933495619	-249.5837991083094	3.320753869104527e-06	2.358747165497185e-05	323.5138947990374	346	1	2	0	1	
65	0.04843608080808081	0.3	1	6.261757684191482	-249.5837918929388	-2.639713047159972e-06	-1.228240799507497e-05	323.5138764758059	346	1	2	0	1	
65	0.04843609494949495	0.3	1	6.300799094343861	-249.5838092724524	-1.065763658458654e-05	1.905724469300013e-05	323.5138304731001	346	1	2	0	1	
65	0.04843610909090909	0.3	1	6.338935364423982	-249.5838387904396	-4.039615562359728e-06	1.922318532124318e-05	323.5137928051714	346	1	2	0	1	
65	0.04843612323232323	0.3	1	6.376214380904709	-249.5838556465161	6.389596004368128e-06	1.048232299517013e-05	323.5137683136052	346	1	2	0	1	
65	0.04843613737373738	0.3	1	6.41268015865993	-249.5838980977142	-4.939424736814108e-07	1.119409860745441e-06	323.5137318791565	346	1	2	0	1	
65	0.04843615151515152	0.3	1	6.448366982305041	-249.5839031199178	1.21422425686914e-05	-3.779425275272658e-06	323.5136889009844	346	1	2	0	1	
65	0.04843616565656566	0.3	1	6.48332025916317	-249.5839216089921	-2.099755211105872e-05	-2.677990512573846e-06	323.51368851357	346	1	2	0	1	
65	0.0484361797979798	0.3	1	6.517574327165466	-249.5839401336233	-8.779370328942417e-06	1.826767017767527e-05	323.5136454018384	346	1	2	0	1	
65	0.04843619393939394	0.3	1	6.55116109153701	-249.5839385839093	1.651826096682888e-06	-2.322752801221665e-06	323.5136159154133	346	1	2	0	1	
65	0.04843620808080808	0.3	1	6.584110266182216	-249.5839824393095	-2.81512202140628e-05	-2.00256575164662e-05	323.5135689935109	346	1	2	0	1	
65	0.04843622222222222	0.3	1	6.616449563201031	-249.583974576524	3.813171513613117e-05	-2.584914390741863e-05	323.5135245478157	346	1	2	0	1	
65	0.04843623636363636	0.3	1	6.648204864716259	-249.5840022853331	-1.28920751601923e-05	-4.23840533742684e-06	323.5134708128764	346	1	2	0	1	
65	0.04843625050505051	0.3	1	6.679400375777716	-249.5840239907493	7.911045539555402e-06	-1.153293452241748e-06	323.5134683897992	346	1	2	0	1	
65	0.04843626464646465	0.3	1	6.71005877684088	-249.5840271999356	-2.242881091005277e-05	-3.772688829439363e-05	323.5134391039463	346	1	2	0	1	
65	0.04843627878787879	0.3	1	6.740201332487072	-249.5840495493163	-4.516534444864214e-06	-8.107749051473444e-06	323.5133855296479	346	1	2	0	1	
65	0.04843629292929293	0.3	1	6.769848028725253	-249.5840578614298	-2.076023040460548e-05	-1.297328361897624e-05	323.5133733794571	346	1	2	0	1	
65	0.04843630707070707	0.3	1	6.799017655914325	-249.584082853567	7.969921679750781e-06	6.946391052181818e-06	323.5132900557019	346	1	2	0	1	
65	0.04843632121212121	0.3	1	6.827727909126058	-249.5840896785147	1.166540833432732e-05	9.611548794354443e-06	323.5132640492015	346	1	2	0	1	
65	0.04843633535353536	0.3	1	6.855995475011925	-249.5841277066124	-2.171353807512954e-05	1.371256089210287e-05	323.5132424470731	346	1	2	0	1	
65	0.04843634949494949	0.3	1	6.883836113760069	-249.5841347290298	1.643343909747864e-05	2.375680580381614e-05	323.5132161528592	346	1	2	0	1	
65	0.04843636363636364	0.3	1	6.911264710585812	-249.5841686986518	-2.878124150396989e-06	-1.515079691427802e-05	323.5131942800625	346	1	2	0	1	
65	0.04843637777777778	0.3	1	6.938295354456752	-249.584160252277	9.044579990689309e-06	-1.571676434291208e-05	323.5131444863784	346	1	2	0	1	
65	0.04843639191919192	0.3	1	6.964941389090649	-249.5841820033402	1.577746253603216e-05	-1.80014430092709e-05	323.5131077717632	346	1	2	0	1	
65	0.04843640606060606	0.3	1	6.991215468622489	-249.5841883082427	5.005080310685592e-05	1.545696795741302e-05	323.5130767668458	346	1	2	0	1	
65	0.0484364202020202	0.3	1	7.017129607348132	-249.5842250772	2.605176703019221e-06	1.858213006979712e-05	323.5130297906119	346	1	2	0	1	
65	0.04843643434343434	0.3	1	7.042695210954589	-249.5842165356374	3.722441017218569e-06	1.628848300864316e-05	323.5130106607569	346	1	2	0	1	
65	0.04843644848484849	0.3	1	7.067923130632498	-249.5842573786771	8.327552487799732e-06	1.041286029105888e-05	323.5129716199483	346	1	2	0	1	
65	0.04843646262626262	0.3	1	7.092823694809574	-249.584242921433	5.944787496262667e-06	6.801606875511939e-06	323.5129306647441	346	1	2	0	1	
65	0.04843647676767677	0.3	1	7.117406744510952	-249.584265175195	1.172501734410329e-05	1.053166663033279e-05	323.5128910355617	346	1	2	0	1	
65	0.04843649090909091	0.3	1	7.141814946719075	-249.5843051106459	-2.400969394121792e-06	1.480746026352346e-05	323.5128717606872	346	1	2	0	1	
65	0.04843650505050505	0.3	1	7.165768280121975	-249.5842886172131	1.190320682543727e-05	-3.493009803154187e-06	323.5128332584742	346	1	2	0	1	
65	0.04843651919191919	0.3	1	7.189434531389979	-249.5843156647441	1.19041405784562e-05	-1.013600777000545e-05	323.5127787981571	346	1	2	0	1	
65	0.04843653333333334	0.3	1	7.212821323350662	-249.5843385779751	1.190383113883409e-05	2.816971251862947e-06	323.5127579861703	346	1	2	0	1	
65	0.04843654747474747	0.3	1	7.235936010361852	-249.5843401995207	9.359686762054143e-07	-1.202805566702229e-05	323.5126979643542	346	1	2	0	1	
65	0.04843656161616162	0.3	1	7.25878567983568	-249.5843588032893	1.959343448825217e-05	-1.514005711127488e-05	323.512661057585	346	1	2	0	1	
65	0.04843657575757576	0.3	1	7.281377163024198	-249.5843740129509	7.611197808491082e-06	-2.100312759221312e-05	323.512633704754	346	1	2	0	1	
65	0.0484365898989899	0.3	1	7.303717035953156	-249.5844038361341	-1.208892728454206e-06	-9.701427659050406e-07	323.5125853128635	346	1	2	0	1	
65	0.04843660404040404	0.3	1	7.325811642682019	-249.5844147825783	-2.648185395573321e-05	-1.671374590188769e-05	323.5125558630464	346	1	2	0	1	
65	0.04843661818181819	0.3	1	7.347667095962768	-249.5844345151484	2.844219377799179e-06	1.352863275008378e-05	323.5125144603391	346	1	2	0	1	
65	0.04843663232323232	0.3	1	7.369289288378838	-249.5844394972202	-4.100593808277451e-06	-2.942790353455127e-05	323.5124771051941	346	1	2	0	1	
65	0.04843664646464647	0.3	1	7.390683900809602	-249.5844522062861	-1.766035807213191e-05	-5.228831141186087e-05	323.5124349934334	346	1	2	0	1	
65	0.0484366606060606	0.3	1	7.411856400870658	-249.5844764039207	-1.765978520128436e-05	-8.578273234667989e-06	323.5124249630412	346	1	2	0	1	
65	0.04843667474747475	0.3	1	7.432812088706909	-249.5844808036722	2.072503789552613e-05	-1.340685854741571e-05	323.5123284333633	346	1	2	0	1	
65	0.04843668888888889	0.3	1	7.453556046941385	-249.5845070140402	-1.152079122524174e-05	-4.971595765950772e-05	323.5123278509553	346	1	2	0	1	
65	0.04843670303030303	0.3	1	7.474093195860675	-249.5845027094132	4.751553716641436e-06	-7.785451883830411e-06	323.5122995006313	346	1	2	0	1	
65	0.04843671717171717	0.3	1	7.494428294331804	-249.5845345332292	-1.861429537693875e-05	-1.3582477952912e-06	323.5122152057505	346	1	2	0	1	
65	0.04843673131313132	0.3	1	7.514565908355164	-249.5845446732244	1.738773530501742e-05	9.422853576979313e-06	323.5122403469924	346	1	2	0	1	
65	0.04843674545454545	0.3	1	7.534510477923195	-249.5845532811426	-4.964551787119795e-06	3.85953752021778e-06	323.5121772521544	346	1	2	0	1	
65	0.0484367595959596	0.3	1	7.554266280608013	-249.5845623891778	1.652374271215627e-06	-4.256973787330188e-05	323.5121512508577	346	1	2	0	1	
65	0.04843677373737374	0.3	1	7.573837439626255	-249.5845772463511	3.380370218150229e-06	3.168034524307288e-05	323.5121066536064	346	1	2	0	1	
65	0.04843678787878788	0.3	1	7.592809406260986	-249.5846045313056	1.977164863050658e-05	3.417185208802885e-05	323.5120673566283	346	1	2	0	1	
65	0.04843680202020202	0.3	1	7.612138577437689	-249.5845927665937	-3.35332744697903e-06	-4.081634921322522e-07	323.5120206038071	346	1	2	0	1	
65	0.04843681616161617	0.3	1	7.631279938276332	-249.5846384843963	5.705212931150089e-06	1.710170028182759e-06	323.5120124696942	346	1	2	0	1	
65	0.0484368303030303	0.3	1	7.650238446941184	-249.5846197396272	-1.461971304889293e-05	5.929064438275855e-06	323.5119831616285	346	1	2	0	1	
65	0.04843684444444445	0.3	1	7.669018836470495	-249.5846456139122	1.369120510951125e-05	2.379034888779608e-06	323.5119343927498	346	1	2	0	1	
65	0.04843685858585859	0.3	1	7.687601860385108	-249.5846580304021	-1.57522103345987e-05	-9.439879586197212e-06	323.5118701856185	346	1	2	0	1	
65	0.04843687272727273	0.3	1	7.705985532797388	-249.5846723648967	-1.813690435057639e-05	2.066548061990979e-05	323.5118393109204	346	1	2	0	1	
65	0.04843688686868687	0.3	1	7.724213034725176	-249.5846798454862	-2.290527632837339e-05	-1.893351823106446e-06	323.5117970176481	346	1	2	0	1	
65	0.04843690101010101	0.3	1	7.74228761724398	-249.584704316576	1.333409968467281e-05	-1.553088061943646e-05	323.5117826405854	346	1	2	0	1	
65	0.04843691515151515	0.3	1	7.760212070410345	-249.5847181261764	1.095040876275704e-05	1.278158947094067e-05	323.5117381510759	346	1	2	0	1	
65	0.0484369292929293	0.3	1	7.777989518813694	-249.5847348674406	2.275188266284445e-05	-1.039891548815401e-05	323.511703482394	346	1	2	0	1	
65	0.04843694343434343	0.3	1	7.795622554526981	-249.584738330474	1.679190300961489e-05	1.336029345217783e-05	323.5116707176738	346	1	2	0	1	
65	0.04843695757575758	0.3	1	7.813114075751485	-249.5847583207079	1.67911772963112e-05	2.104437041402357e-05	323.5116114413499	346	1	2	0	1	
65	0.04843697171717172	0.3	1	7.830466718930224	-249.5847650398627	-2.481238431757956e-05	1.723512045152809e-05	323.5115701926595	346	1	2	0	1	
65	0.04843698585858586	0.3	1	7.847693465124065	-249.5847856814678	9.996488543871987e-06	-9.708964350600035e-06	323.5115255684955	346	1	2	0	1	
65	0.048437	0.3	1	7.86477520549739	-249.5848052036747	9.995623095492793e-06	-3.298018566819626e-06	323.5115102631936	346	1	2	0	1	
65	0.04849180606060606	0.3	1	18.21480216540171	-249.5957914158917	-7.311436138294504e-07	-1.443677082088937e-05	323.3372371701165	346	1	2	0	1	
65	0.04854801212121213	0.3	1	21.60628040410138	-249.5895807213604	2.128469329565341e-05	1.56930425943792e-05	323.1473924085735	346	1	2	0	1	
65	0.04860421818181818	0.3	1	23.93249640160836	-249.5759541700471	-7.357367567826373e-06	-1.221749881221562e-05	322.953604743192	346	1	2	0	1	
65	0.04866042424242424	0.3	1	25.76371171270959	-249.5574032732331	-1.475878649190646e-06	4.952485483489255e-06	322.7576518255243	346	1	2	0	1	
65	0.04871663030303031	0.3	1	27.30030032960569	-249.5351288769484	2.700318162893785e-05	-1.123409856006868e-05	322.5602847984534	346	1	2	0	1	
65	0.04877283636363636	0.3	1	28.63785210168747	-249.5098729104809	-5.09260049426901e-05	-2.268927771464924e-05	322.3620172204572	346	1	2	0	1	
65	0.04882904242424243	0.3	1	29.83077243363422	-249.4821257731973	2.502270321135826e-05	-1.243881226531407e-05	322.1630542401875	346	1	2	0	1	
65	0.04888524848484849	0.3	1	30.91302076416559	-249.4522484387425	-1.885357673384372e-05	9.292134647616995e-06	321.9635949215767	346	1	2	0	1	
65	0.04894145454545454	0.3	1	31.90759296605895	-249.4204790917821	2.770572763819475e-05	-1.476525783883614e-05	321.7638582407293	346	1	2	0	1	
65	0.04899766060606061	0.3	1	32.83023822119557	-249.387101762808	-3.396642909180285e-05	-5.41977104296168e-06	321.563843796756	346	1	2	0	1	
65	0.04905386666666667	0.3	1	33.69288719741203	-249.3522310986855	-1.213619221115091e-05	1.038858966490031e-06	321.3636652062643	346	1	2	0	1	
65	0.04911007272727273	0.3	1	34.5046582801853	-249.3160375020794	-7.280829362379254e-07	4.92929075171511e-06	321.1634207522614	346	1	2	0	1	
65	0.04916627878787879	0.3	1	35.27258646103617	-249.2786155204591	-2.851164921028552e-05	-1.08475365575289e-05	320.9631381816421	346	1	2	0	1	
65	0.04922248484848485	0.3	1	36.00225242827418	-249.240099734511	2.5523575859554e-05	-5.587571281540776e-06	320.7628340583503	346	1	2	0	1	
65	0.04927869090909091	0.3	1	36.69817503876932	-249.2005350122674	-5.546413745426138e-05	-1.210381633956308e-05	320.5625806950568	346	1	2	0	1	
65	0.04933489696969697	0.3	1	37.36407316905473	-249.1600437431842	5.412998540522039e-06	1.564082252793024e-06	320.3623962653446	346	1	2	0	1	
65	0.04939110303030303	0.3	1	38.00304768781602	-249.1186524099459	-3.405411617252163e-05	2.898322596638189e-06	320.1622657910929	346	1	2	0	1	
65	0.04944730909090909	0.3	1	38.61771900832728	-249.0764627125252	1.16825287263464e-05	1.159314127951669e-05	319.9622511899869	346	1	2	0	1	
65	0.04950351515151515	0.3	1	39.21031555798494	-249.033483215684	-3.07602074157854e-05	-3.090584219171688e-05	319.7623654494611	346	1	2	0	1	
65	0.04955972121212121	0.3	1	39.78046237621263	-248.9899595839226	3.468761664950776e-05	1.574218375161029e-05	319.5626616358399	346	1	2	0	1	
65	0.04961592727272728	0.3	1	40.33532663062048	-248.9455161319864	-3.829558643864139e-06	1.826194127443991e-07	319.3630450945141	346	1	2	0	1	
65	0.04967213333333333	0.3	1	40.87163580690473	-248.9005551521419	-3.803124396850599e-06	1.74150026863596e-05	319.1636596374925	346	1	2	0	1	
65	0.0497283393939394	0.3	1	41.39475833567087	-248.8547614137865	7.980133732488071e-06	4.112550059970355e-05	318.9643242752499	346	1	2	0	1	
65	0.04978454545454546	0.3	1	41.90126876719369	-248.8085653734299	3.07092492162625e-06	-2.973192254257517e-06	318.7652687512542	346	1	2	0	1	
65	0.04984075151515151	0.3	1	42.39414790869069	-248.7618226358209	1.210400927734168e-05	3.409683014043985e-06	318.5663570086048	346	1	2	0	1	
65	0.04989695757575758	0.3	1	42.87429223645781	-248.7145881196767	9.495351199206858e-06	2.778191700385582e-05	318.3676892044033	346	1	2	0	1	
65	0.04995316363636364	0.3	1	43.34250637582439	-248.6668345988973	-4.316129191307694e-07	-1.922429208503262e-06	318.16920164225	346	1	2	0	1	
65	0.0500093696969697	0.3	1	43.79951557205978	-248.6186415461643	2.75761379365802e-05	-6.340781532998552e-06	317.9709376321937	346	1	2	0	1	
65	0.05006557575757576	0.3	1	44.24597610004678	-248.5699833304309	2.365314358527377e-05	-3.111551112544575e-06	317.7728971477998	346	1	2	0	1	
65	0.05012178181818182	0.3	1	44.68248396933701	-248.5209016638954	4.917534697146397e-05	-9.480525452714404e-06	317.5750989674828	346	1	2	0	1	
65	0.05017798787878788	0.3	1	45.10958229827212	-248.4714399852267	-2.905227551544542e-06	-2.050230928400675e-05	317.377498899741	346	1	2	0	1	
65	0.05023419393939394	0.3	1	45.527767575122	-248.4215673681541	1.252652013550293e-05	-2.08192051377315e-05	317.1801426296412	346	1	2	0	1	
65	0.0502904	0.3	1	45.93749499657801	-248.3713246560558	-1.567317540765445e-06	-7.848812368898466e-06	316.9830365182907	346	1	2	0	1	
65	0.05034660606060606	0.3	1	46.33918305669155	-248.3207349173331	-1.307730455658081e-05	-5.014499035022307e-05	316.7861404914115	346	1	2	0	1	
65	0.05040281212121212	0.3	1	46.73321752075324	-248.2698095977456	-6.132624866542896e-06	7.974906293672923e-06	316.5895226828958	346	1	2	0	1	
65	0.05045901818181818	0.3	1	47.11995483035199	-248.2185575406859	2.954536437449473e-06	2.142922072167694e-05	316.3930995408957	346	1	2	0	1	
65	0.05051522424242424	0.3	1	47.49972511372398	-248.1669822611117	-3.880632497003933e-05	-2.135610998577064e-05	316.1969687951683	346	1	2	0	1	
65	0.0505714303030303	0.3	1	47.87283478501813	-248.1151191432706	-1.726420618326035e-06	-3.05762999536479e-06	316.0010562688922	346	1	2	0	1	
65	0.05062763636363637	0.3	1	48.23956882951138	-248.062962459429	-1.547896761631973e-05	-8.505779885255782e-07	315.8054347507528	346	1	2	0	1	
65	0.05068384242424243	0.3	1	48.60019282539348	-248.0105409854938	1.232421951236767e-05	-2.084612832934251e-05	315.610023906632	346	1	2	0	1	
65	0.05074004848484848	0.3	1	48.95495471732923	-247.9578358582607	5.631519341928919e-06	-9.670169076171108e-07	315.4148889931528	346	1	2	0	1	
65	0.05079625454545455	0.3	1	49.30408640107332	-247.9048837482376	-3.847942182094027e-06	-7.054922402723041e-06	315.2200412124861	346	1	2	0	1	
65	0.05085246060606061	0.3	1	49.64780511703886	-247.851676501525	-2.723393287104993e-05	2.819284044124244e-05	315.0254329645284	346	1	2	0	1	
65	0.05090866666666666	0.3	1	49.98631470411455	-247.798246949501	4.607827239145304e-06	5.728025489304471e-06	314.831084974942	346	1	2	0	1	
65	0.05096487272727273	0.3	1	50.31980671420916	-247.7445903985517	-2.4035928411297e-06	-1.450665853331735e-06	314.636977359476	346	1	2	0	1	
65	0.05102107878787879	0.3	1	50.64846141530533	-247.6906930552427	-2.551371582404079e-05	-1.548077496965616e-05	314.4431596005394	346	1	2	0	1	
65	0.05107728484848485	0.3	1	50.97244868702942	-247.6365918759157	1.768926446466711e-05	2.651472671918423e-06	314.2495889314894	346	1	2	0	1	
65	0.05113349090909091	0.3	1	51.29192883551897	-247.5823105855058	4.339468593099992e-06	1.422629833582739e-05	314.0563081813802	346	1	2	0	1	
65	0.05118969696969697	0.3	1	51.60705332095759	-247.5277952638885	-2.550156814564407e-06	1.357350753957267e-05	313.8632683746799	346	1	2	0	1	
65	0.05124590303030303	0.3	1	51.91796541891486	-247.4730952786489	2.059594003289526e-05	1.18507791823392e-05	313.6704961792414	346	1	2	0	1	
65	0.05130210909090909	0.3	1	52.22480082324363	-247.4182160570392	3.548226381867858e-05	-3.569668309483999e-06	313.4780494613901	346	1	2	0	1	
65	0.05135831515151515	0.3	1	52.52768818758413	-247.3631639674522	-1.601866868165477e-05	-1.552472294185167e-05	313.2858072034097	346	1	2	0	1	
65	0.05141452121212121	0.3	1	52.82674962132499	-247.3079299728833	-8.482465110053425e-06	1.054095805447036e-05	313.0938509454305	346	1	2	0	1	
65	0.05147072727272727	0.3	1	53.12210114324161	-247.2525669462233	-4.26420496751484e-05	1.938218845434075e-05	312.9021693301564	346	1	2	0	1	
65	0.05152693333333334	0.3	1	53.41385309496509	-247.1970062456103	-5.559461953867986e-06	-1.53009710246628e-06	312.7107572809539	346	1	2	0	1	
65	0.0515831393939394	0.3	1	53.7021105166356	-247.141302507087	-7.790156882980792e-05	1.37370091328826e-05	312.519629472458	346	1	2	0	1	
65	0.05163934545454545	0.3	1	53.98697349558587	-247.0854636620961	-2.842001414293804e-05	-2.009517841450315e-05	312.3287514312406	346	1	2	0	1	
65	0.05169555151515152	0.3	1	54.2685374828786	-247.0294498899083	1.162790080921905e-05	2.810265307073845e-05	312.1381458746445	346	1	2	0	1	
65	0.05175175757575758	0.3	1	54.54689358784239	-246.9733098297341	3.993235631687131e-05	-1.047517980509727e-06	311.9478315014974	346	1	2	0	1	
65	0.05180796363636363	0.3	1	54.82212884486844	-246.917056575179	-2.074560105876089e-05	2.399866389640737e-06	311.7577741135772	346	1	2	0	1	
65	0.0518641696969697	0.3	1	55.09432646497861	-246.8606367982285	1.85989424378169e-05	-1.635966811392581e-05	311.5680118744788	346	1	2	0	1	
65	0.05192037575757576	0.3	1	55.36356606048949	-246.8041291092794	7.207216184024201e-06	-2.111948589382974e-05	311.378488782495	346	1	2	0	1	
65	0.05197658181818182	0.3	1	55.62992386043474	-246.7474691824239	1.218773378242055e-05	7.326854326592316e-07	311.1892745745839	346	1	2	0	1	
65	0.05203278787878788	0.3	1	55.8934729095452	-246.6907172882606	5.26026177484866e-05	3.207403868038528e-05	311.000316699291	346	1	2	0	1	
65	0.05208899393939394	0.3	1	56.15428324424951	-246.6338225644396	6.627136743792006e-06	3.750619110831719e-05	310.8116479560218	346	1	2	0	1	
65	0.0521452	0.3	1	56.41242206703891	-246.5768516110368	3.796091228192022e-06	-1.141916601775459e-05	310.6232110845928	346	1	2	0	1	
65	0.05220140606060606	0.3	1	56.66795389644965	-246.5197504960589	1.557533488351706e-05	9.128457009732749e-06	310.4350770890397	346	1	2	0	1	
65	0.05225761212121212	0.3	1	56.92094072552787	-246.4625520664222	8.236660469007617e-06	-3.734461563459704e-05	310.2472460256263	346	1	2	0	1	
65	0.05231381818181818	0.3	1	57.17144214530735	-246.4052752260187	-2.640385938831868e-05	-3.864103354012105e-06	310.0596380748906	346	1	2	0	1	
65	0.05237002424242424	0.3	1	57.4195154775372	-246.3478846140509	-8.358772261018999e-07	-1.510862776970905e-05	309.87234437291	346	1	2	0	1	
65	0.0524262303030303	0.3	1	57.6652158930641	-246.2904119403353	1.569672397194397e-05	-1.760770035197368e-05	309.6853056757399	346	1	2	0	1	
65	0.05248243636363636	0.3	1	57.90859652184676	-246.2328371673581	-3.679206491677411e-06	-2.993344604160925e-06	309.4985418818513	346	1	2	0	1	
65	0.05253864242424242	0.3	1	58.1497085574659	-246.1751847723135	-1.66808053006888e-05	-1.472693565751637e-05	309.3120155671827	346	1	2	0	1	
65	0.05259484848484849	0.3	1	58.38860134946633	-246.1174586872423	5.36146215490696e-06	1.319386545395032e-05	309.1257979988958	346	1	2	0	1	
65	0.05265105454545455	0.3	1	58.6253225047689	-246.0596292476166	-1.164203634294869e-06	2.134867992398259e-05	308.9398389197251	346	1	2	0	1	
65	0.0527072606060606	0.3	1	58.8599179581739	-246.0017344706102	-5.63092040498786e-07	4.037062119384861e-06	308.754179629559	346	1	2	0	1	
65	0.05276346666666667	0.3	1	59.09243206366587	-245.9437795720652	1.228441377559841e-05	1.016067784458813e-05	308.5687975730343	346	1	2	0	1	
65	0.05281967272727273	0.3	1	59.32290766621431	-245.8857393324981	-2.707689884640097e-06	-3.955668855670433e-05	308.3836424888443	346	1	2	0	1	
65	0.05287587878787879	0.3	1	59.55138616664772	-245.8276202939476	-1.55675001828337e-06	1.47844730097736e-05	308.1988072388614	346	1	2	0	1	
65	0.05293208484848485	0.3	1	59.77790760165963	-245.7694474292917	-1.232873039169746e-05	6.120422335595833e-06	308.0142164615393	346	1	2	0	1	
65	0.05298829090909091	0.3	1	60.00251069708062	-245.7111984468281	2.061129775793313e-05	-2.214485227873281e-05	307.8298875424526	346	1	2	0	1	
65	0.05304449696969697	0.3	1	60.22523291363497	-245.6529092022345	-2.950739016994997e-06	3.651263647434094e-06	307.6458714939744	346	1	2	0	1	
65	0.05310070303030303	0.3	1	60.44611053758955	-245.5945473264562	5.10387092235165e-05	1.112204923621549e-05	307.4620942760607	346	1	2	0	1	
65	0.05315690909090909	0.3	1	60.66517870153282	-245.5361291006885	7.576132471348584e-05	-2.708610318805094e-05	307.2785469215744	346	1	2	0	1	
65	0.05321311515151515	0.3	1	60.88247143882226	-245.4776507269257	-3.686538097236181e-06	-1.655629112973234e-07	307.0953508015152	346	1	2	0	1	
65	0.05326932121212121	0.3	1	61.09802174703152	-245.4191254482843	-1.095761410996321e-05	-1.438112320500951e-05	306.9123779233883	346	1	2	0	1	
65	0.05332552727272727	0.3	1	61.31186161719215	-245.3605333535223	-8.082894437926036e-06	3.860288835061398e-06	306.7297253527668	346	1	2	0	1	
65	0.05338173333333333	0.3	1	61.52402208341084	-245.3019291264714	1.196153684557277e-05	2.542450969062685e-05	306.5472910201483	346	1	2	0	1	
65	0.05343793939393939	0.3	1	61.73453325356182	-245.243243919439	-5.186506221999121e-06	1.601983911680939e-05	306.3651447357178	346	1	2	0	1	
65	0.05349414545454546	0.3	1	61.94342435589563	-245.184522761078	-1.661554699017298e-05	-1.051833392684727e-05	306.1832445508938	346	1	2	0	1	
65	0.05355035151515151	0.3	1	62.15072377361285	-245.12577161282	-2.743542043513736e-07	4.24842214983602e-06	306.0016446503321	346	1	2	0	1	
65	0.05360655757575757	0.3	1	62.35645907441815	-245.06694996628	7.524987884027778e-05	-2.965920025683414e-06	305.8203220821204	346	1	2	0	1	
65	0.05366276363636364	0.3	1	62.56065703901132	-245.008108890892	1.476129695365813e-06	-9.068071386286736e-06	305.6392550718076	346	1	2	0	1	
65	0.0537189696969697	0.3	1	62.76334371249772	-244.9492247196292	4.031341393095911e-06	1.826077664045245e-06	305.458440381566	346	1	2	0	1	
65	0.05377517575757576	0.3	1	62.96454440526773	-244.8902954431109	-2.347903301877508e-05	1.523288870326767e-06	305.2779018861145	346	1	2	0	1	
65	0.05383138181818182	0.3	1	63.16428373450898	-244.8313485709671	5.520866515607709e-06	2.337817108056666e-05	305.0976292409441	346	1	2	0	1	
65	0.05388758787878788	0.3	1	63.36258566132452	-244.7723692408318	-1.057198793015355e-06	1.682518950470754e-05	304.9176253960562	346	1	2	0	1	
65	0.05394379393939394	0.3	1	63.55947348917477	-244.7133410225125	3.037289595331227e-06	-2.039970559053732e-05	304.7378990833874	346	1	2	0	1	
65	0.054	0.3	1	63.75496991233539	-244.654295615001	-1.563734072795864e-05	1.06337375000126e-05	304.5584411846671	346	1	2	0	1	
