65	0.0472362	0.3	-100	0	0	0	0	0	0	1	2	0	1	
65	0.048191	0.3	-100	0	0	0	0	0	0	1	2	0	1	
65	0.0491457	0.3	-100	0	0	0	0	0	0	1	2	0	1	
65	0.0501005	0.3	-100	0	0	0	0	0	0	1	2	0	1	
65	0.0510553	0.3	-100	0	0	0	0	0	0	1	2	0	1	
65	0.0520101	0.3	-100	0	0	0	0	0	0	1	2	0	1	
65	0.0529648	0.3	-100	0	0	0	0	0	0	1	2	0	1	
65	0.0539196	0.3	-100	0	0	0	0	0	0	1	2	0	1	
65	0.0548744	0.3	-100	0	0	0	0	0	0	1	2	0	1	
65	0.0558291	0.3	1	45.5073	246.186	5.3519e-06	1.05061e-05	301.951	22.767	1	2	0	1	
65	0.0567839	0.3	1	53.1716	244.943	1.48317e-05	2.05549e-06	298.454	26.6013	1	2	0	1	
65	0.0577387	0.3	1	58.087	243.833	-1.34182e-07	4.00057e-06	295.324	29.048	1	2	0	1	
65	0.0586935	0.3	1	61.9511	242.768	-5.2656e-06	8.55484e-06	292.364	30.9843	1	2	0	1	
65	0.0596482	0.3	1	65.2035	241.73	-1.63108e-05	1.60583e-06	289.526	32.6065	1	2	0	1	
65	0.060603	0.3	1	68.0371	240.715	1.72941e-05	-9.70987e-06	286.785	34.0214	1	2	0	1	
65	0.0615578	0.3	1	70.5636	239.719	-7.59495e-06	-1.28053e-05	284.13	35.2837	1	2	0	1	
65	0.0625126	0.3	1	72.8513	238.739	1.64792e-05	2.64538e-06	281.552	36.4269	1	2	0	1	
65	0.0634673	0.3	1	74.9462	237.776	5.07091e-06	-1.46746e-05	279.043	37.474	1	2	0	1	
65	0.0644221	0.3	1	76.8811	236.827	-5.58647e-06	8.93223e-06	276.6	38.4412	1	2	0	1	
65	0.0653769	0.3	1	78.6813	235.893	5.36722e-06	-1.58599e-06	274.217	39.3454	1	2	0	1	
65	0.0663317	0.3	1	80.3584	234.976	5.25189e-07	-1.21272e-05	271.894	40.1831	1	2	0	1	
65	0.0672864	0.3	1	81.9394	234.07	3.13062e-05	-9.35602e-06	269.625	40.9729	1	2	0	1	
65	0.0682412	0.3	1	83.4304	233.177	-5.6284e-06	3.27943e-06	267.408	41.7179	1	2	0	1	
65	0.069196	0.3	1	84.8411	232.297	-2.03541e-05	1.12859e-05	265.241	42.4228	1	2	0	1	
65	0.0701508	0.3	1	86.182	-231.428	-1.49826e-05	-2.02171e-05	263.123	43.093	1	2	0	1	
65	0.0711055	0.3	1	87.4551	-230.574	5.2263e-06	-3.07613e-06	261.051	43.7293	1	2	0	1	
65	0.0720603	0.3	1	88.6691	-229.732	6.73232e-06	-6.93699e-06	259.025	44.3361	1	2	0	1	
65	0.0730151	0.3	1	89.8291	228.902	5.23129e-05	-5.87659e-06	257.044	44.9158	1	2	0	1	
65	0.0739698	0.3	1	90.9397	228.083	-3.17349e-06	3.67752e-06	255.123	45.471	1	2	0	1	
65	0.0749246	0.3	1	91.9986	227.28	4.36964e-05	3.86188e-06	253.191	46.0003	1	2	0	1	
65	0.0758794	0.3	1	93.0226	226.483	2.994e-05	1.19812e-05	251.314	46.5123	1	2	0	1	
65	0.0768342	0.3	1	94.0097	225.694	-5.79205e-06	-8.17337e-06	249.475	47.0057	1	2	0	1	
65	0.0777889	0.3	1	94.9561	224.92	-2.37514e-05	1.04461e-05	247.674	47.4788	1	2	0	1	
65	0.0787437	0.3	1	95.8682	224.155	2.68402e-05	-5.80183e-06	245.907	47.9348	1	2	0	1	
65	0.0796985	0.3	1	96.7484	223.401	-1.11402e-05	9.93403e-06	244.174	48.3748	1	2	0	1	
65	0.0806533	0.3	1	97.5985	222.657	9.64933e-06	-5.54171e-06	242.473	48.7998	1	2	0	1	
65	0.081608	0.3	1	98.4205	221.923	-2.98449e-05	-4.1286e-05	240.804	49.2108	1	2	0	1	
65	0.0825628	0.3	1	99.2159	221.198	6.22949e-06	-2.9146e-05	239.164	49.6084	1	2	0	1	
65	0.0835176	0.3	1	99.9863	220.483	2.48626e-05	-1.22021e-05	237.554	49.9936	1	2	0	1	
65	0.0844724	0.3	1	100.733	219.776	-3.29103e-06	-1.77533e-05	235.973	50.367	1	2	0	1	
65	0.0854271	0.3	1	101.457	219.078	-3.45191e-05	-2.52433e-05	234.418	50.729	1	2	0	1	
65	0.0863819	0.3	1	102.16	218.389	-1.92303e-05	4.19753e-06	232.891	51.0805	1	2	0	1	
65	0.0873367	0.3	1	102.843	217.709	8.06413e-06	3.97068e-05	231.39	51.422	1	2	0	1	
65	0.0882915	0.3	1	103.507	217.036	-1.36999e-05	-6.85721e-07	229.913	51.754	1	2	0	1	
65	0.0892462	0.3	1	104.153	216.372	2.09973e-05	2.83507e-05	228.462	52.0765	1	2	0	1	
65	0.090201	0.3	1	104.781	215.716	-2.2322e-05	4.6877e-05	227.034	52.391	1	2	0	1	
65	0.0911558	0.3	1	105.393	215.067	4.44454e-05	-6.68469e-06	225.629	52.6965	1	2	0	1	
65	0.0921106	0.3	1	105.989	214.427	4.72942e-06	-1.32535e-05	224.247	52.9945	1	2	0	1	
65	0.0930653	0.3	1	106.569	213.793	1.51561e-05	4.72775e-06	222.887	53.285	1	2	0	1	
65	0.0940201	0.3	1	107.136	213.167	-8.31524e-06	-2.32575e-05	221.548	53.568	1	2	0	1	
65	0.0949749	0.3	1	107.688	212.548	-2.03204e-05	8.99382e-06	220.23	53.844	1	2	0	1	
65	0.0959296	0.3	1	108.227	211.935	6.38716e-06	-9.69487e-06	218.932	54.114	1	2	0	1	
65	0.0968844	0.3	1	108.754	211.33	-4.1053e-05	-2.24431e-05	217.654	54.377	1	2	0	1	
65	0.0978392	0.3	1	109.268	210.731	-1.73741e-05	5.4118e-06	216.395	54.634	1	2	0	1	
65	0.098794	0.3	1	109.77	210.139	-8.78775e-06	1.07859e-05	215.155	54.8855	1	2	0	1	
65	0.0997487	0.3	1	110.262	209.553	-4.75469e-05	-1.59429e-05	213.933	55.131	1	2	0	1	
65	0.100704	0.3	1	110.742	208.973	-5.12032e-05	5.61077e-06	212.73	55.371	1	2	0	1	
65	0.101658	0.3	1	111.212	208.4	2.55773e-05	2.45269e-05	211.543	55.606	1	2	0	1	
65	0.102613	0.3	1	111.672	207.832	-7.44302e-05	-3.13386e-05	210.374	55.836	1	2	0	1	
65	0.103568	0.3	1	112.122	207.271	-1.08555e-06	-1.39993e-05	209.221	56.061	1	2	0	1	
65	0.104523	0.3	1	112.563	206.715	8.26678e-06	-1.93682e-05	208.084	56.2815	1	2	0	1	
65	0.105477	0.3	1	112.995	206.165	1.14629e-05	-5.71543e-06	206.963	56.4975	1	2	0	1	
65	0.106432	0.3	1	113.423	205.614	5.39772e-06	-1.07561e-05	205.857	56.7115	1	2	0	1	
65	0.107387	0.3	1	113.839	205.073	1.27945e-05	-2.01789e-05	204.767	56.9195	1	2	0	1	
65	0.108342	0.3	1	114.239	204.547	-1.48486e-05	1.81371e-05	203.692	57.12	1	2	0	1	
65	0.109296	0.3	1	114.638	204.019	1.25894e-05	-3.84e-06	202.631	57.319	1	2	0	1	
65	0.110251	0.3	1	115.029	203.495	8.06068e-06	5.13423e-07	201.585	57.5145	1	2	0	1	
65	0.111206	0.3	1	115.413	202.977	2.34994e-05	-2.85984e-05	200.551	57.7065	1	2	0	1	
65	0.112161	0.3	1	115.79	202.463	1.3451e-05	9.86084e-06	199.532	57.895	1	2	0	1	
65	0.113116	0.3	1	116.159	201.954	1.49287e-05	-2.64207e-05	198.525	58.08	1	2	0	1	
65	0.11407	0.3	1	116.522	201.451	1.49004e-05	4.42217e-05	197.532	58.2615	1	2	0	1	
65	0.115025	0.3	1	116.879	200.951	-1.60456e-05	1.22109e-05	196.551	58.4395	1	2	0	1	
65	0.11598	0.3	1	117.229	200.457	7.38951e-06	-4.76623e-06	195.582	58.615	1	2	0	1	
65	0.116935	0.3	1	117.574	199.966	2.21048e-05	-2.30895e-05	194.626	58.787	1	2	0	1	
65	0.117889	0.3	1	117.912	199.481	-2.5605e-06	6.78887e-06	193.681	58.956	1	2	0	1	
65	0.118844	0.3	1	118.244	198.999	-9.47274e-06	-8.6872e-06	192.749	59.1225	1	2	0	1	
65	0.119799	0.3	1	118.571	198.522	-3.05708e-05	1.43979e-06	191.827	59.2855	1	2	0	1	
65	0.120754	0.3	1	118.893	198.049	-2.36445e-05	4.23411e-08	190.917	59.4465	1	2	0	1	
65	0.121709	0.3	1	119.209	197.58	9.41909e-06	1.2489e-05	190.017	59.6045	1	2	0	1	
65	0.122663	0.3	1	119.52	197.115	2.12422e-05	-4.62777e-05	189.128	59.76	1	2	0	1	
65	0.123618	0.3	1	119.826	196.654	3.37397e-08	-1.97527e-05	188.25	59.913	1	2	0	1	
65	0.124573	0.3	1	120.128	196.197	4.93937e-05	-4.6827e-06	187.382	60.064	1	2	0	1	
65	0.125528	0.3	1	120.424	195.744	1.25093e-06	3.82451e-05	186.524	60.212	1	2	0	1	
65	0.126482	0.3	1	120.716	195.295	-3.26008e-06	-4.54754e-05	185.676	60.358	1	2	0	1	
65	0.127437	0.3	1	121.003	194.85	5.6853e-05	-3.52273e-06	184.838	60.502	1	2	0	1	
65	0.128392	0.3	1	121.287	194.405	4.6412e-06	2.09208e-05	184.009	60.6435	1	2	0	1	
65	0.129347	0.3	1	121.565	193.975	3.90644e-05	-1.64272e-05	183.189	60.783	1	2	0	1	
65	0.130302	0.3	1	121.84	193.495	-1.79589e-06	-6.98709e-06	182.379	60.92	1	2	0	1	
65	0.131256	0.3	1	122.111	193.059	-4.08658e-08	4.83599e-05	181.577	61.0555	1	2	0	1	
65	0.132211	0.3	1	122.377	192.686	2.19006e-06	4.91226e-07	180.785	61.189	1	2	0	1	
65	0.133166	0.3	1	122.64	192.247	1.0261e-05	-1.13571e-05	180.001	61.32	1	2	0	1	
65	0.134121	0.3	1	122.899	191.829	-1.00109e-05	-1.11109e-05	179.225	61.45	1	2	0	1	
65	0.135075	0.3	1	123.155	191.41	-3.09502e-05	-1.51745e-05	178.458	61.5775	1	2	0	1	
65	0.13603	0.3	1	123.407	190.995	1.40161e-05	-1.14425e-05	177.699	61.7035	1	2	0	1	
65	0.136985	0.3	1	123.655	190.584	-1.8986e-05	-5.45608e-05	176.949	61.8275	1	2	0	1	
65	0.13794	0.3	1	123.9	190.175	1.15856e-06	-1.3346e-05	176.206	61.95	1	2	0	1	
65	0.138894	0.3	1	124.142	189.769	-1.46117e-06	-1.88322e-06	175.47	62.071	1	2	0	1	
65	0.139849	0.3	1	124.38	189.367	1.69197e-05	1.94925e-05	174.743	62.19	1	2	0	1	
65	0.140804	0.3	1	124.615	188.967	-3.00326e-06	5.90255e-07	174.023	62.308	1	2	0	1	
65	0.141759	0.3	1	124.848	188.57	5.47468e-05	4.75669e-06	173.31	62.424	1	2	0	1	
65	0.142714	0.3	1	125.077	188.177	5.59387e-06	-6.62873e-06	172.604	62.5385	1	2	0	1	
65	0.143668	0.3	1	125.303	187.786	2.96055e-06	-2.77266e-05	171.906	62.6515	1	2	0	1	
65	0.144623	0.3	1	125.526	187.398	2.21158e-06	3.34033e-06	171.214	62.763	1	2	0	1	
65	0.145578	0.3	1	125.746	187.012	5.03412e-05	-1.57855e-05	170.53	62.8735	1	2	0	1	
65	0.146533	0.3	1	125.964	186.63	2.20999e-05	-2.47677e-05	169.852	62.982	1	2	0	1	
65	0.147487	0.3	1	126.179	186.25	-3.94216e-06	1.76765e-05	169.181	63.0895	1	2	0	1	
65	0.148442	0.3	1	126.391	185.873	1.32649e-05	-1.54021e-06	168.516	63.1955	1	2	0	1	
65	0.149397	0.3	1	126.601	185.498	1.63746e-05	6.85453e-06	167.858	63.3005	1	2	0	1	
65	0.150352	0.3	1	126.808	185.126	-3.53178e-05	-2.28474e-05	167.206	63.404	1	2	0	1	
65	0.151307	0.3	1	127.012	184.757	4.97143e-06	-1.09642e-06	166.561	63.506	1	2	0	1	
65	0.152261	0.3	1	127.214	184.39	1.67349e-05	-8.39771e-06	165.921	63.607	1	2	0	1	
65	0.153216	0.3	1	127.414	184.025	2.34079e-05	8.71858e-06	165.287	63.707	1	2	0	1	
65	0.154171	0.3	1	127.611	183.662	1.42207e-06	-1.84952e-05	164.66	63.806	1	2	0	1	
65	0.155126	0.3	1	127.806	183.308	-3.08325e-05	-1.13055e-05	164.038	63.9035	1	2	0	1	
65	0.15608	0.3	1	127.999	182.959	-1.96281e-05	7.83274e-05	163.422	63.9995	1	2	0	1	
65	0.157035	0.3	1	128.19	182.591	3.12946e-08	-1.15878e-05	162.812	64.0965	1	2	0	1	
65	0.15799	0.3	1	128.378	182.253	2.76126e-06	6.2206e-07	162.207	64.1905	1	2	0	1	
65	0.158945	0.3	1	128.564	181.889	1.51739e-07	7.03106e-06	161.607	64.2835	1	2	0	1	
65	0.159899	0.3	1	128.749	181.527	-4.25761e-05	1.77929e-05	161.014	64.3755	1	2	0	1	
65	0.160854	0.3	1	128.931	181.203	-8.7992e-06	-9.31446e-07	160.425	64.467	1	2	0	1	
65	0.161809	0.3	1	129.111	180.836	3.46054e-05	-1.71225e-05	159.841	64.557	1	2	0	1	
65	0.162764	0.3	1	129.289	180.591	5.6066e-06	7.80149e-07	159.263	64.646	1	2	0	1	
65	0.163719	0.3	1	129.465	180.148	6.86516e-06	-5.07335e-05	158.69	64.734	1	2	0	1	
65	0.164673	0.3	1	129.64	179.826	-2.26173e-05	2.55594e-06	158.122	64.821	1	2	0	1	
65	0.165628	0.3	1	129.812	179.479	-8.73487e-06	-2.36675e-06	157.558	64.9075	1	2	0	1	
65	0.166583	0.3	1	129.983	179.145	-1.32783e-05	-9.49403e-06	157	64.9925	1	2	0	1	
65	0.167538	0.3	1	130.152	178.812	-1.07049e-05	6.86387e-06	156.446	65.077	1	2	0	1	
65	0.168492	0.3	1	130.319	178.48	-3.79309e-05	-3.42973e-06	155.897	65.1605	1	2	0	1	
65	0.169447	0.3	1	130.484	178.151	2.45862e-06	-1.15131e-05	155.353	65.2435	1	2	0	1	
65	0.170402	0.3	1	130.648	177.824	3.41465e-07	-1.75258e-05	154.813	65.325	1	2	0	1	
65	0.171357	0.3	1	130.81	177.498	-1.14484e-05	9.83273e-06	154.278	65.406	1	2	0	1	
65	0.172312	0.3	1	130.97	177.174	1.96454e-05	-6.50743e-05	153.747	65.486	1	2	0	1	
65	0.173266	0.3	1	131.129	176.853	-2.11165e-06	-2.11395e-05	153.221	65.5655	1	2	0	1	
65	0.174221	0.3	1	131.286	176.533	-3.20792e-05	-1.19734e-05	152.699	65.644	1	2	0	1	
65	0.175176	0.3	1	131.441	176.215	-1.93781e-05	1.80201e-05	152.181	65.722	1	2	0	1	
65	0.176131	0.3	1	131.595	175.898	-8.48794e-06	-1.29733e-05	151.667	65.799	1	2	0	1	
65	0.177085	0.3	1	131.748	175.584	1.09463e-06	-6.78013e-06	151.158	65.875	1	2	0	1	
65	0.17804	0.3	1	131.899	175.271	-3.20134e-05	2.19006e-05	150.652	65.9505	1	2	0	1	
65	0.178995	0.3	1	132.048	174.959	6.78138e-06	1.69891e-05	150.151	66.0255	1	2	0	1	
65	0.17995	0.3	1	132.197	174.65	-1.53945e-06	-1.17886e-05	149.654	66.0995	1	2	0	1	
65	0.180905	0.3	1	132.343	174.342	5.09779e-05	3.34802e-05	149.16	66.173	1	2	0	1	
65	0.181859	0.3	1	132.489	174.036	1.31694e-05	-2.11381e-05	148.67	66.2455	1	2	0	1	
65	0.182814	0.3	1	132.633	173.732	3.97033e-05	3.48982e-06	148.185	66.3175	1	2	0	1	
65	0.183769	0.3	1	132.775	173.429	2.64405e-05	-3.86885e-05	147.703	66.389	1	2	0	1	
65	0.184724	0.3	1	132.917	173.127	1.73594e-06	1.14223e-05	147.224	66.4595	1	2	0	1	
65	0.185678	0.3	1	133.057	172.828	-4.6664e-05	1.45341e-06	146.75	66.5295	1	2	0	1	
65	0.186633	0.3	1	133.195	172.529	2.53975e-05	-1.17886e-05	146.278	66.599	1	2	0	1	
65	0.187588	0.3	1	133.333	172.233	-5.20035e-06	-2.30394e-05	145.811	66.6675	1	2	0	1	
65	0.188543	0.3	1	133.469	171.938	-1.08717e-05	-9.90852e-07	145.347	66.7355	1	2	0	1	
65	0.189497	0.3	1	133.604	171.644	2.34276e-06	7.53066e-06	144.886	66.803	1	2	0	1	
65	0.190452	0.3	1	133.738	171.352	2.0754e-05	-3.01425e-05	144.429	66.87	1	2	0	1	
65	0.191407	0.3	1	133.871	171.061	-4.98441e-05	-1.78936e-05	143.976	66.9365	1	2	0	1	
65	0.192362	0.3	1	134.002	170.772	1.0191e-05	-4.39806e-06	143.525	67.002	1	2	0	1	
65	0.193317	0.3	1	134.132	170.484	-1.69499e-05	-1.9694e-05	143.078	67.0675	1	2	0	1	
65	0.194271	0.3	1	134.262	170.198	-1.78794e-05	-1.96742e-06	142.634	67.132	1	2	0	1	
65	0.195226	0.3	1	134.39	169.913	7.27137e-07	7.56009e-06	142.194	67.196	1	2	0	1	
65	0.196181	0.3	1	134.517	169.629	5.18532e-05	4.38295e-06	141.756	67.2595	1	2	0	1	
65	0.197136	0.3	1	134.643	169.347	-4.9806e-06	-3.90247e-05	141.322	67.3225	1	2	0	1	
65	0.19809	0.3	1	134.767	169.066	1.12838e-05	1.2992e-05	140.891	67.385	1	2	0	1	
65	0.199045	0.3	1	134.891	168.786	5.67441e-05	8.33156e-05	140.463	67.4465	1	2	0	1	
65	0.2	0.3	1	135.014	168.508	3.1833e-06	-5.14132e-05	140.038	67.508	1	2	0	1	
