65	0.01	0.3	-3	0	0	0	0	0	173	3	2	0	1	
65	0.0119192	0.3	-3	0	0	0	0	0	173	3	2	0	1	
65	0.0138384	0.3	-3	0	0	0	0	0	173	3	2	0	1	
65	0.0157576	0.3	-3	0	0	0	0	0	173	3	2	0	1	
65	0.0176768	0.3	-3	0	0	0	0	0	173	3	2	0	1	
65	0.019596	0.3	-3	0	0	0	0	0	173	3	2	0	1	
65	0.0215152	0.3	-3	0	0	0	0	0	173	3	2	0	1	
65	0.0234343	0.3	-3	0	0	0	0	0	173	3	2	0	1	
65	0.0253535	0.3	-2	0	0	0	0	0	173	3	2	0	1	
65	0.0272727	0.3	-3	0	0	0	0	0	173	3	2	0	1	
65	0.0291919	0.3	-3	0	0	0	0	0	173	3	2	0	1	
65	0.0311111	0.3	-2	0	0	0	0	0	173	3	2	0	1	
65	0.0330303	0.3	-2	0	0	0	0	0	173	3	2	0	1	
65	0.0349495	0.3	-2	0	0	0	0	0	173	3	2	0	1	
65	0.0368687	0.3	-2	0	0	0	0	0	173	3	2	0	1	
65	0.0387879	0.3	-2	0	0	0	0	0	173	3	2	0	1	
65	0.0407071	0.3	-2	0	0	0	0	0	173	3	2	0	1	
65	0.0426263	0.3	-2	0	0	0	0	0	173	3	2	0	1	
65	0.0445455	0.3	-2	0	0	0	0	0	173	3	2	0	1	
65	0.0464646	0.3	-2	0	0	0	0	0	173	3	2	0	1	
65	0.0483838	0.3	1	40.9713	246.784	2.04366e-06	-1.81691e-06	317.546	173	3	2	0	1	
65	0.050303	0.3	1	53.2877	245.119	1.96522e-06	-2.08377e-05	310.707	173	3	2	0	1	
65	0.0522222	0.3	1	61.2248	243.256	-1.62653e-05	-1.07592e-05	304.212	173	3	2	0	1	
65	0.0541414	0.3	1	67.2888	241.331	4.46539e-05	1.98379e-06	298.052	173	3	2	0	1	
65	0.0560606	0.3	1	72.2479	239.399	6.10744e-06	-1.17986e-05	292.205	173	3	2	0	1	
65	0.0579798	0.3	1	76.4586	237.484	-1.33309e-06	-1.94493e-05	286.65	173	3	2	0	1	
65	0.059899	0.3	1	80.121	235.6	1.57148e-05	2.04551e-05	281.365	173	3	2	0	1	
65	0.0618182	0.3	1	83.3568	233.756	1.1417e-05	-1.82896e-05	276.33	173	3	2	0	1	
65	0.0637374	0.3	1	86.2608	231.951	4.14864e-05	2.09359e-06	271.527	173	3	2	0	1	
65	0.0656566	0.3	1	88.8897	230.188	-4.22085e-06	-4.33883e-05	266.938	173	3	2	0	1	
65	0.0675758	0.3	1	91.2847	228.472	-2.6037e-05	1.61295e-05	262.55	173	3	2	0	1	
65	0.0694949	0.3	1	93.4794	-226.801	1.31208e-05	-1.27379e-07	258.349	173	3	2	0	1	
65	0.0714141	0.3	1	95.5132	225.168	2.28975e-06	2.59514e-06	254.322	173	3	2	0	1	
65	0.0733333	0.3	1	97.3959	223.579	2.92954e-05	4.98841e-06	250.457	173	3	2	0	1	
65	0.0752525	0.3	1	99.1496	222.031	-1.52183e-05	-1.27897e-05	246.745	173	3	2	0	1	
65	0.0771717	0.3	1	100.789	220.521	-1.07852e-06	4.65413e-05	243.175	173	3	2	0	1	
65	0.0790909	0.3	1	102.327	219.05	1.31073e-05	1.37327e-05	239.74	173	3	2	0	1	
65	0.0810101	0.3	1	103.773	217.614	2.66041e-05	-1.20943e-06	236.432	173	3	2	0	1	
65	0.0829293	0.3	1	105.138	216.213	1.60297e-05	7.39307e-06	233.244	173	3	2	0	1	
65	0.0848485	0.3	1	106.428	214.846	4.9483e-05	-7.70312e-05	230.174	173	3	2	0	1	
65	0.0867677	0.3	1	107.651	213.509	-2.18556e-05	-1.57369e-05	227.202	173	3	2	0	1	
65	0.0886869	0.3	1	108.812	212.204	-1.84885e-05	1.67033e-05	224.31	173	3	2	0	1	
65	0.0906061	0.3	1	109.915	210.929	1.54008e-05	4.02602e-06	221.52	173	3	2	0	1	
65	0.0925253	0.3	1	110.967	209.682	2.7378e-05	-5.62188e-06	218.821	173	3	2	0	1	
65	0.0944444	0.3	1	111.971	208.462	-3.53617e-05	2.40251e-05	216.206	173	3	2	0	1	
65	0.0963636	0.3	1	112.93	207.268	-5.39703e-06	-2.23797e-05	213.672	173	3	2	0	1	
65	0.0982828	0.3	1	113.848	206.099	-1.01425e-05	3.76811e-06	211.215	173	3	2	0	1	
65	0.100202	0.3	1	114.728	204.955	-2.47127e-05	5.70012e-06	208.83	173	3	2	0	1	
65	0.102121	0.3	1	115.572	203.833	1.25146e-05	-6.93194e-07	206.514	173	3	2	0	1	
65	0.10404	0.3	1	116.383	202.734	-7.69071e-07	8.49636e-06	204.263	173	3	2	0	1	
65	0.10596	0.3	1	117.163	201.656	2.2642e-05	-1.56166e-05	202.075	173	3	2	0	1	
65	0.107879	0.3	1	117.914	200.599	-4.17755e-05	-2.12597e-05	199.946	173	3	2	0	1	
65	0.109798	0.3	1	118.638	199.562	-7.41103e-05	4.73813e-05	197.875	173	3	2	0	1	
65	0.111717	0.3	1	119.336	198.543	-2.09015e-06	-1.3471e-05	195.858	173	3	2	0	1	
65	0.113636	0.3	1	120.01	197.543	1.15607e-05	1.14827e-06	193.893	173	3	2	0	1	
65	0.115556	0.3	1	120.661	196.561	-5.53527e-06	2.83808e-06	191.978	173	3	2	0	1	
65	0.117475	0.3	1	121.291	195.596	-8.62306e-06	-6.77131e-06	190.11	173	3	2	0	1	
65	0.119394	0.3	1	121.9	194.647	1.46899e-05	1.0211e-05	188.288	173	3	2	0	1	
65	0.121313	0.3	1	122.49	193.714	-1.09769e-06	3.80107e-05	186.511	173	3	2	0	1	
65	0.123232	0.3	1	123.062	192.796	-2.03265e-05	4.30144e-05	184.775	173	3	2	0	1	
65	0.125152	0.3	1	123.617	191.894	-7.89695e-06	4.32363e-06	183.08	173	3	2	0	1	
65	0.127071	0.3	1	124.156	191.005	-1.08693e-06	-8.94637e-07	181.423	173	3	2	0	1	
65	0.12899	0.3	1	124.678	190.131	-1.74337e-05	-4.1965e-05	179.804	173	3	2	0	1	
65	0.130909	0.3	1	125.186	189.27	1.48201e-05	2.3839e-05	178.221	173	3	2	0	1	
65	0.132828	0.3	1	125.68	188.422	4.0209e-06	-1.7962e-05	176.673	173	3	2	0	1	
65	0.134747	0.3	1	126.161	187.586	-3.16816e-06	-1.0661e-05	175.157	173	3	2	0	1	
65	0.136667	0.3	1	126.628	186.763	-1.04133e-05	-1.79424e-07	173.674	173	3	2	0	1	
65	0.138586	0.3	1	127.084	185.952	-4.98904e-05	-2.05571e-05	172.222	173	3	2	0	1	
65	0.140505	0.3	1	127.527	185.152	3.01995e-05	2.75034e-06	170.8	173	3	2	0	1	
65	0.142424	0.3	1	127.96	184.363	-2.02463e-05	-5.02824e-05	169.407	173	3	2	0	1	
65	0.144343	0.3	1	128.381	183.585	4.78051e-06	-2.31281e-06	168.042	173	3	2	0	1	
65	0.146263	0.3	1	128.793	182.817	-2.82694e-05	2.38707e-06	166.703	173	3	2	0	1	
65	0.148182	0.3	1	129.194	182.06	-1.77493e-06	-1.50126e-06	165.391	173	3	2	0	1	
65	0.150101	0.3	1	129.586	181.313	-4.15028e-05	5.85284e-06	164.103	173	3	2	0	1	
65	0.15202	0.3	1	129.969	180.575	-1.93984e-05	-8.46909e-06	162.84	173	3	2	0	1	
65	0.153939	0.3	1	130.344	179.846	-1.19333e-05	-3.12644e-06	161.601	173	3	2	0	1	
65	0.155859	0.3	1	130.709	179.139	5.24103e-06	-2.34313e-06	160.384	173	3	2	0	1	
65	0.157778	0.3	1	131.067	178.454	-8.31104e-06	-1.43272e-05	159.189	173	3	2	0	1	
65	0.159697	0.3	1	131.417	177.708	1.21809e-05	5.02854e-06	158.016	173	3	2	0	1	
65	0.161616	0.3	1	131.76	177.024	-2.13031e-05	-9.94977e-06	156.864	173	3	2	0	1	
65	0.163535	0.3	1	132.095	176.33	-1.54363e-05	-3.66651e-05	155.731	173	3	2	0	1	
65	0.165455	0.3	1	132.423	175.651	-2.1094e-05	1.47978e-06	154.618	173	3	2	0	1	
65	0.167374	0.3	1	132.745	174.979	-4.95212e-06	-2.41497e-05	153.524	173	3	2	0	1	
65	0.169293	0.3	1	133.06	174.315	2.44953e-05	4.5832e-05	152.448	173	3	2	0	1	
65	0.171212	0.3	1	133.369	173.658	1.56135e-05	-2.0592e-05	151.391	173	3	2	0	1	
65	0.173131	0.3	1	133.672	173.008	1.08347e-05	-4.75285e-06	150.35	173	3	2	0	1	
65	0.175051	0.3	1	133.969	172.365	-6.0669e-06	4.43631e-06	149.326	173	3	2	0	1	
65	0.17697	0.3	1	134.26	171.728	-1.57397e-05	-2.88524e-05	148.319	173	3	2	0	1	
65	0.178889	0.3	1	134.546	171.099	4.30193e-06	-1.31501e-05	147.327	173	3	2	0	1	
65	0.180808	0.3	1	134.827	170.476	-3.73034e-06	2.54851e-06	146.351	173	3	2	0	1	
65	0.182727	0.3	1	135.103	169.859	1.78413e-05	1.65671e-05	145.39	173	3	2	0	1	
65	0.184646	0.3	1	135.373	169.248	2.68551e-06	-1.52461e-05	144.444	173	3	2	0	1	
65	0.186566	0.3	1	135.639	168.643	2.60911e-06	-9.22539e-06	143.512	173	3	2	0	1	
65	0.188485	0.3	1	135.9	168.044	-5.48354e-06	2.12208e-06	142.594	173	3	2	0	1	
65	0.190404	0.3	1	136.157	167.451	2.54436e-05	-3.91215e-06	141.689	173	3	2	0	1	
65	0.192323	0.3	1	136.409	166.864	1.49492e-06	-7.40473e-06	140.797	173	3	2	0	1	
65	0.194242	0.3	1	136.657	166.281	-6.43469e-06	-3.32845e-05	139.919	173	3	2	0	1	
65	0.196162	0.3	1	136.901	165.705	-4.14355e-05	-3.18471e-05	139.052	173	3	2	0	1	
65	0.198081	0.3	1	137.141	165.133	6.75885e-06	-4.76868e-06	138.198	173	3	2	0	1	
65	0.2	0.3	1	137.377	164.567	-2.00574e-05	-7.28182e-06	137.356	173	3	2	0	1	
