65	0.01	0.3	-2	0	0	0	0	0	173	3	0	0	1	
65	0.0119192	0.3	-2	0	0	0	0	0	173	3	0	0	1	
65	0.0138384	0.3	-2	0	0	0	0	0	173	3	0	0	1	
65	0.0157576	0.3	-2	0	0	0	0	0	173	3	0	0	1	
65	0.0176768	0.3	-2	0	0	0	0	0	173	3	0	0	1	
65	0.019596	0.3	-2	0	0	0	0	0	173	3	0	0	1	
65	0.0215152	0.3	-2	0	0	0	0	0	173	3	0	0	1	
65	0.0234343	0.3	-2	0	0	0	0	0	173	3	0	0	1	
65	0.0253535	0.3	-2	0	0	0	0	0	173	3	0	0	1	
65	0.0272727	0.3	-2	0	0	0	0	0	173	3	0	0	1	
65	0.0291919	0.3	-2	0	0	0	0	0	173	3	0	0	1	
65	0.0311111	0.3	-2	0	0	0	0	0	173	3	0	0	1	
65	0.0330303	0.3	-2	0	0	0	0	0	173	3	0	0	1	
65	0.0349495	0.3	-2	0	0	0	0	0	173	3	0	0	1	
65	0.0368687	0.3	-2	0	0	0	0	0	173	3	0	0	1	
65	0.0387879	0.3	-2	0	0	0	0	0	173	3	0	0	1	
65	0.0407071	0.3	-2	0	0	0	0	0	173	3	0	0	1	
65	0.0426263	0.3	-2	0	0	0	0	0	173	3	0	0	1	
65	0.0445455	0.3	-2	0	0	0	0	0	173	3	0	0	1	
65	0.0464646	0.3	-2	0	0	0	0	0	173	3	0	0	1	
65	0.0483838	0.3	1	35.2167	0	251.912	251.912	0	173	3	0	0	1	
65	0.050303	0.3	1	48.5671	0	245.198	245.198	0	173	3	0	0	1	
65	0.0522222	0.3	1	56.3182	0	240.201	240.201	0	173	3	0	0	1	
65	0.0541414	0.3	1	61.991	0	235.996	235.996	0	173	3	0	0	1	
65	0.0560606	0.3	1	66.4932	0	232.31	232.31	0	173	3	0	0	1	
65	0.0579798	0.3	1	70.222	0	229.013	229.013	0	173	3	0	0	1	
65	0.059899	0.3	1	73.394	0	272.552	226.026	0	173	3	0	0	1	
65	0.0618182	0.3	1	76.1428	0	223.296	223.296	0	173	3	0	0	1	
65	0.0637374	0.3	1	78.5577	0	262.496	220.786	0	173	3	0	0	1	
65	0.0656566	0.3	1	80.7019	0	257.861	218.467	0	173	3	0	0	1	
65	0.0675758	0.3	1	82.6222	0	253.457	216.314	0	173	3	0	0	1	
65	0.0694949	0.3	1	84.354	0	249.263	214.311	0	173	3	0	0	1	
65	0.0714141	0.3	1	85.925	0	212.44	212.44	0	173	3	0	0	1	
65	0.0733333	0.3	1	87.3575	0	210.69	210.69	0	173	3	0	0	1	
65	0.0752525	0.3	1	88.6692	0	209.049	209.049	0	173	3	0	0	1	
65	0.0771717	0.3	1	89.8751	0	207.506	207.506	0	173	3	0	0	1	
65	0.0790909	0.3	1	90.9871	0	206.055	206.055	0	173	3	0	0	1	
65	0.0810101	0.3	1	92.0157	0	204.688	204.688	0	173	3	0	0	1	
65	0.0829293	0.3	1	92.9693	0	203.398	203.398	0	173	3	0	0	1	
65	0.0848485	0.3	1	93.8553	0	202.181	202.181	0	173	3	0	0	1	
65	0.0867677	0.3	1	94.6798	0	201.03	201.03	0	173	3	0	0	1	
65	0.0886869	0.3	1	95.4476	0	199.944	199.944	0	173	3	0	0	1	
65	0.0906061	0.3	1	96.1624	0	198.919	198.919	0	173	3	0	0	1	
65	0.0925253	0.3	1	96.8228	0	210.662	197.961	0	173	3	0	0	1	
65	0.0944444	0.3	1	97.4417	0	208.16	197.053	0	173	3	0	0	1	
65	0.0963636	0.3	1	98.0276	0	205.737	196.184	0	173	3	0	0	1	
65	0.0982828	0.3	1	98.5833	0	195.351	195.351	0	173	3	0	0	1	
65	0.100202	0.3	1	99.1112	0	194.553	194.553	0	173	3	0	0	1	
65	0.102121	0.3	1	99.6133	0	193.786	193.786	0	173	3	0	0	1	
65	0.10404	0.3	1	100.092	0	193.049	193.049	0	173	3	0	0	1	
65	0.10596	0.3	1	100.548	0	192.341	192.341	0	173	3	0	0	1	
65	0.107879	0.3	1	100.983	0	191.659	191.659	0	173	3	0	0	1	
65	0.109798	0.3	1	101.399	0	191.002	191.002	0	173	3	0	0	1	
65	0.111717	0.3	1	101.798	0	190.369	190.369	0	173	3	0	0	1	
65	0.113636	0.3	1	102.179	0	189.758	189.758	0	173	3	0	0	1	
65	0.115556	0.3	1	102.545	0	189.168	189.168	0	173	3	0	0	1	
65	0.117475	0.3	1	102.896	0	188.598	188.598	0	173	3	0	0	1	
65	0.119394	0.3	1	103.233	0	188.048	188.048	0	173	3	0	0	1	
65	0.121313	0.3	1	103.558	0	187.515	187.515	0	173	3	0	0	1	
65	0.123232	0.3	1	103.87	0	187	187	0	173	3	0	0	1	
65	0.125152	0.3	1	104.17	0	186.501	186.501	0	173	3	0	0	1	
65	0.127071	0.3	1	104.459	0	186.017	186.017	0	173	3	0	0	1	
65	0.12899	0.3	1	104.738	0	185.549	185.549	0	173	3	0	0	1	
65	0.130909	0.3	1	105.007	0	185.094	185.094	0	173	3	0	0	1	
65	0.132828	0.3	1	105.267	0	184.653	184.653	0	173	3	0	0	1	
65	0.134747	0.3	1	105.518	0	184.225	184.225	0	173	3	0	0	1	
65	0.136667	0.3	1	105.761	0	183.809	183.809	0	173	3	0	0	1	
65	0.138586	0.3	1	105.996	0	183.405	183.405	0	173	3	0	0	1	
65	0.140505	0.3	1	106.223	0	183.013	183.013	0	173	3	0	0	1	
65	0.142424	0.3	1	106.443	0	182.631	182.631	0	173	3	0	0	1	
65	0.144343	0.3	1	106.656	0	182.259	182.259	0	173	3	0	0	1	
65	0.146263	0.3	1	106.863	0	181.898	181.898	0	173	3	0	0	1	
65	0.148182	0.3	1	107.063	0	181.546	181.546	0	173	3	0	0	1	
65	0.150101	0.3	1	107.257	0	181.203	181.203	0	173	3	0	0	1	
65	0.15202	0.3	1	107.446	0	180.87	180.87	0	173	3	0	0	1	
65	0.153939	0.3	1	107.629	0	180.544	180.544	0	173	3	0	0	1	
65	0.155859	0.3	1	107.807	0	180.227	180.227	0	173	3	0	0	1	
65	0.157778	0.3	1	107.98	0	179.918	179.918	0	173	3	0	0	1	
65	0.159697	0.3	1	108.149	0	179.616	179.616	0	173	3	0	0	1	
65	0.161616	0.3	1	108.312	0	179.321	179.321	0	173	3	0	0	1	
65	0.163535	0.3	1	108.472	0	179.034	179.034	0	173	3	0	0	1	
65	0.165455	0.3	1	108.627	0	178.753	178.753	0	173	3	0	0	1	
65	0.167374	0.3	1	108.778	0	178.479	178.479	0	173	3	0	0	1	
65	0.169293	0.3	1	108.925	0	178.211	178.211	0	173	3	0	0	1	
65	0.171212	0.3	1	109.068	0	177.949	177.949	0	173	3	0	0	1	
65	0.173131	0.3	1	109.208	0	177.693	177.693	0	173	3	0	0	1	
65	0.175051	0.3	1	109.344	0	177.443	177.443	0	173	3	0	0	1	
65	0.17697	0.3	1	109.477	0	177.198	177.198	0	173	3	0	0	1	
65	0.178889	0.3	1	109.607	0	176.959	176.959	0	173	3	0	0	1	
65	0.180808	0.3	1	109.733	0	176.724	176.724	0	173	3	0	0	1	
65	0.182727	0.3	1	109.857	0	176.495	176.495	0	173	3	0	0	1	
65	0.184646	0.3	1	109.978	0	176.27	176.27	0	173	3	0	0	1	
65	0.186566	0.3	1	110.096	0	176.051	176.051	0	173	3	0	0	1	
65	0.188485	0.3	1	110.211	0	175.835	175.835	0	173	3	0	0	1	
65	0.190404	0.3	1	110.323	0	175.624	175.624	0	173	3	0	0	1	
65	0.192323	0.3	1	110.434	0	175.418	175.418	0	173	3	0	0	1	
65	0.194242	0.3	1	110.541	0	175.215	175.215	0	173	3	0	0	1	
65	0.196162	0.3	1	110.647	0	175.017	175.017	0	173	3	0	0	1	
65	0.198081	0.3	1	110.75	0	174.822	174.822	0	173	3	0	0	1	
65	0.2	0.3	1	110.851	0	174.631	174.631	0	173	3	0	0	1	
