65	0.04992042828282828	0.3	-2	0	0	0	0	0	173	1	2	0	1	
65	0.04992042828282828	0.3	-2	0	0	0	0	0	173	1	2	0	1	
65	0.04992084877053361	0.3	-2	0	0	0	0	0	173	1	2	0	1	
65	0.04992126925823895	0.3	-2	0	0	0	0	0	173	1	2	0	1	
65	0.04992168974594428	0.3	-2	0	0	0	0	0	173	1	2	0	1	
65	0.04992211023364962	0.3	-2	0	0	0	0	0	173	1	2	0	1	
65	0.04992253072135496	0.3	-2	0	0	0	0	0	173	1	2	0	1	
65	0.0499229512090603	0.3	-2	0	0	0	0	0	173	1	2	0	1	
65	0.04992337169676563	0.3	-2	0	0	0	0	0	173	1	2	0	1	
65	0.04992379218447097	0.3	-2	0	0	0	0	0	173	1	2	0	1	
65	0.0499242126721763	0.3	-2	0	0	0	0	0	173	1	2	0	1	
65	0.04992463315988164	0.3	-2	0	0	0	0	0	173	1	2	0	1	
65	0.04992505364758697	0.3	-2	0	0	0	0	0	173	1	2	0	1	
65	0.04992547413529231	0.3	-2	0	0	0	0	0	173	1	2	0	1	
65	0.04992589462299765	0.3	-2	0	0	0	0	0	173	1	2	0	1	
65	0.04992631511070299	0.3	-2	0	0	0	0	0	173	1	2	0	1	
65	0.04992673559840832	0.3	-2	0	0	0	0	0	173	1	2	0	1	
65	0.04992715608611366	0.3	-2	0	0	0	0	0	173	1	2	0	1	
65	0.04992757657381899	0.3	-2	0	0	0	0	0	173	1	2	0	1	
65	0.04992799706152433	0.3	-2	0	0	0	0	0	173	1	2	0	1	
65	0.04992841754922966	0.3	-2	0	0	0	0	0	173	1	2	0	1	
65	0.049928838036935	0.3	-2	0	0	0	0	0	173	1	2	0	1	
65	0.04992925852464034	0.3	-2	0	0	0	0	0	173	1	2	0	1	
65	0.04992967901234568	0.3	-2	0	0	0	0	0	173	1	2	0	1	
65	0.04993009950005101	0.3	-2	0	0	0	0	0	173	1	2	0	1	
65	0.04993051998775635	0.3	-2	0	0	0	0	0	173	1	2	0	1	
65	0.04993094047546168	0.3	-2	0	0	0	0	0	173	1	2	0	1	
65	0.04993136096316702	0.3	-2	0	0	0	0	0	173	1	2	0	1	
65	0.04993178145087235	0.3	-2	0	0	0	0	0	173	1	2	0	1	
65	0.04993220193857769	0.3	-2	0	0	0	0	0	173	1	2	0	1	
65	0.04993262242628303	0.3	-2	0	0	0	0	0	173	1	2	0	1	
65	0.04993304291398837	0.3	-2	0	0	0	0	0	173	1	2	0	1	
65	0.0499334634016937	0.3	-2	0	0	0	0	0	173	1	2	0	1	
65	0.04993388388939904	0.3	-2	0	0	0	0	0	173	1	2	0	1	
65	0.04993430437710437	0.3	-2	0	0	0	0	0	173	1	2	0	1	
65	0.04993472486480971	0.3	-2	0	0	0	0	0	173	1	2	0	1	
65	0.04993514535251505	0.3	-2	0	0	0	0	0	173	1	2	0	1	
65	0.04993556584022038	0.3	-2	0	0	0	0	0	173	1	2	0	1	
65	0.04993598632792572	0.3	-2	0	0	0	0	0	173	1	2	0	1	
65	0.04993640681563106	0.3	-2	0	0	0	0	0	173	1	2	0	1	
65	0.04993682730333639	0.3	-2	0	0	0	0	0	173	1	2	0	1	
65	0.04993724779104173	0.3	-2	0	0	0	0	0	173	1	2	0	1	
65	0.04993766827874706	0.3	-2	0	0	0	0	0	173	1	2	0	1	
65	0.0499380887664524	0.3	-2	0	0	0	0	0	173	1	2	0	1	
65	0.04993850925415774	0.3	-2	0	0	0	0	0	173	1	2	0	1	
65	0.04993892974186307	0.3	-2	0	0	0	0	0	173	1	2	0	1	
65	0.04993935022956841	0.3	-2	0	0	0	0	0	173	1	2	0	1	
65	0.04993977071727375	0.3	-2	0	0	0	0	0	173	1	2	0	1	
65	0.04994019120497908	0.3	1	6.215782963270883	-247.5401511430402	-9.055049276908075e-06	1.478862850217211e-05	317.892077002699	173	1	2	0	1	
65	0.04994061169268442	0.3	1	7.116924776105941	-247.5407214818041	-1.620774643315213e-05	-1.812517262800056e-05	317.8911704469292	173	1	2	0	1	
65	0.04994103218038976	0.3	1	7.721502680484088	-247.5411460801714	1.147735350011579e-05	1.533711566087284e-05	317.8901492339744	173	1	2	0	1	
65	0.04994145266809509	0.3	1	8.190989093245772	-247.5415500411891	1.524889192884452e-06	1.597114547035152e-06	317.8890965947471	173	1	2	0	1	
65	0.04994187315580043	0.3	1	8.579709850617876	-247.5419188312421	2.754150465284001e-05	-9.141688105653077e-06	317.8880467878485	173	1	2	0	1	
65	0.04994229364350576	0.3	1	8.914498950114529	-247.542248915289	9.288866441084878e-06	-8.08656682253247e-06	317.8869443884547	173	1	2	0	1	
65	0.0499427141312111	0.3	1	9.210246737216021	-247.5425875591613	1.150808716815918e-05	1.293199263040077e-05	317.8858401068308	173	1	2	0	1	
65	0.04994313461891644	0.3	1	9.475768578480773	-247.5428791535929	1.912240309722792e-05	2.663622026375295e-05	317.8847415742931	173	1	2	0	1	
65	0.04994355510662177	0.3	1	9.718610342702483	-247.5431554295366	6.918417835218387e-06	2.614630925075238e-07	317.8835696551484	173	1	2	0	1	
65	0.04994397559432711	0.3	1	9.942008730846686	-247.5434348899659	6.918429275224717e-06	-6.250264381163842e-06	317.8824294611877	173	1	2	0	1	
65	0.04994439608203245	0.3	1	10.14945191821563	-247.5436885207858	5.269693155316992e-07	-3.618277928401151e-06	317.8812878640492	173	1	2	0	1	
65	0.04994481656973778	0.3	1	10.34341006875002	-247.5439370239768	6.918313417928032e-06	-1.061706718741805e-06	317.8801152416399	173	1	2	0	1	
65	0.04994523705744312	0.3	1	10.52579320921183	-247.5441985549384	2.551509635978673e-05	-5.255272969512462e-06	317.8789862953071	173	1	2	0	1	
65	0.04994565754514845	0.3	1	10.69810381564717	-247.5444125276045	6.487508330347548e-06	2.049310819438738e-05	317.8777847128196	173	1	2	0	1	
65	0.04994607803285379	0.3	1	10.86159492876816	-247.5446353160058	-2.765252165471249e-05	-1.969298563091887e-06	317.8765972753159	173	1	2	0	1	
65	0.04994649852055913	0.3	1	11.01724098633932	-247.544863907145	-2.306705249218929e-06	-2.331492719466282e-05	317.8754348321689	173	1	2	0	1	
65	0.04994691900826446	0.3	1	11.16588397358637	-247.545087373893	1.532248045399072e-05	-2.938180100304361e-05	317.8742511923808	173	1	2	0	1	
65	0.0499473394959698	0.3	1	11.30822755175594	-247.5452729192759	3.469788880081678e-07	-6.776873350052871e-06	317.8730337219137	173	1	2	0	1	
65	0.04994775998367514	0.3	1	11.4448692831662	-247.5454733264079	-1.745878738114551e-05	-1.579699702394051e-05	317.8718531787915	173	1	2	0	1	
65	0.04994818047138047	0.3	1	11.5763220485268	-247.5456858984114	9.943097923809496e-06	1.755510674765048e-06	317.8706678286632	173	1	2	0	1	
65	0.04994860095908581	0.3	1	11.70302962639718	-247.5458613315847	4.415502765956043e-05	1.455719718194195e-05	317.8694509526248	173	1	2	0	1	
65	0.04994902144679114	0.3	1	11.82537881290035	-247.5460528891102	1.384716351617368e-05	-5.367814325186861e-06	317.8682536973092	173	1	2	0	1	
65	0.04994944193449648	0.3	1	11.94370895985114	-247.5462240710742	-6.909721943520679e-06	1.591401066398938e-05	317.8670495681727	173	1	2	0	1	
65	0.04994986242220181	0.3	1	12.05831958258906	-247.5464113128432	-2.312149142352869e-05	-1.696197430022407e-05	317.8658197880291	173	1	2	0	1	
65	0.04995028290990716	0.3	1	12.1694764818771	-247.5465648484644	5.932926459870982e-06	-9.884878011558792e-06	317.8645977043326	173	1	2	0	1	
65	0.04995070339761249	0.3	1	12.2774167176655	-247.5467371002333	-5.256767123148565e-06	-8.804613851178065e-06	317.8633712234774	173	1	2	0	1	
65	0.04995112388531783	0.3	1	12.38235269226071	-247.5468939110457	3.818871493967103e-06	-1.927185455888997e-05	317.8621662355743	173	1	2	0	1	
65	0.04995154437302316	0.3	1	12.48447552234981	-247.5470607628102	1.120984378909329e-05	-1.43489881555478e-06	317.8609046103624	173	1	2	0	1	
65	0.0499519648607285	0.3	1	12.58395784885323	-247.5472119130396	2.074688264878323e-05	-1.427068150498768e-05	317.8596802246778	173	1	2	0	1	
65	0.04995238534843383	0.3	1	12.68095619180141	-247.5473501217027	1.147743452420912e-05	1.395363875315511e-05	317.8584358055986	173	1	2	0	1	
65	0.04995280583613917	0.3	1	12.77561293702334	-247.5475090047615	-2.175121436816599e-05	-3.256615392656576e-06	317.8571996053076	173	1	2	0	1	
65	0.0499532263238445	0.3	1	12.86805802400055	-247.5476464647294	-2.619276637609438e-06	4.731307422268908e-06	317.8559717846272	173	1	2	0	1	
65	0.04995364681154985	0.3	1	12.95841038402268	-247.5477938235987	-1.120268321778712e-05	-9.159693038523825e-06	317.8547516202166	173	1	2	0	1	
65	0.04995406729925518	0.3	1	13.0467791751959	-247.5479348862986	-1.883243490084977e-05	-4.302001433559381e-06	317.8534832847494	173	1	2	0	1	
65	0.04995448778696052	0.3	1	13.13326484767662	-247.5480583348324	4.983326488428009e-05	1.950717716907776e-06	317.8522366788137	173	1	2	0	1	
65	0.04995490827466585	0.3	1	13.21796006528762	-247.5481926564294	-1.918930188224435e-05	-2.001087673819685e-05	317.8509960762541	173	1	2	0	1	
65	0.04995532876237119	0.3	1	13.30095050433568	-247.5483156668148	1.40104513503573e-05	-5.048794945394786e-06	317.8497625952221	173	1	2	0	1	
65	0.04995574925007652	0.3	1	13.38231555649945	-247.5484441239813	1.673862529800026e-05	-1.533225176846561e-05	317.8485066080819	173	1	2	0	1	
65	0.04995616973778186	0.3	1	13.46212894034543	-247.5485790440923	4.217233435042499e-07	1.370222006426692e-06	317.8472241676561	173	1	2	0	1	
65	0.04995659022548719	0.3	1	13.54045924108596	-247.5486834693926	1.913714747484279e-05	6.227760712740446e-06	317.8460010854937	173	1	2	0	1	
65	0.04995701071319254	0.3	1	13.61737038579263	-247.54879458306	-7.386108363580384e-06	-1.555811510173949e-05	317.8447108728698	173	1	2	0	1	
65	0.04995743120089787	0.3	1	13.69372562432248	-247.5489387374392	-4.744203114746106e-05	-5.414018806066702e-06	317.8434425483504	173	1	2	0	1	
65	0.04995785168860321	0.3	1	13.76788702452215	-247.5490243572983	2.52042192249325e-09	1.037738976710282e-05	317.8422098539031	173	1	2	0	1	
65	0.04995827217630854	0.3	1	13.84079366989479	-247.5491516806849	6.619785416882165e-06	4.184070152638756e-06	317.8409147355573	173	1	2	0	1	
65	0.04995869266401388	0.3	1	13.91249832817203	-247.5492603048307	5.949784066886822e-06	-1.284603813871119e-06	317.8396800139382	173	1	2	0	1	
65	0.04995911315171921	0.3	1	13.9830605527833	-247.5493677678753	1.745417968592745e-05	-1.576709078699237e-05	317.8383929538309	173	1	2	0	1	
65	0.04995953363942455	0.3	1	14.05252147055944	-247.5494549284245	-1.293056927391165e-05	3.835803319723885e-06	317.8371447917085	173	1	2	0	1	
65	0.04995995412712988	0.3	1	14.12092009407801	-247.549564691827	5.964090700415805e-06	2.383680053523691e-07	317.8358795977811	173	1	2	0	1	
65	0.04996037461483523	0.3	1	14.18829344108892	-247.549670848138	-5.390605230229812e-06	3.670580042382937e-06	317.8345807351139	173	1	2	0	1	
65	0.04996079510254056	0.3	1	14.2546766523184	-247.5497609535692	-1.973883225462442e-05	7.757384298102765e-06	317.8333350356151	173	1	2	0	1	
65	0.0499612155902459	0.3	1	14.32010309844699	-247.5498684588025	-2.443430978169296e-05	-1.884770195712524e-05	317.8320222810594	173	1	2	0	1	
65	0.04996163607795123	0.3	1	14.38460449166804	-247.5499572534211	-7.030414425322231e-06	-1.818827745278409e-06	317.8307526404884	173	1	2	0	1	
65	0.04996163607795123	0.3	1	14.38460449166853	-247.5499572534211	-7.030414425322231e-06	-1.862205426941127e-06	317.8307526661707	173	1	2	0	1	
65	0.04996205656565657	0.3	1	14.44804545780668	-247.5500523516497	5.60473373976023e-06	-1.042194449094036e-05	317.8294695997084	173	1	2	0	1	
65	0.05000284387307417	0.3	1	18.47881713639575	-247.5529773050698	-2.359852191816181e-05	1.189128445473059e-05	317.701088689325	173	1	2	0	1	
65	0.05004405166819711	0.3	1	20.88822743349608	-247.5491085511393	-4.496578075219304e-06	-2.491154851581349e-05	317.5668194852552	173	1	2	0	1	
65	0.05008525946332006	0.3	1	22.68632105191077	-247.5412569616821	-1.735681592590632e-05	1.202393326520546e-05	317.4303293272919	173	1	2	0	1	
65	0.05012646725844301	0.3	1	24.15304038436609	-247.5306224444158	2.109175775832396e-05	-1.684530667564563e-05	317.2924709430906	173	1	2	0	1	
65	0.05016767505356596	0.3	1	25.40668535340774	-247.517775044937	1.224386306654217e-05	-1.997011158928665e-05	317.1537168621762	173	1	2	0	1	
65	0.05020888284868891	0.3	1	26.51114270676023	-247.5031585670374	3.811300800363182e-06	-7.095164448744917e-06	317.0143292436667	173	1	2	0	1	
65	0.05025009064381185	0.3	1	27.50353087173615	-247.487027414163	4.340624660753708e-06	-1.722333580195246e-05	316.8744814433334	173	1	2	0	1	
65	0.0502912984389348	0.3	1	28.40860039186952	-247.4695483397759	-1.932008286573833e-05	-8.430974671236324e-06	316.7343067552331	173	1	2	0	1	
65	0.05033250623405774	0.3	1	29.2433505908173	-247.4509185477133	1.841697071478649e-05	1.825114043551998e-05	316.5938473856608	173	1	2	0	1	
65	0.05037371402918069	0.3	1	30.02005263431906	-247.4312473241748	1.168610877904209e-05	1.013530063218027e-05	316.4532327299749	173	1	2	0	1	
65	0.05041492182430364	0.3	1	30.74858034823798	-247.4106229671703	-2.740561880864092e-05	-2.495092957084666e-06	316.3124567402299	173	1	2	0	1	
65	0.05045612961942658	0.3	1	31.43469471207275	-247.3891515515124	-1.861164366088645e-05	-1.47483648722524e-05	316.171619389985	173	1	2	0	1	
65	0.05049733741454953	0.3	1	32.08436142931514	-247.3669107261688	4.031986782511432e-06	5.718573455881781e-06	316.0306831726497	173	1	2	0	1	
65	0.05053854520967248	0.3	1	32.7022334077155	-247.343929094857	2.899865956931813e-06	-2.390989789659986e-05	315.8897524090208	173	1	2	0	1	
65	0.05057975300479543	0.3	1	33.29202091869101	-247.3202915886686	-9.808820746927166e-06	5.650899242742174e-06	315.7487514511224	173	1	2	0	1	
65	0.05062096079991837	0.3	1	33.8567600212231	-247.2960001659133	2.242507797144133e-06	-3.154869250969819e-06	315.607822051001	173	1	2	0	1	
65	0.05066216859504132	0.3	1	34.39898225230263	-247.2711305100591	2.144290184759049e-05	-3.429961961198737e-05	315.4668509457645	173	1	2	0	1	
65	0.05070337639016426	0.3	1	34.92082876384679	-247.2457149671615	-1.137386590549516e-06	3.605835496635693e-06	315.3259442915173	173	1	2	0	1	
65	0.05074458418528721	0.3	1	35.42413106587097	-247.2197686650726	1.960122030264869e-06	3.763992859817655e-05	315.1850552642031	173	1	2	0	1	
65	0.05078579198041016	0.3	1	35.91047043585331	-247.193330471169	1.1866952819378e-05	-2.598577205747965e-06	315.0442194054335	173	1	2	0	1	
65	0.05082699977553311	0.3	1	36.38122295908128	-247.1664279401316	-2.44083899015278e-06	-2.997675008864498e-05	314.9034614441867	173	1	2	0	1	
65	0.05086820757065605	0.3	1	36.83759447314351	-247.1390997321965	-4.991818380872814e-06	8.6560350663345e-06	314.7627598149205	173	1	2	0	1	
65	0.050909415365779	0.3	1	37.28064817351692	-247.1113437411248	-4.153260634198741e-05	2.359635119713266e-05	314.6221548246194	173	1	2	0	1	
65	0.05095062316090194	0.3	1	37.71132344203009	-247.083180551621	-3.232638781200392e-06	1.756559832610805e-05	314.4816344860948	173	1	2	0	1	
65	0.05099183095602489	0.3	1	38.1304698222511	-247.054632430359	-2.435500233390758e-05	4.152418885502995e-06	314.3411853966898	173	1	2	0	1	
65	0.05103303875114784	0.3	1	38.53883048731544	-247.0257454747635	-1.9817647202631e-05	4.228274893700035e-06	314.2007885181186	173	1	2	0	1	
65	0.05107424654627078	0.3	1	38.93708428651435	-246.9964733263156	-2.029129951192088e-05	8.986782548092405e-06	314.0605664381918	173	1	2	0	1	
65	0.05111545434139373	0.3	1	39.32584271928803	-246.9669017263578	-4.200930352740717e-05	-4.59203896985283e-06	313.920389027786	173	1	2	0	1	
65	0.05115666213651668	0.3	1	39.70565822510103	-246.9370189862256	1.121847279106358e-05	1.947809332714101e-05	313.7803230362794	173	1	2	0	1	
65	0.05119786993163963	0.3	1	40.07703427805166	-246.9068123005482	-1.00135264902157e-06	-1.264631024944403e-05	313.6404005540226	173	1	2	0	1	
65	0.05123907772676257	0.3	1	40.44042999426998	-246.8762960730645	-2.053741685925647e-05	4.594559787251401e-06	313.50056328462	173	1	2	0	1	
65	0.05128028552188552	0.3	1	40.79407463020179	-246.8457081292719	3.702552019879853e-06	4.60219590725508e-06	313.3608962355241	173	1	2	0	1	
65	0.05132149331700846	0.3	1	41.14347132800454	-246.8145932502334	8.980341560937966e-06	1.127056960435746e-05	313.221257044033	173	1	2	0	1	
65	0.05136270111213141	0.3	1	41.48676581597489	-246.7831457107146	2.810155514738899e-06	8.941128692985245e-08	313.0817197299299	173	1	2	0	1	
65	0.05140390890725436	0.3	1	41.82211389877963	-246.7515755491335	1.361876881687818e-05	-9.569096804606936e-06	312.9423454284786	173	1	2	0	1	
65	0.05144511670237731	0.3	1	42.15127135706425	-246.7197429125537	-2.788293289303703e-05	-1.277871524207885e-05	312.8030951198367	173	1	2	0	1	
65	0.05148632449750025	0.3	1	42.47496473995688	-246.6876743518053	6.701073123505097e-06	-2.648084716760213e-05	312.6639706737863	173	1	2	0	1	
65	0.0515275322926232	0.3	1	42.791098197244	-246.6555497399749	1.06083632041877e-05	1.299738949217576e-05	312.5249931691491	173	1	2	0	1	
65	0.05156874008774615	0.3	1	43.1021005387739	-246.6231939004004	-2.078499375443577e-05	-2.867494232570988e-05	312.3861737790563	173	1	2	0	1	
65	0.05160994788286909	0.3	1	43.41131553681013	-246.5902573120427	-2.555473750260467e-05	-4.41158362438597e-06	312.2473222074048	173	1	2	0	1	
65	0.05165115567799204	0.3	1	43.71335394810168	-246.5573385036644	3.626086220842595e-06	1.69132310707254e-05	312.1087395030082	173	1	2	0	1	
65	0.05169236347311498	0.3	1	44.01061928306167	-246.5242277441937	2.034612144042811e-05	-2.532454577297213e-05	311.9702263662158	173	1	2	0	1	
65	0.05173357126823793	0.3	1	44.30329651007075	-246.4909391957169	-1.319776485037005e-05	9.286794261598175e-06	311.8318599955729	173	1	2	0	1	
65	0.05177477906336088	0.3	1	44.59155923317503	-246.4574496708144	5.433562493051269e-06	-3.780090196525698e-06	311.6936506282797	173	1	2	0	1	
65	0.05181598685848383	0.3	1	44.87557063280904	-246.4237676651586	3.889727424143466e-06	9.331011980306947e-06	311.5555469862929	173	1	2	0	1	
65	0.05185719465360678	0.3	1	45.155484309011	-246.3899353118003	2.324800078531974e-05	4.810362093966847e-06	311.4176255034505	173	1	2	0	1	
65	0.05189840244872972	0.3	1	45.43144504000706	-246.3558911586126	2.899236132219984e-05	1.975467424231159e-05	311.2797746996774	173	1	2	0	1	
65	0.05193961024385266	0.3	1	45.70358946534581	-246.321736730203	2.706372447203176e-05	8.288777592499463e-06	311.1420759578741	173	1	2	0	1	
65	0.05198081803897561	0.3	1	45.97204670358733	-246.287388552222	-2.564101902302607e-06	-1.159664494132517e-05	311.0045428668672	173	1	2	0	1	
65	0.05202202583409856	0.3	1	46.23693891101077	-246.2528858346894	6.899636465738934e-05	-1.311455402974726e-05	310.867136890944	173	1	2	0	1	
65	0.05206323362922151	0.3	1	46.49838178890118	-246.2182347905435	-3.27243497453885e-05	-1.525076961797129e-05	310.7298487906823	173	1	2	0	1	
65	0.05210444142434445	0.3	1	46.75648504425438	-246.1834606089973	1.133624709805624e-05	6.017614267023186e-06	310.5926969995491	173	1	2	0	1	
65	0.0521456492194674	0.3	1	47.01135280979088	-246.1485050389631	1.83043559085893e-05	4.701098029552542e-06	310.4557028682996	173	1	2	0	1	
65	0.05218685701459035	0.3	1	47.26047567413418	-246.11380082844	-7.651048248180636e-06	-5.267385430840444e-07	310.3189491205566	173	1	2	0	1	
65	0.05222806480971329	0.3	1	47.50953525504848	-246.078551647399	-4.407561422999778e-06	-1.285768244467717e-05	310.1821988183385	173	1	2	0	1	
65	0.05226927260483624	0.3	1	47.75562893756479	-246.0431689661536	-7.443468333409586e-06	-6.515140743654918e-08	310.0456033579061	173	1	2	0	1	
65	0.05231048039995918	0.3	1	47.99883317426078	-246.0076300236759	-1.338741206969099e-05	4.015716257610338e-05	309.9091637270522	173	1	2	0	1	
65	0.05235168819508213	0.3	1	48.23922559270989	-245.9720068055904	2.488466461531003e-05	2.714765103298874e-05	309.7728378784585	173	1	2	0	1	
65	0.05239289599020508	0.3	1	48.47687629146093	-245.9362496188772	-2.51997475798349e-05	3.149626529140234e-06	309.6366187241877	173	1	2	0	1	
65	0.05243410378532803	0.3	1	48.71185596459466	-245.900380574976	1.13342430389015e-06	1.992018577645985e-05	309.5006076435243	173	1	2	0	1	
65	0.05247531158045097	0.3	1	48.94423277850625	-245.864402658934	2.210542375521291e-05	-2.571205054178322e-06	309.364727027363	173	1	2	0	1	
65	0.05251651937557392	0.3	1	49.17406858885428	-245.8283251843535	1.476177092389619e-06	1.394362065926247e-05	309.2289738739284	173	1	2	0	1	
65	0.05255772717069686	0.3	1	49.40142795429952	-245.7921190162729	-1.844488334701386e-05	4.347813172988612e-06	309.0933646961155	173	1	2	0	1	
65	0.05259893496581981	0.3	1	49.62864868020777	-245.7554650376983	-8.031897029006987e-07	9.525139268912186e-06	308.9577870143132	173	1	2	0	1	
65	0.05264014276094276	0.3	1	49.85111095050868	-245.7190979646619	2.59954186192979e-06	-2.495821851663529e-06	308.8224768309614	173	1	2	0	1	
65	0.0526813505560657	0.3	1	50.07185839261963	-245.6825517453662	-5.127078488807591e-05	2.968281002151238e-06	308.6872901872842	173	1	2	0	1	
65	0.05272255835118865	0.3	1	50.28724638003899	-245.6464148526692	2.525074482202174e-05	-3.173367190460529e-06	308.5523765906237	173	1	2	0	1	
65	0.0527637661463116	0.3	1	50.50306976318952	-245.6097662777087	-1.001663678017878e-05	2.847191546209021e-05	308.4175222965285	173	1	2	0	1	
65	0.05280497394143455	0.3	1	50.71674494945805	-245.5730418833675	-1.442642489232965e-05	-2.718689124350484e-06	308.2827638628476	173	1	2	0	1	
65	0.05284618173655749	0.3	1	50.92831718959266	-245.5362211379315	1.041791458609922e-05	-4.530598799006406e-06	308.1482000525313	173	1	2	0	1	
65	0.05288738953168044	0.3	1	51.13783465530506	-245.499326630873	-1.524395066719413e-05	2.585500852831883e-06	308.0137699666728	173	1	2	0	1	
65	0.05292859732680338	0.3	1	51.34534249519958	-245.4623657303601	2.806127658972981e-05	-4.861652174236754e-06	307.8794812198253	173	1	2	0	1	
65	0.05296980512192633	0.3	1	51.55088602987141	-245.4253116364134	-1.877833600684442e-05	-1.598466951453949e-05	307.7453195326337	173	1	2	0	1	
65	0.05301101291704928	0.3	1	51.75450426328469	-245.3882093203861	-5.000157765820169e-06	1.060848593617027e-05	307.6113157760047	173	1	2	0	1	
65	0.05305222071217223	0.3	1	51.95947408891543	-245.3504250520631	-1.949102549985045e-05	-1.673178515684305e-05	307.4772746282514	173	1	2	0	1	
65	0.05309342850729517	0.3	1	52.15998744262951	-245.3130721424472	1.864970560826336e-05	-1.687123547533531e-07	307.3435226802079	173	1	2	0	1	
65	0.05313463630241812	0.3	1	52.35875223149516	-245.2756233819528	4.15830569574123e-05	3.604955375491325e-06	307.2099115965196	173	1	2	0	1	
65	0.05317584409754107	0.3	1	52.5558049055462	-245.2381045430557	-2.155289323607168e-06	2.010523998879866e-06	307.0764653772403	173	1	2	0	1	
65	0.05321705189266401	0.3	1	52.75118067400515	-245.2005108094734	7.085716029806358e-05	-7.037151061754787e-06	306.9431654805147	173	1	2	0	1	
65	0.05325825968778696	0.3	1	52.94491358699804	-245.1628450584628	-2.088137319487815e-05	-1.979555910313485e-05	306.8099657181057	173	1	2	0	1	
65	0.0532994674829099	0.3	1	53.13703656020347	-245.1251003134217	-1.825514273714245e-05	-8.182198671324858e-06	306.6769404939368	173	1	2	0	1	
65	0.05334067527803285	0.3	1	53.32758144804897	-245.0872979320114	2.193861317458141e-05	-3.233432682046497e-06	306.5440543104971	173	1	2	0	1	
65	0.0533818830731558	0.3	1	53.5165790815125	-245.0494302083119	-1.558887673840798e-05	-1.477136668875945e-05	306.4113179017833	173	1	2	0	1	
65	0.05342309086827875	0.3	1	53.7040593073899	-245.0114925099607	-1.035873704335541e-05	-1.429636581416933e-05	306.2787094212777	173	1	2	0	1	
65	0.0534642986634017	0.3	1	53.89005104988399	-244.9735094751436	-1.096201661637645e-05	1.903536336311969e-05	306.1462610049538	173	1	2	0	1	
65	0.05350550645852464	0.3	1	54.07458232309683	-244.9354472035142	-2.052499190396961e-05	-1.830409162915247e-05	306.013932859127	173	1	2	0	1	
65	0.05354671425364758	0.3	1	54.25768029946119	-244.8973261391471	-2.053151573797041e-05	4.832074402179049e-06	305.8817641561063	173	1	2	0	1	
65	0.05358792204877053	0.3	1	54.43937131670587	-244.8591295616299	-5.289886400583477e-06	-9.262927962854758e-06	305.749710151542	173	1	2	0	1	
65	0.05362912984389348	0.3	1	54.61968093661589	-244.8208966065629	-1.037680955134901e-06	1.576801854534671e-05	305.6178370349242	173	1	2	0	1	
65	0.05367033763901643	0.3	1	54.79863395772498	-244.7825895474262	-4.374949655383542e-06	-7.12770327492677e-06	305.4860632242014	173	1	2	0	1	
65	0.05371154543413937	0.3	1	54.97625446021244	-244.7442495880603	-5.195943571734141e-06	-1.748757497559203e-05	305.3544880915335	173	1	2	0	1	
65	0.05375275322926232	0.3	1	55.1525658257375	-244.7058427975943	1.326041898673698e-05	9.226374392172303e-06	305.2230347490923	173	1	2	0	1	
65	0.05379396102438527	0.3	1	55.32759076900395	-244.6673770632461	-2.259965682420862e-06	1.990089098011729e-05	305.0917065314232	173	1	2	0	1	
65	0.05383516881950821	0.3	1	55.50135136491469	-244.6288665460998	4.541515221673925e-05	3.592229448023954e-05	304.9605071703691	173	1	2	0	1	
65	0.05387637661463116	0.3	1	55.67386906809573	-244.5903285568851	5.773219523955153e-06	8.210886590634056e-07	304.8294730554163	173	1	2	0	1	
65	0.0539175844097541	0.3	1	55.84516474513326	-244.5517154441965	-9.290577841498948e-06	1.875325940101091e-05	304.6985724080217	173	1	2	0	1	
65	0.05395879220487705	0.3	1	56.01525868684869	-244.5130552500783	9.426910577231551e-06	-2.726276545571282e-05	304.5678547119226	173	1	2	0	1	
65	0.054	0.3	1	56.1841706399027	-244.4743451133799	6.959431056441368e-08	-6.131246118756817e-06	304.4372247010606	173	1	2	0	1	
