65	0.01	0.3	-3	0	0	0	0	0	346	1	2	0	1	
65	0.01095477386934673	0.3	-3	0	0	0	0	0	346	1	2	0	1	
65	0.01190954773869347	0.3	-3	0	0	0	0	0	346	1	2	0	1	
65	0.0128643216080402	0.3	-3	0	0	0	0	0	346	1	2	0	1	
65	0.01381909547738694	0.3	-3	0	0	0	0	0	346	1	2	0	1	
65	0.01477386934673367	0.3	-3	0	0	0	0	0	346	1	2	0	1	
65	0.0157286432160804	0.3	-3	0	0	0	0	0	346	1	2	0	1	
65	0.01668341708542714	0.3	-3	0	0	0	0	0	346	1	2	0	1	
65	0.01763819095477387	0.3	-3	0	0	0	0	0	346	1	2	0	1	
65	0.0185929648241206	0.3	-3	0	0	0	0	0	346	1	2	0	1	
65	0.01954773869346734	0.3	-3	0	0	0	0	0	346	1	2	0	1	
65	0.02050251256281407	0.3	-3	0	0	0	0	0	346	1	2	0	1	
65	0.02145728643216081	0.3	-3	0	0	0	0	0	346	1	2	0	1	
65	0.02241206030150754	0.3	-3	0	0	0	0	0	346	1	2	0	1	
65	0.02336683417085427	0.3	-3	0	0	0	0	0	346	1	2	0	1	
65	0.024321608040201	0.3	-3	0	0	0	0	0	346	1	2	0	1	
65	0.02527638190954774	0.3	-3	0	0	0	0	0	346	1	2	0	1	
65	0.02623115577889448	0.3	-3	0	0	0	0	0	346	1	2	0	1	
65	0.02718592964824121	0.3	-3	0	0	0	0	0	346	1	2	0	1	
65	0.02814070351758794	0.3	-3	0	0	0	0	0	346	1	2	0	1	
65	0.02909547738693467	0.3	-2	0	0	0	0	0	346	1	2	0	1	
65	0.03005025125628141	0.3	-3	0	0	0	0	0	346	1	2	0	1	
65	0.03100502512562815	0.3	-2	0	0	0	0	0	346	1	2	0	1	
65	0.03195979899497488	0.3	-3	0	0	0	0	0	346	1	2	0	1	
65	0.03291457286432161	0.3	-2	0	0	0	0	0	346	1	2	0	1	
65	0.03386934673366834	0.3	-3	0	0	0	0	0	346	1	2	0	1	
65	0.03482412060301508	0.3	-2	0	0	0	0	0	346	1	2	0	1	
65	0.03577889447236181	0.3	-2	0	0	0	0	0	346	1	2	0	1	
65	0.03673366834170855	0.3	-3	0	0	0	0	0	346	1	2	0	1	
65	0.03768844221105528	0.3	-2	0	0	0	0	0	346	1	2	0	1	
65	0.03864321608040201	0.3	-2	0	0	0	0	0	346	1	2	0	1	
65	0.03959798994974875	0.3	-2	0	0	0	0	0	346	1	2	0	1	
65	0.04055276381909548	0.3	-2	0	0	0	0	0	346	1	2	0	1	
65	0.04150753768844222	0.3	-2	0	0	0	0	0	346	1	2	0	1	
65	0.04246231155778895	0.3	-2	0	0	0	0	0	346	1	2	0	1	
65	0.04341708542713568	0.3	-2	0	0	0	0	0	346	1	2	0	1	
65	0.04437185929648241	0.3	-2	0	0	0	0	0	346	1	2	0	1	
65	0.04532663316582915	0.3	-2	0	0	0	0	0	346	1	2	0	1	
65	0.04628140703517589	0.3	1	21.96579536266266	-249.6013929744203	-2.190598647874853e-05	2.749521953647471e-05	326.7871247145112	346	1	2	0	1	
65	0.04723618090452262	0.3	1	39.79236505610584	-249.0013092217333	-1.67084248190591e-06	1.343636418776862e-05	323.1926555425341	346	1	2	0	1	
65	0.04819095477386935	0.3	1	47.84195767942448	-248.1294199937983	-1.607470694087213e-05	-2.082773528488957e-05	319.6178205917542	346	1	2	0	1	
65	0.04914572864321608	0.3	1	53.65154324596806	-247.1582830997604	-2.358341610713094e-05	-1.73984749333334e-05	316.1206950489939	346	1	2	0	1	
65	0.05010050251256282	0.3	1	58.32576879191069	-246.1367466983795	-1.301487916882671e-05	-1.498670001764957e-05	312.7095121022634	346	1	2	0	1	
65	0.05105527638190955	0.3	1	62.28517935603745	-245.0881505360364	3.589510891466308e-06	3.509805856945869e-06	309.3853682915603	346	1	2	0	1	
65	0.05201005025125629	0.3	1	65.74213985235714	-244.0258305707103	-1.593173494213174e-06	-7.728731723274235e-07	306.1471105315579	346	1	2	0	1	
65	0.05296482412060302	0.3	1	68.82135920749131	-242.9581566371846	-2.834071373165187e-05	-4.01023083293657e-07	302.9926178139326	346	1	2	0	1	
65	0.05391959798994975	0.3	1	71.60342186408374	-241.8906462610394	-3.378348406690712e-06	-1.18805376783937e-05	299.919336042056	346	1	2	0	1	
65	0.05487437185929649	0.3	1	74.14397566225449	-240.8271688824603	1.541645916891543e-05	-7.118018668483828e-06	296.924609478752	346	1	2	0	1	
65	0.05582914572864322	0.3	1	76.48337376275612	-239.7704047724944	-3.627974011444213e-05	6.071222787536537e-06	294.005697298473	346	1	2	0	1	
65	0.05678391959798995	0.3	1	78.65199639035293	-238.7223100554388	-2.697975660146518e-05	-6.579198641269712e-08	291.1598200112026	346	1	2	0	1	
65	0.05773869346733669	0.3	1	80.67340399402764	-237.6842578283632	-3.270714835742279e-05	1.640270585212544e-05	288.3843888154114	346	1	2	0	1	
65	0.05869346733668342	0.3	1	82.56631227385878	-236.6572235676859	-4.480322357319506e-06	-3.449488637130571e-05	285.6767610986322	346	1	2	0	1	
65	0.05964824120603016	0.3	1	84.34588620379716	-235.6419126799609	4.960321920596551e-06	-1.182283383294354e-05	283.0344533161443	346	1	2	0	1	
65	0.06060301507537689	0.3	1	86.01982936184305	-234.64177838454	-1.472110454726894e-05	-4.585307675809835e-06	280.455814182575	346	1	2	0	1	
65	0.06155778894472362	0.3	1	87.60918876363066	-233.6507316362039	8.423773853302209e-06	1.762685302916442e-05	277.9369307268568	346	1	2	0	1	
65	0.06251256281407035	0.3	1	89.11678413077033	-232.6724856637077	-4.561361030658642e-06	1.611660491041e-05	275.4765096799488	346	1	2	0	1	
65	0.06346733668341709	0.3	1	90.55244674518892	-231.7055875382999	1.549342250147748e-05	-7.636362586312809e-05	273.0720244051324	346	1	2	0	1	
65	0.06442211055276383	0.3	1	91.91768341162097	230.7535077569003	1.33381319903339e-05	-4.040804727012404e-05	270.7222909455328	346	1	2	0	1	
65	0.06537688442211055	0.3	1	93.22107958550069	-229.8142254505043	-4.21808149507763e-05	3.408354740472686e-07	268.4249449018555	346	1	2	0	1	
65	0.06633165829145729	0.3	1	94.46758634035118	-228.8876853112417	-2.259001792168092e-05	-5.827781308021668e-06	266.1781307297685	346	1	2	0	1	
65	0.06728643216080402	0.3	1	95.65721723914348	-227.9771231428403	9.041987332744639e-06	1.585549390348989e-05	263.9808175451213	346	1	2	0	1	
65	0.06824120603015076	0.3	1	96.8069220295634	-227.0722718276147	3.322542185296706e-06	-3.716345063530356e-05	261.829097297509	346	1	2	0	1	
65	0.0691959798994975	0.3	1	97.90716419769376	-226.183019301652	1.375289132460149e-05	3.259704875012773e-05	259.7235965947369	346	1	2	0	1	
65	0.07015075376884422	0.3	1	98.96533740012268	-225.3059072470905	1.081953040884577e-05	3.558176551364534e-06	257.6620443798114	346	1	2	0	1	
65	0.07110552763819096	0.3	1	99.9842377599457	-224.4406566452796	9.223166455767418e-06	-2.452809651978805e-05	255.6429409147611	346	1	2	0	1	
65	0.07206030150753769	0.3	1	100.9663902185699	-223.5871018601227	-3.739912291120251e-06	-1.329137169955689e-05	253.6649489779848	346	1	2	0	1	
65	0.07301507537688443	0.3	1	101.9140677480778	-222.7450045037571	-1.018285824001819e-05	-2.27193611574035e-06	251.726679370214	346	1	2	0	1	
65	0.07396984924623115	0.3	1	102.8293612100938	-221.9141685525541	6.723352408810612e-06	5.960365480339735e-08	249.8268884387643	346	1	2	0	1	
65	0.07492462311557789	0.3	1	103.7141924574023	-221.0943497482489	-1.644150711310743e-05	1.048143326964901e-05	247.9642490535737	346	1	2	0	1	
65	0.07587939698492462	0.3	1	104.5702955105907	-220.2853045858662	8.654792258200317e-06	7.604144181069892e-06	246.1377185444577	346	1	2	0	1	
65	0.07683417085427136	0.3	1	105.3992637365694	-219.4868463765188	2.124807958248098e-06	-2.511828898554835e-05	244.3460780193323	346	1	2	0	1	
65	0.07778894472361809	0.3	1	106.2025645916557	-218.6987196937673	9.751068260344109e-06	-1.805541215545159e-06	242.5883047803587	346	1	2	0	1	
65	0.07874371859296482	0.3	1	106.9815525018049	-217.9207456295664	-1.230824295789246e-06	1.366605953624991e-06	240.8633116955188	346	1	2	0	1	
65	0.07969849246231156	0.3	1	107.7374801860829	-217.1526647690086	-4.056153712123436e-06	-1.259723904263772e-05	239.1701545022811	346	1	2	0	1	
65	0.08065326633165829	0.3	1	108.4715085898617	-216.3942988585541	4.525113819625615e-07	2.042388176737645e-05	237.5078494107592	346	1	2	0	1	
65	0.08160804020100502	0.3	1	109.1847156622735	215.6454227523724	-4.905204115413208e-05	-8.002591704199969e-06	235.8755061110086	346	1	2	0	1	
65	0.08256281407035176	0.3	1	109.8781040917617	-214.9058298249887	-1.500710736732506e-05	-1.060929591579444e-05	234.2722623448736	346	1	2	0	1	
65	0.08351758793969849	0.3	1	110.5526081802607	-214.175309946804	8.4187111427797e-06	-3.570341247371989e-05	232.6972473961301	346	1	2	0	1	
65	0.08447236180904523	0.3	1	111.2091079678128	213.4536768338082	6.02042345954068e-06	2.910177657344457e-05	231.1496758567604	346	1	2	0	1	
65	0.08542713567839195	0.3	1	111.848401149586	212.7407150543692	-2.013527506983248e-05	3.466910720062444e-06	229.6288054860403	346	1	2	0	1	
65	0.08638190954773869	0.3	1	112.4712599151608	-212.0362835836112	5.871548309763219e-06	5.338153431514586e-06	228.1338593991655	346	1	2	0	1	
65	0.08733668341708542	0.3	1	113.0784005983839	211.3401439862598	1.88480145285727e-05	2.478263962122599e-06	226.6641438396612	346	1	2	0	1	
65	0.08829145728643216	0.3	1	113.6704950241288	210.6521283839668	-1.042820629655952e-06	1.037472881759965e-07	225.2189821591948	346	1	2	0	1	
65	0.0892462311557789	0.3	1	114.2481748205399	209.9720836599332	-1.656675132315211e-05	3.920532189283232e-05	223.7977349848074	346	1	2	0	1	
65	0.09020100502512562	0.3	1	114.81203467592	209.2998023328227	9.681578138093921e-06	1.35656748926843e-05	222.3997817734197	346	1	2	0	1	
65	0.09115577889447236	0.3	1	115.3626352905145	208.6351325547293	4.295690396005636e-06	3.728279064806744e-05	221.0245921823931	346	1	2	0	1	
65	0.09211055276381909	0.3	1	115.9005061045563	207.9778977325039	7.131400373935892e-06	-1.291768899881556e-05	219.6715690308727	346	1	2	0	1	
65	0.09306532663316583	0.3	1	116.4261478847314	207.3279365428862	-1.529662130450582e-05	-4.511660519873617e-05	218.3402819768019	346	1	2	0	1	
65	0.09402010050251257	0.3	1	116.940035326116	206.6850995268464	-1.280346146315114e-05	2.750582188959516e-06	217.0303297743829	346	1	2	0	1	
65	0.09497487437185929	0.3	1	117.4426198005808	206.0492229670448	-3.519513835703592e-06	4.394148257863182e-05	215.7415337150073	346	1	2	0	1	
65	0.09592964824120603	0.3	1	117.9381971800585	205.4151403197178	2.609972292814147e-06	2.228856740228523e-05	214.4729140402119	346	1	2	0	1	
65	0.09688442211055276	0.3	1	118.4155880017305	204.797662451578	2.05985907187308e-05	-1.665763471395132e-06	213.2337416145847	346	1	2	0	1	
65	0.0978391959798995	0.3	1	118.8868656557457	204.1815712100847	1.476235177964857e-05	4.269505209958391e-06	212.0000000896003	346	1	2	0	1	
65	0.09879396984924622	0.3	1	119.3484209779214	203.5718078439535	3.900013826774185e-06	6.048559896679184e-06	210.7788276608941	346	1	2	0	1	
65	0.09974874371859296	0.3	1	119.8003525998606	202.9686207515706	-3.740242753735856e-06	2.49091004351637e-05	209.5716977415134	346	1	2	0	1	
65	0.1007035175879397	0.3	1	120.2431151811086	202.3716603603149	7.663260785994996e-06	-7.166257578682632e-06	208.3849079300152	346	1	2	0	1	
65	0.1016582914572864	0.3	1	120.6770401912623	201.7808264941063	1.692315370144248e-06	3.302274546443731e-05	207.2165079241751	346	1	2	0	1	
65	0.1026130653266332	0.3	1	121.1024330696271	201.1959199259526	8.066641218524391e-06	1.810094777827953e-05	206.0654762613524	346	1	2	0	1	
65	0.1035678391959799	0.3	1	121.5195810528976	200.6168722168733	2.176400092218471e-05	-3.348695923107575e-06	204.9310948022131	346	1	2	0	1	
65	0.1045226130653266	0.3	1	121.9287562420551	200.0435507318102	1.201942422236757e-05	-9.298179617634817e-06	203.8128305862651	346	1	2	0	1	
65	0.1054773869346734	0.3	1	122.3302173606997	199.475816826148	2.258473529748173e-06	-1.064845621410928e-05	202.7102040218076	346	1	2	0	1	
65	0.1064321608040201	0.3	1	122.7242108695986	198.9135847336881	1.026176628417272e-05	-4.5295451937648e-05	201.6228282147174	346	1	2	0	1	
65	0.1073869346733668	0.3	1	123.1109719232027	198.3567170255322	-6.849334650025947e-06	-3.079077456454027e-06	200.5503031467432	346	1	2	0	1	
65	0.1083417085427136	0.3	1	123.4907251411387	197.8051519387915	-1.080104527267922e-05	-2.690220444414443e-05	199.4922793048365	346	1	2	0	1	
65	0.1092964824120603	0.3	1	123.8636852596171	197.2587591045132	-3.242634455580349e-05	-2.54812558831486e-05	198.4483754773409	346	1	2	0	1	
65	0.110251256281407	0.3	1	124.2300577324316	196.7174181937258	-2.352119975068678e-06	1.716525835520309e-05	197.4183060331381	346	1	2	0	1	
65	0.1112060301507538	0.3	1	124.5900392957159	196.1810879198785	1.594942744454202e-05	3.017734022866918e-06	196.4017356328946	346	1	2	0	1	
65	0.1121608040201005	0.3	1	124.9438184471438	195.6496219525195	-8.011091408397777e-05	-1.238205465822761e-05	195.3983315753021	346	1	2	0	1	
65	0.1131155778894472	0.3	1	125.2915759039777	195.1229584961864	4.357686741425863e-06	1.362593185822228e-05	194.407864929348	346	1	2	0	1	
65	0.114070351758794	0.3	1	125.6334850273215	194.6009796575607	1.259186246349662e-05	7.596140590401812e-05	193.4299996197371	346	1	2	0	1	
65	0.1150251256281407	0.3	1	125.9697122079127	194.0836490744545	8.969201286568307e-06	-3.272136775742118e-06	192.4644874920847	346	1	2	0	1	
65	0.1159798994974874	0.3	1	126.3004172601891	193.5708436023527	9.151510968363752e-06	4.62335817185902e-06	191.5110452829518	346	1	2	0	1	
65	0.1169346733668342	0.3	1	126.625753783911	193.0624959918715	2.241395359925402e-06	-2.876360788350851e-05	190.569391413509	346	1	2	0	1	
65	0.1178894472361809	0.3	1	126.945869350259	192.5585116013487	-3.72932707114193e-06	-2.340951754772197e-06	189.6393489063011	346	1	2	0	1	
65	0.1188442211055276	0.3	1	127.2609058689525	192.0588163902385	-9.136853019953151e-06	1.666365179599227e-05	188.72061937186	346	1	2	0	1	
65	0.1197989949748744	0.3	1	127.5709998580975	191.5633594498154	1.956549617624596e-05	-7.357413370767674e-06	187.8130006244513	346	1	2	0	1	
65	0.1207537688442211	0.3	1	127.876282690736	191.0720278979952	-2.797323091284287e-05	9.818096067287785e-06	186.9162362022546	346	1	2	0	1	
65	0.1217085427135678	0.3	1	128.1768807583618	190.5847538547046	-2.496179449170853e-05	4.233218145677231e-05	186.0301026022255	346	1	2	0	1	
65	0.1226633165829146	0.3	1	128.4729158014396	190.1015059649086	1.775467002143247e-05	5.163743939379239e-05	185.1544060830884	346	1	2	0	1	
65	0.1236180904522613	0.3	1	128.7645053978468	189.6221769875297	-9.840510767630557e-06	-1.223316035714461e-05	184.2889278431201	346	1	2	0	1	
65	0.124572864321608	0.3	1	129.0517645528621	189.1467128811323	-1.051351681585766e-05	5.980100965391477e-07	183.4334721825152	346	1	2	0	1	
65	0.1255276381909548	0.3	1	129.3348011913085	188.6750496417259	-4.521795420077412e-06	3.224828521408707e-05	182.5878153724348	346	1	2	0	1	
65	0.1264824120603015	0.3	1	129.6137204130614	188.2071222431721	-1.040737005336689e-05	-3.940128214363625e-06	181.7518078787907	346	1	2	0	1	
65	0.1274371859296483	0.3	1	129.8886242306876	187.7428717082091	1.340320095323533e-05	-2.800109366911385e-05	180.9252238529357	346	1	2	0	1	
65	0.128391959798995	0.3	1	130.1596110365765	187.282216518865	-2.225347518591825e-05	1.625966390823115e-05	180.1078979500112	346	1	2	0	1	
65	0.1293467336683417	0.3	1	130.4267758662672	186.8251379870008	-4.811936835096009e-06	-5.191535904440492e-06	179.2996523444498	346	1	2	0	1	
65	0.1303015075376885	0.3	1	130.6902104463556	186.3715550982465	9.440063482691642e-06	2.40595990342457e-05	178.5003181566641	346	1	2	0	1	
65	0.1312562814070352	0.3	1	130.9500034337545	185.9213884878334	-1.347527865391829e-05	-2.229120802788032e-05	177.7097388216667	346	1	2	0	1	
65	0.1322110552763819	0.3	1	131.2062405671705	185.4746376887731	1.848443900054342e-06	4.479463921907081e-05	176.9277020070225	346	1	2	0	1	
65	0.1331658291457287	0.3	1	131.4590047502003	185.0311988960038	4.642370797585532e-05	7.071055632206294e-06	176.154089224309	346	1	2	0	1	
65	0.1341206030150754	0.3	1	131.7083761979937	184.5910401829578	1.577286191872763e-05	-1.700837643670884e-06	175.3887442125028	346	1	2	0	1	
65	0.1350753768844221	0.3	1	131.9544325432601	184.154146292642	3.359324418993059e-06	-5.542896648284574e-06	174.6315010454214	346	1	2	0	1	
65	0.1360301507537689	0.3	1	132.1972488987097	183.7204117223719	-6.600303639581195e-06	-4.530469524154784e-06	173.8822217405445	346	1	2	0	1	
65	0.1369849246231156	0.3	1	132.4368980495956	183.2898355325119	3.171269719104419e-06	5.539627781194619e-06	173.1407456683101	346	1	2	0	1	
65	0.1379396984924623	0.3	1	132.6734504593192	182.862345647366	-8.289444958786696e-06	2.970109157935253e-05	172.4069712015227	346	1	2	0	1	
65	0.1388944723618091	0.3	1	132.9069744501751	182.4379264463414	-1.791496336891671e-05	4.962481388497684e-05	171.680720035453	346	1	2	0	1	
65	0.1398492462311558	0.3	1	133.1375361156065	182.0165219485326	5.353436405744483e-06	-2.118816081185483e-05	170.9618818765334	346	1	2	0	1	
65	0.1408040201005025	0.3	1	133.3651994226092	181.5981504696739	-1.189087663111543e-05	1.34870669386139e-05	170.2503124766912	346	1	2	0	1	
65	0.1417587939698493	0.3	1	133.5900268771217	181.1825224647503	1.429354461828652e-05	3.629118634690398e-06	169.5459099739709	346	1	2	0	1	
65	0.142713567839196	0.3	1	133.812079002153	180.7699168581364	1.576489744153399e-05	1.185550722965223e-05	168.8484983298623	346	1	2	0	1	
65	0.1436683417085427	0.3	1	134.0314131573257	180.360808208492	3.177888053873534e-06	2.551763833304188e-05	168.1580164053498	346	1	2	0	1	
65	0.1446231155778895	0.3	1	134.2480843214198	179.9543267649372	1.591728959159794e-05	7.667160489832625e-07	167.4743031918663	346	1	2	0	1	
65	0.1455778894472362	0.3	1	134.4621629113102	179.548531691735	-2.14810553988698e-05	3.523061903237443e-05	166.7972609871613	346	1	2	0	1	
65	0.1465326633165829	0.3	1	134.6736724616711	179.1467612493237	1.797522705804044e-05	-7.768593152695374e-05	166.1267878103597	346	1	2	0	1	
65	0.1474874371859297	0.3	1	134.8826843915977	178.7555433333208	5.58113115760317e-06	1.709345148070973e-05	165.4627644540641	346	1	2	0	1	
65	0.1484422110552764	0.3	1	135.0892231838185	178.3672946358676	-4.283263067167073e-05	-6.161939942982142e-06	164.805068248728	346	1	2	0	1	
65	0.1493969849246231	0.3	1	135.2933809006965	177.9553807835848	5.066151386248774e-06	1.098854490337478e-06	164.1536192898683	346	1	2	0	1	
65	0.1503517587939699	0.3	1	135.4951920354336	177.6077411080637	-2.498463551221797e-05	-2.222519965075498e-05	163.5082957668745	346	1	2	0	1	
65	0.1513065326633166	0.3	1	135.694623880339	177.1712385095216	-4.051487643189598e-05	-1.841082708575748e-05	162.8689974236336	346	1	2	0	1	
65	0.1522613065326633	0.3	1	135.8918978315801	176.7859832571154	1.696511317487298e-06	4.578190388779269e-06	162.2356219165232	346	1	2	0	1	
65	0.1532160804020101	0.3	1	136.0869392738475	176.4105367615948	-1.681337431325147e-05	-2.207315446459135e-05	161.6081101745527	346	1	2	0	1	
65	0.1541708542713568	0.3	1	136.2798044663776	176.0253366938799	1.166336525899175e-05	4.568451883393831e-05	160.9863253844017	346	1	2	0	1	
65	0.1551256281407035	0.3	1	136.4705498184258	175.6390089034661	-2.693885380740477e-05	-8.338760915545634e-06	160.3701667982755	346	1	2	0	1	
65	0.1560804020100503	0.3	1	136.6592123715886	175.2588066197894	1.792094021825508e-05	6.439580582191058e-06	159.7595792626717	346	1	2	0	1	
65	0.157035175879397	0.3	1	136.8458323071397	174.8832804856182	-3.454117314394267e-06	-7.778834016345521e-06	159.1544727800041	346	1	2	0	1	
65	0.1579899497487437	0.3	1	137.0304418047419	174.5093766566618	3.602935754465353e-06	1.401011140477262e-08	158.5547434555286	346	1	2	0	1	
65	0.1589447236180905	0.3	1	137.2130798928657	174.1369822340402	1.075042778042601e-05	7.443271632543921e-06	157.9603218709772	346	1	2	0	1	
65	0.1598994974874372	0.3	1	137.3937839245818	173.7667990428878	1.017090421023825e-05	-7.161915753182285e-05	157.3711170578026	346	1	2	0	1	
65	0.1608542713567839	0.3	1	137.5725888699655	173.3990394509628	1.71970974707468e-05	9.84925433895206e-06	156.7870486894969	346	1	2	0	1	
65	0.1618090452261307	0.3	1	137.7495287278423	173.0335612411022	1.046372640128856e-05	9.550992863448671e-06	156.2080434336187	346	1	2	0	1	
65	0.1627638190954774	0.3	1	137.9246370366391	172.6701778129006	-1.838011659188558e-05	3.704372658352528e-05	155.6340140439935	346	1	2	0	1	
65	0.1637185929648241	0.3	1	138.0979466717177	172.3088188687297	-7.766723976065926e-06	1.802667534941613e-05	155.064897578279	346	1	2	0	1	
65	0.1646733668341709	0.3	1	138.2694896613884	171.9495120848721	5.521353451998223e-06	-2.197250268753947e-05	154.500616288122	346	1	2	0	1	
65	0.1656281407035176	0.3	1	138.4392971720342	171.5922572618729	-3.134504223776657e-05	-4.044499029609572e-05	153.9410867312687	346	1	2	0	1	
65	0.1665829145728643	0.3	1	138.6073995748082	171.2370094214027	3.031349163312713e-05	-2.498008254245287e-05	153.3862592504077	346	1	2	0	1	
65	0.1675376884422111	0.3	1	138.7738265211839	170.8837137992162	-7.050387307985795e-06	-1.288529981148567e-05	152.8360495255044	346	1	2	0	1	
65	0.1684924623115578	0.3	1	138.9386069941685	170.5323590214182	-8.399408286084709e-07	7.45034043685977e-05	152.2903803396317	346	1	2	0	1	
65	0.1694472361809045	0.3	1	139.1017692228294	170.1829219365507	8.955558791473499e-07	2.355995554426116e-06	151.7492254064477	346	1	2	0	1	
65	0.1704020100502513	0.3	1	139.263340817071	169.8353944620573	1.319660753514463e-06	1.455949689067176e-05	151.2124646104327	346	1	2	0	1	
65	0.171356783919598	0.3	1	139.4233486980012	169.4896812315942	1.042355868976618e-05	7.481027876260482e-06	150.680054141304	346	1	2	0	1	
65	0.1723115577889447	0.3	1	139.5818191331421	169.1458407818577	1.313565851443683e-05	-5.222470756789015e-05	150.1519647241685	346	1	2	0	1	
65	0.1732663316582915	0.3	1	139.7387778423015	168.8038393152008	-1.609648797076509e-05	-3.816128642308023e-05	149.6280998246707	346	1	2	0	1	
65	0.1742211055276382	0.3	1	139.8942497984896	168.4635554747344	5.743928386573241e-06	2.301782265451158e-05	149.1083744005217	346	1	2	0	1	
65	0.175175879396985	0.3	1	140.0482596862994	168.125089191703	1.382044618698786e-06	5.237595270823903e-06	148.5928113931273	346	1	2	0	1	
65	0.1761306532663317	0.3	1	140.2008313126214	167.7883569623417	-5.216619756276408e-06	-3.265124201813185e-06	148.081261734514	346	1	2	0	1	
65	0.1770854271356784	0.3	1	140.3519877284941	167.4536392524549	-1.773507644986516e-05	1.970581800742228e-05	147.5737098699146	346	1	2	0	1	
65	0.1780402010050252	0.3	1	140.5017529262502	167.1197335596227	4.89521446012664e-05	-7.114832836112479e-06	147.0701322126675	346	1	2	0	1	
65	0.1789949748743719	0.3	1	140.6501490175446	166.787817700896	1.83916272889495e-05	-2.893092079500614e-06	146.5704174079909	346	1	2	0	1	
65	0.1799497487437186	0.3	1	140.7971954696442	166.4598808380669	-2.365323932396226e-05	5.851494734029211e-06	146.0745442332708	346	1	2	0	1	
65	0.1809045226130653	0.3	1	140.9429112027311	166.1322786684687	-3.008257992553887e-05	1.860707261153172e-05	145.5824561683438	346	1	2	0	1	
65	0.1818592964824121	0.3	1	141.0873297912205	165.7962806014827	2.460201107051807e-05	1.26697481256377e-05	145.094083460931	346	1	2	0	1	
65	0.1828140703517588	0.3	1	141.2304776249371	165.4720855863339	-1.284312788313313e-05	-2.066763147188068e-05	144.6093929611108	346	1	2	0	1	
65	0.1837688442211055	0.3	1	141.3693089823313	165.1872128762686	-2.741096874991911e-05	-5.624725284704771e-06	144.1292143007212	346	1	2	0	1	
65	0.1847236180904523	0.3	1	141.5099792786663	164.8623379231918	1.741277444174821e-06	2.34602358336472e-05	143.6517209039553	346	1	2	0	1	
65	0.185678391959799	0.3	1	141.6523540694411	164.446656118598	-8.90761136566609e-05	1.537046242852669e-05	143.1769113401826	346	1	2	0	1	
65	0.1866331658291457	0.3	1	141.787773611691	164.3670631754122	9.941358102838471e-06	8.063337420928865e-06	142.7072501613966	346	1	2	0	1	
65	0.1875879396984925	0.3	1	141.927520761868	163.8305059738224	4.440976618202974e-05	-8.567051988074367e-06	142.2394239817498	346	1	2	0	1	
65	0.1885427135678392	0.3	1	142.0633734548495	163.5693321365919	-3.071560852385691e-05	1.664586862912265e-05	141.7757732459357	346	1	2	0	1	
65	0.1894974874371859	0.3	1	142.195499100397	163.2712019051749	-6.041363424778498e-05	1.177628180582349e-05	141.3162345793638	346	1	2	0	1	
65	0.1904522613065327	0.3	1	142.3315265498152	162.9309485876086	9.04226751341497e-06	2.478059138021462e-05	140.8585237671624	346	1	2	0	1	
65	0.1914070351758794	0.3	1	142.4639466721768	162.6161547803382	-2.357371690786536e-05	-2.022023396544212e-05	140.404794308002	346	1	2	0	1	
65	0.1923618090452262	0.3	1	142.5952579778433	162.3113949491056	-7.804475321327581e-06	2.664338129947318e-05	139.9543024544432	346	1	2	0	1	
65	0.1933165829145729	0.3	1	142.7254756143381	162.00420470234	-5.691028087686004e-05	-2.117854660270424e-05	139.5069768555337	346	1	2	0	1	
65	0.1942713567839196	0.3	1	142.8546216924138	161.6954662965179	1.489589230622744e-05	-5.529334640221896e-05	139.0627707635406	346	1	2	0	1	
65	0.1952261306532664	0.3	1	142.9827132099551	161.3889780298181	8.699301958808576e-06	-1.787971971374449e-05	138.6217045864801	346	1	2	0	1	
65	0.1961809045226131	0.3	1	143.1097634883846	161.0847549489885	5.738922718406814e-06	-1.573867263259671e-05	138.1836604300211	346	1	2	0	1	
65	0.1971356783919598	0.3	1	143.2357865737809	160.7817558151069	3.207295778581828e-05	-1.125925934028493e-05	137.7486499106264	346	1	2	0	1	
65	0.1980904522613066	0.3	1	143.3607976788996	160.4798442119101	-1.683472384164317e-05	-9.216914099304321e-06	137.3166236989549	346	1	2	0	1	
65	0.1990452261306533	0.3	1	143.4848110880336	160.1792095787137	2.876478252282402e-05	2.198489995348333e-05	136.8875324139983	346	1	2	0	1	
65	0.2	0.3	1	143.6078407660447	159.8799815729959	-8.229739499915952e-06	-9.023203410491506e-07	136.461336304734	346	1	2	0	1	
