65	0.1	0.1	1	nan	0	1599.98	1599.98	0	346	0	0	0	1	
65	0.1	0.10303	1	nan	0	1599.98	1599.98	0	346	0	0	0	1	
65	0.1	0.106061	1	nan	0	1599.98	1599.98	0	346	0	0	0	1	
65	0.1	0.109091	1	nan	0	1599.98	1599.98	0	346	0	0	0	1	
65	0.1	0.112121	1	nan	0	1599.98	1599.98	0	346	0	0	0	1	
65	0.1	0.115152	1	nan	0	1599.98	1599.98	0	346	0	0	0	1	
65	0.1	0.118182	1	nan	0	1599.98	1599.98	0	346	0	0	0	1	
65	0.1	0.121212	1	nan	0	1599.98	1599.98	0	346	0	0	0	1	
65	0.1	0.124242	1	nan	0	1599.98	1599.98	0	346	0	0	0	1	
65	0.1	0.127273	1	nan	0	1599.98	1599.98	0	346	0	0	0	1	
65	0.1	0.130303	1	nan	0	1599.98	1599.98	0	346	0	0	0	1	
65	0.1	0.133333	1	nan	0	1599.98	1599.98	0	346	0	0	0	1	
65	0.1	0.136364	1	nan	0	1599.98	1599.98	0	346	0	0	0	1	
65	0.1	0.139394	1	nan	0	1599.98	1599.98	0	346	0	0	0	1	
65	0.1	0.142424	1	94.0488	183.353	183.353	183.353	183.353	346	0	0	0	1	
65	0.1	0.145455	1	94.1193	183.221	183.221	183.221	183.221	346	0	0	0	1	
65	0.1	0.148485	1	94.1674	183.124	183.124	183.124	183.124	346	0	0	0	1	
65	0.1	0.151515	1	94.194	183.06	183.06	183.06	183.06	346	0	0	0	1	
65	0.1	0.154545	1	94.1992	183.029	183.029	183.029	183.029	346	0	0	0	1	
65	0.1	0.157576	1	94.1832	183.031	183.031	183.031	183.031	346	0	0	0	1	
65	0.1	0.160606	1	94.146	183.067	183.067	183.067	183.067	346	0	0	0	1	
65	0.1	0.163636	1	94.0875	183.135	183.135	183.135	183.135	346	0	0	0	1	
65	0.1	0.166667	1	94.0076	183.237	183.237	183.237	183.237	346	0	0	0	1	
65	0.1	0.169697	1	93.9063	183.371	183.371	183.371	183.371	346	0	0	0	1	
65	0.1	0.172727	1	93.7832	183.54	183.54	183.54	183.54	346	0	0	0	1	
65	0.1	0.175758	1	93.6382	183.742	183.742	183.742	183.742	346	0	0	0	1	
65	0.1	0.178788	1	93.4711	183.977	183.977	183.977	183.977	346	0	0	0	1	
65	0.1	0.181818	1	93.2815	184.246	184.246	184.246	184.246	346	0	0	0	1	
65	0.1	0.184848	1	93.0692	184.55	184.55	184.55	184.55	346	0	0	0	1	
65	0.1	0.187879	1	92.8339	184.887	184.887	184.887	184.887	346	0	0	0	1	
65	0.1	0.190909	1	92.575	185.259	185.259	185.259	185.259	346	0	0	0	1	
65	0.1	0.193939	1	92.2922	185.665	185.665	185.665	185.665	346	0	0	0	1	
65	0.1	0.19697	1	91.9851	186.106	186.106	186.106	186.106	346	0	0	0	1	
65	0.1	0.2	1	91.653	186.582	186.582	186.582	186.582	346	0	0	0	1	
65	0.1	0.20303	1	91.2955	187.093	187.093	187.093	187.093	346	0	0	0	1	
65	0.1	0.206061	1	90.9119	187.639	187.639	187.639	187.639	346	0	0	0	1	
65	0.1	0.209091	1	90.5015	188.221	188.221	188.221	188.221	346	0	0	0	1	
65	0.1	0.212121	1	90.0636	188.838	188.838	188.838	188.838	346	0	0	0	1	
65	0.1	0.215152	1	89.5975	189.491	189.491	189.491	189.491	346	0	0	0	1	
65	0.1	0.218182	1	89.1022	190.181	190.181	190.181	190.181	346	0	0	0	1	
65	0.1	0.221212	1	88.5767	190.907	190.907	190.907	190.907	346	0	0	0	1	
65	0.1	0.224242	1	88.0201	191.67	191.67	191.67	191.67	346	0	0	0	1	
65	0.1	0.227273	1	87.4312	192.47	192.47	192.47	192.47	346	0	0	0	1	
65	0.1	0.230303	1	86.8088	193.308	193.308	193.308	193.308	346	0	0	0	1	
65	0.1	0.233333	1	86.1515	194.184	194.184	194.184	194.184	346	0	0	0	1	
65	0.1	0.236364	1	85.4577	195.098	195.098	195.098	195.098	346	0	0	0	1	
65	0.1	0.239394	1	84.7259	196.052	196.052	196.052	196.052	346	0	0	0	1	
65	0.1	0.242424	1	83.9542	197.044	197.044	197.044	197.044	346	0	0	0	1	
65	0.1	0.245455	1	83.1406	198.077	198.077	198.077	198.077	346	0	0	0	1	
65	0.1	0.248485	1	82.2828	199.151	199.151	199.151	199.151	346	0	0	0	1	
65	0.1	0.251515	1	81.3784	200.266	200.266	200.266	200.266	346	0	0	0	1	
65	0.1	0.254545	1	80.4244	201.424	201.424	201.424	201.424	346	0	0	0	1	
65	0.1	0.257576	1	79.4176	202.625	202.625	202.625	202.625	346	0	0	0	1	
65	0.1	0.260606	1	78.3546	203.871	203.871	203.871	203.871	346	0	0	0	1	
65	0.1	0.263636	1	77.2311	205.163	205.163	205.163	205.163	346	0	0	0	1	
65	0.1	0.266667	1	76.0424	206.502	206.502	206.502	206.502	346	0	0	0	1	
65	0.1	0.269697	1	74.783	207.89	207.89	207.89	207.89	346	0	0	0	1	
65	0.1	0.272727	1	73.4465	209.329	209.329	209.329	209.329	346	0	0	0	1	
65	0.1	0.275758	1	72.0253	210.823	210.823	210.823	210.823	346	0	0	0	1	
65	0.1	0.278788	1	70.5105	212.372	212.372	212.372	212.372	346	0	0	0	1	
65	0.1	0.281818	1	68.891	213.982	213.982	213.982	213.982	346	0	0	0	1	
65	0.1	0.284848	1	67.1534	215.655	215.655	215.655	215.655	346	0	0	0	1	
65	0.1	0.287879	1	65.2811	217.399	217.399	217.399	217.399	346	0	0	0	1	
65	0.1	0.290909	1	63.2523	0	219.219	219.219	0	346	0	0	0	1	
65	0.1	0.293939	1	61.039	0	221.124	221.124	0	346	0	0	0	1	
65	0.1	0.29697	1	58.6026	0	223.127	223.127	0	346	0	0	0	1	
65	0.1	0.3	1	55.8889	0	225.243	225.243	0	346	0	0	0	1	
65	0.1	0.30303	1	52.8161	0	227.499	227.499	0	346	0	0	0	1	
65	0.1	0.306061	1	49.252	0	229.932	229.932	0	346	0	0	0	1	
65	0.1	0.309091	1	44.9343	0	232.624	232.624	0	346	0	0	0	1	
65	0.1	0.312121	1	39.3106	0	235.723	235.723	0	346	0	0	0	1	
65	0.1	0.315152	1	30.5701	0	239.663	239.663	0	346	0	0	0	1	
65	0.1	0.318182	-2	0	0	0	0	0	346	0	0	0	1	
65	0.1	0.321212	-2	0	0	0	0	0	346	0	0	0	1	
65	0.1	0.324242	-2	0	0	0	0	0	346	0	0	0	1	
65	0.1	0.327273	-2	0	0	0	0	0	346	0	0	0	1	
65	0.1	0.330303	-2	0	0	0	0	0	346	0	0	0	1	
65	0.1	0.333333	-2	0	0	0	0	0	346	0	0	0	1	
65	0.1	0.336364	-2	0	0	0	0	0	346	0	0	0	1	
65	0.1	0.339394	-2	0	0	0	0	0	346	0	0	0	1	
65	0.1	0.342424	-2	0	0	0	0	0	346	0	0	0	1	
65	0.1	0.345455	-2	0	0	0	0	0	346	0	0	0	1	
65	0.1	0.348485	-2	0	0	0	0	0	346	0	0	0	1	
65	0.1	0.351515	-2	0	0	0	0	0	346	0	0	0	1	
65	0.1	0.354545	-2	0	0	0	0	0	346	0	0	0	1	
65	0.1	0.357576	-2	0	0	0	0	0	346	0	0	0	1	
65	0.1	0.360606	-2	0	0	0	0	0	346	0	0	0	1	
65	0.1	0.363636	-2	0	0	0	0	0	346	0	0	0	1	
65	0.1	0.366667	-2	0	0	0	0	0	346	0	0	0	1	
65	0.1	0.369697	-2	0	0	0	0	0	346	0	0	0	1	
65	0.1	0.372727	-2	0	0	0	0	0	346	0	0	0	1	
65	0.1	0.375758	-2	0	0	0	0	0	346	0	0	0	1	
65	0.1	0.378788	-2	0	0	0	0	0	346	0	0	0	1	
65	0.1	0.381818	-2	0	0	0	0	0	346	0	0	0	1	
65	0.1	0.384848	-2	0	0	0	0	0	346	0	0	0	1	
65	0.1	0.387879	-2	0	0	0	0	0	346	0	0	0	1	
65	0.1	0.390909	-2	0	0	0	0	0	346	0	0	0	1	
65	0.1	0.393939	-2	0	0	0	0	0	346	0	0	0	1	
65	0.1	0.39697	-2	0	0	0	0	0	346	0	0	0	1	
65	0.1	0.4	-2	0	0	0	0	0	346	0	0	0	1	
