65	0.1	0.1	1	154.152	47.2391	1.08203e-05	-1.93098e-05	-1.79989e-05	346	1	2	0	1	
65	0.1	0.10303	1	154.131	47.2327	-7.10472e-06	8.05699e-06	-1.1788e-05	346	1	2	0	1	
65	0.1	0.106061	1	154.11	47.2268	9.3406e-06	1.123e-05	-1.45235e-05	346	1	2	0	1	
65	0.1	0.109091	1	154.088	47.2212	-3.10901e-06	-1.89875e-06	-1.12151e-05	346	1	2	0	1	
65	0.1	0.112121	1	154.066	47.2161	2.70403e-06	-2.01371e-05	-1.78515e-05	346	1	2	0	1	
65	0.1	0.115152	1	154.044	47.2115	1.42724e-06	6.05263e-06	-1.25889e-05	346	1	2	0	1	
65	0.1	0.118182	1	154.022	47.2074	1.09501e-05	-1.25063e-05	4.76893e-06	346	1	2	0	1	
65	0.1	0.121212	1	153.999	47.2038	-3.79699e-06	1.76632e-05	7.53225e-06	346	1	2	0	1	
65	0.1	0.124242	1	153.976	47.2008	6.55265e-06	-1.31777e-05	4.20368e-06	346	1	2	0	1	
65	0.1	0.127273	1	153.952	47.1984	1.00164e-05	-3.04147e-07	1.04879e-05	346	1	2	0	1	
65	0.1	0.130303	1	153.928	47.1963	-1.64588e-06	-1.40079e-06	-1.80762e-05	346	1	2	0	1	
65	0.1	0.133333	1	153.904	47.1948	1.55852e-05	1.4912e-05	1.80813e-06	346	1	2	0	1	
65	0.1	0.136364	1	153.879	47.1927	5.22182e-06	1.28578e-05	-8.65797e-06	346	1	2	0	1	
65	0.1	0.139394	1	153.854	47.1915	6.0874e-06	-1.90268e-05	-2.36211e-05	346	1	2	0	1	
65	0.1	0.142424	1	153.829	47.1747	-2.43116e-06	5.34073e-07	5.05615e-06	346	1	2	0	1	
65	0.1	0.145455	1	153.803	47.2374	1.41605e-05	1.64888e-05	-6.2556e-06	346	1	2	0	1	
65	0.1	0.148485	1	153.774	47.33	-7.58603e-06	1.10062e-05	3.35273e-05	346	1	2	0	1	
65	0.1	0.151515	1	153.745	47.2724	1.48501e-05	-1.51178e-05	6.21978e-07	346	1	2	0	1	
65	0.1	0.154545	1	153.716	47.2522	-1.79353e-05	-1.37343e-05	-2.26644e-05	346	1	2	0	1	
65	0.1	0.157576	1	153.685	47.2645	1.42409e-05	-2.70047e-06	3.10364e-05	346	1	2	0	1	
65	0.1	0.160606	1	153.654	47.2828	-3.63552e-05	-1.71688e-05	1.01454e-05	346	1	2	0	1	
65	0.1	0.163636	1	153.621	47.3058	-9.68684e-06	2.47369e-07	-8.8221e-06	346	1	2	0	1	
65	0.1	0.166667	1	153.588	47.3348	1.12253e-05	5.98594e-06	-2.69643e-05	346	1	2	0	1	
65	0.1	0.169697	1	153.552	47.3718	2.04011e-05	6.49572e-06	1.86206e-05	346	1	2	0	1	
65	0.1	0.172727	1	153.515	47.4194	1.08336e-05	3.0551e-06	9.60896e-05	346	1	2	0	1	
65	0.1	0.175758	1	153.472	47.5671	4.89255e-05	1.33505e-05	12.3145	346	1	2	0	1	
65	0.1	0.178788	1	153.202	52.3126	8.06725e-07	-1.20091e-05	35.2946	346	1	2	0	1	
65	0.1	0.181818	1	152.68	59.5855	-3.44572e-05	4.61522e-07	48.0871	346	1	2	0	1	
65	0.1	0.184848	1	152.032	66.5845	-3.55307e-05	-5.89535e-06	58.0286	346	1	2	0	1	
65	0.1	0.187879	1	151.297	73.1047	4.35174e-06	7.004e-06	66.3965	346	1	2	0	1	
65	0.1	0.190909	1	150.502	79.1274	-5.47731e-06	1.11331e-05	73.8238	346	1	2	0	1	
65	0.1	0.193939	1	149.664	84.7046	6.46058e-05	1.02092e-06	80.4847	346	1	2	0	1	
65	0.1	0.19697	-2	0	0	0	0	0	346	1	2	0	1	
65	0.1	0.2	-2	0	0	0	0	0	346	1	2	0	1	
65	0.1	0.20303	-2	0	0	0	0	0	346	1	2	0	1	
65	0.1	0.206061	-2	0	0	0	0	0	346	1	2	0	1	
65	0.1	0.209091	-2	0	0	0	0	0	346	1	2	0	1	
65	0.1	0.212121	-2	0	0	0	0	0	346	1	2	0	1	
65	0.1	0.215152	1	142.985	116.053	-5.1132e-05	-7.17426e-07	117.022	346	1	2	0	1	
65	0.1	0.218182	1	141.931	119.836	5.49321e-05	1.82135e-05	121.37	346	1	2	0	1	
65	0.1	0.221212	1	140.861	123.472	2.72445e-05	1.62807e-06	125.574	346	1	2	0	1	
65	0.1	0.224242	1	139.77	126.995	1.18667e-05	4.59321e-05	129.65	346	1	2	0	1	
65	0.1	0.227273	1	138.658	130.415	-3.48652e-05	-7.44133e-06	133.611	346	1	2	0	1	
65	0.1	0.230303	1	137.525	133.744	-1.22694e-05	4.28236e-06	137.467	346	1	2	0	1	
65	0.1	0.233333	1	136.371	136.991	-3.6594e-05	3.04962e-05	141.227	346	1	2	0	1	
65	0.1	0.236364	1	135.195	140.189	-3.20758e-05	1.57744e-05	144.898	346	1	2	0	1	
65	0.1	0.239394	1	133.999	143.236	-9.31253e-07	1.23379e-05	148.488	346	1	2	0	1	
65	0.1	0.242424	1	132.778	146.153	3.41776e-05	-3.194e-06	152.003	346	1	2	0	1	
65	0.1	0.245455	1	131.533	149.047	2.70653e-05	7.59301e-05	155.449	346	1	2	0	1	
65	0.1	0.248485	1	130.263	151.892	-3.61329e-05	-1.89677e-06	158.829	346	1	2	0	1	
65	0.1	0.251515	1	128.968	154.659	-1.39608e-06	4.11512e-06	162.149	346	1	2	0	1	
65	0.1	0.254545	1	127.648	157.427	3.72453e-05	-5.02025e-06	165.411	346	1	2	0	1	
65	0.1	0.257576	1	126.301	160.118	-3.25463e-05	-6.27788e-07	168.62	346	1	2	0	1	
65	0.1	0.260606	1	124.926	162.76	4.19134e-06	-1.64237e-05	171.778	346	1	2	0	1	
65	0.1	0.263636	1	123.523	165.372	8.17491e-06	2.414e-05	174.888	346	1	2	0	1	
65	0.1	0.266667	1	122.091	167.899	-2.47985e-05	-1.41815e-05	177.952	346	1	2	0	1	
65	0.1	0.269697	1	120.627	170.401	4.61154e-06	-1.29677e-05	180.973	346	1	2	0	1	
65	0.1	0.272727	1	119.13	172.861	-1.81804e-05	-8.74726e-06	183.953	346	1	2	0	1	
65	0.1	0.275758	1	117.6	175.281	1.06471e-05	2.00157e-05	186.894	346	1	2	0	1	
65	0.1	0.278788	1	116.034	177.661	9.87334e-06	-2.2974e-06	189.798	346	1	2	0	1	
65	0.1	0.281818	1	114.43	180.002	1.06471e-05	2.13557e-06	192.666	346	1	2	0	1	
65	0.1	0.284848	1	112.786	182.307	-8.53261e-06	-2.16675e-05	195.5	346	1	2	0	1	
65	0.1	0.287879	1	111.099	184.574	2.46529e-05	1.73423e-05	198.301	346	1	2	0	1	
65	0.1	0.290909	1	109.368	186.807	-8.81961e-06	3.01145e-05	201.07	346	1	2	0	1	
65	0.1	0.293939	1	107.589	189.004	-1.40331e-05	1.80288e-05	203.809	346	1	2	0	1	
65	0.1	0.29697	1	105.76	191.165	7.4571e-06	-5.02199e-06	206.518	346	1	2	0	1	
65	0.1	0.3	1	103.873	193.295	4.72559e-05	-4.55056e-06	209.2	346	1	2	0	1	
65	0.1	0.30303	1	101.928	195.39	1.6111e-05	1.78612e-05	211.854	346	1	2	0	1	
65	0.1	0.306061	1	99.919	197.451	-1.70455e-06	-4.56906e-06	214.482	346	1	2	0	1	
65	0.1	0.309091	1	97.8401	199.479	2.08907e-06	-2.59696e-05	217.085	346	1	2	0	1	
65	0.1	0.312121	1	95.6847	201.474	1.31773e-05	-1.1078e-05	219.664	346	1	2	0	1	
65	0.1	0.315152	1	93.4464	203.434	-2.6065e-05	3.33739e-06	222.228	346	1	2	0	1	
65	0.1	0.318182	1	91.1123	205.362	6.22037e-06	-6.84445e-06	224.741	346	1	2	0	1	
65	0.1	0.321212	1	88.6762	207.254	-2.94557e-05	-1.82578e-06	227.238	346	1	2	0	1	
65	0.1	0.324242	1	86.1233	209.109	-3.84103e-05	4.95832e-06	229.716	346	1	2	0	1	
65	0.1	0.327273	1	83.4373	-210.927	1.64929e-05	1.54742e-05	232.173	346	1	2	0	1	
65	0.1	0.330303	1	80.5978	-212.707	5.03248e-07	1.22368e-05	234.61	346	1	2	0	1	
65	0.1	0.333333	1	77.5785	-214.445	-4.31202e-07	-3.95051e-05	237.027	346	1	2	0	1	
65	0.1	0.336364	1	74.345	-216.139	-1.71627e-05	1.8285e-05	239.423	346	1	2	0	1	
65	0.1	0.339394	1	70.85	-217.785	2.03601e-05	3.61921e-05	241.799	346	1	2	0	1	
65	0.1	0.342424	1	67.0259	219.377	1.89923e-05	-6.13261e-06	244.155	346	1	2	0	1	
65	0.1	0.345455	1	62.7708	-220.907	-3.41155e-05	2.18068e-05	246.49	346	1	2	0	1	
65	0.1	0.348485	1	57.9141	-222.364	-1.42297e-05	1.18387e-05	248.806	346	1	2	0	1	
65	0.1	0.351515	1	52.152	-223.725	-2.7305e-06	3.68756e-06	251.1	346	1	2	0	1	
65	0.1	0.354545	1	44.7604	-224.956	2.40117e-05	3.19655e-05	253.373	346	1	2	0	1	
65	0.1	0.357576	1	33.0464	-225.96	2.49354e-06	1.08171e-05	255.618	346	1	2	0	1	
65	0.1	0.360606	-2	0	0	0	0	0	346	1	2	0	1	
65	0.1	0.363636	-2	0	0	0	0	0	346	1	2	0	1	
65	0.1	0.366667	-2	0	0	0	0	0	346	1	2	0	1	
65	0.1	0.369697	-2	0	0	0	0	0	346	1	2	0	1	
65	0.1	0.372727	-2	0	0	0	0	0	346	1	2	0	1	
65	0.1	0.375758	-2	0	0	0	0	0	346	1	2	0	1	
65	0.1	0.378788	-2	0	0	0	0	0	346	1	2	0	1	
65	0.1	0.381818	-2	0	0	0	0	0	346	1	2	0	1	
65	0.1	0.384848	-2	0	0	0	0	0	346	1	2	0	1	
65	0.1	0.387879	-2	0	0	0	0	0	346	1	2	0	1	
65	0.1	0.390909	-2	0	0	0	0	0	346	1	2	0	1	
65	0.1	0.393939	-2	0	0	0	0	0	346	1	2	0	1	
65	0.1	0.39697	-2	0	0	0	0	0	346	1	2	0	1	
65	0.1	0.4	-2	0	0	0	0	0	346	1	2	0	1	
