65	0.01	0.3	-3	0	0	0	0	0	86.5	0	2	0	1	
65	0.0119192	0.3	-3	0	0	0	0	0	86.5	0	2	0	1	
65	0.0138384	0.3	-3	0	0	0	0	0	86.5	0	2	0	1	
65	0.0157576	0.3	-3	0	0	0	0	0	86.5	0	2	0	1	
65	0.0176768	0.3	-3	0	0	0	0	0	86.5	0	2	0	1	
65	0.019596	0.3	-3	0	0	0	0	0	86.5	0	2	0	1	
65	0.0215152	0.3	-3	0	0	0	0	0	86.5	0	2	0	1	
65	0.0234343	0.3	-2	0	0	0	0	0	86.5	0	2	0	1	
65	0.0253535	0.3	-2	0	0	0	0	0	86.5	0	2	0	1	
65	0.0272727	0.3	-2	0	0	0	0	0	86.5	0	2	0	1	
65	0.0291919	0.3	-2	0	0	0	0	0	86.5	0	2	0	1	
65	0.0311111	0.3	-2	0	0	0	0	0	86.5	0	2	0	1	
65	0.0330303	0.3	-2	0	0	0	0	0	86.5	0	2	0	1	
65	0.0349495	0.3	-2	0	0	0	0	0	86.5	0	2	0	1	
65	0.0368687	0.3	-2	0	0	0	0	0	86.5	0	2	0	1	
65	0.0387879	0.3	-2	0	0	0	0	0	86.5	0	2	0	1	
65	0.0407071	0.3	-2	0	0	0	0	0	86.5	0	2	0	1	
65	0.0426263	0.3	-2	0	0	0	0	0	86.5	0	2	0	1	
65	0.0445455	0.3	-2	0	0	0	0	0	86.5	0	2	0	1	
65	0.0464646	0.3	-2	0	0	0	0	0	86.5	0	2	0	1	
65	0.0483838	0.3	-2	0	0	0	0	0	86.5	0	2	0	1	
65	0.050303	0.3	1	38.317	246.501	2.34882e-06	7.31497e-07	315.036	86.5	0	2	0	1	
65	0.0522222	0.3	1	50.5247	244.787	-2.52992e-06	-2.01722e-05	308.605	86.5	0	2	0	1	
65	0.0541414	0.3	1	58.2402	242.928	-4.77438e-06	1.04389e-05	302.485	86.5	0	2	0	1	
65	0.0560606	0.3	1	64.1012	241.032	-2.22192e-05	1.03689e-05	296.668	86.5	0	2	0	1	
65	0.0579798	0.3	1	68.8826	239.139	-6.85209e-06	4.03896e-06	291.133	86.5	0	2	0	1	
65	0.059899	0.3	1	72.9381	237.27	-5.96564e-07	2.60559e-05	285.862	86.5	0	2	0	1	
65	0.0618182	0.3	1	76.464	235.435	-8.68873e-07	-6.19535e-06	280.836	86.5	0	2	0	1	
65	0.0637374	0.3	1	79.5789	233.641	-2.41053e-07	-1.52659e-05	276.038	86.5	0	2	0	1	
65	0.0656566	0.3	1	82.3745	231.887	-2.36014e-06	6.63968e-06	271.451	86.5	0	2	0	1	
65	0.0675758	0.3	1	84.9062	230.174	-2.50996e-05	-1.54723e-05	267.061	86.5	0	2	0	1	
65	0.0694949	0.3	1	87.2132	-228.507	-1.64542e-05	6.14927e-06	262.854	86.5	0	2	0	1	
65	0.0714141	0.3	1	89.3318	226.882	-5.70848e-06	1.76531e-06	258.82	86.5	0	2	0	1	
65	0.0733333	0.3	1	91.2844	225.302	1.85527e-05	-2.17393e-05	254.948	86.5	0	2	0	1	
65	0.0752525	0.3	1	93.1036	223.757	-2.56309e-05	-4.98448e-06	251.226	86.5	0	2	0	1	
65	0.0771717	0.3	1	94.7951	222.253	1.71035e-05	2.18693e-05	247.648	86.5	0	2	0	1	
65	0.0790909	0.3	1	96.3772	220.788	8.84233e-06	7.18271e-07	244.237	86.5	0	2	0	1	
65	0.0810101	0.3	1	97.8617	219.359	2.94701e-05	9.13757e-06	240.873	86.5	0	2	0	1	
65	0.0829293	0.3	1	99.258	217.965	-4.10119e-05	-1.39894e-05	237.655	86.5	0	2	0	1	
65	0.0848485	0.3	1	100.575	216.605	1.73395e-07	-8.52577e-06	234.55	86.5	0	2	0	1	
65	0.0867677	0.3	1	101.82	215.278	-8.73543e-06	1.97794e-05	231.551	86.5	0	2	0	1	
65	0.0886869	0.3	1	103	213.983	-1.44304e-05	1.48739e-06	228.65	86.5	0	2	0	1	
65	0.0906061	0.3	1	104.121	212.717	1.02133e-05	-1.64895e-05	225.844	86.5	0	2	0	1	
65	0.0925253	0.3	1	105.186	211.48	-5.0892e-05	-5.22999e-05	223.126	86.5	0	2	0	1	
65	0.0944444	0.3	1	106.202	210.271	-5.07237e-06	-5.20924e-06	220.493	86.5	0	2	0	1	
65	0.0963636	0.3	1	107.171	209.089	-1.14414e-05	7.25136e-06	217.939	86.5	0	2	0	1	
65	0.0982828	0.3	1	108.097	207.932	2.73619e-05	-8.16035e-07	215.461	86.5	0	2	0	1	
65	0.100202	0.3	1	108.984	206.8	-9.44182e-06	-1.81219e-05	213.055	86.5	0	2	0	1	
65	0.102121	0.3	1	109.833	205.691	-1.86349e-05	-1.05605e-05	210.718	86.5	0	2	0	1	
65	0.10404	0.3	1	110.648	204.605	-1.18537e-05	-1.66038e-05	208.447	86.5	0	2	0	1	
65	0.10596	0.3	1	111.431	203.541	-3.45146e-07	-1.74618e-05	206.238	86.5	0	2	0	1	
65	0.107879	0.3	1	112.184	202.498	-8.76522e-06	8.28064e-06	204.089	86.5	0	2	0	1	
65	0.109798	0.3	1	112.909	201.475	-1.2082e-05	-7.54724e-06	201.997	86.5	0	2	0	1	
65	0.111717	0.3	1	113.607	200.472	-9.29174e-06	-4.28234e-05	199.959	86.5	0	2	0	1	
65	0.113636	0.3	1	114.28	199.487	2.97344e-06	-2.01081e-05	197.973	86.5	0	2	0	1	
65	0.115556	0.3	1	114.93	198.521	-8.52605e-05	3.01236e-06	196.038	86.5	0	2	0	1	
65	0.117475	0.3	1	115.558	197.572	9.10322e-07	8.31207e-06	194.15	86.5	0	2	0	1	
65	0.119394	0.3	1	116.166	196.64	-2.67353e-05	2.21193e-05	192.308	86.5	0	2	0	1	
65	0.121313	0.3	1	116.753	195.725	2.59007e-05	-2.52226e-05	190.51	86.5	0	2	0	1	
65	0.123232	0.3	1	117.322	194.825	4.42348e-06	2.80037e-05	188.755	86.5	0	2	0	1	
65	0.125152	0.3	1	117.873	193.94	-5.89242e-06	1.79125e-05	187.041	86.5	0	2	0	1	
65	0.127071	0.3	1	118.407	193.071	-4.25859e-05	-1.76153e-05	185.365	86.5	0	2	0	1	
65	0.12899	0.3	1	118.926	192.215	3.94346e-05	-3.37839e-06	183.727	86.5	0	2	0	1	
65	0.130909	0.3	1	119.429	191.373	3.24705e-05	2.32773e-05	182.125	86.5	0	2	0	1	
65	0.132828	0.3	1	119.918	190.545	-3.48972e-06	2.28853e-05	180.559	86.5	0	2	0	1	
65	0.134747	0.3	1	120.393	189.73	6.67164e-07	-2.50825e-05	179.026	86.5	0	2	0	1	
65	0.136667	0.3	1	120.855	188.927	7.11806e-05	1.21615e-05	177.525	86.5	0	2	0	1	
65	0.138586	0.3	1	121.305	188.137	1.881e-06	3.28037e-05	176.056	86.5	0	2	0	1	
65	0.140505	0.3	1	121.743	187.358	-1.60905e-05	-2.99276e-05	174.616	86.5	0	2	0	1	
65	0.142424	0.3	1	122.169	186.592	-1.55398e-05	-5.79076e-06	173.206	86.5	0	2	0	1	
65	0.144343	0.3	1	122.584	185.836	-1.15148e-05	-1.79917e-05	171.824	86.5	0	2	0	1	
65	0.146263	0.3	1	122.989	185.091	3.05536e-05	1.36047e-05	170.47	86.5	0	2	0	1	
65	0.148182	0.3	1	123.384	184.358	1.1443e-05	-3.69844e-07	169.141	86.5	0	2	0	1	
65	0.150101	0.3	1	123.769	183.635	-5.95616e-07	-7.11306e-06	167.839	86.5	0	2	0	1	
65	0.15202	0.3	1	124.145	182.922	1.69081e-05	7.14684e-06	166.56	86.5	0	2	0	1	
65	0.153939	0.3	1	124.512	182.227	1.64695e-05	-2.12285e-05	165.306	86.5	0	2	0	1	
65	0.155859	0.3	1	124.87	181.55	4.68381e-05	1.77944e-05	164.075	86.5	0	2	0	1	
65	0.157778	0.3	1	125.221	180.837	1.73395e-05	-1.58365e-05	162.866	86.5	0	2	0	1	
65	0.159697	0.3	1	125.563	180.153	-1.54566e-05	-1.03777e-05	161.679	86.5	0	2	0	1	
65	0.161616	0.3	1	125.898	179.479	-8.24632e-06	-2.06553e-05	160.513	86.5	0	2	0	1	
65	0.163535	0.3	1	126.226	178.815	-1.66384e-06	1.53776e-05	159.367	86.5	0	2	0	1	
65	0.165455	0.3	1	126.547	178.159	1.19975e-05	-1.62515e-05	158.242	86.5	0	2	0	1	
65	0.167374	0.3	1	126.861	177.512	-2.0897e-07	1.33996e-05	157.135	86.5	0	2	0	1	
65	0.169293	0.3	1	127.168	176.872	2.90799e-05	-4.95878e-05	156.047	86.5	0	2	0	1	
65	0.171212	0.3	1	127.469	176.241	2.1003e-05	-1.30252e-05	154.977	86.5	0	2	0	1	
65	0.173131	0.3	1	127.764	175.616	-1.01182e-05	-3.75491e-05	153.925	86.5	0	2	0	1	
65	0.175051	0.3	1	128.053	174.999	1.36078e-05	7.75098e-06	152.89	86.5	0	2	0	1	
65	0.17697	0.3	1	128.336	174.389	-4.61368e-06	5.98559e-06	151.872	86.5	0	2	0	1	
65	0.178889	0.3	1	128.614	173.786	1.39099e-05	-4.02683e-05	150.87	86.5	0	2	0	1	
65	0.180808	0.3	1	128.887	173.189	1.26364e-05	-6.0383e-06	149.884	86.5	0	2	0	1	
65	0.182727	0.3	1	129.154	172.599	-1.83938e-05	-5.53095e-06	148.913	86.5	0	2	0	1	
65	0.184646	0.3	1	129.416	172.016	5.38421e-06	8.3205e-07	147.957	86.5	0	2	0	1	
65	0.186566	0.3	1	129.674	171.439	-1.33358e-06	-2.95775e-05	147.016	86.5	0	2	0	1	
65	0.188485	0.3	1	129.927	170.868	8.31491e-06	1.61335e-06	146.089	86.5	0	2	0	1	
65	0.190404	0.3	1	130.175	170.302	3.79738e-06	4.83915e-05	145.175	86.5	0	2	0	1	
65	0.192323	0.3	1	130.419	169.743	5.75551e-07	6.46226e-06	144.275	86.5	0	2	0	1	
65	0.194242	0.3	1	130.659	169.189	8.56373e-06	1.12135e-05	143.389	86.5	0	2	0	1	
65	0.196162	0.3	1	130.894	168.641	-3.77731e-05	1.98022e-05	142.515	86.5	0	2	0	1	
65	0.198081	0.3	1	131.125	168.099	1.94808e-06	-1.7805e-05	141.653	86.5	0	2	0	1	
65	0.2	0.3	1	131.353	167.561	2.18205e-07	2.53452e-05	140.804	86.5	0	2	0	1	
