65	0.1	0.1	0	113.588	108.586	5.66673e-06	108.586	5.66673e-06	56.794	1	0	0	1	
65	0.1	0.101508	0	113.582	108.582	1.2104e-05	108.582	1.2104e-05	56.791	1	0	0	1	
65	0.1	0.103015	0	113.575	108.577	4.59595e-05	108.577	4.59595e-05	56.7875	1	0	0	1	
65	0.1	0.104523	0	113.568	108.573	1.31559e-06	108.573	1.31559e-06	56.7845	1	0	0	1	
65	0.1	0.10603	0	113.562	108.569	2.7461e-06	108.569	2.7461e-06	56.781	1	0	0	1	
65	0.1	0.107538	0	113.555	108.565	8.39997e-06	108.565	8.39997e-06	56.7775	1	0	0	1	
65	0.1	0.109045	0	113.548	108.562	9.24301e-06	108.562	9.24301e-06	56.7745	1	0	0	1	
65	0.1	0.110553	0	113.542	108.558	9.48142e-06	108.558	9.48142e-06	56.771	1	0	0	1	
65	0.1	0.11206	0	113.535	108.554	8.54754e-07	108.554	8.54754e-07	56.7675	1	0	0	1	
65	0.1	0.113568	0	113.528	108.551	3.79441e-06	108.551	3.79441e-06	56.764	1	0	0	1	
65	0.1	0.115075	0	113.521	108.548	7.35545e-07	108.548	7.35545e-07	56.7605	1	0	0	1	
65	0.1	0.116583	0	113.514	108.545	2.22718e-05	108.545	2.22718e-05	56.757	1	0	0	1	
65	0.1	0.11809	0	113.507	108.542	1.42752e-05	108.542	1.42752e-05	56.7535	1	0	0	1	
65	0.1	0.119598	0	113.5	108.539	1.66e-05	108.539	1.66e-05	56.75	1	0	0	1	
65	0.1	0.121106	0	113.493	108.537	3.51661e-06	108.537	3.51661e-06	56.7465	1	0	0	1	
65	0.1	0.122613	0	113.485	108.534	1.78156e-05	108.534	1.78156e-05	56.7425	1	0	0	1	
65	0.1	0.124121	0	113.478	108.533	5.02056e-07	108.533	5.02056e-07	56.739	1	0	0	1	
65	0.1	0.125628	0	113.471	108.531	2.70743e-06	108.531	2.70743e-06	56.7355	1	0	0	1	
65	0.1	0.127136	0	113.463	108.529	1.30617e-06	108.529	1.30617e-06	56.7315	1	0	0	1	
65	0.1	0.128643	0	113.455	108.528	2.90484e-05	108.528	2.90484e-05	56.728	1	0	0	1	
65	0.1	0.130151	0	113.448	108.527	1.76816e-05	108.527	1.76816e-05	56.724	1	0	0	1	
65	0.1	0.131658	0	113.44	108.526	7.59156e-07	108.526	7.59156e-07	56.72	1	0	0	1	
65	0.1	0.133166	0	113.432	108.525	5.23883e-06	108.525	5.23883e-06	56.716	1	0	0	1	
65	0.1	0.134673	0	113.424	108.525	2.65602e-05	108.525	2.65602e-05	56.712	1	0	0	1	
65	0.1	0.136181	0	113.416	108.525	4.54422e-05	108.525	4.54422e-05	56.708	1	0	0	1	
65	0.1	0.137688	0	113.408	108.526	5.59431e-06	108.526	5.59431e-06	56.704	1	0	0	1	
65	0.1	0.139196	0	113.399	108.527	4.15806e-05	108.527	4.15806e-05	56.6995	1	0	0	1	
65	0.1	0.140704	0	113.39	108.529	2.43388e-05	108.529	2.43388e-05	56.6955	1	0	0	1	
65	0.1	0.142211	0	113.422	108.424	1.82288e-06	108.424	1.82288e-06	56.711	1	0	0	1	
65	0.1	0.143719	0	113.464	108.292	1.25431e-05	108.292	1.25431e-05	56.732	1	0	0	1	
65	0.1	0.145226	0	113.5	108.172	1.93154e-05	108.172	1.93154e-05	56.7505	1	0	0	1	
65	0.1	0.146734	0	113.532	108.066	5.33092e-06	108.066	5.33092e-06	56.766	1	0	0	1	
65	0.1	0.148241	0	113.559	107.973	2.89655e-06	107.973	2.89655e-06	56.7795	1	0	0	1	
65	0.1	0.149749	0	113.581	107.893	1.39845e-05	107.893	1.39845e-05	56.7905	1	0	0	1	
65	0.1	0.151256	0	113.598	107.825	2.93305e-05	107.825	2.93305e-05	56.799	1	0	0	1	
65	0.1	0.152764	0	113.61	107.77	1.93069e-05	107.77	1.93069e-05	56.805	1	0	0	1	
65	0.1	0.154271	0	113.618	107.729	1.87507e-05	107.729	1.87507e-05	56.809	1	0	0	1	
65	0.1	0.155779	0	113.621	107.7	2.20402e-07	107.7	2.20402e-07	56.8105	1	0	0	1	
65	0.1	0.157286	0	113.619	107.684	2.99825e-06	107.684	2.99825e-06	56.8095	1	0	0	1	
65	0.1	0.158794	0	113.612	107.681	2.33971e-05	107.681	2.33971e-05	56.806	1	0	0	1	
65	0.1	0.160302	0	113.6	107.691	2.10129e-05	107.691	2.10129e-05	56.8	1	0	0	1	
65	0.1	0.161809	0	113.584	107.713	1.51716e-05	107.713	1.51716e-05	56.792	1	0	0	1	
65	0.1	0.163317	0	113.562	107.749	2.59057e-06	107.749	2.59057e-06	56.7815	1	0	0	1	
65	0.1	0.164824	0	113.537	107.798	1.82784e-05	107.798	1.82784e-05	56.7685	1	0	0	1	
65	0.1	0.166332	0	113.506	107.859	3.11615e-05	107.859	3.11615e-05	56.753	1	0	0	1	
65	0.1	0.167839	0	113.47	107.933	2.2732e-05	107.933	2.2732e-05	56.735	1	0	0	1	
65	0.1	0.169347	0	113.43	108.021	6.27208e-06	108.021	6.27208e-06	56.715	1	0	0	1	
65	0.1	0.170854	0	113.384	108.12	8.06102e-06	108.12	8.06102e-06	56.692	1	0	0	1	
65	0.1	0.172362	0	113.334	108.234	2.93664e-06	108.234	2.93664e-06	56.667	1	0	0	1	
65	0.1	0.173869	0	113.279	108.36	3.52421e-05	108.36	3.52421e-05	56.6395	1	0	0	1	
65	0.1	0.175377	0	113.219	108.499	6.05962e-06	108.499	6.05962e-06	56.6095	1	0	0	1	
65	0.1	0.176884	0	113.154	108.651	1.76191e-05	108.651	1.76191e-05	56.577	1	0	0	1	
65	0.1	0.178392	0	113.084	108.815	2.66998e-06	108.815	2.66998e-06	56.542	1	0	0	1	
65	0.1	0.179899	0	113.009	108.993	1.66745e-06	108.993	1.66745e-06	56.5045	1	0	0	1	
65	0.1	0.181407	0	112.929	109.183	2.04764e-05	109.183	2.04764e-05	56.4645	1	0	0	1	
65	0.1	0.182915	0	112.844	109.387	2.56749e-06	109.387	2.56749e-06	56.422	1	0	0	1	
65	0.1	0.184422	0	112.754	109.603	2.74882e-05	109.603	2.74882e-05	56.377	1	0	0	1	
65	0.1	0.18593	0	112.659	109.832	2.06639e-05	109.832	2.06639e-05	56.3295	1	0	0	1	
65	0.1	0.187437	0	112.558	110.074	1.94682e-08	110.074	1.94682e-08	56.279	1	0	0	1	
65	0.1	0.188945	0	112.453	110.328	1.46171e-05	110.328	1.46171e-05	56.2265	1	0	0	1	
65	0.1	0.190452	0	112.342	110.596	1.79084e-06	110.596	1.79084e-06	56.171	1	0	0	1	
65	0.1	0.19196	0	112.226	110.875	1.55003e-06	110.875	1.55003e-06	56.113	1	0	0	1	
65	0.1	0.193467	0	112.104	111.168	1.55425e-05	111.168	1.55425e-05	56.052	1	0	0	1	
65	0.1	0.194975	0	111.978	111.473	3.70359e-05	111.473	3.70359e-05	55.989	1	0	0	1	
65	0.1	0.196482	0	111.845	111.791	2.50934e-05	111.791	2.50934e-05	55.923	1	0	0	1	
65	0.1	0.19799	0	111.708	112.121	1.34402e-05	112.121	1.34402e-05	55.854	1	0	0	1	
65	0.1	0.199497	0	111.565	112.463	1.43039e-05	112.463	1.43039e-05	55.7825	1	0	0	1	
65	0.1	0.201005	0	111.416	112.818	3.40313e-06	112.818	3.40313e-06	55.708	1	0	0	1	
65	0.1	0.202513	0	111.262	113.186	1.91367e-05	113.186	1.91367e-05	55.631	1	0	0	1	
65	0.1	0.20402	0	111.102	113.565	4.51055e-06	113.565	4.51055e-06	55.551	1	0	0	1	
65	0.1	0.205528	0	110.936	113.957	1.07144e-05	113.957	1.07144e-05	55.468	1	0	0	1	
65	0.1	0.207035	0	110.764	114.361	7.06848e-05	114.361	7.06848e-05	55.3825	1	0	0	1	
65	0.1	0.208543	0	110.587	114.722	4.30526	114.722	4.30526	55.2935	1	0	0	1	
65	0.1	0.21005	0	110.404	112.621	29.3821	112.621	29.3821	55.202	1	0	0	1	
65	0.1	0.211558	0	110.215	110.324	41.8494	110.324	41.8494	55.1075	1	0	0	1	
65	0.1	0.213065	0	110.019	107.8	51.8417	107.8	51.8417	55.0095	1	0	0	1	
65	0.1	0.214573	0	109.818	105.016	60.6354	105.016	60.6354	54.909	1	0	0	1	
65	0.1	0.21608	0	109.61	101.922	68.7417	101.922	68.7417	54.805	1	0	0	1	
65	0.1	0.217588	0	109.396	98.4607	76.4283	98.4607	76.4283	54.698	1	0	0	1	
65	0.1	0.219095	0	109.176	94.557	83.8553	94.557	83.8553	54.588	1	0	0	1	
65	0.1	0.220603	0	108.949	90.1086	91.1438	90.1086	91.1438	54.4745	1	0	0	1	
65	0.1	0.222111	0	108.716	84.9738	98.3831	84.9738	98.3831	54.358	1	0	0	1	
65	0.1	0.223618	0	108.476	78.9485	105.649	78.9485	105.649	54.238	1	0	0	1	
65	0.1	0.225126	0	108.229	71.7045	113.019	71.7045	113.019	54.1145	1	0	0	1	
65	0.1	0.226633	0	107.976	62.6969	120.552	62.6969	120.552	53.988	1	0	0	1	
65	0.1	0.228141	0	107.715	50.7981	128.321	50.7981	128.321	53.8575	1	0	0	1	
65	0.1	0.229648	0	107.448	32.6313	136.398	32.6313	136.398	53.724	1	0	0	1	
65	0.1	0.231156	0	107.173	1.57823e-05	142.34	1.57823e-05	142.34	53.5865	1	0	0	1	
65	0.1	0.232663	0	106.891	4.73072e-06	143.986	4.73072e-06	143.986	53.4455	1	0	0	1	
65	0.1	0.234171	0	106.602	3.89617e-05	145.617	3.89617e-05	145.617	53.301	1	0	0	1	
65	0.1	0.235678	0	106.305	1.45913e-05	147.236	1.45913e-05	147.236	53.1525	1	0	0	1	
65	0.1	0.237186	0	106	3.90024e-06	148.841	3.90024e-06	148.841	53	1	0	0	1	
65	0.1	0.238693	0	105.688	7.1016e-06	150.433	7.1016e-06	150.433	52.844	1	0	0	1	
65	0.1	0.240201	0	105.367	9.89145e-05	152.014	9.89145e-05	152.014	52.6835	1	0	0	1	
65	0.1	0.241709	0	105.039	1.83123e-05	153.583	1.83123e-05	153.583	52.5195	1	0	0	1	
65	0.1	0.243216	0	104.702	1.41199e-05	155.14	1.41199e-05	155.14	52.351	1	0	0	1	
65	0.1	0.244724	0	104.357	3.89224e-06	156.687	3.89224e-06	156.687	52.1785	1	0	0	1	
65	0.1	0.246231	0	104.003	5.72795e-06	158.224	5.72795e-06	158.224	52.0015	1	0	0	1	
65	0.1	0.247739	0	103.641	3.07393e-06	159.75	3.07393e-06	159.75	51.8205	1	0	0	1	
65	0.1	0.249246	0	103.269	9.5556e-06	161.267	9.5556e-06	161.267	51.6345	1	0	0	1	
65	0.1	0.250754	0	102.889	4.6306e-05	162.775	4.6306e-05	162.775	51.4445	1	0	0	1	
65	0.1	0.252261	0	102.499	1.89233e-05	164.274	1.89233e-05	164.274	51.2495	1	0	0	1	
65	0.1	0.253769	0	102.099	2.05444e-05	165.764	2.05444e-05	165.764	51.0495	1	0	0	1	
65	0.1	0.255276	0	101.69	3.35913e-07	167.246	3.35913e-07	167.246	50.845	1	0	0	1	
65	0.1	0.256784	0	101.27	2.85787e-06	168.72	2.85787e-06	168.72	50.634	1	0	0	1	
65	0.1	0.258291	0	100.841	1.62847e-05	170.186	1.62847e-05	170.186	50.419	1	0	0	1	
65	0.1	0.259799	0	100.401	1.4896e-05	171.645	1.4896e-05	171.645	50.199	1	0	0	1	
65	0.1	0.261307	0	99.9498	8.99699e-06	173.097	8.99699e-06	173.097	49.9736	1	0	0	1	
65	0.1	0.262814	0	99.4878	6.63273e-06	174.542	6.63273e-06	174.542	49.7426	1	0	0	1	
65	0.1	0.264322	0	99.0144	2.40253e-06	175.981	2.40253e-06	175.981	49.506	1	0	0	1	
65	0.1	0.265829	0	98.5293	1.41716e-05	177.414	1.41716e-05	177.414	49.2635	1	0	0	1	
65	0.1	0.267337	0	98.0322	7.99254e-06	178.84	7.99254e-06	178.84	49.015	1	0	0	1	
65	0.1	0.268844	0	97.5228	1.92684e-06	180.261	1.92684e-06	180.261	48.7603	1	0	0	1	
65	0.1	0.270352	0	97.0006	8.2304e-06	181.676	8.2304e-06	181.676	48.4993	1	0	0	1	
65	0.1	0.271859	0	96.4652	1.5716e-05	183.087	1.5716e-05	183.087	48.2317	1	0	0	1	
65	0.1	0.273367	0	95.9164	1.38122e-06	184.492	1.38122e-06	184.492	47.9573	1	0	0	1	
65	0.1	0.274874	0	95.3535	5.65927e-06	185.893	5.65927e-06	185.893	47.6758	1	0	0	1	
65	0.1	0.276382	0	94.7762	1.29786e-05	187.289	1.29786e-05	187.289	47.3873	1	0	0	1	
65	0.1	0.277889	0	94.184	4.60135e-06	188.681	4.60135e-06	188.681	47.0911	1	0	0	1	
65	0.1	0.279397	0	93.5763	1.68474e-05	190.069	1.68474e-05	190.069	46.7874	1	0	0	1	
65	0.1	0.280905	0	92.9525	1.63549e-05	191.453	1.63549e-05	191.453	46.4755	1	0	0	1	
65	0.1	0.282412	0	92.3122	6.86758e-06	192.834	6.86758e-06	192.834	46.1554	1	0	0	1	
65	0.1	0.28392	0	91.6546	1.51157e-05	194.211	1.51157e-05	194.211	45.8267	1	0	0	1	
65	0.1	0.285427	0	90.979	6.03899e-06	195.586	6.03899e-06	195.586	45.4889	1	0	0	1	
65	0.1	0.286935	0	90.2847	3.42446e-06	196.958	3.42446e-06	196.958	45.1418	1	0	0	1	
65	0.1	0.288442	0	89.571	3.45202e-05	198.327	3.45202e-05	198.327	44.785	1	0	0	1	
65	0.1	0.28995	0	88.8369	1.57928e-06	199.695	1.57928e-06	199.695	44.418	1	0	0	1	
65	0.1	0.291457	0	88.0816	2.78116e-05	201.06	2.78116e-05	201.06	44.0403	1	0	0	1	
65	0.1	0.292965	0	87.304	7.48408e-06	202.424	7.48408e-06	202.424	43.6516	1	0	0	1	
65	0.1	0.294472	0	86.5031	1.01452e-05	203.786	1.01452e-05	203.786	43.2512	1	0	0	1	
65	0.1	0.29598	0	85.6776	3.19351e-06	205.147	3.19351e-06	205.147	42.8385	1	0	0	1	
65	0.1	0.297487	0	84.8264	3.98512e-06	206.507	3.98512e-06	206.507	42.413	1	0	0	1	
65	0.1	0.298995	0	83.9479	2.18834e-05	207.867	2.18834e-05	207.867	41.9738	1	0	0	1	
65	0.1	0.300503	0	83.0406	1.84571e-05	209.227	1.84571e-05	209.227	41.5202	1	0	0	1	
65	0.1	0.30201	0	82.1029	2.6793e-06	210.587	2.6793e-06	210.587	41.0513	1	0	0	1	
65	0.1	0.303518	0	81.1328	4.63024e-05	211.947	4.63024e-05	211.947	40.5662	1	0	0	1	
65	0.1	0.305025	0	80.1282	4.57765e-05	213.308	4.57765e-05	213.308	40.064	1	0	0	1	
65	0.1	0.306533	0	79.0867	6.87374e-05	214.671	6.87374e-05	214.671	39.5433	1	0	0	1	
65	0.1	0.30804	0	78.0059	3.30751e-05	216.036	3.30751e-05	216.036	39.0029	1	0	0	1	
65	0.1	0.309548	0	76.8827	2.12641e-05	217.403	2.12641e-05	217.403	38.4413	1	0	0	1	
65	0.1	0.311055	0	75.7138	4.36606e-06	218.773	4.36606e-06	218.773	37.8569	1	0	0	1	
65	0.1	0.312563	0	74.4956	1.64107e-05	220.146	1.64107e-05	220.146	37.2478	1	0	0	1	
65	0.1	0.31407	0	73.2245	1.24982e-06	221.523	1.24982e-06	221.523	36.6123	1	0	0	1	
65	0.1	0.315578	0	71.8972	9.68445e-06	222.904	9.68445e-06	222.904	35.9486	1	0	0	1	
65	0.1	0.317085	0	70.5033	3.69948e-05	224.292	3.69948e-05	224.292	35.2516	1	0	0	1	
65	0.1	0.318593	0	69.0342	1.219e-05	225.687	1.219e-05	225.687	34.5171	1	0	0	1	
65	0.1	0.320101	0	67.4804	9.44998e-06	227.091	9.44998e-06	227.091	33.7402	1	0	0	1	
65	0.1	0.321608	0	65.8297	4.70545e-06	228.506	4.70545e-06	228.506	32.9148	1	0	0	1	
65	0.1	0.323116	0	64.0668	1.27521e-06	229.934	1.27521e-06	229.934	32.0334	1	0	0	1	
65	0.1	0.324623	0	62.1717	2.65993e-05	231.377	2.65993e-05	231.377	31.0861	1	0	0	1	
65	0.1	0.326131	0	60.1179	8.46988e-06	232.84	8.46988e-06	232.84	30.0597	1	0	0	1	
65	0.1	0.327638	0	57.8689	1.37796e-05	234.327	1.37796e-05	234.327	28.9362	1	0	0	1	
65	0.1	0.329146	0	55.3743	1.80201e-05	235.846	1.80201e-05	235.846	27.6874	1	0	0	1	
65	0.1	0.330653	0	52.5328	5.8445e-06	237.41	5.8445e-06	237.41	26.2674	1	0	0	1	
65	0.1	0.332161	0	49.1678	2.26832e-06	239.044	2.26832e-06	239.044	24.588	1	0	0	1	
65	0.1	0.333668	0	44.8719	4.51843e-06	240.806	4.51843e-06	240.806	22.4406	1	0	0	1	
