65	0.1	0.36	1	63.1606	-242.186	3.76662e-05	-4.03261e-06	257.822	173	1	2	0	1	
65	0.1	0.360213	1	62.8425	-242.29	-1.38275e-05	8.21389e-06	257.976	173	1	2	0	1	
65	0.1	0.360427	1	62.5215	-242.393	2.37281e-05	-1.61532e-05	258.13	173	1	2	0	1	
65	0.1	0.36064	1	62.1975	-242.496	1.33267e-05	-4.73928e-05	258.285	173	1	2	0	1	
65	0.1	0.360853	1	61.8703	-242.598	-1.79754e-05	5.66871e-05	258.439	173	1	2	0	1	
65	0.1	0.361067	1	61.54	-242.7	1.67074e-05	-1.63861e-05	258.593	173	1	2	0	1	
65	0.1	0.36128	1	61.2063	-242.802	-1.74637e-05	2.41816e-05	258.747	173	1	2	0	1	
65	0.1	0.361493	1	60.8694	-242.903	1.29089e-05	3.36751e-05	258.901	173	1	2	0	1	
65	0.1	0.361706	1	60.5289	-243.004	-3.44323e-05	1.86989e-05	259.054	173	1	2	0	1	
65	0.1	0.36192	1	60.1849	-243.105	-2.73881e-05	4.20714e-05	259.208	173	1	2	0	1	
65	0.1	0.362133	1	59.8366	243.205	2.38156e-05	-3.05202e-05	259.362	173	1	2	0	1	
65	0.1	0.362346	1	59.4857	243.305	2.04598e-05	-5.04823e-06	259.515	173	1	2	0	1	
65	0.1	0.36256	1	59.1304	243.404	2.97117e-05	-6.99877e-05	259.668	173	1	2	0	1	
65	0.1	0.362773	1	58.771	243.502	2.56742e-05	-3.73438e-05	259.822	173	1	2	0	1	
65	0.1	0.362986	1	58.4075	243.601	6.75335e-06	1.66516e-05	259.975	173	1	2	0	1	
65	0.1	0.3632	1	58.0397	243.699	1.44483e-05	-1.96508e-05	260.128	173	1	2	0	1	
65	0.1	0.363413	1	57.6675	243.796	1.06463e-05	1.06021e-05	260.28	173	1	2	0	1	
65	0.1	0.363626	1	57.2908	243.893	-2.65721e-06	1.28246e-05	260.433	173	1	2	0	1	
65	0.1	0.36384	1	56.9074	243.99	2.17214e-05	3.16462e-05	260.586	173	1	2	0	1	
65	0.1	0.364053	1	56.5206	244.086	-1.16235e-05	-2.10231e-06	260.738	173	1	2	0	1	
65	0.1	0.364266	1	56.1287	244.182	-4.29418e-05	-1.98433e-05	260.891	173	1	2	0	1	
65	0.1	0.364479	1	55.7348	244.276	1.25327e-05	1.5364e-05	261.043	173	1	2	0	1	
65	0.1	0.364693	1	55.3327	244.37	-1.07432e-05	-9.64242e-06	261.195	173	1	2	0	1	
65	0.1	0.364906	1	54.9249	244.464	2.8171e-05	3.77885e-05	261.347	173	1	2	0	1	
65	0.1	0.365119	1	54.5113	244.558	3.92346e-05	-2.93059e-05	261.499	173	1	2	0	1	
65	0.1	0.365333	1	54.0915	244.65	-2.54322e-05	-1.0596e-05	261.651	173	1	2	0	1	
65	0.1	0.365546	1	53.6653	244.743	-8.33415e-06	-3.53402e-05	261.802	173	1	2	0	1	
65	0.1	0.365759	1	53.2325	244.834	-3.89895e-05	-9.70071e-06	261.954	173	1	2	0	1	
65	0.1	0.365973	1	52.7928	244.925	6.26665e-06	-1.78841e-05	262.105	173	1	2	0	1	
65	0.1	0.366186	1	52.3458	245.016	1.67884e-05	1.25027e-05	262.257	173	1	2	0	1	
65	0.1	0.366399	1	51.8912	245.106	2.23291e-05	-5.76937e-06	262.408	173	1	2	0	1	
65	0.1	0.366612	1	51.4287	245.195	1.02276e-05	2.21174e-05	262.559	173	1	2	0	1	
65	0.1	0.366826	1	50.9579	245.283	2.49515e-05	1.0913e-05	262.71	173	1	2	0	1	
65	0.1	0.367039	1	50.4782	245.371	-9.03023e-06	1.25629e-05	262.86	173	1	2	0	1	
65	0.1	0.367252	1	49.9894	245.458	1.58509e-05	1.71039e-05	263.011	173	1	2	0	1	
65	0.1	0.367466	1	49.4908	245.544	2.6651e-05	-3.53417e-05	263.162	173	1	2	0	1	
65	0.1	0.367679	1	48.982	245.63	3.08299e-06	2.51986e-05	263.312	173	1	2	0	1	
65	0.1	0.367892	1	48.4623	245.715	-2.48563e-05	-6.75413e-05	263.462	173	1	2	0	1	
65	0.1	0.368106	1	47.9311	245.799	-1.86686e-05	-1.70724e-05	263.612	173	1	2	0	1	
65	0.1	0.368319	1	47.3876	245.882	2.48224e-05	1.39408e-05	263.762	173	1	2	0	1	
65	0.1	0.368532	1	46.8311	245.964	-7.96288e-05	4.03315e-05	263.912	173	1	2	0	1	
65	0.1	0.368746	1	46.2607	246.045	-4.65675e-05	-8.8677e-06	264.061	173	1	2	0	1	
65	0.1	0.368959	1	45.6754	246.126	4.88237e-05	1.62701e-05	264.211	173	1	2	0	1	
65	0.1	0.369172	1	45.0741	246.205	1.03935e-05	1.93322e-05	264.36	173	1	2	0	1	
65	0.1	0.369385	1	44.4555	-246.284	9.97183e-06	-4.77448e-05	264.509	173	1	2	0	1	
65	0.1	0.369599	1	43.8183	-246.361	-7.94144e-05	-2.03933e-05	264.658	173	1	2	0	1	
65	0.1	0.369812	1	43.1609	-246.437	3.30349e-06	1.50532e-05	264.807	173	1	2	0	1	
65	0.1	0.370025	1	42.4814	-246.512	-1.04578e-05	2.23427e-05	264.955	173	1	2	0	1	
65	0.1	0.370239	1	41.7777	-246.586	-1.18715e-05	-1.47681e-05	265.103	173	1	2	0	1	
65	0.1	0.370452	1	41.0474	-246.658	2.12677e-05	1.75088e-05	265.251	173	1	2	0	1	
65	0.1	0.370452	1	41.0474	-246.658	2.12677e-05	1.75088e-05	265.251	173	1	2	0	1	
65	0.1	0.37047	1	40.9856	-246.664	9.7031e-06	1.04182e-05	265.264	173	1	2	0	1	
65	0.1	0.370487	1	40.9236	-246.67	-7.16228e-05	-1.52277e-05	265.276	173	1	2	0	1	
65	0.1	0.370505	1	40.8614	-246.676	1.57167e-05	1.39429e-05	265.288	173	1	2	0	1	
65	0.1	0.370523	1	40.799	-246.682	-7.80508e-06	-1.84113e-06	265.3	173	1	2	0	1	
65	0.1	0.37054	1	40.7364	-246.688	9.78942e-06	-2.67514e-06	265.313	173	1	2	0	1	
65	0.1	0.370558	1	40.6735	-246.694	1.26778e-06	-5.05944e-06	265.325	173	1	2	0	1	
65	0.1	0.370576	1	40.6105	-246.7	-2.54942e-06	1.6183e-05	265.337	173	1	2	0	1	
65	0.1	0.370593	1	40.5472	-246.705	-1.78054e-05	2.23367e-05	265.349	173	1	2	0	1	
65	0.1	0.370611	1	40.4837	-246.711	-1.26153e-05	2.8103e-05	265.362	173	1	2	0	1	
65	0.1	0.370629	1	40.42	-246.717	1.73132e-05	-1.11806e-05	265.374	173	1	2	0	1	
65	0.1	0.370646	1	40.3561	-246.723	-3.59618e-05	-6.06021e-06	265.386	173	1	2	0	1	
65	0.1	0.370664	1	40.2919	-246.729	8.67763e-06	-6.26305e-06	265.398	173	1	2	0	1	
65	0.1	0.370682	1	40.2275	-246.735	1.15733e-05	-2.48059e-05	265.411	173	1	2	0	1	
65	0.1	0.370699	1	40.1629	-246.741	-4.8707e-05	-9.75536e-06	265.423	173	1	2	0	1	
65	0.1	0.370717	1	40.0981	-246.746	1.82478e-05	-1.5195e-05	265.435	173	1	2	0	1	
65	0.1	0.370735	1	40.033	-246.752	9.30443e-06	-2.07013e-05	265.447	173	1	2	0	1	
65	0.1	0.370753	1	39.9677	-246.758	8.28415e-06	1.86385e-05	265.46	173	1	2	0	1	
65	0.1	0.37077	1	39.9022	-246.764	1.39976e-05	-2.31329e-05	265.472	173	1	2	0	1	
65	0.1	0.370788	1	39.8364	-246.769	-2.20009e-05	3.53059e-05	265.484	173	1	2	0	1	
65	0.1	0.370806	1	39.7704	-246.775	1.61501e-05	-3.30611e-06	265.496	173	1	2	0	1	
65	0.1	0.370823	1	39.7041	-246.781	1.0424e-05	3.63691e-05	265.508	173	1	2	0	1	
65	0.1	0.370841	1	39.6376	-246.787	-2.89026e-05	-6.59284e-05	265.521	173	1	2	0	1	
65	0.1	0.370859	1	39.5709	-246.792	1.07737e-05	-1.64133e-05	265.533	173	1	2	0	1	
65	0.1	0.370876	1	39.5039	-246.798	-1.82618e-05	-7.06166e-06	265.545	173	1	2	0	1	
65	0.1	0.370894	1	39.4366	-246.804	-4.62156e-05	-1.82617e-06	265.557	173	1	2	0	1	
65	0.1	0.370912	1	39.3691	-246.809	1.63644e-05	8.56498e-06	265.57	173	1	2	0	1	
65	0.1	0.370929	1	39.3013	-246.815	-4.35958e-05	-1.77798e-05	265.582	173	1	2	0	1	
65	0.1	0.370947	1	39.2333	-246.821	-2.50316e-06	7.13101e-06	265.594	173	1	2	0	1	
65	0.1	0.370965	1	39.165	-246.826	3.63555e-06	-2.61868e-05	265.606	173	1	2	0	1	
65	0.1	0.370982	1	39.0964	-246.832	-6.77046e-05	3.34037e-07	265.618	173	1	2	0	1	
65	0.1	0.371	1	39.0276	-246.838	-8.53449e-05	-1.7034e-05	265.631	173	1	2	0	1	
65	0.1	0.371018	1	38.9585	-246.843	1.38336e-05	-4.92013e-06	265.643	173	1	2	0	1	
65	0.1	0.371035	1	38.8877	-246.849	3.4819e-05	2.72988e-05	265.655	173	1	2	0	1	
65	0.1	0.371053	1	38.8197	-246.854	8.63159e-05	-4.26995e-05	265.667	173	1	2	0	1	
65	0.1	0.371071	1	38.7507	-246.86	-2.04951e-05	3.38709e-05	265.679	173	1	2	0	1	
65	0.1	0.371088	1	38.6814	-246.865	1.9087e-05	-9.71625e-06	265.692	173	1	2	0	1	
65	0.1	0.371106	1	38.6088	-246.871	-1.27798e-05	1.66536e-05	265.704	173	1	2	0	1	
65	0.1	0.371124	1	38.538	-246.877	3.83277e-05	2.0139e-05	265.716	173	1	2	0	1	
65	0.1	0.371141	1	38.4669	-246.882	-6.48482e-06	-8.03451e-06	265.728	173	1	2	0	1	
65	0.1	0.371159	1	38.3955	-246.888	1.15753e-05	-5.6252e-06	265.74	173	1	2	0	1	
65	0.1	0.371177	1	38.3239	-246.893	-2.63306e-05	1.26554e-05	265.753	173	1	2	0	1	
65	0.1	0.371194	1	38.2519	-246.899	-2.3476e-05	-5.10814e-06	265.765	173	1	2	0	1	
65	0.1	0.371212	1	38.1796	-246.904	-1.23908e-05	-3.04044e-05	265.777	173	1	2	0	1	
65	0.1	0.37123	1	38.107	-246.91	8.47812e-05	-8.91385e-06	265.789	173	1	2	0	1	
65	0.1	0.371248	1	38.0341	-246.915	-2.94248e-05	-2.11178e-05	265.801	173	1	2	0	1	
65	0.1	0.371265	1	37.9608	-246.921	-3.13076e-06	-1.53471e-06	265.813	173	1	2	0	1	
65	0.1	0.371283	1	37.8873	-246.926	-1.72634e-05	7.08862e-06	265.826	173	1	2	0	1	
65	0.1	0.371301	1	37.8134	-246.931	-1.54627e-05	-7.97351e-06	265.838	173	1	2	0	1	
65	0.1	0.371318	1	37.7392	-246.937	-1.94781e-05	-1.4766e-05	265.85	173	1	2	0	1	
65	0.1	0.371336	1	37.6646	-246.942	7.1365e-06	1.22097e-05	265.862	173	1	2	0	1	
65	0.1	0.371354	1	37.5885	-246.948	-2.26126e-05	-2.93984e-05	265.874	173	1	2	0	1	
65	0.1	0.371371	1	37.5131	-246.953	4.98396e-05	2.49877e-05	265.887	173	1	2	0	1	
65	0.1	0.371389	1	37.4373	-246.958	-1.21315e-05	-2.09589e-06	265.899	173	1	2	0	1	
65	0.1	0.371407	1	37.3612	-246.964	-1.72724e-05	2.14122e-05	265.911	173	1	2	0	1	
65	0.1	0.371424	1	37.2847	-246.969	1.53973e-05	1.31049e-05	265.923	173	1	2	0	1	
65	0.1	0.371442	1	37.2102	-246.974	-2.28733e-05	3.01215e-05	265.935	173	1	2	0	1	
65	0.1	0.37146	1	37.1332	-246.98	-3.26179e-06	-1.30308e-05	265.947	173	1	2	0	1	
65	0.1	0.371477	1	37.0559	-246.985	2.81498e-05	-5.09523e-05	265.959	173	1	2	0	1	
65	0.1	0.371495	1	36.9782	-246.99	-6.18694e-06	2.31348e-05	265.972	173	1	2	0	1	
65	0.1	0.371513	1	36.9001	-246.995	2.0878e-05	-2.61032e-05	265.984	173	1	2	0	1	
65	0.1	0.37153	1	36.8216	-247.001	-4.98119e-05	1.43286e-05	265.996	173	1	2	0	1	
65	0.1	0.371548	1	36.7428	-247.006	7.19955e-05	-2.00341e-05	266.008	173	1	2	0	1	
65	0.1	0.371566	1	36.6635	-247.011	1.24937e-05	-1.75536e-05	266.02	173	1	2	0	1	
65	0.1	0.371583	1	36.5839	-247.016	8.36115e-05	1.69118e-05	266.032	173	1	2	0	1	
65	0.1	0.371601	1	36.5039	-247.022	-1.9861e-05	4.01604e-06	266.044	173	1	2	0	1	
65	0.1	0.371619	1	36.4234	-247.027	9.22681e-06	1.88032e-05	266.057	173	1	2	0	1	
65	0.1	0.371636	1	36.3426	-247.032	1.04085e-05	-2.17864e-05	266.069	173	1	2	0	1	
65	0.1	0.371654	1	36.2613	-247.037	6.14313e-05	-1.10656e-05	266.081	173	1	2	0	1	
65	0.1	0.371672	1	36.1796	-247.042	2.09585e-05	2.8046e-05	266.093	173	1	2	0	1	
65	0.1	0.371689	1	36.0975	-247.047	2.41505e-05	-8.03789e-06	266.105	173	1	2	0	1	
65	0.1	0.371707	1	36.0149	-247.052	1.83134e-05	-1.52228e-05	266.117	173	1	2	0	1	
65	0.1	0.371725	1	35.9319	-247.058	-9.30409e-06	-9.34886e-06	266.129	173	1	2	0	1	
65	0.1	0.371743	1	35.8485	-247.063	-7.98898e-06	-2.1424e-05	266.141	173	1	2	0	1	
65	0.1	0.37176	1	35.7646	-247.068	-1.02543e-05	1.84957e-05	266.153	173	1	2	0	1	
65	0.1	0.371778	1	35.6802	-247.073	-2.25779e-06	5.45198e-06	266.166	173	1	2	0	1	
65	0.1	0.371796	1	35.5954	-247.078	6.83973e-06	7.64846e-05	266.178	173	1	2	0	1	
65	0.1	0.371813	1	35.5101	-247.083	1.01743e-05	2.53612e-06	266.19	173	1	2	0	1	
65	0.1	0.371831	1	35.4244	-247.088	2.54284e-05	-1.86242e-05	266.202	173	1	2	0	1	
65	0.1	0.371849	1	35.3381	-247.093	1.76855e-05	-8.034e-06	266.214	173	1	2	0	1	
65	0.1	0.371866	1	35.2514	-247.098	-1.70136e-05	-4.29735e-06	266.226	173	1	2	0	1	
65	0.1	0.371884	1	35.1641	-247.103	1.83965e-05	2.03264e-05	266.238	173	1	2	0	1	
65	0.1	0.371902	1	35.0764	-247.108	8.50154e-06	-1.59246e-05	266.25	173	1	2	0	1	
65	0.1	0.371919	1	34.9881	-247.112	2.04675e-05	-2.00071e-05	266.262	173	1	2	0	1	
65	0.1	0.371937	1	34.8993	-247.117	-1.07566e-05	3.42992e-05	266.274	173	1	2	0	1	
65	0.1	0.371955	1	34.8099	-247.122	4.50352e-06	-8.14689e-06	266.286	173	1	2	0	1	
65	0.1	0.371972	1	34.7201	-247.127	-9.33177e-06	1.70783e-05	266.299	173	1	2	0	1	
65	0.1	0.37199	1	34.6297	-247.132	-4.60508e-05	-1.24921e-05	266.311	173	1	2	0	1	
65	0.1	0.372008	1	34.5387	-247.137	2.02366e-07	4.90904e-05	266.323	173	1	2	0	1	
65	0.1	0.372025	1	34.4471	-247.142	-4.6207e-06	-1.70195e-05	266.335	173	1	2	0	1	
65	0.1	0.372043	1	34.355	-247.146	2.69079e-05	1.84838e-05	266.347	173	1	2	0	1	
65	0.1	0.372061	1	34.2623	-247.151	1.40359e-05	-2.41357e-05	266.359	173	1	2	0	1	
65	0.1	0.372078	1	34.169	-247.156	5.21456e-06	2.09345e-05	266.371	173	1	2	0	1	
65	0.1	0.372096	1	34.0751	-247.161	-1.87273e-05	-4.09704e-06	266.383	173	1	2	0	1	
65	0.1	0.372114	1	33.9805	-247.165	-4.48314e-05	1.80355e-05	266.395	173	1	2	0	1	
65	0.1	0.372131	1	33.8854	-247.17	-2.47635e-05	-1.96835e-05	266.407	173	1	2	0	1	
65	0.1	0.372149	1	33.7896	-247.175	-1.66541e-05	1.11238e-05	266.419	173	1	2	0	1	
65	0.1	0.372167	1	33.6931	-247.18	1.91071e-05	4.08432e-05	266.431	173	1	2	0	1	
65	0.1	0.372184	1	33.596	-247.184	3.49616e-05	-5.04152e-05	266.443	173	1	2	0	1	
65	0.1	0.372202	1	33.4982	-247.189	9.85659e-07	-2.05158e-05	266.455	173	1	2	0	1	
65	0.1	0.37222	1	33.3998	-247.193	-2.85871e-05	1.43044e-05	266.467	173	1	2	0	1	
65	0.1	0.372238	1	33.3006	-247.198	-4.23113e-06	-1.09066e-05	266.479	173	1	2	0	1	
65	0.1	0.372255	1	33.2007	-247.203	2.52995e-05	1.31608e-05	266.491	173	1	2	0	1	
65	0.1	0.372273	1	33.1001	-247.207	-1.30067e-05	-2.53226e-06	266.503	173	1	2	0	1	
65	0.1	0.372291	1	32.9988	-247.212	-2.14732e-05	-2.53355e-05	266.515	173	1	2	0	1	
65	0.1	0.372308	1	32.8967	-247.216	-2.87479e-05	1.06278e-05	266.527	173	1	2	0	1	
65	0.1	0.372326	1	32.7939	-247.221	-3.47097e-05	3.42705e-05	266.539	173	1	2	0	1	
65	0.1	0.372344	1	32.6902	-247.225	4.06569e-05	8.12958e-06	266.551	173	1	2	0	1	
65	0.1	0.372361	1	32.5858	-247.23	1.30011e-05	-2.79965e-06	266.563	173	1	2	0	1	
65	0.1	0.372379	1	32.4806	-247.234	3.16573e-05	-8.78477e-06	266.575	173	1	2	0	1	
65	0.1	0.372397	1	32.3745	-247.238	-1.13248e-05	9.15892e-06	266.587	173	1	2	0	1	
65	0.1	0.372414	1	32.2676	-247.243	6.47485e-06	1.63082e-06	266.599	173	1	2	0	1	
65	0.1	0.372432	1	32.1598	-247.247	1.32183e-05	1.36719e-05	266.611	173	1	2	0	1	
65	0.1	0.37245	1	32.0511	-247.252	1.48865e-05	-6.63768e-06	266.623	173	1	2	0	1	
65	0.1	0.372467	1	31.9416	-247.256	7.53891e-07	-2.54352e-05	266.635	173	1	2	0	1	
65	0.1	0.372485	1	31.8311	-247.26	-3.24923e-06	1.47913e-05	266.647	173	1	2	0	1	
65	0.1	0.372503	1	31.7197	-247.264	2.3694e-05	-1.74915e-05	266.659	173	1	2	0	1	
65	0.1	0.37252	1	31.6073	-247.269	-6.43776e-05	3.41607e-05	266.671	173	1	2	0	1	
65	0.1	0.372538	1	31.4939	-247.273	3.57555e-05	8.80898e-06	266.683	173	1	2	0	1	
65	0.1	0.372556	1	31.3795	-247.277	9.65318e-06	-1.08059e-05	266.695	173	1	2	0	1	
65	0.1	0.372573	1	31.2641	-247.281	2.43137e-05	-1.35034e-05	266.707	173	1	2	0	1	
65	0.1	0.372591	1	31.1477	-247.286	5.29276e-05	2.57391e-05	266.719	173	1	2	0	1	
65	0.1	0.372609	1	31.0301	-247.29	5.24411e-06	-1.03293e-05	266.731	173	1	2	0	1	
65	0.1	0.372626	1	30.9115	-247.294	-6.81886e-05	2.54856e-05	266.743	173	1	2	0	1	
65	0.1	0.372644	1	30.7918	-247.298	-4.25625e-05	-2.12037e-05	266.754	173	1	2	0	1	
65	0.1	0.372662	1	30.6708	-247.302	1.69385e-05	-1.47355e-05	266.766	173	1	2	0	1	
65	0.1	0.372679	1	30.5487	-247.306	2.56957e-05	2.65962e-06	266.778	173	1	2	0	1	
65	0.1	0.372697	1	30.4254	-247.31	1.06149e-05	-9.92176e-06	266.79	173	1	2	0	1	
65	0.1	0.372715	1	30.3008	-247.314	-9.3458e-06	1.28837e-05	266.802	173	1	2	0	1	
65	0.1	0.372733	1	30.175	-247.318	1.75967e-05	-2.31266e-05	266.814	173	1	2	0	1	
65	0.1	0.37275	1	30.0478	-247.322	-1.44098e-05	3.54299e-05	266.826	173	1	2	0	1	
65	0.1	0.372768	1	29.9193	-247.326	-1.44108e-05	3.53651e-05	266.838	173	1	2	0	1	
65	0.1	0.372786	1	29.7893	-247.33	-3.82514e-05	-2.37647e-05	266.85	173	1	2	0	1	
65	0.1	0.372803	1	29.658	-247.333	9.30682e-06	1.79547e-05	266.861	173	1	2	0	1	
65	0.1	0.372821	1	29.5251	-247.337	1.09753e-05	3.55386e-05	266.873	173	1	2	0	1	
65	0.1	0.372839	1	29.3889	-247.341	-9.44007e-07	2.26463e-05	266.885	173	1	2	0	1	
65	0.1	0.372856	1	29.2528	-247.345	-1.4304e-05	-8.08625e-06	266.897	173	1	2	0	1	
65	0.1	0.372874	1	29.1152	-247.349	-8.24879e-05	8.42013e-05	266.909	173	1	2	0	1	
65	0.1	0.372892	1	28.9759	-247.352	-5.06671e-06	-2.58552e-05	266.921	173	1	2	0	1	
65	0.1	0.372909	1	28.8349	-247.356	-1.7667e-05	-3.13292e-05	266.932	173	1	2	0	1	
65	0.1	0.372927	1	28.6921	-247.36	8.64042e-06	-2.65973e-05	266.944	173	1	2	0	1	
65	0.1	0.372945	1	28.5474	-247.363	-5.18793e-06	1.84381e-05	266.956	173	1	2	0	1	
65	0.1	0.372962	1	28.4009	-247.367	3.08721e-05	-2.64742e-05	266.968	173	1	2	0	1	
65	0.1	0.37298	1	28.2525	-247.37	-3.58841e-05	-1.52768e-05	266.98	173	1	2	0	1	
65	0.1	0.372998	1	28.102	-247.374	2.83478e-05	-1.40522e-05	266.991	173	1	2	0	1	
65	0.1	0.373015	1	27.9494	-247.377	2.53248e-05	2.59146e-05	267.003	173	1	2	0	1	
65	0.1	0.373033	1	27.7961	-247.381	1.3404e-05	1.0031e-05	267.015	173	1	2	0	1	
65	0.1	0.373051	1	27.6386	-247.384	2.35349e-05	1.01118e-05	267.027	173	1	2	0	1	
65	0.1	0.373068	1	27.4787	-247.387	-1.64034e-05	-1.05503e-05	267.038	173	1	2	0	1	
65	0.1	0.373086	1	27.3167	-247.391	-4.47792e-05	-1.82831e-05	267.05	173	1	2	0	1	
65	0.1	0.373104	1	27.1524	-247.394	2.69884e-05	1.82252e-05	267.062	173	1	2	0	1	
65	0.1	0.373121	1	26.9856	-247.397	-8.29774e-06	6.76787e-06	267.073	173	1	2	0	1	
65	0.1	0.373139	1	26.816	-247.4	6.24619e-06	-6.53438e-07	267.085	173	1	2	0	1	
65	0.1	0.373157	1	26.6436	-247.404	4.8192e-06	2.63191e-05	267.097	173	1	2	0	1	
65	0.1	0.373174	1	26.4682	-247.407	5.82262e-05	-9.37658e-06	267.108	173	1	2	0	1	
65	0.1	0.373192	1	26.2898	-247.41	-4.23817e-05	5.81402e-05	267.12	173	1	2	0	1	
65	0.1	0.37321	1	26.1081	-247.413	-3.56889e-05	-1.48559e-05	267.132	173	1	2	0	1	
65	0.1	0.373228	1	25.923	-247.416	2.09036e-05	-2.71982e-05	267.143	173	1	2	0	1	
65	0.1	0.373245	1	25.7344	-247.419	-2.6423e-05	5.87486e-05	267.155	173	1	2	0	1	
65	0.1	0.373263	1	25.542	-247.422	2.48383e-05	4.40877e-05	267.166	173	1	2	0	1	
65	0.1	0.373281	1	25.3458	-247.424	-2.52395e-06	-4.19217e-06	267.178	173	1	2	0	1	
65	0.1	0.373298	1	25.1454	-247.427	1.43052e-05	-1.77162e-05	267.19	173	1	2	0	1	
65	0.1	0.373316	1	24.9407	-247.43	2.96829e-05	3.04994e-05	267.201	173	1	2	0	1	
65	0.1	0.373334	1	24.7314	-247.433	-1.70497e-05	-3.47403e-05	267.213	173	1	2	0	1	
65	0.1	0.373351	1	24.5173	-247.435	-2.49206e-05	4.21156e-06	267.224	173	1	2	0	1	
65	0.1	0.373369	1	24.298	-247.438	-2.61762e-05	-7.76277e-05	267.236	173	1	2	0	1	
65	0.1	0.373387	1	24.0732	-247.44	2.3947e-05	3.93346e-07	267.247	173	1	2	0	1	
65	0.1	0.373404	1	23.842	-247.443	-2.24298e-05	-2.48851e-05	267.259	173	1	2	0	1	
65	0.1	0.373422	1	23.6062	-247.445	7.40063e-05	-4.8831e-06	267.27	173	1	2	0	1	
65	0.1	0.37344	1	23.3629	-247.448	7.24526e-05	8.55878e-07	267.281	173	1	2	0	1	
65	0.1	0.373457	1	23.1125	-247.45	-3.17394e-05	-5.19218e-05	267.293	173	1	2	0	1	
65	0.1	0.373475	1	22.8544	-247.452	-1.55914e-05	1.07691e-05	267.304	173	1	2	0	1	
65	0.1	0.373493	1	22.5881	-247.454	-3.97599e-06	3.00051e-05	267.315	173	1	2	0	1	
65	0.1	0.37351	1	22.3129	-247.456	-1.60263e-05	2.59517e-05	267.327	173	1	2	0	1	
65	0.1	0.373528	1	22.0281	-247.458	-8.35058e-05	2.58621e-05	267.338	173	1	2	0	1	
65	0.1	0.373546	1	21.7326	-247.46	-2.29501e-05	4.90729e-05	267.349	173	1	2	0	1	
65	0.1	0.373563	1	21.4255	-247.462	1.53049e-05	5.68258e-06	267.36	173	1	2	0	1	
65	0.1	0.373581	1	21.1056	-247.463	2.31602e-05	-2.30918e-05	267.371	173	1	2	0	1	
65	0.1	0.373599	1	20.771	-247.465	-1.2499e-05	-3.44774e-05	267.382	173	1	2	0	1	
65	0.1	0.373616	1	20.4222	-247.467	1.90874e-05	-1.24789e-05	267.393	173	1	2	0	1	
65	0.1	0.373634	1	20.0547	-247.468	-3.73052e-05	6.65799e-06	267.404	173	1	2	0	1	
65	0.1	0.373652	1	19.667	-247.469	1.04088e-05	4.23804e-06	267.415	173	1	2	0	1	
65	0.1	0.373669	1	19.2563	-247.47	4.74535e-06	3.82189e-05	267.426	173	1	2	0	1	
65	0.1	0.373687	1	18.8189	-247.471	2.11397e-05	1.33134e-05	267.437	173	1	2	0	1	
65	0.1	0.373705	1	18.3502	-247.472	-4.18038e-05	-1.24331e-05	267.448	173	1	2	0	1	
65	0.1	0.373723	1	17.844	-247.473	6.35746e-06	-2.72878e-05	267.458	173	1	2	0	1	
65	0.1	0.37374	1	17.2922	-247.474	3.09148e-05	2.19276e-05	267.469	173	1	2	0	1	
65	0.1	0.373758	1	16.6836	-247.474	1.85162e-05	-2.36323e-05	267.479	173	1	2	0	1	
65	0.1	0.373776	1	16.0015	-247.474	-1.05708e-05	-1.89507e-05	267.489	173	1	2	0	1	
65	0.1	0.373793	1	15.2202	-247.474	2.1136e-05	1.5448e-05	267.499	173	1	2	0	1	
65	0.1	0.373811	1	14.2967	-247.473	-1.70085e-05	1.09332e-05	267.509	173	1	2	0	1	
65	0.1	0.373829	1	13.1465	-247.472	4.56968e-05	-1.27952e-05	267.518	173	1	2	0	1	
65	0.1	0.373846	1	11.5644	-247.471	1.23188e-05	-9.71938e-06	267.527	173	1	2	0	1	
65	0.1	0.373864	1	8.67153	-247.468	1.23175e-05	6.85723e-06	267.535	173	1	2	0	1	
65	0.1	0.373864	1	8.65229	-247.468	-2.86903e-05	-3.70505e-06	267.535	173	1	2	0	1	
65	0.1	0.373864	1	8.64261	-247.468	-2.86913e-05	2.50298e-06	267.535	173	1	2	0	1	
65	0.1	0.373864	1	8.63291	-247.468	9.69392e-06	3.62337e-05	267.535	173	1	2	0	1	
65	0.1	0.373864	1	8.62317	-247.468	9.69489e-06	-2.17677e-05	267.535	173	1	2	0	1	
65	0.1	0.373864	1	8.61339	-247.468	9.69361e-06	-1.06838e-05	267.535	173	1	2	0	1	
65	0.1	0.373864	1	8.60358	-247.468	9.69489e-06	2.71832e-05	267.535	173	1	2	0	1	
65	0.1	0.373864	1	8.59373	-247.468	9.69618e-06	1.18545e-05	267.535	173	1	2	0	1	
65	0.1	0.373864	1	8.58384	-247.468	9.69489e-06	1.79842e-05	267.535	173	1	2	0	1	
65	0.1	0.373864	1	8.57393	-247.468	-9.19946e-06	-6.60322e-06	267.535	173	1	2	0	1	
65	0.1	0.373864	1	8.56397	-247.468	-4.61055e-06	8.56101e-06	267.535	173	1	2	0	1	
65	0.1	0.373864	1	8.55397	-247.468	-2.70272e-06	7.04692e-06	267.535	173	1	2	0	1	
65	0.1	0.373864	1	8.54394	-247.468	-2.70271e-06	-9.32672e-06	267.535	173	1	2	0	1	
65	0.1	0.373864	1	8.53386	-247.468	-2.70271e-06	1.83239e-05	267.535	173	1	2	0	1	
65	0.1	0.373864	1	8.52377	-247.468	2.99606e-05	1.86547e-05	267.535	173	1	2	0	1	
65	0.1	0.373864	1	8.51361	-247.468	2.99603e-05	-1.25194e-05	267.536	173	1	2	0	1	
65	0.1	0.373865	1	8.50343	-247.468	1.88684e-06	1.85787e-05	267.535	173	1	2	0	1	
65	0.1	0.373865	1	8.4932	-247.468	1.88684e-06	-2.21128e-05	267.536	173	1	2	0	1	
65	0.1	0.373865	1	8.48294	-247.468	1.88702e-06	-6.27604e-06	267.536	173	1	2	0	1	
65	0.1	0.373865	1	8.47263	-247.468	1.88667e-06	1.36036e-05	267.536	173	1	2	0	1	
65	0.1	0.373865	1	8.46228	-247.468	-1.70078e-05	-2.44518e-06	267.536	173	1	2	0	1	
65	0.1	0.373865	1	8.45189	-247.468	-1.70077e-05	-2.46028e-05	267.536	173	1	2	0	1	
65	0.1	0.373865	1	8.44147	-247.468	-1.70069e-05	-3.59071e-05	267.536	173	1	2	0	1	
65	0.1	0.373865	1	8.431	-247.468	-1.70082e-05	-9.15946e-07	267.536	173	1	2	0	1	
65	0.1	0.373865	1	8.4205	-247.468	-1.70082e-05	-1.93024e-05	267.536	173	1	2	0	1	
65	0.1	0.373865	1	8.40994	-247.468	2.84705e-05	-1.20327e-05	267.536	173	1	2	0	1	
65	0.1	0.373865	1	8.39935	-247.468	-2.92279e-05	-1.12632e-05	267.536	173	1	2	0	1	
65	0.1	0.373865	1	8.38871	-247.468	-2.92264e-05	-2.01054e-06	267.536	173	1	2	0	1	
65	0.1	0.373865	1	8.37791	-247.468	-2.23128e-05	1.90965e-05	267.536	173	1	2	0	1	
65	0.1	0.373865	1	8.36717	-247.468	-2.23132e-05	2.60117e-05	267.536	173	1	2	0	1	
65	0.1	0.373865	1	8.3564	-247.468	2.59075e-05	-2.25335e-05	267.536	173	1	2	0	1	
65	0.1	0.373865	1	8.34559	-247.468	1.80259e-05	3.61794e-05	267.536	173	1	2	0	1	
65	0.1	0.373865	1	8.33471	-247.468	-4.43162e-06	-3.25661e-05	267.536	173	1	2	0	1	
65	0.1	0.373865	1	8.32381	-247.468	2.47154e-05	1.66528e-06	267.536	173	1	2	0	1	
65	0.1	0.373865	1	8.31286	-247.468	1.78009e-05	1.34287e-05	267.536	173	1	2	0	1	
65	0.1	0.373865	1	8.30237	-247.468	1.78017e-05	4.03526e-07	267.536	173	1	2	0	1	
65	0.1	0.373865	1	8.29132	-247.468	1.78011e-05	-2.15432e-05	267.536	173	1	2	0	1	
65	0.1	0.373865	1	8.28025	-247.468	1.78015e-05	1.20061e-05	267.536	173	1	2	0	1	
65	0.1	0.373865	1	8.26912	-247.468	1.78013e-05	1.87006e-05	267.536	173	1	2	0	1	
65	0.1	0.373865	1	8.25796	-247.468	2.26885e-05	1.34841e-05	267.536	173	1	2	0	1	
65	0.1	0.373865	1	8.24673	-247.468	5.09041e-06	-2.97833e-06	267.536	173	1	2	0	1	
65	0.1	0.373865	1	8.23545	-247.468	-1.07491e-05	-2.48545e-05	267.536	173	1	2	0	1	
65	0.1	0.373865	1	8.22413	-247.468	-1.07501e-05	2.31386e-05	267.536	173	1	2	0	1	
65	0.1	0.373865	1	8.21275	-247.468	9.69486e-06	1.43762e-05	267.536	173	1	2	0	1	
65	0.1	0.373866	1	8.20133	-247.468	9.69507e-06	-1.75187e-05	267.536	173	1	2	0	1	
65	0.1	0.373866	1	8.18986	-247.468	9.69527e-06	2.89162e-05	267.536	173	1	2	0	1	
65	0.1	0.373866	1	8.17833	-247.468	-2.1478e-05	-1.17751e-05	267.536	173	1	2	0	1	
65	0.1	0.373866	1	8.16675	-247.468	-1.41468e-05	-1.37276e-05	267.536	173	1	2	0	1	
65	0.1	0.373866	1	8.15513	-247.468	2.6383e-05	1.00486e-05	267.536	173	1	2	0	1	
65	0.1	0.373866	1	8.14344	-247.468	2.63834e-05	2.07622e-05	267.536	173	1	2	0	1	
65	0.1	0.373866	1	8.1317	-247.468	2.38209e-05	1.20461e-05	267.536	173	1	2	0	1	
65	0.1	0.373866	1	8.11991	-247.468	-1.74945e-06	1.27003e-05	267.536	173	1	2	0	1	
65	0.1	0.373866	1	8.10805	-247.468	-1.74924e-06	-6.89996e-06	267.536	173	1	2	0	1	
65	0.1	0.373866	1	8.09615	-247.468	-1.74924e-06	3.69036e-06	267.536	173	1	2	0	1	
65	0.1	0.373866	1	8.0842	-247.468	4.56961e-05	-6.91901e-07	267.536	173	1	2	0	1	
65	0.1	0.373866	1	8.07218	-247.468	4.56961e-05	1.08014e-05	267.536	173	1	2	0	1	
65	0.1	0.373866	1	8.0601	-247.468	5.6433e-06	-1.31146e-05	267.536	173	1	2	0	1	
65	0.1	0.373866	1	8.04797	-247.468	-3.91805e-05	1.87089e-05	267.536	173	1	2	0	1	
65	0.1	0.373866	1	8.03578	-247.468	-3.91807e-05	-3.02501e-05	267.536	173	1	2	0	1	
65	0.1	0.373866	1	8.02353	-247.468	-5.08666e-06	-1.03278e-05	267.536	173	1	2	0	1	
65	0.1	0.373866	1	8.0112	-247.468	-5.08733e-06	-1.9059e-05	267.536	173	1	2	0	1	
65	0.1	0.373866	1	7.99884	-247.468	-5.08598e-06	3.29726e-05	267.536	173	1	2	0	1	
65	0.1	0.373866	1	7.9864	-247.468	8.99495e-06	2.06963e-05	267.536	173	1	2	0	1	
65	0.1	0.373866	1	7.97392	-247.468	1.82779e-05	-1.19633e-05	267.536	173	1	2	0	1	
65	0.1	0.373866	1	7.96134	-247.468	1.82779e-05	6.89104e-06	267.536	173	1	2	0	1	
65	0.1	0.373866	1	7.94896	-247.468	1.51785e-05	7.72063e-05	267.536	173	1	2	0	1	
65	0.1	0.373866	1	7.93604	-247.468	-3.7162e-06	9.09067e-07	267.536	173	1	2	0	1	
65	0.1	0.373866	1	7.92328	-247.468	-3.71597e-06	8.00894e-06	267.536	173	1	2	0	1	
65	0.1	0.373866	1	7.91046	-247.468	-3.17893e-05	1.18663e-05	267.536	173	1	2	0	1	
65	0.1	0.373866	1	7.89757	-247.468	2.44768e-05	1.98757e-05	267.536	173	1	2	0	1	
65	0.1	0.373866	1	7.88462	-247.468	2.44766e-05	-3.42683e-05	267.536	173	1	2	0	1	
65	0.1	0.373866	1	7.87159	-247.468	2.63857e-05	2.85856e-05	267.536	173	1	2	0	1	
65	0.1	0.373866	1	7.85851	-247.468	4.28339e-05	-3.83734e-05	267.536	173	1	2	0	1	
65	0.1	0.373867	1	7.84534	-247.468	4.28348e-05	1.56196e-05	267.536	173	1	2	0	1	
65	0.1	0.373867	1	7.8321	-247.468	4.2835e-05	-1.77441e-05	267.536	173	1	2	0	1	
65	0.1	0.373867	1	7.81878	-247.468	-2.05843e-05	-1.50821e-06	267.536	173	1	2	0	1	
65	0.1	0.373867	1	7.80541	-247.468	-2.91679e-05	7.75406e-06	267.536	173	1	2	0	1	
65	0.1	0.373867	1	7.79196	-247.468	-2.91669e-05	-2.62439e-05	267.536	173	1	2	0	1	
65	0.1	0.373867	1	7.77842	-247.468	1.16024e-05	-2.18738e-05	267.536	173	1	2	0	1	
65	0.1	0.373867	1	7.76482	-247.468	-7.17253e-06	-7.19921e-06	267.536	173	1	2	0	1	
65	0.1	0.373867	1	7.75114	-247.468	8.73088e-07	-1.45165e-05	267.536	173	1	2	0	1	
65	0.1	0.373867	1	7.73738	-247.468	1.61172e-05	1.88633e-05	267.536	173	1	2	0	1	
65	0.1	0.373867	1	7.72356	-247.468	5.40442e-06	1.70114e-05	267.536	173	1	2	0	1	
65	0.1	0.373867	1	7.70962	-247.468	5.40407e-06	3.3663e-06	267.536	173	1	2	0	1	
65	0.1	0.373867	1	7.69561	-247.468	2.3047e-05	5.06891e-05	267.536	173	1	2	0	1	
65	0.1	0.373867	1	7.68153	-247.468	2.30468e-05	-4.76963e-05	267.536	173	1	2	0	1	
65	0.1	0.373867	1	7.66736	-247.468	1.0529e-05	-2.33817e-05	267.536	173	1	2	0	1	
65	0.1	0.373867	1	7.65311	-247.468	1.05312e-05	-4.43679e-05	267.536	173	1	2	0	1	
65	0.1	0.373867	1	7.63878	-247.468	-4.13319e-06	9.16297e-06	267.536	173	1	2	0	1	
65	0.1	0.373867	1	7.62437	-247.468	2.47149e-05	-9.98378e-06	267.536	173	1	2	0	1	
65	0.1	0.373867	1	7.60984	-247.467	1.6609e-05	-7.29394e-05	267.536	173	1	2	0	1	
65	0.1	0.373867	1	7.59523	-247.467	1.66101e-05	-4.05371e-05	267.537	173	1	2	0	1	
65	0.1	0.373867	1	7.58054	-247.467	1.37485e-05	-1.75423e-05	267.537	173	1	2	0	1	
65	0.1	0.373867	1	7.56577	-247.467	1.5894e-05	-7.54329e-05	267.537	173	1	2	0	1	
65	0.1	0.373867	1	7.55087	-247.467	1.0768e-05	3.93505e-06	267.537	173	1	2	0	1	
65	0.1	0.373867	1	7.53591	-247.467	1.67284e-05	-1.85075e-05	267.537	173	1	2	0	1	
65	0.1	0.373867	1	7.52083	-247.467	1.80389e-05	-7.08656e-06	267.537	173	1	2	0	1	
65	0.1	0.373867	1	7.50566	-247.467	-1.27165e-05	-2.138e-05	267.537	173	1	2	0	1	
65	0.1	0.373867	1	7.49039	-247.467	-1.27157e-05	1.97401e-05	267.537	173	1	2	0	1	
65	0.1	0.373867	1	7.47501	-247.467	-1.4027e-05	1.94502e-05	267.537	173	1	2	0	1	
65	0.1	0.373867	1	7.45955	-247.467	-1.40276e-05	9.02312e-06	267.537	173	1	2	0	1	
65	0.1	0.373868	1	7.44396	-247.467	1.25561e-05	-2.36883e-05	267.537	173	1	2	0	1	
65	0.1	0.373868	1	7.42829	-247.467	1.25558e-05	-3.44465e-05	267.537	173	1	2	0	1	
65	0.1	0.373868	1	7.41249	-247.467	1.25567e-05	-1.01143e-05	267.537	173	1	2	0	1	
65	0.1	0.373868	1	7.3966	-247.467	1.63708e-05	1.19379e-05	267.537	173	1	2	0	1	
65	0.1	0.373868	1	7.38059	-247.467	1.93511e-05	-7.30031e-05	267.537	173	1	2	0	1	
65	0.1	0.373868	1	7.36446	-247.467	1.93519e-05	3.88459e-05	267.537	173	1	2	0	1	
65	0.1	0.373868	1	7.34822	-247.467	-2.51151e-05	1.04112e-05	267.537	173	1	2	0	1	
65	0.1	0.373868	1	7.33187	-247.467	-2.51148e-05	3.4292e-08	267.537	173	1	2	0	1	
65	0.1	0.373868	1	7.31538	-247.467	1.35098e-05	5.39198e-06	267.537	173	1	2	0	1	
65	0.1	0.373868	1	7.2988	-247.467	1.5894e-05	1.94873e-05	267.537	173	1	2	0	1	
65	0.1	0.373868	1	7.28207	-247.467	1.58937e-05	8.64662e-06	267.537	173	1	2	0	1	
65	0.1	0.373868	1	7.26523	-247.467	-1.55766e-05	4.21942e-07	267.537	173	1	2	0	1	
65	0.1	0.373868	1	7.24827	-247.467	-1.55776e-05	-1.70619e-05	267.537	173	1	2	0	1	
65	0.1	0.373868	1	7.23118	-247.467	1.27644e-05	-8.03233e-06	267.537	173	1	2	0	1	
65	0.1	0.373868	1	7.21394	-247.467	1.62516e-05	1.95242e-05	267.537	173	1	2	0	1	
65	0.1	0.373868	1	7.19623	-247.467	2.70997e-05	-2.57434e-09	267.537	173	1	2	0	1	
65	0.1	0.373868	1	7.17908	-247.467	1.01719e-05	3.44834e-05	267.537	173	1	2	0	1	
65	0.1	0.373868	1	7.16143	-247.467	-7.95311e-07	2.93458e-05	267.537	173	1	2	0	1	
65	0.1	0.373868	1	7.14368	-247.467	-8.84194e-06	1.1261e-05	267.537	173	1	2	0	1	
65	0.1	0.373868	1	7.12576	-247.467	2.23306e-05	-1.44479e-05	267.537	173	1	2	0	1	
65	0.1	0.373868	1	7.10772	-247.467	1.94699e-05	5.35724e-06	267.537	173	1	2	0	1	
65	0.1	0.373868	1	7.08951	-247.467	-5.44414e-06	6.58935e-06	267.537	173	1	2	0	1	
65	0.1	0.373868	1	7.07116	-247.467	-2.22526e-05	5.55073e-06	267.537	173	1	2	0	1	
65	0.1	0.373868	1	7.05225	-247.467	1.99468e-05	-2.84236e-05	267.537	173	1	2	0	1	
65	0.1	0.373868	1	7.03348	-247.467	1.99468e-05	1.67452e-05	267.537	173	1	2	0	1	
65	0.1	0.373868	1	7.01456	-247.467	-1.60534e-05	-7.72457e-06	267.537	173	1	2	0	1	
65	0.1	0.373868	1	6.99594	-247.467	-6.77135e-06	1.69021e-05	267.537	173	1	2	0	1	
65	0.1	0.373868	1	6.97676	-247.467	7.31093e-06	8.93196e-06	267.537	173	1	2	0	1	
65	0.1	0.373869	1	6.95739	-247.467	-4.78847e-06	2.32734e-05	267.537	173	1	2	0	1	
65	0.1	0.373869	1	6.93785	-247.467	2.3285e-05	-2.21517e-05	267.537	173	1	2	0	1	
65	0.1	0.373869	1	6.91813	-247.467	-1.51004e-05	3.24694e-05	267.537	173	1	2	0	1	
65	0.1	0.373869	1	6.89823	-247.467	-1.51004e-05	-7.0673e-06	267.537	173	1	2	0	1	
65	0.1	0.373869	1	6.87814	-247.467	-1.74846e-05	2.81854e-05	267.537	173	1	2	0	1	
65	0.1	0.373869	1	6.85785	-247.467	-2.59488e-05	1.48228e-05	267.537	173	1	2	0	1	
65	0.1	0.373869	1	6.83736	-247.467	5.40287e-06	-2.07959e-05	267.537	173	1	2	0	1	
65	0.1	0.373869	1	6.81668	-247.467	-2.39215e-05	1.45471e-05	267.537	173	1	2	0	1	
65	0.1	0.373869	1	6.7958	-247.467	1.35083e-06	8.72744e-06	267.537	173	1	2	0	1	
65	0.1	0.373869	1	6.77471	-247.467	-1.60537e-05	-3.25587e-05	267.537	173	1	2	0	1	
65	0.1	0.373869	1	6.75338	-247.467	2.21518e-05	-3.75976e-05	267.537	173	1	2	0	1	
65	0.1	0.373869	1	6.73186	-247.467	-4.39491e-05	-2.89339e-05	267.537	173	1	2	0	1	
65	0.1	0.373869	1	6.71009	-247.467	3.49661e-06	2.9292e-05	267.537	173	1	2	0	1	
65	0.1	0.373869	1	6.68809	-247.467	1.44631e-05	2.53529e-05	267.537	173	1	2	0	1	
65	0.1	0.373869	1	6.66588	-247.467	1.44639e-05	-1.25783e-05	267.537	173	1	2	0	1	
65	0.1	0.373869	1	6.64341	-247.467	1.44639e-05	2.68064e-05	267.537	173	1	2	0	1	
65	0.1	0.373869	1	6.62066	-247.467	1.57622e-07	2.97532e-05	267.537	173	1	2	0	1	
65	0.1	0.373869	1	6.59769	-247.467	-1.22394e-05	3.32097e-05	267.537	173	1	2	0	1	
65	0.1	0.373869	1	6.57444	-247.467	-1.98699e-06	-9.25561e-06	267.537	173	1	2	0	1	
65	0.1	0.373869	1	6.55094	-247.467	8.50304e-06	1.835e-05	267.537	173	1	2	0	1	
65	0.1	0.373869	1	6.52716	-247.467	-2.02856e-05	1.72994e-05	267.537	173	1	2	0	1	
65	0.1	0.373869	1	6.50299	-247.467	-9.55677e-06	2.86692e-05	267.537	173	1	2	0	1	
65	0.1	0.373869	1	6.47861	-247.467	-5.22937e-05	3.53028e-05	267.537	173	1	2	0	1	
65	0.1	0.373869	1	6.45393	-247.467	5.26105e-05	2.01372e-05	267.537	173	1	2	0	1	
65	0.1	0.373869	1	6.42894	-247.467	2.3583e-05	9.56059e-06	267.537	173	1	2	0	1	
65	0.1	0.373869	1	6.40361	-247.467	3.71137e-05	-2.42949e-05	267.537	173	1	2	0	1	
65	0.1	0.373869	1	6.37798	-247.467	1.16025e-05	1.62886e-06	267.537	173	1	2	0	1	
65	0.1	0.373869	1	6.35199	-247.467	-1.12869e-05	-2.00362e-05	267.537	173	1	2	0	1	
65	0.1	0.373869	1	6.32565	-247.467	-2.23722e-05	5.13435e-05	267.537	173	1	2	0	1	
65	0.1	0.37387	1	6.29892	-247.467	-1.77818e-05	-3.27003e-06	267.537	173	1	2	0	1	
65	0.1	0.37387	1	6.27184	-247.467	-3.32198e-05	-1.12946e-05	267.537	173	1	2	0	1	
65	0.1	0.37387	1	6.24438	-247.467	1.11165e-06	9.00767e-06	267.537	173	1	2	0	1	
65	0.1	0.37387	1	6.21649	-247.467	-1.11656e-05	-5.37774e-06	267.537	173	1	2	0	1	
65	0.1	0.37387	1	6.18821	-247.467	-1.82014e-05	-5.65513e-06	267.537	173	1	2	0	1	
65	0.1	0.37387	1	6.15948	-247.467	-2.36826e-05	1.98638e-05	267.537	173	1	2	0	1	
65	0.1	0.37387	1	6.13035	-247.467	6.59611e-05	-3.71188e-05	267.537	173	1	2	0	1	
65	0.1	0.37387	1	6.10071	-247.467	3.25785e-06	-1.73645e-05	267.537	173	1	2	0	1	
65	0.1	0.37387	1	6.07061	-247.467	-1.93924e-05	1.68957e-05	267.537	173	1	2	0	1	
65	0.1	0.37387	1	6.04002	-247.467	-1.00033e-05	2.22243e-05	267.537	173	1	2	0	1	
65	0.1	0.37387	1	6.0089	-247.467	4.06916e-05	2.08426e-05	267.537	173	1	2	0	1	
65	0.1	0.37387	1	5.97727	-247.467	-2.55913e-05	3.31102e-05	267.537	173	1	2	0	1	
65	0.1	0.37387	1	5.94502	-247.467	4.21153e-06	-4.01151e-05	267.537	173	1	2	0	1	
65	0.1	0.37387	1	5.91223	-247.467	-1.69481e-05	-1.238e-05	267.537	173	1	2	0	1	
65	0.1	0.37387	1	5.87883	-247.467	6.11888e-06	1.31519e-05	267.537	173	1	2	0	1	
65	0.1	0.37387	1	5.84479	-247.467	-1.70088e-05	1.68047e-05	267.537	173	1	2	0	1	
65	0.1	0.37387	1	5.80976	-247.467	1.47029e-05	2.56592e-05	267.537	173	1	2	0	1	
65	0.1	0.37387	1	5.77429	-247.467	2.06481e-06	2.5939e-05	267.537	173	1	2	0	1	
65	0.1	0.37387	1	5.73812	-247.467	1.8397e-05	4.36996e-06	267.537	173	1	2	0	1	
65	0.1	0.37387	1	5.70121	-247.467	2.40003e-05	-1.02061e-05	267.537	173	1	2	0	1	
65	0.1	0.37387	1	5.66342	-247.467	4.11669e-05	1.6146e-05	267.537	173	1	2	0	1	
65	0.1	0.37387	1	5.6248	-247.467	-9.85515e-06	-3.51426e-05	267.538	173	1	2	0	1	
65	0.1	0.37387	1	5.5853	-247.467	1.29141e-06	2.07731e-05	267.538	173	1	2	0	1	
65	0.1	0.37387	1	5.54482	-247.467	8.56155e-06	6.12083e-06	267.538	173	1	2	0	1	
65	0.1	0.37387	1	5.5034	-247.467	-7.94737e-07	-1.62207e-05	267.538	173	1	2	0	1	
65	0.1	0.37387	1	5.46086	-247.467	1.47025e-05	2.70623e-05	267.538	173	1	2	0	1	
65	0.1	0.37387	1	5.41716	-247.467	2.54313e-05	-7.94524e-05	267.538	173	1	2	0	1	
65	0.1	0.37387	1	5.37231	-247.467	-3.70354e-05	-4.91569e-05	267.538	173	1	2	0	1	
65	0.1	0.373871	1	5.32618	-247.467	7.54941e-06	-9.67896e-06	267.538	173	1	2	0	1	
65	0.1	0.373871	1	5.27865	-247.467	-1.42057e-05	-9.25864e-06	267.538	173	1	2	0	1	
65	0.1	0.373871	1	5.22964	-247.466	7.16846e-05	2.41653e-05	267.538	173	1	2	0	1	
65	0.1	0.373871	1	5.17905	-247.466	-1.67687e-05	-7.66553e-05	267.538	173	1	2	0	1	
65	0.1	0.373871	1	5.12674	-247.466	-2.03445e-05	-8.1955e-05	267.538	173	1	2	0	1	
65	0.1	0.373871	1	5.07264	-247.466	-4.94326e-05	2.23664e-05	267.538	173	1	2	0	1	
65	0.1	0.373871	1	5.01648	-247.466	-9.85513e-06	1.88526e-05	267.538	173	1	2	0	1	
65	0.1	0.373871	1	4.95811	-247.466	1.20792e-05	-1.55007e-05	267.538	173	1	2	0	1	
65	0.1	0.373871	1	4.89732	-247.466	3.306e-05	2.37249e-05	267.538	173	1	2	0	1	
65	0.1	0.373871	1	4.83389	-247.466	2.2212e-05	-2.76838e-06	267.538	173	1	2	0	1	
65	0.1	0.373871	1	4.76754	-247.466	1.66091e-05	2.11784e-05	267.538	173	1	2	0	1	
65	0.1	0.373871	1	4.69794	-247.466	-2.59784e-05	2.92345e-05	267.538	173	1	2	0	1	
65	0.1	0.373871	1	4.62455	-247.466	1.68476e-05	-1.09679e-05	267.538	173	1	2	0	1	
65	0.1	0.373871	1	4.54711	-247.466	5.40346e-06	6.34964e-06	267.538	173	1	2	0	1	
65	0.1	0.373871	1	4.46479	-247.466	-3.17911e-06	1.82219e-05	267.538	173	1	2	0	1	
65	0.1	0.373882	-2	0	0	0	0	0	173	1	2	0	1	
65	0.1	0.373899	-2	0	0	0	0	0	173	1	2	0	1	
65	0.1	0.373917	-2	0	0	0	0	0	173	1	2	0	1	
65	0.1	0.373935	-2	0	0	0	0	0	173	1	2	0	1	
65	0.1	0.373952	-2	0	0	0	0	0	173	1	2	0	1	
65	0.1	0.37397	-2	0	0	0	0	0	173	1	2	0	1	
