65	0.1	0.1	-2	0	0	0	0	0	173	0	2	
65	0.1	0.10303	-2	0	0	0	0	0	173	0	2	
65	0.1	0.106061	-2	0	0	0	0	0	173	0	2	
65	0.1	0.109091	-3	0	0	0	0	0	173	0	2	
65	0.1	0.112121	-3	0	0	0	0	0	173	0	2	
65	0.1	0.115152	-2	0	0	0	0	0	173	0	2	
65	0.1	0.118182	-2	0	0	0	0	0	173	0	2	
65	0.1	0.121212	-2	0	0	0	0	0	173	0	2	
65	0.1	0.124242	-2	0	0	0	0	0	173	0	2	
65	0.1	0.127273	1	162.108	27.5097	5.49018e-06	0.000317634	3.0641e-06	173	0	2	
65	0.1	0.130303	1	162.063	27.7165	5.97814e-06	-1.28197e-05	3.54797e-06	173	0	2	
65	0.1	0.133333	1	162.028	27.4549	9.48067e-07	0.000235536	-2.25024e-06	173	0	2	
65	0.1	0.136364	1	161.985	27.4352	3.31802e-06	-0.000107784	-1.18923e-05	173	0	2	
65	0.1	0.139394	1	161.942	-27.4317	-5.8733e-06	-3.97106e-05	-5.23614e-06	173	0	2	
65	0.1	0.142424	1	161.893	27.3369	2.59596e-06	-0.000311555	6.03582e-06	173	0	2	
65	0.1	0.145455	1	161.845	27.5698	-1.17907e-05	-6.87589e-05	1.23996e-05	173	0	2	
65	0.1	0.148485	1	161.793	27.6148	-1.97624e-05	5.39872e-05	-1.67451e-05	173	0	2	
65	0.1	0.151515	1	161.73	28.0208	-1.36257e-05	3.86856e-05	5.68339e-06	173	0	2	
65	0.1	0.154545	1	161.672	27.9868	-1.55881e-05	-5.13022e-05	3.13852e-06	173	0	2	
65	0.1	0.157576	1	161.605	28.0605	-6.50502e-06	0.000430868	-1.82378e-05	173	0	2	
65	0.1	0.160606	1	161.515	28.5114	-4.5061e-06	-0.000335088	-4.91703e-06	173	0	2	
65	0.1	0.163636	-2	0	0	0	0	0	173	0	2	
65	0.1	0.166667	-2	0	0	0	0	0	173	0	2	
65	0.1	0.169697	-3	0	0	0	0	0	173	0	2	
65	0.1	0.172727	-3	0	0	0	0	0	173	0	2	
65	0.1	0.175758	-2	0	0	0	0	0	173	0	2	
65	0.1	0.178788	-2	0	0	0	0	0	173	0	2	
65	0.1	0.181818	1	160.888	38.884	4.65408e-05	9.03487e-05	29.4569	173	0	2	
65	0.1	0.184848	1	160.243	50.881	-7.54939e-05	3.74366e-06	42.3006	173	0	2	
65	0.1	0.187879	1	159.513	60.2993	1.72554e-06	-9.48505e-05	52.1673	173	0	2	
65	0.1	0.190909	3	158.648	69.0861	-8.02556e-05	1.94996e-05	66.7508	173	0	2	
65	0.1	0.193939	3	157.745	76.7119	6.43703e-05	4.04044e-05	74.8052	173	0	2	
65	0.1	0.19697	3	156.806	83.5878	5.10531e-05	-4.6962e-05	82.1597	173	0	2	
65	0.1	0.2	3	155.858	89.7551	1.18342e-05	7.06429e-05	88.6216	173	0	2	
65	0.1	0.20303	3	154.892	95.439	-2.2048e-05	6.57555e-05	94.5784	173	0	2	
65	0.1	0.206061	3	153.91	100.738	1.591e-06	-1.2226e-05	100.145	173	0	2	
65	0.1	0.209091	3	152.912	105.722	1.15806e-05	5.05246e-06	105.397	173	0	2	
65	0.1	0.212121	3	151.898	110.441	-1.66079e-05	-8.79571e-07	110.389	173	0	2	
65	0.1	0.215152	3	150.868	114.935	-2.42278e-05	3.54099e-05	115.159	173	0	2	
65	0.1	0.218182	3	149.822	119.233	-2.90934e-05	-2.46123e-05	119.738	173	0	2	
65	0.1	0.221212	3	148.759	123.359	-4.35772e-05	-1.87598e-05	124.15	173	0	2	
65	0.1	0.224242	3	147.681	127.333	-9.34402e-06	5.78017e-06	128.415	173	0	2	
65	0.1	0.227273	3	146.585	131.17	-3.05847e-05	-6.07113e-06	132.549	173	0	2	
65	0.1	0.230303	3	145.473	134.885	3.19946e-06	1.1588e-05	136.563	173	0	2	
65	0.1	0.233333	3	144.343	138.488	1.29557e-05	1.799e-05	140.471	173	0	2	
65	0.1	0.236364	3	143.195	141.989	-2.78527e-07	1.98307e-05	144.281	173	0	2	
65	0.1	0.239394	3	142.03	145.396	-3.54104e-05	-7.83035e-05	148.001	173	0	2	
65	0.1	0.242424	3	140.843	149.068	-3.54351e-05	-4.51904e-05	151.638	173	0	2	
65	0.1	0.245455	3	139.646	152.432	-9.06634e-06	-7.9872e-07	155.197	173	0	2	
65	0.1	0.248485	3	138.426	155.689	-2.37724e-05	-2.65225e-05	158.685	173	0	2	
65	0.1	0.251515	3	137.187	158.856	8.37013e-06	1.33788e-05	162.106	173	0	2	
65	0.1	0.254545	3	135.927	161.945	1.19911e-06	5.56794e-06	165.465	173	0	2	
65	0.1	0.257576	3	134.645	164.964	2.69613e-05	1.6998e-05	168.765	173	0	2	
65	0.1	0.260606	3	133.342	167.918	-2.09212e-05	-2.8519e-05	172.01	173	0	2	
65	0.1	0.263636	3	132.015	170.809	-1.02018e-05	2.22968e-05	175.203	173	0	2	
65	0.1	0.266667	3	130.665	173.643	3.33308e-05	1.10718e-05	178.347	173	0	2	
65	0.1	0.269697	3	129.289	176.426	5.71609e-06	-7.10884e-06	181.443	173	0	2	
65	0.1	0.272727	3	127.888	179.158	2.56605e-05	1.3381e-05	184.495	173	0	2	
65	0.1	0.275758	3	126.459	181.842	-7.42584e-05	-3.03447e-06	187.504	173	0	2	
65	0.1	0.278788	3	125.002	184.48	-1.0372e-05	-4.90888e-06	190.473	173	0	2	
65	0.1	0.281818	3	123.515	187.074	7.25675e-05	8.00749e-06	193.403	173	0	2	
65	0.1	0.284848	3	121.998	189.626	-4.26777e-06	1.82909e-05	196.296	173	0	2	
65	0.1	0.287879	3	120.447	192.138	-2.20411e-05	-6.8106e-06	199.152	173	0	2	
65	0.1	0.290909	3	118.862	194.61	1.39518e-05	-9.30046e-06	201.975	173	0	2	
65	0.1	0.293939	3	117.24	197.045	-3.23601e-05	1.61471e-05	204.764	173	0	2	
65	0.1	0.29697	3	115.58	199.442	5.48112e-06	2.39681e-06	207.522	173	0	2	
65	0.1	0.3	3	113.879	201.804	1.13133e-05	-8.57461e-06	210.249	173	0	2	
65	0.1	0.30303	3	112.138	204.126	-4.57246e-06	1.88699e-05	212.945	173	0	2	
65	0.1	0.306061	3	110.345	206.423	1.71128e-05	6.68307e-06	215.614	173	0	2	
65	0.1	0.309091	3	108.505	208.681	-1.40859e-05	2.38459e-05	218.254	173	0	2	
65	0.1	0.312121	3	106.612	210.906	-1.19482e-05	-1.99161e-05	220.867	173	0	2	
65	0.1	0.315152	3	104.663	213.099	1.55914e-05	-7.83578e-06	223.453	173	0	2	
65	0.1	0.318182	3	102.652	215.258	5.0767e-05	-1.71357e-05	226.014	173	0	2	
65	0.1	0.321212	3	100.574	217.385	6.17602e-06	9.05254e-06	228.55	173	0	2	
65	0.1	0.324242	3	98.4228	219.48	6.4658e-06	-2.4471e-05	231.06	173	0	2	
65	0.1	0.327273	3	96.192	221.541	1.16778e-05	2.6638e-05	233.55	173	0	2	
65	0.1	0.330303	3	93.8731	223.57	2.86417e-05	-1.77476e-05	236.014	173	0	2	
65	0.1	0.333333	3	91.4531	225.567	5.37166e-06	2.38411e-05	238.456	173	0	2	
65	0.1	0.336364	3	88.9293	227.525	1.57648e-05	8.95255e-06	240.875	173	0	2	
65	0.1	0.339394	3	86.2781	229.449	1.42823e-06	-4.23856e-06	243.272	173	0	2	
65	0.1	0.342424	3	83.4845	231.336	-9.71875e-06	1.79697e-05	245.648	173	0	2	
65	0.1	0.345455	3	80.5258	233.184	2.66418e-05	-2.58845e-06	248.002	173	0	2	
65	0.1	0.348485	3	77.3696	234.992	2.75149e-05	2.65293e-05	250.335	173	0	2	
65	0.1	0.351515	3	73.9815	236.753	-4.11854e-06	6.13406e-06	252.647	173	0	2	
65	0.1	0.354545	3	70.3047	238.462	1.04497e-05	4.22742e-06	254.938	173	0	2	
65	0.1	0.357576	3	66.2613	240.11	2.00709e-05	4.60858e-05	257.208	173	0	2	
65	0.1	0.360606	3	61.7203	241.685	7.76936e-06	-5.49265e-06	259.456	173	0	2	
65	0.1	0.363636	3	56.4685	243.142	3.93436e-06	9.14385e-06	261.683	173	0	2	
65	0.1	0.366667	3	50.0918	244.498	-8.69004e-06	-4.33998e-05	263.885	173	0	2	
65	0.1	0.369697	3	41.4245	245.985	5.6333e-06	-1.49483e-05	266.062	173	0	2	
65	0.1	0.372727	3	22.143	247.335	-2.54859e-05	-1.27712e-05	268.188	173	0	2	
65	0.1	0.375758	-3	0	0	0	0	0	173	0	2	
65	0.1	0.378788	-3	0	0	0	0	0	173	0	2	
65	0.1	0.381818	-3	0	0	0	0	0	173	0	2	
65	0.1	0.384848	-3	0	0	0	0	0	173	0	2	
65	0.1	0.387879	-3	0	0	0	0	0	173	0	2	
65	0.1	0.390909	-3	0	0	0	0	0	173	0	2	
65	0.1	0.393939	-3	0	0	0	0	0	173	0	2	
65	0.1	0.39697	-3	0	0	0	0	0	173	0	2	
65	0.1	0.4	-3	0	0	0	0	0	173	0	2	
