65	0.1	0.1	1	162.725	48.4601	7.90373e-06	1.93815e-05	4.43529e-06	162.725	1	2	0	1	
65	0.1	0.101508	1	162.712	48.4573	-1.26221e-05	1.41793e-05	3.88545e-06	162.712	1	2	0	1	
65	0.1	0.103015	1	162.699	48.4546	1.31518e-05	1.19258e-05	1.58493e-05	162.699	1	2	0	1	
65	0.1	0.104523	1	162.687	48.4519	8.79004e-06	1.85219e-05	9.70324e-06	162.687	1	2	0	1	
65	0.1	0.10603	1	162.674	48.4494	1.2104e-05	-1.05199e-05	2.68023e-05	162.674	1	2	0	1	
65	0.1	0.107538	1	162.661	48.4471	-5.0159e-06	1.17065e-05	1.91263e-05	162.661	1	2	0	1	
65	0.1	0.109045	1	162.648	48.4449	-8.16977e-06	-2.08145e-05	5.54164e-06	162.648	1	2	0	1	
65	0.1	0.110553	1	162.635	48.4428	9.22532e-06	5.04e-06	8.65974e-06	162.635	1	2	0	1	
65	0.1	0.11206	1	162.622	48.4409	-1.02977e-05	4.07794e-06	-2.13891e-05	162.622	1	2	0	1	
65	0.1	0.113568	1	162.608	48.4391	-1.72168e-05	-7.13623e-06	-1.32096e-05	162.608	1	2	0	1	
65	0.1	0.115075	1	162.595	48.4374	2.98865e-06	1.82647e-05	1.4127e-05	162.595	1	2	0	1	
65	0.1	0.116583	1	162.582	48.4359	7.48777e-06	8.27352e-06	2.64849e-05	162.582	1	2	0	1	
65	0.1	0.11809	1	162.568	48.4347	-7.57481e-06	-1.73817e-05	-3.32434e-06	162.568	1	2	0	1	
65	0.1	0.119598	1	162.555	48.4334	-3.99397e-06	4.81896e-07	1.10439e-05	162.555	1	2	0	1	
65	0.1	0.121106	1	162.541	48.4324	-2.55553e-06	-4.47772e-06	6.775e-06	162.541	1	2	0	1	
65	0.1	0.122613	1	162.527	48.4316	2.26307e-05	-7.24334e-06	1.17845e-05	162.527	1	2	0	1	
65	0.1	0.124121	1	162.513	48.431	-3.46268e-06	2.61288e-05	-3.37824e-07	162.513	1	2	0	1	
65	0.1	0.125628	1	162.499	48.4305	8.19217e-06	-1.92205e-05	8.32181e-07	162.499	1	2	0	1	
65	0.1	0.127136	1	162.485	48.4302	2.63454e-05	-1.2509e-05	6.92745e-09	162.485	1	2	0	1	
65	0.1	0.128643	1	162.471	48.4298	-1.65946e-06	1.86198e-05	1.41986e-05	162.471	1	2	0	1	
65	0.1	0.130151	1	162.457	48.4296	1.27185e-05	2.06907e-05	-9.12203e-06	162.457	1	2	0	1	
65	0.1	0.131658	1	162.442	48.4297	1.19595e-06	1.23762e-05	-2.27163e-06	162.442	1	2	0	1	
65	0.1	0.133166	1	162.428	48.4292	1.45846e-06	-1.44945e-05	3.82142e-06	162.428	1	2	0	1	
65	0.1	0.134673	1	162.413	48.4284	-6.72511e-07	-3.80034e-06	8.93074e-06	162.413	1	2	0	1	
65	0.1	0.136181	1	162.398	48.4301	-3.40225e-06	1.30635e-05	3.29102e-06	162.398	1	2	0	1	
65	0.1	0.137688	1	162.384	48.4216	-1.696e-05	-5.58573e-06	-4.27346e-06	162.384	1	2	0	1	
65	0.1	0.139196	1	162.37	48.4157	1.59084e-07	6.15344e-06	8.39777e-06	162.37	1	2	0	1	
65	0.1	0.140704	1	162.356	48.3636	3.95691e-06	-8.24359e-06	-1.0673e-05	162.356	1	2	0	1	
65	0.1	0.142211	1	162.34	48.4131	1.54454e-05	-6.70701e-06	-8.5865e-06	162.34	1	2	0	1	
65	0.1	0.143719	1	162.324	48.5091	-2.38966e-05	-1.20796e-05	-2.55422e-05	162.324	1	2	0	1	
65	0.1	0.145226	1	162.308	48.3368	-1.9744e-06	-1.5914e-06	-8.06254e-07	162.308	1	2	0	1	
65	0.1	0.146734	1	162.291	48.4495	3.47061e-05	-2.86101e-05	3.17196e-05	162.291	1	2	0	1	
65	0.1	0.148241	1	162.275	48.4837	-7.30863e-06	-8.4171e-06	1.71574e-05	162.275	1	2	0	1	
65	0.1	0.149749	1	162.258	48.5352	-2.09235e-05	-8.50024e-06	-2.64911e-05	162.258	1	2	0	1	
65	0.1	0.151256	1	162.241	48.4969	-8.39905e-06	-1.49796e-05	-2.6832e-05	162.241	1	2	0	1	
65	0.1	0.152764	1	162.224	48.5091	-2.49669e-05	1.62415e-06	-3.47291e-06	162.224	1	2	0	1	
65	0.1	0.154271	1	162.206	48.5209	1.58481e-05	1.56084e-05	1.82772e-05	162.206	1	2	0	1	
65	0.1	0.155779	1	162.189	48.5263	8.99744e-06	-7.67287e-06	-2.15506e-05	162.189	1	2	0	1	
65	0.1	0.157286	1	162.171	48.5366	-5.09507e-06	-1.76158e-07	1.26357e-05	162.171	1	2	0	1	
65	0.1	0.158794	1	162.153	48.5482	1.58276e-05	-1.36505e-06	3.61358e-06	162.153	1	2	0	1	
65	0.1	0.160302	1	162.135	48.5604	5.6505e-06	9.68313e-06	-2.86371e-05	162.135	1	2	0	1	
65	0.1	0.161809	1	162.116	48.5743	-1.98544e-06	1.33843e-05	3.33739e-06	162.116	1	2	0	1	
65	0.1	0.163317	1	162.098	48.5896	1.10444e-05	1.17558e-06	7.24275e-06	162.098	1	2	0	1	
65	0.1	0.164824	1	162.078	48.6066	-1.41174e-06	4.61247e-06	2.84201e-05	162.079	1	2	0	1	
65	0.1	0.166332	1	162.059	48.6256	2.78402e-05	5.54885e-06	2.67131e-05	162.059	1	2	0	1	
65	0.1	0.167839	1	162.039	48.6466	-8.41622e-07	-8.54214e-06	4.07044e-05	162.039	1	2	0	1	
65	0.1	0.169347	1	162.019	48.6699	2.6566e-05	5.31715e-06	1.74679e-05	162.019	1	2	0	1	
65	0.1	0.170854	1	161.998	48.6959	3.05719e-05	-1.70062e-07	3.89708e-05	161.998	1	2	0	1	
65	0.1	0.172362	1	161.977	48.7251	1.69913e-05	-2.12196e-06	2.10098e-05	161.977	1	2	0	1	
65	0.1	0.173869	1	161.955	48.7581	3.76609e-05	7.99958e-06	-9.18079e-05	161.955	1	2	0	1	
65	0.1	0.176884	1	161.866	49.9933	-5.08045e-06	4.52592e-06	22.921	161.866	1	2	0	1	
65	0.1	0.178392	1	161.712	53.0709	-1.75095e-05	-4.32855e-06	32.7038	161.712	1	2	0	1	
65	0.1	0.179899	1	161.491	56.9106	-3.83557e-05	-1.93516e-06	40.1088	161.491	1	2	0	1	
65	0.1	0.181407	1	161.223	60.904	1.66472e-06	4.27786e-06	46.3096	161.223	1	2	0	1	
65	0.1	0.182915	1	160.914	64.9113	6.87514e-06	-4.21889e-06	51.7563	160.914	1	2	0	1	
65	0.1	0.184422	1	160.588	68.6612	3.95769e-05	1.01151e-05	56.6592	160.588	1	2	0	1	
65	0.1	0.18593	1	160.239	72.2744	3.9585e-05	1.33671e-05	61.164	160.239	1	2	0	1	
65	0.1	0.187437	1	159.872	75.742	-4.76442e-05	-2.47438e-05	65.3512	159.872	1	2	0	1	
65	0.1	0.188945	1	159.49	79.0704	-2.81562e-06	1.20535e-05	69.1852	159.49	1	2	0	1	
65	0.1	0.190452	1	159.095	82.2721	-5.69712e-05	-6.17931e-06	73.0678	159.095	1	2	0	1	
65	0.1	0.19196	1	158.69	85.3436	9.09334e-05	1.44913e-05	76.4492	158.69	1	2	0	1	
65	0.1	0.193467	1	158.276	88.3021	-3.13404e-05	6.27967e-06	79.766	158.276	1	2	0	1	
65	0.1	0.194975	1	157.852	91.1588	-8.57971e-06	-1.64724e-05	82.9607	157.852	1	2	0	1	
65	0.1	0.196482	1	157.421	93.9228	0.00010819	-1.57108e-05	86.039	157.421	1	2	0	1	
65	0.1	0.19799	1	156.982	96.6021	3.54829e-05	6.48336e-06	89.0121	156.982	1	2	0	1	
65	0.1	0.199497	1	156.536	99.2037	4.17382e-05	1.12416e-05	91.8899	156.536	1	2	0	1	
65	0.1	0.201005	1	156.083	101.734	-1.84393e-06	1.69047e-05	94.6812	156.083	1	2	0	1	
65	0.1	0.202513	1	155.624	104.197	2.34656e-05	-1.57565e-05	97.3936	155.624	1	2	0	1	
65	0.1	0.20402	1	155.159	106.599	-2.87003e-05	1.47803e-07	100.034	155.159	1	2	0	1	
65	0.1	0.205528	1	154.688	108.944	-5.95949e-05	-1.30232e-05	102.607	154.688	1	2	0	1	
65	0.1	0.207035	1	154.211	111.235	1.04699e-05	-9.82884e-06	105.119	154.212	1	2	0	1	
65	0.1	0.208543	1	153.729	113.476	-9.17081e-05	-1.9474e-05	107.573	153.729	1	2	0	1	
65	0.1	0.21005	1	153.242	115.671	6.30739e-05	-1.55979e-05	109.975	153.242	1	2	0	1	
65	0.1	0.211558	1	152.749	117.821	-7.6162e-05	-1.21634e-05	112.327	152.749	1	2	0	1	
65	0.1	0.213065	1	152.251	119.93	2.24615e-05	-7.51656e-07	114.633	152.251	1	2	0	1	
65	0.1	0.214573	1	151.747	121.999	-3.07757e-05	-4.24402e-06	116.895	151.748	1	2	0	1	
65	0.1	0.21608	1	151.239	124.032	1.31024e-05	-1.53306e-05	119.116	151.239	1	2	0	1	
65	0.1	0.217588	1	150.726	126.03	3.6728e-06	-6.31401e-06	121.299	150.726	1	2	0	1	
65	0.1	0.219095	1	150.208	127.995	-9.8637e-06	4.80151e-06	123.445	150.208	1	2	0	1	
65	0.1	0.220603	1	149.685	129.929	-6.05248e-06	-5.1148e-06	125.557	149.685	1	2	0	1	
65	0.1	0.222111	1	149.157	131.833	1.45958e-05	7.33726e-06	127.636	149.157	1	2	0	1	
65	0.1	0.223618	1	148.624	133.711	1.79927e-05	1.38515e-05	129.685	148.624	1	2	0	1	
65	0.1	0.225126	1	148.086	135.564	1.51064e-05	-2.16292e-05	131.703	148.086	1	2	0	1	
65	0.1	0.226633	1	147.544	137.395	-1.80905e-05	7.20326e-06	133.694	147.544	1	2	0	1	
65	0.1	0.228141	1	146.996	139.211	-1.2583e-05	1.64002e-05	135.658	146.996	1	2	0	1	
65	0.1	0.229648	1	146.444	141.028	1.1355e-07	1.60482e-05	137.596	146.445	1	2	0	1	
65	0.1	0.231156	1	145.889	142.954	4.33448e-05	1.13105e-05	139.509	145.889	1	2	0	1	
65	0.1	0.232663	1	145.328	144.455	-1.42489e-05	-2.36107e-06	141.399	145.328	1	2	0	1	
65	0.1	0.234171	1	144.76	146.068	6.84897e-08	6.13363e-06	143.267	144.76	1	2	0	1	
65	0.1	0.235678	1	144.187	147.694	-4.25306e-05	-2.31835e-05	145.114	144.188	1	2	0	1	
65	0.1	0.237186	1	143.609	149.314	1.92259e-05	5.93431e-06	146.94	143.609	1	2	0	1	
65	0.1	0.238693	1	143.025	150.922	2.73857e-05	-2.86894e-05	148.746	143.025	1	2	0	1	
65	0.1	0.240201	1	142.436	152.517	-2.7161e-05	4.42089e-06	150.534	142.436	1	2	0	1	
65	0.1	0.241709	1	141.841	154.098	-4.90091e-07	-2.92812e-06	152.303	141.842	1	2	0	1	
65	0.1	0.243216	1	141.241	155.665	4.86153e-06	-3.11089e-05	154.054	141.241	1	2	0	1	
65	0.1	0.244724	1	140.635	157.217	1.21611e-05	6.72411e-06	155.788	140.636	1	2	0	1	
65	0.1	0.246231	1	140.024	158.752	-1.22012e-05	1.14844e-05	157.506	140.025	1	2	0	1	
65	0.1	0.247739	1	139.407	160.279	-1.50242e-05	-1.27877e-06	159.207	139.408	1	2	0	1	
65	0.1	0.249246	1	138.785	161.787	-6.28255e-06	2.38422e-05	160.894	138.785	1	2	0	1	
65	0.1	0.250754	1	138.157	163.269	1.39394e-05	5.2436e-06	162.565	138.157	1	2	0	1	
65	0.1	0.252261	1	137.523	164.745	2.64394e-06	-8.86543e-06	164.222	137.523	1	2	0	1	
65	0.1	0.253769	1	136.882	166.232	-1.54469e-05	2.89002e-06	165.864	136.883	1	2	0	1	
65	0.1	0.255276	1	136.236	167.669	1.07834e-05	2.14738e-05	167.494	136.237	1	2	0	1	
65	0.1	0.256784	1	135.584	169.099	6.44568e-05	-3.35057e-05	169.11	135.585	1	2	0	1	
65	0.1	0.258291	1	134.926	170.531	1.29092e-06	-1.06352e-05	170.713	134.926	1	2	0	1	
65	0.1	0.259799	1	134.261	171.941	2.27227e-05	1.081e-06	172.304	134.261	1	2	0	1	
65	0.1	0.261307	1	133.59	173.342	2.3838e-05	3.06652e-05	173.882	133.59	1	2	0	1	
65	0.1	0.262814	1	132.912	174.73	3.50515e-05	-2.9522e-06	175.449	132.912	1	2	0	1	
65	0.1	0.264322	1	132.227	176.106	-1.20254e-05	-4.07438e-05	177.005	132.228	1	2	0	1	
65	0.1	0.265829	1	131.536	177.472	4.16873e-06	-5.69242e-07	178.549	131.537	1	2	0	1	
65	0.1	0.267337	1	130.838	178.824	1.95292e-05	1.1049e-05	180.083	130.838	1	2	0	1	
65	0.1	0.268844	1	130.132	180.115	-3.35907e-05	-1.69524e-07	181.606	130.133	1	2	0	1	
65	0.1	0.270352	1	129.42	181.493	6.73245e-07	-5.54219e-06	183.118	129.421	1	2	0	1	
65	0.1	0.271859	1	128.7	182.823	-2.16094e-06	1.57544e-05	184.621	128.7	1	2	0	1	
65	0.1	0.273367	1	127.972	184.135	1.35136e-05	-1.50888e-05	186.114	127.973	1	2	0	1	
65	0.1	0.274874	1	127.236	185.437	-4.51641e-06	-8.29464e-06	187.597	127.237	1	2	0	1	
65	0.1	0.276382	1	126.493	186.728	8.74417e-06	4.31173e-05	189.071	126.494	1	2	0	1	
65	0.1	0.277889	1	125.742	188.01	-3.59604e-06	1.39341e-06	190.536	125.743	1	2	0	1	
65	0.1	0.279397	1	124.982	189.282	-1.03542e-05	2.04347e-05	191.992	124.983	1	2	0	1	
65	0.1	0.280905	1	124.214	190.545	-4.42989e-06	5.71877e-06	193.44	124.215	1	2	0	1	
65	0.1	0.282412	1	123.436	191.799	-8.47639e-06	8.49066e-06	194.879	123.438	1	2	0	1	
65	0.1	0.28392	1	122.65	193.043	-1.76061e-06	-4.19937e-06	196.309	122.652	1	2	0	1	
65	0.1	0.285427	1	121.855	194.279	-5.42777e-06	1.0854e-05	197.732	121.856	1	2	0	1	
65	0.1	0.286935	1	121.05	195.506	-2.86149e-05	1.91588e-06	199.146	121.052	1	2	0	1	
65	0.1	0.288442	1	120.236	196.724	1.64917e-06	7.42762e-06	200.553	120.237	1	2	0	1	
65	0.1	0.28995	1	119.411	197.933	2.66348e-05	-1.6905e-05	201.952	119.413	1	2	0	1	
65	0.1	0.291457	1	118.576	199.135	3.27434e-05	1.31691e-05	203.344	118.578	1	2	0	1	
65	0.1	0.292965	1	117.73	200.327	-3.4828e-06	3.78936e-05	204.728	117.732	1	2	0	1	
65	0.1	0.294472	1	116.873	201.512	-2.3345e-05	1.09159e-05	206.105	116.875	1	2	0	1	
65	0.1	0.29598	1	116.005	202.688	-9.97961e-06	6.06152e-06	207.476	116.008	1	2	0	1	
65	0.1	0.297487	1	115.126	203.857	8.70829e-06	-2.13512e-06	208.839	115.128	1	2	0	1	
65	0.1	0.298995	1	114.235	205.016	2.56888e-06	3.35284e-05	210.196	114.237	1	2	0	1	
65	0.1	0.300503	1	113.329	206.171	1.44352e-06	-2.67534e-05	211.546	113.332	1	2	0	1	
65	0.1	0.30201	1	112.412	207.316	5.32787e-06	-1.28453e-05	212.89	112.414	1	2	0	1	
65	0.1	0.303518	1	111.48	208.453	3.97449e-05	1.10612e-05	214.227	111.483	1	2	0	1	
65	0.1	0.305025	1	110.535	209.583	-7.0913e-07	4.81899e-06	215.559	110.539	1	2	0	1	
65	0.1	0.306533	1	109.576	210.706	-1.49212e-05	-1.38951e-05	216.884	109.579	1	2	0	1	
65	0.1	0.30804	1	108.601	211.821	-5.35211e-06	8.41672e-06	218.203	108.605	1	2	0	1	
65	0.1	0.309548	1	107.61	212.929	-6.79164e-05	-1.86435e-05	219.517	107.614	1	2	0	1	
65	0.1	0.311055	1	106.603	214.03	-2.29567e-05	-1.48714e-05	220.825	106.608	1	2	0	1	
65	0.1	0.312563	1	105.579	215.123	-1.21536e-05	-1.39315e-06	222.128	105.579	1	2	0	1	
65	0.1	0.31407	1	104.537	216.209	6.85144e-06	-1.00194e-05	223.425	104.537	1	2	0	1	
65	0.1	0.315578	1	103.476	217.288	2.5434e-05	1.72753e-05	224.717	103.476	1	2	0	1	
65	0.1	0.317085	1	102.395	218.36	8.07903e-06	-2.30101e-05	226.005	102.395	1	2	0	1	
65	0.1	0.318593	1	101.293	219.425	-2.11022e-06	-1.46967e-05	227.287	101.294	1	2	0	1	
65	0.1	0.320101	1	100.17	220.483	-2.22794e-05	1.08958e-05	228.565	100.171	1	2	0	1	
65	0.1	0.321608	1	99.0237	221.534	-2.70143e-06	1.00984e-06	229.84	99.0242	1	2	0	1	
65	0.1	0.323116	1	97.853	222.578	-2.54263e-06	1.64557e-05	231.114	97.8535	1	2	0	1	
65	0.1	0.324623	1	96.6563	223.615	1.82544e-05	-6.2547e-06	232.398	96.6568	1	2	0	1	
65	0.1	0.326131	1	95.4324	224.646	-6.21838e-06	-6.16393e-08	233.625	95.433	1	2	0	1	
65	0.1	0.327638	1	94.1796	225.669	-3.53358e-05	-2.59083e-05	234.872	94.1803	1	2	0	1	
65	0.1	0.329146	1	92.8926	226.687	1.56499e-06	3.15297e-06	236.118	92.8935	1	2	0	1	
65	0.1	0.330653	1	91.5741	227.697	-5.41539e-06	-3.69427e-06	237.36	91.5751	1	2	0	1	
65	0.1	0.332161	1	90.2263	228.695	-3.25197e-05	2.25174e-05	238.599	90.2275	1	2	0	1	
65	0.1	0.333668	1	88.8352	229.69	3.27884e-06	-2.71371e-05	239.836	88.8366	1	2	0	1	
65	0.1	0.335176	1	87.4024	230.678	1.20125e-05	-8.39008e-06	241.07	87.404	1	2	0	1	
65	0.1	0.336683	1	85.9241	231.659	-8.64835e-06	6.67417e-06	242.301	85.9261	1	2	0	1	
65	0.1	0.338191	1	84.3963	232.633	4.57021e-06	6.78172e-06	243.53	84.3986	1	2	0	1	
65	0.1	0.339698	1	82.8138	233.6	5.20463e-06	1.84808e-05	244.757	82.8166	1	2	0	1	
65	0.1	0.341206	1	81.1707	234.56	1.36586e-05	-3.24475e-06	245.982	81.1743	1	2	0	1	
65	0.1	0.342714	1	79.4573	235.514	-1.44332e-05	2.48943e-05	247.207	79.4616	1	2	0	1	
65	0.1	0.344221	1	77.6703	236.46	8.15887e-06	-3.59066e-05	248.43	77.6758	1	2	0	1	
65	0.1	0.345729	1	75.7968	237.398	9.46981e-07	3.04095e-08	249.654	75.8039	1	2	0	1	
65	0.1	0.347236	1	73.8238	238.329	5.9857e-06	-2.20908e-05	250.879	73.8331	1	2	0	1	
65	0.1	0.348744	1	71.7345	239.253	2.87458e-06	-1.30192e-05	252.106	71.7469	1	2	0	1	
65	0.1	0.350251	1	69.5044	240.172	9.21952e-06	-4.98576e-06	253.338	69.5067	1	2	0	1	
65	0.1	0.351759	1	67.1089	241.082	4.16313e-06	-9.99997e-06	254.576	67.1125	1	2	0	1	
65	0.1	0.353266	1	64.4965	241.989	-3.64314e-06	-2.55089e-05	255.823	64.5026	1	2	0	1	
65	0.1	0.354774	1	61.6042	242.891	-3.60594e-06	4.58701e-06	257.086	61.615	1	2	0	1	
65	0.1	0.356281	1	58.3208	243.793	-1.77385e-05	2.35964e-05	258.373	58.342	1	2	0	1	
65	0.1	0.357789	1	54.4242	244.704	1.27287e-05	-4.244e-06	259.704	54.4377	1	2	0	1	
65	0.1	0.359296	1	49.388	245.645	-1.86166e-06	-2.78339e-06	261.124	49.4078	1	2	0	1	
65	0.1	0.360804	1	39.9855	246.784	-5.55196e-06	1.95871e-05	262.926	40.0452	1	2	0	1	
65	0.1	0.362312	-100	0	0	0	0	0	0	1	2	0	1	
65	0.1	0.363819	-100	0	0	0	0	0	0	1	2	0	1	
65	0.1	0.365327	-100	0	0	0	0	0	0	1	2	0	1	
65	0.1	0.366834	-100	0	0	0	0	0	0	1	2	0	1	
65	0.1	0.368342	-100	0	0	0	0	0	0	1	2	0	1	
65	0.1	0.369849	-100	0	0	0	0	0	0	1	2	0	1	
65	0.1	0.371357	-100	0	0	0	0	0	0	1	2	0	1	
65	0.1	0.372864	-100	0	0	0	0	0	0	1	2	0	1	
