65	0.1	0.36	1	54.803	-244.453	1.3458e-05	-9.07659e-06	259.951	86.5	1	2	0	1	
65	0.1	0.360064	1	54.6782	-244.481	-1.49175e-05	5.86469e-06	259.998	86.5	1	2	0	1	
65	0.1	0.360129	1	54.5529	-244.509	1.8253e-05	-3.83291e-06	260.044	86.5	1	2	0	1	
65	0.1	0.360193	1	54.427	-244.538	2.71977e-05	-1.4856e-05	260.09	86.5	1	2	0	1	
65	0.1	0.360258	1	54.3006	-244.566	-6.86299e-05	-7.52201e-05	260.137	86.5	1	2	0	1	
65	0.1	0.360322	1	54.1735	-244.594	-1.6195e-05	-4.82194e-05	260.183	86.5	1	2	0	1	
65	0.1	0.360387	1	54.046	-244.622	-2.92421e-05	2.32956e-05	260.229	86.5	1	2	0	1	
65	0.1	0.360451	1	53.9178	-244.651	-1.9796e-05	-7.07996e-06	260.276	86.5	1	2	0	1	
65	0.1	0.360516	1	53.789	-244.679	-1.52947e-05	-3.79153e-05	260.322	86.5	1	2	0	1	
65	0.1	0.36058	1	53.6596	-244.707	-1.5679e-05	4.27956e-05	260.368	86.5	1	2	0	1	
65	0.1	0.360644	1	53.5297	-244.735	-1.70461e-05	-3.50456e-05	260.414	86.5	1	2	0	1	
65	0.1	0.360709	1	53.3991	-244.763	-4.9313e-05	-2.32823e-05	260.461	86.5	1	2	0	1	
65	0.1	0.360773	1	53.2679	-244.79	4.87812e-05	-1.93134e-05	260.507	86.5	1	2	0	1	
65	0.1	0.360838	1	53.136	-244.818	-3.06526e-06	-5.53058e-06	260.553	86.5	1	2	0	1	
65	0.1	0.360902	1	53.0036	-244.846	5.80721e-06	-4.05522e-05	260.599	86.5	1	2	0	1	
65	0.1	0.360967	1	52.8704	-244.874	1.33971e-05	2.46745e-05	260.646	86.5	1	2	0	1	
65	0.1	0.361031	1	52.7366	-244.901	-2.05488e-05	-9.79622e-06	260.692	86.5	1	2	0	1	
65	0.1	0.361096	1	52.6022	244.929	1.33299e-05	-8.98348e-06	260.738	86.5	1	2	0	1	
65	0.1	0.36116	1	52.4671	244.956	1.45679e-05	2.13017e-05	260.784	86.5	1	2	0	1	
65	0.1	0.361225	1	52.3313	244.984	1.79944e-05	-5.2692e-06	260.831	86.5	1	2	0	1	
65	0.1	0.361289	1	52.1948	245.011	-7.18066e-05	-1.64815e-05	260.877	86.5	1	2	0	1	
65	0.1	0.361353	1	52.0575	245.039	-6.75186e-06	-4.47473e-05	260.923	86.5	1	2	0	1	
65	0.1	0.361418	1	51.9196	245.066	5.71484e-06	-1.06145e-05	260.969	86.5	1	2	0	1	
65	0.1	0.361482	1	51.781	245.093	2.59496e-05	4.66974e-06	261.015	86.5	1	2	0	1	
65	0.1	0.361547	1	51.6416	245.12	-2.85895e-05	-4.10107e-05	261.061	86.5	1	2	0	1	
65	0.1	0.361611	1	51.5015	245.147	-6.94503e-05	-1.73644e-05	261.107	86.5	1	2	0	1	
65	0.1	0.361676	1	51.3606	245.175	4.78207e-05	-1.83071e-05	261.154	86.5	1	2	0	1	
65	0.1	0.36174	1	51.219	245.202	7.21745e-06	-5.108e-05	261.2	86.5	1	2	0	1	
65	0.1	0.361805	1	51.0766	245.228	-1.87362e-05	1.16836e-05	261.246	86.5	1	2	0	1	
65	0.1	0.361869	1	50.9333	245.255	-6.18912e-06	3.6563e-06	261.292	86.5	1	2	0	1	
65	0.1	0.361933	1	50.7893	245.282	6.84279e-06	2.03037e-05	261.338	86.5	1	2	0	1	
65	0.1	0.361998	1	50.6445	245.309	3.43847e-05	2.28858e-06	261.384	86.5	1	2	0	1	
65	0.1	0.362062	1	50.4988	245.336	1.10908e-05	-1.62545e-06	261.43	86.5	1	2	0	1	
65	0.1	0.362127	1	50.3523	245.362	-8.45488e-06	7.61651e-06	261.476	86.5	1	2	0	1	
65	0.1	0.362191	1	50.205	245.389	1.93778e-05	-4.94737e-05	261.522	86.5	1	2	0	1	
65	0.1	0.362256	1	50.0568	245.415	1.37383e-05	3.59004e-05	261.568	86.5	1	2	0	1	
65	0.1	0.36232	1	49.9077	245.442	1.92375e-05	2.18604e-05	261.614	86.5	1	2	0	1	
65	0.1	0.362385	1	49.7577	245.468	3.82286e-06	1.49061e-05	261.66	86.5	1	2	0	1	
65	0.1	0.362449	1	49.6068	245.494	-1.56143e-05	1.32233e-05	261.706	86.5	1	2	0	1	
65	0.1	0.362514	1	49.455	245.521	9.86692e-07	-6.86755e-05	261.752	86.5	1	2	0	1	
65	0.1	0.362578	1	49.3022	245.547	-2.94668e-05	6.3956e-06	261.798	86.5	1	2	0	1	
65	0.1	0.362642	1	49.1485	245.573	-3.47384e-06	-1.44883e-06	261.844	86.5	1	2	0	1	
65	0.1	0.362707	1	48.9938	245.599	-2.69216e-05	1.75534e-05	261.89	86.5	1	2	0	1	
65	0.1	0.362771	1	48.8381	245.625	4.66141e-05	9.41672e-06	261.936	86.5	1	2	0	1	
65	0.1	0.362836	1	48.6814	245.651	3.19106e-05	-1.33177e-05	261.982	86.5	1	2	0	1	
65	0.1	0.3629	1	48.5237	245.676	1.42356e-05	4.48811e-05	262.028	86.5	1	2	0	1	
65	0.1	0.362965	1	48.3649	245.702	2.10557e-05	2.47534e-05	262.074	86.5	1	2	0	1	
65	0.1	0.363029	1	48.2051	245.728	-1.43449e-05	2.3132e-05	262.12	86.5	1	2	0	1	
65	0.1	0.363094	1	48.0441	245.753	1.8391e-05	4.3132e-05	262.166	86.5	1	2	0	1	
65	0.1	0.363158	1	47.8821	245.779	7.9118e-05	-6.8327e-06	262.212	86.5	1	2	0	1	
65	0.1	0.363158	1	47.8821	245.779	7.9118e-05	-6.8327e-06	262.212	86.5	1	2	0	1	
65	0.1	0.363211	1	47.7483	245.8	-2.45862e-05	-4.11536e-05	262.249	86.5	1	2	0	1	
65	0.1	0.363264	1	47.6137	245.82	-1.74113e-05	-8.46534e-06	262.287	86.5	1	2	0	1	
65	0.1	0.363317	1	47.4784	245.841	-1.05324e-05	3.20751e-05	262.324	86.5	1	2	0	1	
65	0.1	0.36337	1	47.3422	245.862	1.56913e-05	-1.0137e-05	262.362	86.5	1	2	0	1	
65	0.1	0.363422	1	47.2053	245.883	-2.06279e-05	-4.41905e-05	262.4	86.5	1	2	0	1	
65	0.1	0.363475	1	47.0675	245.903	3.50466e-05	-1.96699e-05	262.437	86.5	1	2	0	1	
65	0.1	0.363528	1	46.9289	245.924	1.29019e-06	-8.10203e-05	262.475	86.5	1	2	0	1	
65	0.1	0.363581	1	46.7894	245.944	-2.59964e-05	1.08256e-05	262.512	86.5	1	2	0	1	
65	0.1	0.363634	1	46.6491	245.965	-2.55639e-05	1.15667e-05	262.55	86.5	1	2	0	1	
65	0.1	0.363687	1	46.5079	245.985	-2.47166e-05	-2.40636e-05	262.588	86.5	1	2	0	1	
65	0.1	0.36374	1	46.3658	246.005	-5.03835e-05	-2.63945e-05	262.625	86.5	1	2	0	1	
65	0.1	0.363793	1	46.2228	246.026	-1.63835e-05	2.0097e-05	262.663	86.5	1	2	0	1	
65	0.1	0.363846	1	46.0789	246.046	1.72719e-05	1.48332e-05	262.7	86.5	1	2	0	1	
65	0.1	0.363899	1	45.9341	246.066	-7.41413e-06	-2.93241e-06	262.738	86.5	1	2	0	1	
65	0.1	0.363951	1	45.7883	246.086	1.00453e-05	-1.38076e-06	262.775	86.5	1	2	0	1	
65	0.1	0.364004	1	45.6415	246.106	-3.52159e-05	1.13206e-05	262.813	86.5	1	2	0	1	
65	0.1	0.364057	1	45.4938	246.126	-2.19242e-05	4.66339e-05	262.85	86.5	1	2	0	1	
65	0.1	0.36411	1	45.345	246.146	2.06915e-07	7.09435e-05	262.888	86.5	1	2	0	1	
65	0.1	0.364163	1	45.1952	246.166	3.86279e-05	-2.93851e-05	262.925	86.5	1	2	0	1	
65	0.1	0.364216	1	45.0444	246.186	1.43037e-05	1.63773e-05	262.963	86.5	1	2	0	1	
65	0.1	0.364269	1	44.8925	246.206	-6.14015e-05	1.7935e-05	263	86.5	1	2	0	1	
65	0.1	0.364322	1	44.7395	246.225	-2.6982e-05	1.585e-05	263.038	86.5	1	2	0	1	
65	0.1	0.364375	1	44.5854	246.245	1.98738e-05	-1.96535e-06	263.075	86.5	1	2	0	1	
65	0.1	0.364427	1	44.4302	246.264	-1.57979e-05	4.16928e-06	263.113	86.5	1	2	0	1	
65	0.1	0.36448	1	44.2738	246.284	1.78403e-05	-1.42146e-05	263.15	86.5	1	2	0	1	
65	0.1	0.364533	1	44.1163	246.303	-8.02594e-05	1.56341e-05	263.188	86.5	1	2	0	1	
65	0.1	0.364586	1	43.9575	246.323	-2.28316e-05	9.71917e-06	263.225	86.5	1	2	0	1	
65	0.1	0.364639	1	43.7976	246.342	1.58401e-05	2.10542e-05	263.263	86.5	1	2	0	1	
65	0.1	0.364692	1	43.6364	246.361	-3.24023e-06	-1.9782e-05	263.3	86.5	1	2	0	1	
65	0.1	0.364745	1	43.4739	246.38	-1.40251e-05	1.50605e-05	263.337	86.5	1	2	0	1	
65	0.1	0.364798	1	43.3101	246.399	-2.55453e-05	-1.28255e-05	263.375	86.5	1	2	0	1	
65	0.1	0.364851	1	43.145	246.418	3.49283e-06	2.80232e-05	263.412	86.5	1	2	0	1	
65	0.1	0.364904	1	42.9785	246.437	1.31927e-05	3.79813e-05	263.45	86.5	1	2	0	1	
65	0.1	0.364956	1	42.8106	246.456	1.65069e-06	2.34055e-05	263.487	86.5	1	2	0	1	
65	0.1	0.365009	1	42.6414	-246.475	-1.85691e-05	3.25551e-06	263.524	86.5	1	2	0	1	
65	0.1	0.365062	1	42.4706	-246.493	-1.39898e-05	1.36324e-05	263.562	86.5	1	2	0	1	
65	0.1	0.365115	1	42.2984	-246.512	-4.81187e-06	-1.16525e-05	263.599	86.5	1	2	0	1	
65	0.1	0.365168	1	42.1246	-246.531	-2.1752e-05	4.60099e-06	263.636	86.5	1	2	0	1	
65	0.1	0.365221	1	41.9493	-246.549	3.70474e-06	4.07525e-05	263.674	86.5	1	2	0	1	
65	0.1	0.365274	1	41.7724	-246.567	1.59449e-05	-1.06684e-05	263.711	86.5	1	2	0	1	
65	0.1	0.365327	1	41.5938	-246.586	-2.29506e-05	2.20075e-05	263.748	86.5	1	2	0	1	
65	0.1	0.36538	1	41.4136	-246.604	-4.68439e-05	5.12486e-06	263.786	86.5	1	2	0	1	
65	0.1	0.365432	1	41.2316	-246.622	1.0498e-07	3.9907e-05	263.823	86.5	1	2	0	1	
65	0.1	0.365485	1	41.0479	-246.64	-2.40332e-05	-4.22524e-05	263.86	86.5	1	2	0	1	
65	0.1	0.365538	1	40.8624	-246.658	-3.19487e-05	2.28198e-05	263.898	86.5	1	2	0	1	
65	0.1	0.365591	1	40.675	-246.676	-2.45181e-05	2.88735e-05	263.935	86.5	1	2	0	1	
65	0.1	0.365644	1	40.4857	-246.694	4.48071e-06	2.01128e-05	263.972	86.5	1	2	0	1	
65	0.1	0.365697	1	40.2944	-246.712	5.04491e-05	1.37305e-05	264.009	86.5	1	2	0	1	
65	0.1	0.36575	1	40.1011	-246.729	-3.22225e-05	1.08018e-05	264.047	86.5	1	2	0	1	
65	0.1	0.365803	1	39.9057	-246.747	8.63758e-06	1.62812e-05	264.084	86.5	1	2	0	1	
65	0.1	0.365856	1	39.7082	-246.764	-1.8783e-05	-1.59769e-05	264.121	86.5	1	2	0	1	
65	0.1	0.365909	1	39.5085	-246.781	-1.83189e-05	8.79172e-06	264.158	86.5	1	2	0	1	
65	0.1	0.365961	1	39.3065	-246.799	-7.76176e-06	9.61351e-06	264.195	86.5	1	2	0	1	
65	0.1	0.366014	1	39.1022	-246.816	-1.19266e-05	1.00109e-05	264.232	86.5	1	2	0	1	
65	0.1	0.366067	1	38.8955	-246.833	-5.04216e-05	-2.03509e-05	264.27	86.5	1	2	0	1	
65	0.1	0.36612	1	38.6862	-246.85	-1.44128e-05	-3.86708e-06	264.307	86.5	1	2	0	1	
65	0.1	0.366173	1	38.4737	-246.867	1.9431e-05	1.73203e-05	264.344	86.5	1	2	0	1	
65	0.1	0.366226	1	38.26	-246.883	-2.32488e-05	1.54367e-05	264.381	86.5	1	2	0	1	
65	0.1	0.366279	1	38.0428	-246.9	-1.99037e-05	2.24729e-05	264.418	86.5	1	2	0	1	
65	0.1	0.366332	1	37.8228	-246.917	-1.5113e-05	-2.26724e-05	264.455	86.5	1	2	0	1	
65	0.1	0.366385	1	37.5998	-246.933	-1.75476e-05	1.05588e-06	264.492	86.5	1	2	0	1	
65	0.1	0.366437	1	37.3738	-246.949	-7.56879e-06	-1.76987e-05	264.529	86.5	1	2	0	1	
65	0.1	0.36649	1	37.1429	-246.966	-1.47033e-05	-4.11135e-05	264.567	86.5	1	2	0	1	
65	0.1	0.366543	1	36.9122	-246.981	-4.54529e-05	-2.41222e-05	264.604	86.5	1	2	0	1	
65	0.1	0.366596	1	36.6763	-246.997	-6.58793e-06	2.45299e-05	264.641	86.5	1	2	0	1	
65	0.1	0.366649	1	36.4369	-247.013	-2.88129e-06	-2.50299e-05	264.678	86.5	1	2	0	1	
65	0.1	0.366702	1	36.1938	-247.029	1.28536e-05	-1.52533e-05	264.715	86.5	1	2	0	1	
65	0.1	0.366755	1	35.9469	-247.044	-2.00526e-05	1.94898e-05	264.752	86.5	1	2	0	1	
65	0.1	0.366808	1	35.696	-247.06	2.02417e-05	3.02079e-06	264.788	86.5	1	2	0	1	
65	0.1	0.366861	1	35.441	-247.075	2.70844e-05	-2.28323e-05	264.825	86.5	1	2	0	1	
65	0.1	0.366914	1	35.1815	-247.09	9.55373e-06	-1.01235e-05	264.862	86.5	1	2	0	1	
65	0.1	0.366966	1	34.9176	-247.105	1.16943e-05	3.12938e-07	264.899	86.5	1	2	0	1	
65	0.1	0.367019	1	34.6488	-247.12	-1.94378e-05	2.06972e-05	264.936	86.5	1	2	0	1	
65	0.1	0.367072	1	34.3751	-247.135	2.14521e-05	-2.45938e-05	264.973	86.5	1	2	0	1	
65	0.1	0.367125	1	34.0961	-247.149	2.13569e-05	4.41039e-06	265.01	86.5	1	2	0	1	
65	0.1	0.367178	1	33.8116	-247.164	-1.8307e-05	1.77854e-05	265.047	86.5	1	2	0	1	
65	0.1	0.367231	1	33.5212	-247.178	4.84534e-05	-2.41894e-05	265.084	86.5	1	2	0	1	
65	0.1	0.367284	1	33.2248	-247.192	-2.15657e-05	2.6123e-05	265.12	86.5	1	2	0	1	
65	0.1	0.367337	1	32.9218	-247.206	1.49398e-05	-4.27981e-05	265.157	86.5	1	2	0	1	
65	0.1	0.36739	1	32.612	-247.22	-9.37775e-05	2.40531e-06	265.194	86.5	1	2	0	1	
65	0.1	0.367442	1	32.295	-247.233	-3.1554e-05	1.65954e-05	265.231	86.5	1	2	0	1	
65	0.1	0.367495	1	31.9702	-247.246	-1.43577e-05	-1.20414e-05	265.267	86.5	1	2	0	1	
65	0.1	0.367548	1	31.6372	-247.26	-1.34411e-05	-8.51894e-06	265.304	86.5	1	2	0	1	
65	0.1	0.367601	1	31.2954	-247.273	1.39459e-05	-3.50687e-06	265.341	86.5	1	2	0	1	
65	0.1	0.367654	1	30.9442	-247.285	3.68617e-05	3.09661e-05	265.377	86.5	1	2	0	1	
65	0.1	0.367707	1	30.5829	-247.298	-1.24863e-05	-1.27656e-05	265.414	86.5	1	2	0	1	
65	0.1	0.36776	1	30.2107	-247.31	-2.46896e-05	-7.76271e-06	265.45	86.5	1	2	0	1	
65	0.1	0.367813	1	29.8268	-247.322	2.51367e-05	2.52121e-05	265.487	86.5	1	2	0	1	
65	0.1	0.367866	1	29.4282	-247.334	3.54424e-05	-2.62046e-05	265.523	86.5	1	2	0	1	
65	0.1	0.367919	1	29.0171	-247.345	-2.03273e-05	-6.1643e-06	265.559	86.5	1	2	0	1	
65	0.1	0.367971	1	28.5908	-247.357	-9.86928e-06	2.86598e-05	265.596	86.5	1	2	0	1	
65	0.1	0.368024	1	28.1475	-247.368	3.09581e-05	5.76976e-06	265.632	86.5	1	2	0	1	
65	0.1	0.368077	1	27.687	-247.378	8.23639e-06	-1.74151e-05	265.668	86.5	1	2	0	1	
65	0.1	0.36813	1	27.203	-247.388	1.59867e-05	-1.05658e-05	265.705	86.5	1	2	0	1	
65	0.1	0.368183	1	26.6971	-247.398	-1.61398e-06	2.30263e-05	265.741	86.5	1	2	0	1	
65	0.1	0.368236	1	26.1647	-247.408	-1.75619e-05	1.73787e-06	265.777	86.5	1	2	0	1	
65	0.1	0.368289	1	25.6023	-247.417	2.64961e-05	-1.54589e-05	265.813	86.5	1	2	0	1	
65	0.1	0.368342	1	25.005	-247.426	-1.23502e-05	8.30474e-07	265.848	86.5	1	2	0	1	
65	0.1	0.368395	1	24.3669	-247.434	9.65847e-06	-1.49403e-05	265.884	86.5	1	2	0	1	
65	0.1	0.368447	1	23.6793	-247.442	1.55123e-06	-2.09769e-05	265.919	86.5	1	2	0	1	
65	0.1	0.3685	1	22.9351	-247.449	6.34539e-05	8.33502e-05	265.955	86.5	1	2	0	1	
65	0.1	0.368553	1	22.1165	-247.456	1.94096e-05	9.79181e-07	265.99	86.5	1	2	0	1	
65	0.1	0.368606	1	21.2038	-247.462	-2.23237e-05	-9.93092e-06	266.025	86.5	1	2	0	1	
65	0.1	0.368659	1	20.1658	-247.467	3.3064e-06	-5.37803e-06	266.059	86.5	1	2	0	1	
65	0.1	0.368712	1	18.9482	-247.471	-6.96947e-05	3.38658e-06	266.093	86.5	1	2	0	1	
65	0.1	0.368765	1	17.4502	-247.473	-1.60369e-05	-2.94681e-05	266.127	86.5	1	2	0	1	
65	0.1	0.368818	1	15.4342	-247.474	2.75783e-05	-3.55495e-05	266.159	86.5	1	2	0	1	
65	0.1	0.368871	1	11.9839	-247.471	1.94711e-05	-8.46315e-06	266.188	86.5	1	2	0	1	
65	0.1	0.368871	1	11.9439	-247.471	1.94713e-05	2.63828e-05	266.189	86.5	1	2	0	1	
65	0.1	0.368871	1	11.9172	-247.471	1.94713e-05	-1.72487e-05	266.189	86.5	1	2	0	1	
65	0.1	0.368872	1	11.8904	-247.471	1.70871e-05	-2.0074e-05	266.189	86.5	1	2	0	1	
65	0.1	0.368872	1	11.8634	-247.471	1.70871e-05	-3.54906e-06	266.189	86.5	1	2	0	1	
65	0.1	0.368872	1	11.8363	-247.471	1.01879e-05	-3.23905e-06	266.189	86.5	1	2	0	1	
65	0.1	0.368872	1	11.8089	-247.471	1.94715e-05	1.53995e-05	266.189	86.5	1	2	0	1	
65	0.1	0.368873	1	11.7813	-247.471	1.94711e-05	-1.8373e-05	266.189	86.5	1	2	0	1	
65	0.1	0.368873	1	11.7535	-247.471	-2.10599e-05	-7.71175e-06	266.19	86.5	1	2	0	1	
65	0.1	0.368873	1	11.7255	-247.471	-2.52304e-06	1.49287e-05	266.19	86.5	1	2	0	1	
65	0.1	0.368873	1	11.6973	-247.471	-2.52172e-06	1.42377e-05	266.19	86.5	1	2	0	1	
65	0.1	0.368874	1	11.6689	-247.471	-2.52286e-06	-5.11035e-06	266.19	86.5	1	2	0	1	
65	0.1	0.368874	1	11.6403	-247.471	-3.05967e-05	-2.73902e-05	266.19	86.5	1	2	0	1	
65	0.1	0.368874	1	11.6114	-247.471	-3.05967e-05	7.16648e-06	266.19	86.5	1	2	0	1	
65	0.1	0.368874	1	11.5823	-247.471	1.75639e-05	-1.48236e-06	266.19	86.5	1	2	0	1	
65	0.1	0.368875	1	11.553	-247.471	1.75641e-05	1.39891e-05	266.19	86.5	1	2	0	1	
65	0.1	0.368875	1	11.5234	-247.471	2.56703e-05	1.41376e-05	266.191	86.5	1	2	0	1	
65	0.1	0.368875	1	11.4937	-247.471	2.56698e-05	-1.37341e-05	266.191	86.5	1	2	0	1	
65	0.1	0.368875	1	11.4636	-247.471	-3.17872e-06	4.11213e-06	266.191	86.5	1	2	0	1	
65	0.1	0.368876	1	11.4333	-247.471	-3.17856e-06	-7.53627e-06	266.191	86.5	1	2	0	1	
65	0.1	0.368876	1	11.4028	-247.471	-3.34577e-05	-1.84781e-06	266.191	86.5	1	2	0	1	
65	0.1	0.368876	1	11.372	-247.471	2.01861e-05	-6.18944e-06	266.191	86.5	1	2	0	1	
65	0.1	0.368876	1	11.3409	-247.471	2.01861e-05	-9.70968e-07	266.191	86.5	1	2	0	1	
65	0.1	0.368877	1	11.3096	-247.471	-1.24769e-05	1.3498e-05	266.192	86.5	1	2	0	1	
65	0.1	0.368877	1	11.278	-247.471	2.3046e-05	1.46188e-05	266.192	86.5	1	2	0	1	
65	0.1	0.368877	1	11.2461	-247.471	2.30474e-05	-9.77089e-06	266.192	86.5	1	2	0	1	
65	0.1	0.368878	1	11.2139	-247.471	-8.12679e-06	-2.87099e-05	266.192	86.5	1	2	0	1	
65	0.1	0.368878	1	11.1815	-247.471	-8.12693e-06	-1.57558e-05	266.192	86.5	1	2	0	1	
65	0.1	0.368878	1	11.1487	-247.471	-7.91831e-08	2.35908e-05	266.192	86.5	1	2	0	1	
65	0.1	0.368878	1	11.1156	-247.471	-8.04449e-08	1.71812e-05	266.192	86.5	1	2	0	1	
65	0.1	0.368879	1	11.0822	-247.471	-7.91979e-08	-1.51408e-05	266.192	86.5	1	2	0	1	
65	0.1	0.368879	1	11.0485	-247.471	-1.03312e-05	4.93849e-06	266.193	86.5	1	2	0	1	
65	0.1	0.368879	1	11.0145	-247.47	-1.03302e-05	3.87618e-06	266.193	86.5	1	2	0	1	
65	0.1	0.368879	1	10.9801	-247.47	-1.03313e-05	9.6161e-06	266.193	86.5	1	2	0	1	
65	0.1	0.36888	1	10.9454	-247.47	-6.69432e-06	8.72552e-06	266.193	86.5	1	2	0	1	
65	0.1	0.36888	1	10.9103	-247.47	-6.69556e-06	-1.23935e-05	266.193	86.5	1	2	0	1	
65	0.1	0.36888	1	10.8749	-247.47	8.86145e-06	-2.60457e-06	266.193	86.5	1	2	0	1	
65	0.1	0.36888	1	10.8391	-247.47	-1.10465e-05	3.23047e-06	266.193	86.5	1	2	0	1	
65	0.1	0.368881	1	10.803	-247.47	-1.10467e-05	-1.91095e-05	266.193	86.5	1	2	0	1	
65	0.1	0.368881	1	10.7664	-247.47	-1.10465e-05	-1.39699e-05	266.194	86.5	1	2	0	1	
65	0.1	0.368881	1	10.7295	-247.47	-1.91541e-05	-1.06731e-05	266.194	86.5	1	2	0	1	
65	0.1	0.368881	1	10.6921	-247.47	9.69588e-06	-5.38438e-06	266.194	86.5	1	2	0	1	
65	0.1	0.368882	1	10.6543	-247.47	9.6958e-06	-1.20397e-05	266.194	86.5	1	2	0	1	
65	0.1	0.368882	1	10.6161	-247.47	9.69572e-06	-1.63238e-05	266.194	86.5	1	2	0	1	
65	0.1	0.368882	1	10.5775	-247.47	9.69592e-06	1.87598e-05	266.194	86.5	1	2	0	1	
65	0.1	0.368882	1	10.5384	-247.47	9.69584e-06	-3.58507e-06	266.194	86.5	1	2	0	1	
65	0.1	0.368883	1	10.4988	-247.47	9.69583e-06	-3.13682e-05	266.194	86.5	1	2	0	1	
65	0.1	0.368883	1	10.4588	-247.47	6.08975e-06	1.11699e-06	266.195	86.5	1	2	0	1	
65	0.1	0.368883	1	10.4182	-247.47	6.08969e-06	-1.38108e-05	266.195	86.5	1	2	0	1	
65	0.1	0.368884	1	10.3772	-247.47	6.08973e-06	-1.18617e-05	266.195	86.5	1	2	0	1	
65	0.1	0.368884	1	10.3356	-247.47	6.08972e-06	-6.76103e-06	266.195	86.5	1	2	0	1	
65	0.1	0.368884	1	10.2935	-247.47	6.08971e-06	8.28138e-06	266.195	86.5	1	2	0	1	
65	0.1	0.368884	1	10.2509	-247.47	6.0908e-06	-5.57673e-06	266.195	86.5	1	2	0	1	
65	0.1	0.368885	1	10.2077	-247.47	6.08971e-06	-1.30329e-05	266.195	86.5	1	2	0	1	
65	0.1	0.368885	1	10.1639	-247.47	-1.62919e-05	6.76168e-06	266.195	86.5	1	2	0	1	
65	0.1	0.368885	1	10.1194	-247.47	-1.62919e-05	-1.15609e-06	266.195	86.5	1	2	0	1	
65	0.1	0.368885	1	10.0744	-247.47	-1.62919e-05	-1.1158e-05	266.196	86.5	1	2	0	1	
65	0.1	0.368886	1	10.0287	-247.47	-1.62919e-05	1.16573e-05	266.196	86.5	1	2	0	1	
65	0.1	0.368886	1	9.98233	-247.469	-1.62919e-05	1.54903e-05	266.196	86.5	1	2	0	1	
65	0.1	0.368886	1	9.93549	-247.469	-1.62908e-05	-8.98275e-07	266.196	86.5	1	2	0	1	
65	0.1	0.368886	1	9.88748	-247.469	-1.62919e-05	9.30137e-06	266.196	86.5	1	2	0	1	
65	0.1	0.368887	1	9.83894	-247.469	-1.62919e-05	1.32877e-05	266.196	86.5	1	2	0	1	
65	0.1	0.368887	1	9.78962	-247.469	6.08964e-06	-1.31636e-05	266.196	86.5	1	2	0	1	
65	0.1	0.368887	1	9.73951	-247.469	6.08959e-06	-3.58578e-06	266.196	86.5	1	2	0	1	
65	0.1	0.368887	1	9.68856	-247.469	6.08954e-06	-1.73505e-05	266.196	86.5	1	2	0	1	
65	0.1	0.368888	1	9.63673	-247.469	6.08843e-06	-1.53288e-05	266.197	86.5	1	2	0	1	
65	0.1	0.368888	1	9.584	-247.469	6.09073e-06	2.49894e-05	266.197	86.5	1	2	0	1	
65	0.1	0.368888	1	9.53032	-247.469	9.69557e-06	-6.44885e-06	266.197	86.5	1	2	0	1	
65	0.1	0.368889	1	9.47567	-247.469	9.69561e-06	1.88554e-05	266.197	86.5	1	2	0	1	
65	0.1	0.368889	1	9.41998	-247.469	9.69566e-06	-2.21124e-05	266.197	86.5	1	2	0	1	
65	0.1	0.368889	1	9.36321	-247.469	9.69551e-06	-4.51534e-06	266.197	86.5	1	2	0	1	
65	0.1	0.368889	1	9.30533	-247.469	-1.10468e-05	9.49187e-06	266.197	86.5	1	2	0	1	
65	0.1	0.36889	1	9.24626	-247.469	8.86231e-06	-2.83496e-05	266.197	86.5	1	2	0	1	
65	0.1	0.36889	1	9.18596	-247.469	-6.69686e-06	-1.57852e-05	266.197	86.5	1	2	0	1	
65	0.1	0.36889	1	9.12435	-247.469	-1.03315e-05	-1.94235e-05	266.198	86.5	1	2	0	1	
65	0.1	0.36889	1	9.06138	-247.469	-7.96449e-08	1.34006e-05	266.198	86.5	1	2	0	1	
65	0.1	0.368891	1	8.99697	-247.469	-8.12504e-06	-1.01237e-05	266.198	86.5	1	2	0	1	
65	0.1	0.368891	1	8.93104	-247.469	-1.24776e-05	-1.82123e-05	266.198	86.5	1	2	0	1	
65	0.1	0.368891	1	8.86351	-247.468	-3.34594e-05	-1.71011e-05	266.198	86.5	1	2	0	1	
65	0.1	0.368891	1	8.79427	-247.468	2.56706e-05	-1.40276e-05	266.198	86.5	1	2	0	1	
65	0.1	0.368892	1	8.72322	-247.468	-2.52224e-06	-6.11857e-06	266.198	86.5	1	2	0	1	
65	0.1	0.368892	1	8.65025	-247.468	1.94695e-05	4.60448e-06	266.198	86.5	1	2	0	1	
65	0.1	0.368892	1	8.57523	-247.468	1.94707e-05	2.83243e-05	266.198	86.5	1	2	0	1	
65	0.1	0.368892	1	8.49789	-247.468	1.16029e-05	1.38834e-05	266.199	86.5	1	2	0	1	
65	0.1	0.368893	1	8.41882	-247.468	-8.2458e-06	-2.08361e-07	266.199	86.5	1	2	0	1	
65	0.1	0.368893	1	8.33683	-247.468	-1.98674e-05	4.35491e-05	266.199	86.5	1	2	0	1	
65	0.1	0.368893	1	8.25216	-247.468	2.49541e-05	1.22799e-05	266.199	86.5	1	2	0	1	
65	0.1	0.368893	1	8.16457	-247.468	-8.66291e-06	1.51014e-05	266.199	86.5	1	2	0	1	
65	0.1	0.368894	1	8.07382	-247.468	-6.99513e-06	-2.97173e-05	266.199	86.5	1	2	0	1	
65	0.1	0.368894	1	7.97964	-247.468	4.5633e-07	-2.89554e-05	266.199	86.5	1	2	0	1	
65	0.1	0.368894	1	7.8817	-247.468	1.40997e-06	1.49367e-05	266.199	86.5	1	2	0	1	
65	0.1	0.368895	1	7.77963	-247.468	-7.23249e-06	-2.58807e-05	266.199	86.5	1	2	0	1	
65	0.1	0.368895	1	7.67301	-247.468	-1.66798e-05	3.50976e-06	266.199	86.5	1	2	0	1	
65	0.1	0.368895	1	7.56133	-247.468	1.16174e-05	8.3587e-06	266.199	86.5	1	2	0	1	
65	0.1	0.368895	1	7.44398	-247.468	1.99472e-05	-6.60784e-06	266.2	86.5	1	2	0	1	
65	0.1	0.368896	1	7.32026	-247.467	-3.05987e-05	-9.66121e-07	266.2	86.5	1	2	0	1	
65	0.1	0.368896	1	7.18933	-247.467	1.82616e-06	-2.09124e-07	266.2	86.5	1	2	0	1	
65	0.1	0.368896	1	7.04998	-247.467	8.97982e-06	2.11011e-05	266.2	86.5	1	2	0	1	
65	0.1	0.368896	1	6.901	-247.467	1.88738e-05	-1.57715e-05	266.2	86.5	1	2	0	1	
65	0.1	0.368897	1	6.74062	-247.467	-1.93909e-05	2.40743e-05	266.2	86.5	1	2	0	1	
65	0.1	0.368897	1	6.56651	-247.467	-2.2312e-05	2.35172e-05	266.2	86.5	1	2	0	1	
65	0.1	0.368897	1	6.37565	-247.467	-1.0571e-05	-9.92138e-06	266.2	86.5	1	2	0	1	
65	0.1	0.368897	1	6.16372	-247.467	5.64263e-06	5.17371e-06	266.2	86.5	1	2	0	1	
65	0.1	0.368898	1	5.92437	-247.467	6.12013e-06	1.74567e-05	266.2	86.5	1	2	0	1	
65	0.1	0.368898	1	5.64688	-247.467	-2.02256e-05	1.81296e-05	266.2	86.5	1	2	0	1	
65	0.1	0.368898	1	5.31427	-247.467	-8.55935e-07	-2.32565e-05	266.2	86.5	1	2	0	1	
65	0.1	0.368898	1	4.8905	-247.466	-2.43987e-05	-1.02467e-05	266.2	86.5	1	2	0	1	
65	0.1	0.368899	1	4.28003	-247.466	-7.99203e-08	1.75978e-05	266.2	86.5	1	2	0	1	
65	0.1	0.368899	1	2.8596	-247.466	1.21988e-05	1.98882e-05	266.2	86.5	1	2	0	1	
65	0.1	0.368899	-2	0	0	0	0	0	86.5	1	2	0	1	
65	0.1	0.368899	-2	0	0	0	0	0	86.5	1	2	0	1	
65	0.1	0.3689	-2	0	0	0	0	0	86.5	1	2	0	1	
65	0.1	0.3689	-2	0	0	0	0	0	86.5	1	2	0	1	
65	0.1	0.3689	-2	0	0	0	0	0	86.5	1	2	0	1	
65	0.1	0.368901	-2	0	0	0	0	0	86.5	1	2	0	1	
65	0.1	0.368901	-2	0	0	0	0	0	86.5	1	2	0	1	
65	0.1	0.368901	-2	0	0	0	0	0	86.5	1	2	0	1	
65	0.1	0.368901	-2	0	0	0	0	0	86.5	1	2	0	1	
65	0.1	0.368902	-2	0	0	0	0	0	86.5	1	2	0	1	
65	0.1	0.368902	-2	0	0	0	0	0	86.5	1	2	0	1	
65	0.1	0.368902	-2	0	0	0	0	0	86.5	1	2	0	1	
65	0.1	0.368902	-2	0	0	0	0	0	86.5	1	2	0	1	
65	0.1	0.368903	-2	0	0	0	0	0	86.5	1	2	0	1	
65	0.1	0.368903	-2	0	0	0	0	0	86.5	1	2	0	1	
65	0.1	0.368903	-2	0	0	0	0	0	86.5	1	2	0	1	
65	0.1	0.368903	-2	0	0	0	0	0	86.5	1	2	0	1	
65	0.1	0.368904	-2	0	0	0	0	0	86.5	1	2	0	1	
65	0.1	0.368904	-2	0	0	0	0	0	86.5	1	2	0	1	
65	0.1	0.368904	-2	0	0	0	0	0	86.5	1	2	0	1	
65	0.1	0.368904	-2	0	0	0	0	0	86.5	1	2	0	1	
65	0.1	0.368905	-2	0	0	0	0	0	86.5	1	2	0	1	
65	0.1	0.368905	-2	0	0	0	0	0	86.5	1	2	0	1	
65	0.1	0.368905	-2	0	0	0	0	0	86.5	1	2	0	1	
65	0.1	0.368905	-2	0	0	0	0	0	86.5	1	2	0	1	
65	0.1	0.368906	-2	0	0	0	0	0	86.5	1	2	0	1	
65	0.1	0.368906	-2	0	0	0	0	0	86.5	1	2	0	1	
65	0.1	0.368906	-2	0	0	0	0	0	86.5	1	2	0	1	
65	0.1	0.368907	-2	0	0	0	0	0	86.5	1	2	0	1	
65	0.1	0.368907	-2	0	0	0	0	0	86.5	1	2	0	1	
65	0.1	0.368907	-2	0	0	0	0	0	86.5	1	2	0	1	
65	0.1	0.368907	-2	0	0	0	0	0	86.5	1	2	0	1	
65	0.1	0.368908	-2	0	0	0	0	0	86.5	1	2	0	1	
65	0.1	0.368908	-2	0	0	0	0	0	86.5	1	2	0	1	
65	0.1	0.368908	-2	0	0	0	0	0	86.5	1	2	0	1	
65	0.1	0.368908	-2	0	0	0	0	0	86.5	1	2	0	1	
65	0.1	0.368909	-2	0	0	0	0	0	86.5	1	2	0	1	
65	0.1	0.368909	-2	0	0	0	0	0	86.5	1	2	0	1	
65	0.1	0.368909	-2	0	0	0	0	0	86.5	1	2	0	1	
65	0.1	0.368909	-2	0	0	0	0	0	86.5	1	2	0	1	
65	0.1	0.36891	-2	0	0	0	0	0	86.5	1	2	0	1	
65	0.1	0.36891	-2	0	0	0	0	0	86.5	1	2	0	1	
65	0.1	0.36891	-2	0	0	0	0	0	86.5	1	2	0	1	
65	0.1	0.36891	-2	0	0	0	0	0	86.5	1	2	0	1	
65	0.1	0.368911	-2	0	0	0	0	0	86.5	1	2	0	1	
65	0.1	0.368911	-2	0	0	0	0	0	86.5	1	2	0	1	
65	0.1	0.368911	-2	0	0	0	0	0	86.5	1	2	0	1	
65	0.1	0.368912	-2	0	0	0	0	0	86.5	1	2	0	1	
65	0.1	0.368912	-2	0	0	0	0	0	86.5	1	2	0	1	
65	0.1	0.368912	-2	0	0	0	0	0	86.5	1	2	0	1	
65	0.1	0.368912	-2	0	0	0	0	0	86.5	1	2	0	1	
65	0.1	0.368913	-2	0	0	0	0	0	86.5	1	2	0	1	
65	0.1	0.368913	-2	0	0	0	0	0	86.5	1	2	0	1	
65	0.1	0.368913	-2	0	0	0	0	0	86.5	1	2	0	1	
65	0.1	0.368913	-2	0	0	0	0	0	86.5	1	2	0	1	
65	0.1	0.368914	-2	0	0	0	0	0	86.5	1	2	0	1	
65	0.1	0.368914	-2	0	0	0	0	0	86.5	1	2	0	1	
65	0.1	0.368914	-2	0	0	0	0	0	86.5	1	2	0	1	
65	0.1	0.368914	-2	0	0	0	0	0	86.5	1	2	0	1	
65	0.1	0.368915	-2	0	0	0	0	0	86.5	1	2	0	1	
65	0.1	0.368915	-2	0	0	0	0	0	86.5	1	2	0	1	
65	0.1	0.368915	-2	0	0	0	0	0	86.5	1	2	0	1	
65	0.1	0.368915	-2	0	0	0	0	0	86.5	1	2	0	1	
65	0.1	0.368916	-2	0	0	0	0	0	86.5	1	2	0	1	
65	0.1	0.368916	-2	0	0	0	0	0	86.5	1	2	0	1	
65	0.1	0.368916	-2	0	0	0	0	0	86.5	1	2	0	1	
65	0.1	0.368916	-2	0	0	0	0	0	86.5	1	2	0	1	
65	0.1	0.368917	-2	0	0	0	0	0	86.5	1	2	0	1	
65	0.1	0.368917	-2	0	0	0	0	0	86.5	1	2	0	1	
65	0.1	0.368917	-2	0	0	0	0	0	86.5	1	2	0	1	
65	0.1	0.368918	-2	0	0	0	0	0	86.5	1	2	0	1	
65	0.1	0.368918	-2	0	0	0	0	0	86.5	1	2	0	1	
65	0.1	0.368918	-2	0	0	0	0	0	86.5	1	2	0	1	
65	0.1	0.368918	-2	0	0	0	0	0	86.5	1	2	0	1	
65	0.1	0.368919	-2	0	0	0	0	0	86.5	1	2	0	1	
65	0.1	0.368919	-2	0	0	0	0	0	86.5	1	2	0	1	
65	0.1	0.368919	-2	0	0	0	0	0	86.5	1	2	0	1	
65	0.1	0.368919	-2	0	0	0	0	0	86.5	1	2	0	1	
65	0.1	0.36892	-2	0	0	0	0	0	86.5	1	2	0	1	
65	0.1	0.36892	-2	0	0	0	0	0	86.5	1	2	0	1	
65	0.1	0.36892	-2	0	0	0	0	0	86.5	1	2	0	1	
65	0.1	0.36892	-2	0	0	0	0	0	86.5	1	2	0	1	
65	0.1	0.368921	-2	0	0	0	0	0	86.5	1	2	0	1	
65	0.1	0.368921	-2	0	0	0	0	0	86.5	1	2	0	1	
65	0.1	0.368921	-2	0	0	0	0	0	86.5	1	2	0	1	
65	0.1	0.368921	-2	0	0	0	0	0	86.5	1	2	0	1	
65	0.1	0.368922	-2	0	0	0	0	0	86.5	1	2	0	1	
65	0.1	0.368922	-2	0	0	0	0	0	86.5	1	2	0	1	
65	0.1	0.368922	-2	0	0	0	0	0	86.5	1	2	0	1	
65	0.1	0.368922	-2	0	0	0	0	0	86.5	1	2	0	1	
65	0.1	0.368923	-2	0	0	0	0	0	86.5	1	2	0	1	
65	0.1	0.368923	-2	0	0	0	0	0	86.5	1	2	0	1	
65	0.1	0.368923	-2	0	0	0	0	0	86.5	1	2	0	1	
65	0.1	0.368976	-2	0	0	0	0	0	86.5	1	2	0	1	
65	0.1	0.369029	-2	0	0	0	0	0	86.5	1	2	0	1	
65	0.1	0.369082	-2	0	0	0	0	0	86.5	1	2	0	1	
65	0.1	0.369135	-2	0	0	0	0	0	86.5	1	2	0	1	
65	0.1	0.369188	-2	0	0	0	0	0	86.5	1	2	0	1	
65	0.1	0.369241	-2	0	0	0	0	0	86.5	1	2	0	1	
65	0.1	0.369294	-2	0	0	0	0	0	86.5	1	2	0	1	
65	0.1	0.369347	-2	0	0	0	0	0	86.5	1	2	0	1	
65	0.1	0.3694	-2	0	0	0	0	0	86.5	1	2	0	1	
65	0.1	0.369452	-2	0	0	0	0	0	86.5	1	2	0	1	
65	0.1	0.369505	-2	0	0	0	0	0	86.5	1	2	0	1	
65	0.1	0.369558	-2	0	0	0	0	0	86.5	1	2	0	1	
65	0.1	0.369611	-2	0	0	0	0	0	86.5	1	2	0	1	
65	0.1	0.369664	-2	0	0	0	0	0	86.5	1	2	0	1	
65	0.1	0.369717	-2	0	0	0	0	0	86.5	1	2	0	1	
65	0.1	0.36977	-2	0	0	0	0	0	86.5	1	2	0	1	
65	0.1	0.369823	-2	0	0	0	0	0	86.5	1	2	0	1	
65	0.1	0.369876	-2	0	0	0	0	0	86.5	1	2	0	1	
65	0.1	0.369928	-2	0	0	0	0	0	86.5	1	2	0	1	
65	0.1	0.369981	-2	0	0	0	0	0	86.5	1	2	0	1	
65	0.1	0.370034	-2	0	0	0	0	0	86.5	1	2	0	1	
65	0.1	0.370087	-2	0	0	0	0	0	86.5	1	2	0	1	
65	0.1	0.37014	-2	0	0	0	0	0	86.5	1	2	0	1	
65	0.1	0.370193	-2	0	0	0	0	0	86.5	1	2	0	1	
65	0.1	0.370246	-2	0	0	0	0	0	86.5	1	2	0	1	
65	0.1	0.370299	-2	0	0	0	0	0	86.5	1	2	0	1	
65	0.1	0.370352	-2	0	0	0	0	0	86.5	1	2	0	1	
65	0.1	0.370405	-2	0	0	0	0	0	86.5	1	2	0	1	
65	0.1	0.370457	-2	0	0	0	0	0	86.5	1	2	0	1	
65	0.1	0.37051	-2	0	0	0	0	0	86.5	1	2	0	1	
65	0.1	0.370563	-2	0	0	0	0	0	86.5	1	2	0	1	
65	0.1	0.370616	-2	0	0	0	0	0	86.5	1	2	0	1	
65	0.1	0.370669	-2	0	0	0	0	0	86.5	1	2	0	1	
65	0.1	0.370722	-2	0	0	0	0	0	86.5	1	2	0	1	
65	0.1	0.370775	-2	0	0	0	0	0	86.5	1	2	0	1	
65	0.1	0.370828	-2	0	0	0	0	0	86.5	1	2	0	1	
65	0.1	0.370881	-2	0	0	0	0	0	86.5	1	2	0	1	
65	0.1	0.370933	-2	0	0	0	0	0	86.5	1	2	0	1	
65	0.1	0.370986	-2	0	0	0	0	0	86.5	1	2	0	1	
65	0.1	0.371039	-2	0	0	0	0	0	86.5	1	2	0	1	
65	0.1	0.371092	-2	0	0	0	0	0	86.5	1	2	0	1	
65	0.1	0.371145	-2	0	0	0	0	0	86.5	1	2	0	1	
65	0.1	0.371198	-2	0	0	0	0	0	86.5	1	2	0	1	
65	0.1	0.371251	-2	0	0	0	0	0	86.5	1	2	0	1	
65	0.1	0.371304	-2	0	0	0	0	0	86.5	1	2	0	1	
65	0.1	0.371357	-2	0	0	0	0	0	86.5	1	2	0	1	
65	0.1	0.37141	-2	0	0	0	0	0	86.5	1	2	0	1	
65	0.1	0.371462	-2	0	0	0	0	0	86.5	1	2	0	1	
65	0.1	0.371515	-2	0	0	0	0	0	86.5	1	2	0	1	
65	0.1	0.371568	-2	0	0	0	0	0	86.5	1	2	0	1	
65	0.1	0.371621	-2	0	0	0	0	0	86.5	1	2	0	1	
65	0.1	0.371674	-2	0	0	0	0	0	86.5	1	2	0	1	
65	0.1	0.371727	-2	0	0	0	0	0	86.5	1	2	0	1	
65	0.1	0.37178	-2	0	0	0	0	0	86.5	1	2	0	1	
65	0.1	0.371833	-2	0	0	0	0	0	86.5	1	2	0	1	
65	0.1	0.371886	-2	0	0	0	0	0	86.5	1	2	0	1	
65	0.1	0.371938	-2	0	0	0	0	0	86.5	1	2	0	1	
65	0.1	0.371991	-2	0	0	0	0	0	86.5	1	2	0	1	
65	0.1	0.372044	-2	0	0	0	0	0	86.5	1	2	0	1	
65	0.1	0.372097	-2	0	0	0	0	0	86.5	1	2	0	1	
65	0.1	0.37215	-2	0	0	0	0	0	86.5	1	2	0	1	
65	0.1	0.372203	-2	0	0	0	0	0	86.5	1	2	0	1	
65	0.1	0.372256	-2	0	0	0	0	0	86.5	1	2	0	1	
65	0.1	0.372309	-2	0	0	0	0	0	86.5	1	2	0	1	
65	0.1	0.372362	-2	0	0	0	0	0	86.5	1	2	0	1	
65	0.1	0.372415	-2	0	0	0	0	0	86.5	1	2	0	1	
65	0.1	0.372467	-2	0	0	0	0	0	86.5	1	2	0	1	
65	0.1	0.37252	-2	0	0	0	0	0	86.5	1	2	0	1	
65	0.1	0.372573	-2	0	0	0	0	0	86.5	1	2	0	1	
65	0.1	0.372626	-2	0	0	0	0	0	86.5	1	2	0	1	
65	0.1	0.372679	-2	0	0	0	0	0	86.5	1	2	0	1	
65	0.1	0.372732	-2	0	0	0	0	0	86.5	1	2	0	1	
65	0.1	0.372785	-2	0	0	0	0	0	86.5	1	2	0	1	
65	0.1	0.372838	-2	0	0	0	0	0	86.5	1	2	0	1	
65	0.1	0.372891	-2	0	0	0	0	0	86.5	1	2	0	1	
65	0.1	0.372943	-2	0	0	0	0	0	86.5	1	2	0	1	
65	0.1	0.372996	-2	0	0	0	0	0	86.5	1	2	0	1	
65	0.1	0.373049	-2	0	0	0	0	0	86.5	1	2	0	1	
65	0.1	0.373102	-2	0	0	0	0	0	86.5	1	2	0	1	
65	0.1	0.373155	-2	0	0	0	0	0	86.5	1	2	0	1	
65	0.1	0.373208	-2	0	0	0	0	0	86.5	1	2	0	1	
65	0.1	0.373261	-2	0	0	0	0	0	86.5	1	2	0	1	
65	0.1	0.373314	-2	0	0	0	0	0	86.5	1	2	0	1	
65	0.1	0.373367	-2	0	0	0	0	0	86.5	1	2	0	1	
65	0.1	0.37342	-2	0	0	0	0	0	86.5	1	2	0	1	
65	0.1	0.373472	-2	0	0	0	0	0	86.5	1	2	0	1	
65	0.1	0.373525	-2	0	0	0	0	0	86.5	1	2	0	1	
65	0.1	0.373578	-2	0	0	0	0	0	86.5	1	2	0	1	
65	0.1	0.373631	-2	0	0	0	0	0	86.5	1	2	0	1	
65	0.1	0.373684	-2	0	0	0	0	0	86.5	1	2	0	1	
