65	0.01	0.3	-2	0	0	0	0	0	346	0	0	0	1	
65	0.0119192	0.3	-2	0	0	0	0	0	346	0	0	0	1	
65	0.0138384	0.3	-2	0	0	0	0	0	346	0	0	0	1	
65	0.0157576	0.3	-2	0	0	0	0	0	346	0	0	0	1	
65	0.0176768	0.3	-2	0	0	0	0	0	346	0	0	0	1	
65	0.019596	0.3	-2	0	0	0	0	0	346	0	0	0	1	
65	0.0215152	0.3	-2	0	0	0	0	0	346	0	0	0	1	
65	0.0234343	0.3	-2	0	0	0	0	0	346	0	0	0	1	
65	0.0253535	0.3	-2	0	0	0	0	0	346	0	0	0	1	
65	0.0272727	0.3	-2	0	0	0	0	0	346	0	0	0	1	
65	0.0291919	0.3	-2	0	0	0	0	0	346	0	0	0	1	
65	0.0311111	0.3	-2	0	0	0	0	0	346	0	0	0	1	
65	0.0330303	0.3	-2	0	0	0	0	0	346	0	0	0	1	
65	0.0349495	0.3	-2	0	0	0	0	0	346	0	0	0	1	
65	0.0368687	0.3	-2	0	0	0	0	0	346	0	0	0	1	
65	0.0387879	0.3	-2	0	0	0	0	0	346	0	0	0	1	
65	0.0407071	0.3	-2	0	0	0	0	0	346	0	0	0	1	
65	0.0426263	0.3	-2	0	0	0	0	0	346	0	0	0	1	
65	0.0445455	0.3	-2	0	0	0	0	0	346	0	0	0	1	
65	0.0464646	0.3	-2	0	0	0	0	0	346	0	0	0	1	
65	0.0483838	0.3	-2	0	0	0	0	0	346	0	0	0	1	
65	0.050303	0.3	-2	0	0	0	0	0	346	0	0	0	1	
65	0.0522222	0.3	-2	0	0	0	0	0	346	0	0	0	1	
65	0.0541414	0.3	-2	0	0	0	0	0	346	0	0	0	1	
65	0.0560606	0.3	-2	0	0	0	0	0	346	0	0	0	1	
65	0.0579798	0.3	-2	0	0	0	0	0	346	0	0	0	1	
65	0.059899	0.3	-2	0	0	0	0	0	346	0	0	0	1	
65	0.0618182	0.3	-2	0	0	0	0	0	346	0	0	0	1	
65	0.0637374	0.3	-2	0	0	0	0	0	346	0	0	0	1	
65	0.0656566	0.3	-2	0	0	0	0	0	346	0	0	0	1	
65	0.0675758	0.3	-2	0	0	0	0	0	346	0	0	0	1	
65	0.0694949	0.3	-2	0	0	0	0	0	346	0	0	0	1	
65	0.0714141	0.3	-2	0	0	0	0	0	346	0	0	0	1	
65	0.0733333	0.3	-2	0	0	0	0	0	346	0	0	0	1	
65	0.0752525	0.3	1	24.0789	0	255.701	243.93	0	346	0	0	0	1	
65	0.0771717	0.3	1	35.6523	0	239.659	239.659	0	346	0	0	0	1	
65	0.0790909	0.3	1	41.7808	0	236.682	236.682	0	346	0	0	0	1	
65	0.0810101	0.3	1	46.2164	0	234.205	234.205	0	346	0	0	0	1	
65	0.0829293	0.3	1	49.7476	0	240.21	232.034	0	346	0	0	0	1	
65	0.0848485	0.3	1	52.6962	0	236.914	230.081	0	346	0	0	0	1	
65	0.0867677	0.3	1	55.2302	0	233.764	228.298	0	346	0	0	0	1	
65	0.0886869	0.3	1	57.4504	0	230.744	226.655	0	346	0	0	0	1	
65	0.0906061	0.3	1	59.4222	0	227.844	225.131	0	346	0	0	0	1	
65	0.0925253	0.3	1	61.1908	0	225.054	223.711	0	346	0	0	0	1	
65	0.0944444	0.3	1	62.7873	0	222.385	222.385	0	346	0	0	0	1	
65	0.0963636	0.3	1	64.2318	0	221.149	221.149	0	346	0	0	0	1	
65	0.0982828	0.3	1	65.5599	0	219.981	219.981	0	346	0	0	0	1	
65	0.100202	0.3	1	66.7889	0	218.874	218.874	0	346	0	0	0	1	
65	0.102121	0.3	1	67.9312	0	217.821	217.821	0	346	0	0	0	1	
65	0.10404	0.3	1	68.9969	0	216.818	216.818	0	346	0	0	0	1	
65	0.10596	0.3	1	69.9942	0	215.861	215.861	0	346	0	0	0	1	
65	0.107879	0.3	1	70.9304	0	214.946	214.946	0	346	0	0	0	1	
65	0.109798	0.3	1	71.8114	0	214.07	214.07	0	346	0	0	0	1	
65	0.111717	0.3	1	72.6425	0	213.23	213.23	0	346	0	0	0	1	
65	0.113636	0.3	1	73.4282	0	212.425	212.425	0	346	0	0	0	1	
65	0.115556	0.3	1	74.1725	0	211.651	211.651	0	346	0	0	0	1	
65	0.117475	0.3	1	74.8787	0	210.906	210.906	0	346	0	0	0	1	
65	0.119394	0.3	1	75.55	0	210.19	210.19	0	346	0	0	0	1	
65	0.121313	0.3	1	76.189	0	209.499	209.499	0	346	0	0	0	1	
65	0.123232	0.3	1	76.7982	0	208.834	208.834	0	346	0	0	0	1	
65	0.125152	0.3	1	77.3798	0	208.191	208.191	0	346	0	0	0	1	
65	0.127071	0.3	1	77.9357	0	207.571	207.571	0	346	0	0	0	1	
65	0.12899	0.3	1	78.4677	0	206.971	206.971	0	346	0	0	0	1	
65	0.130909	0.3	1	78.9774	0	206.391	206.391	0	346	0	0	0	1	
65	0.132828	0.3	1	79.4661	0	205.83	205.83	0	346	0	0	0	1	
65	0.134747	0.3	1	79.9353	0	205.286	205.286	0	346	0	0	0	1	
65	0.136667	0.3	1	80.3862	0	204.759	204.759	0	346	0	0	0	1	
65	0.138586	0.3	1	80.8198	0	204.249	204.249	0	346	0	0	0	1	
65	0.140505	0.3	1	81.2372	0	203.753	203.753	0	346	0	0	0	1	
65	0.142424	0.3	1	81.6392	0	203.273	203.273	0	346	0	0	0	1	
65	0.144343	0.3	1	82.0269	0	202.806	202.806	0	346	0	0	0	1	
65	0.146263	0.3	1	82.4008	0	202.352	202.352	0	346	0	0	0	1	
65	0.148182	0.3	1	82.7619	0	201.912	201.912	0	346	0	0	0	1	
65	0.150101	0.3	1	83.1107	0	201.483	201.483	0	346	0	0	0	1	
65	0.15202	0.3	1	83.4479	0	201.066	201.066	0	346	0	0	0	1	
65	0.153939	0.3	1	83.7741	0	200.66	200.66	0	346	0	0	0	1	
65	0.155859	0.3	1	84.0899	0	200.265	200.265	0	346	0	0	0	1	
65	0.157778	0.3	1	84.3957	0	199.881	199.881	0	346	0	0	0	1	
65	0.159697	0.3	1	84.6919	0	199.506	199.506	0	346	0	0	0	1	
65	0.161616	0.3	1	84.9792	0	199.141	199.141	0	346	0	0	0	1	
65	0.163535	0.3	1	85.2579	0	198.784	198.784	0	346	0	0	0	1	
65	0.165455	0.3	1	85.5283	0	198.437	198.437	0	346	0	0	0	1	
65	0.167374	0.3	1	85.7909	0	198.098	198.098	0	346	0	0	0	1	
65	0.169293	0.3	1	86.0459	0	197.767	197.767	0	346	0	0	0	1	
65	0.171212	0.3	1	86.2938	0	197.444	197.444	0	346	0	0	0	1	
65	0.173131	0.3	1	86.5348	0	197.129	197.129	0	346	0	0	0	1	
65	0.175051	0.3	1	86.7692	0	196.821	196.821	0	346	0	0	0	1	
65	0.17697	0.3	1	86.9972	0	196.52	196.52	0	346	0	0	0	1	
65	0.178889	0.3	1	87.2193	0	196.225	196.225	0	346	0	0	0	1	
65	0.180808	0.3	1	87.4355	0	195.938	195.938	0	346	0	0	0	1	
65	0.182727	0.3	1	87.6461	0	195.656	195.656	0	346	0	0	0	1	
65	0.184646	0.3	1	87.8513	0	195.381	195.381	0	346	0	0	0	1	
65	0.186566	0.3	1	88.0514	0	195.112	195.112	0	346	0	0	0	1	
65	0.188485	0.3	1	88.2465	0	194.848	194.848	0	346	0	0	0	1	
65	0.190404	0.3	1	88.4368	0	194.59	194.59	0	346	0	0	0	1	
65	0.192323	0.3	1	88.6226	0	194.338	194.338	0	346	0	0	0	1	
65	0.194242	0.3	1	88.8038	0	194.09	194.09	0	346	0	0	0	1	
65	0.196162	0.3	1	88.9808	0	193.848	193.848	0	346	0	0	0	1	
65	0.198081	0.3	1	89.1537	0	193.61	193.61	0	346	0	0	0	1	
65	0.2	0.3	1	89.3226	0	193.378	193.378	0	346	0	0	0	1	
