65	0.1	0.1	1	nan	0	1599.98	1599.98	0	86.5	0	2	0	1	
65	0.1	0.10303	1	nan	0	1599.98	1599.98	0	86.5	0	2	0	1	
65	0.1	0.106061	1	nan	0	1599.98	1599.98	0	86.5	0	2	0	1	
65	0.1	0.109091	1	nan	0	1599.98	1599.98	0	86.5	0	2	0	1	
65	0.1	0.112121	1	nan	0	1599.98	1599.98	0	86.5	0	2	0	1	
65	0.1	0.115152	1	nan	0	1599.98	1599.98	0	86.5	0	2	0	1	
65	0.1	0.118182	1	nan	0	1599.98	1599.98	0	86.5	0	2	0	1	
65	0.1	0.121212	1	nan	0	1599.98	1599.98	0	86.5	0	2	0	1	
65	0.1	0.124242	1	nan	0	1599.98	1599.98	0	86.5	0	2	0	1	
65	0.1	0.127273	1	nan	0	1599.98	1599.98	0	86.5	0	2	0	1	
65	0.1	0.130303	1	nan	0	1599.98	1599.98	0	86.5	0	2	0	1	
65	0.1	0.133333	1	nan	0	1599.98	1599.98	0	86.5	0	2	0	1	
65	0.1	0.136364	1	nan	0	1599.98	1599.98	0	86.5	0	2	0	1	
65	0.1	0.139394	1	nan	0	1599.98	1599.98	0	86.5	0	2	0	1	
65	0.1	0.142424	1	129.253	0	127.009	127.009	0	86.5	0	2	0	1	
65	0.1	0.145455	1	129.349	0	126.698	126.698	0	86.5	0	2	0	1	
65	0.1	0.148485	1	129.429	0	126.43	126.43	0	86.5	0	2	0	1	
65	0.1	0.151515	1	129.492	0	126.206	126.206	0	86.5	0	2	0	1	
65	0.1	0.154545	1	129.538	0	126.026	126.026	0	86.5	0	2	0	1	
65	0.1	0.157576	1	129.567	0	125.891	125.891	0	86.5	0	2	0	1	
65	0.1	0.160606	1	129.58	0	125.8	125.8	0	86.5	0	2	0	1	
65	0.1	0.163636	1	129.575	0	125.755	125.755	0	86.5	0	2	0	1	
65	0.1	0.166667	1	129.553	0	125.754	125.754	0	86.5	0	2	0	1	
65	0.1	0.169697	1	129.514	0	125.799	125.799	0	86.5	0	2	0	1	
65	0.1	0.172727	1	129.458	0	125.89	125.89	0	86.5	0	2	0	1	
65	0.1	0.175758	1	129.385	0	126.026	126.026	0	86.5	0	2	0	1	
65	0.1	0.178788	1	129.294	0	126.209	126.209	0	86.5	0	2	0	1	
65	0.1	0.181818	1	129.186	0	126.438	126.438	0	86.5	0	2	0	1	
65	0.1	0.184848	1	129.059	0	126.713	126.713	0	86.5	0	2	0	1	
65	0.1	0.187879	1	128.915	0	127.034	127.034	0	86.5	0	2	0	1	
65	0.1	0.190909	1	128.753	0	127.402	127.402	0	86.5	0	2	0	1	
65	0.1	0.193939	1	128.572	0	127.816	127.816	0	86.5	0	2	0	1	
65	0.1	0.19697	1	128.373	0	128.277	128.277	0	86.5	0	2	0	1	
65	0.1	0.2	1	128.155	0	128.783	128.783	0	86.5	0	2	0	1	
65	0.1	0.20303	1	127.918	0	129.336	129.336	0	86.5	0	2	0	1	
65	0.1	0.206061	1	127.662	0	129.935	129.935	0	86.5	0	2	0	1	
65	0.1	0.209091	1	127.386	0	130.581	130.581	0	86.5	0	2	0	1	
65	0.1	0.212121	1	127.09	0	131.272	131.272	0	86.5	0	2	0	1	
65	0.1	0.215152	1	126.774	0	132.008	132.008	0	86.5	0	2	0	1	
65	0.1	0.218182	1	126.437	0	132.791	132.791	0	86.5	0	2	0	1	
65	0.1	0.221212	1	126.079	0	133.618	133.618	0	86.5	0	2	0	1	
65	0.1	0.224242	1	125.7	0	134.491	134.491	0	86.5	0	2	0	1	
65	0.1	0.227273	1	125.298	0	135.408	135.408	0	86.5	0	2	0	1	
65	0.1	0.230303	1	124.874	0	136.37	136.37	0	86.5	0	2	0	1	
65	0.1	0.233333	1	124.423	0	137.388	137.388	0	86.5	0	2	0	1	
65	0.1	0.236364	1	123.941	0	138.466	138.466	0	86.5	0	2	0	1	
65	0.1	0.239394	1	123.43	0	139.598	139.598	0	86.5	0	2	0	1	
65	0.1	0.242424	1	122.891	0	140.781	140.781	0	86.5	0	2	0	1	
65	0.1	0.245455	1	122.324	0	142.013	142.013	0	86.5	0	2	0	1	
65	0.1	0.248485	1	121.728	0	143.294	143.294	0	86.5	0	2	0	1	
65	0.1	0.251515	1	121.102	0	144.621	144.621	0	86.5	0	2	0	1	
65	0.1	0.254545	1	120.447	0	145.995	145.995	0	86.5	0	2	0	1	
65	0.1	0.257576	1	119.76	0	147.414	147.414	0	86.5	0	2	0	1	
65	0.1	0.260606	1	119.042	0	148.879	148.879	0	86.5	0	2	0	1	
65	0.1	0.263636	1	118.292	0	150.388	150.388	0	86.5	0	2	0	1	
65	0.1	0.266667	1	117.508	0	151.94	151.94	0	86.5	0	2	0	1	
65	0.1	0.269697	1	116.689	0	153.536	153.536	0	86.5	0	2	0	1	
65	0.1	0.272727	1	115.835	0	155.175	155.175	0	86.5	0	2	0	1	
65	0.1	0.275758	1	114.943	0	156.857	156.857	0	86.5	0	2	0	1	
65	0.1	0.278788	1	114.014	0	158.581	158.581	0	86.5	0	2	0	1	
65	0.1	0.281818	1	113.044	0	160.346	160.346	0	86.5	0	2	0	1	
65	0.1	0.284848	1	112.033	0	162.153	162.153	0	86.5	0	2	0	1	
65	0.1	0.287879	1	110.978	0	164.002	164.002	0	86.5	0	2	0	1	
65	0.1	0.290909	1	109.879	0	165.892	165.892	0	86.5	0	2	0	1	
65	0.1	0.293939	1	108.732	0	167.823	167.823	0	86.5	0	2	0	1	
65	0.1	0.29697	1	107.535	0	169.796	169.796	0	86.5	0	2	0	1	
65	0.1	0.3	1	106.286	0	171.809	171.809	0	86.5	0	2	0	1	
65	0.1	0.30303	1	104.982	0	173.865	173.865	0	86.5	0	2	0	1	
65	0.1	0.306061	1	103.62	0	175.962	175.962	0	86.5	0	2	0	1	
65	0.1	0.309091	1	102.196	0	178.101	178.101	0	86.5	0	2	0	1	
65	0.1	0.312121	1	100.707	0	180.283	180.283	0	86.5	0	2	0	1	
65	0.1	0.315152	1	99.1466	0	182.508	182.508	0	86.5	0	2	0	1	
65	0.1	0.318182	1	97.5113	0	184.778	184.778	0	86.5	0	2	0	1	
65	0.1	0.321212	1	95.7949	0	187.093	187.093	0	86.5	0	2	0	1	
65	0.1	0.324242	1	93.9905	0	189.454	189.454	0	86.5	0	2	0	1	
65	0.1	0.327273	1	92.0904	0	191.864	191.864	0	86.5	0	2	0	1	
65	0.1	0.330303	1	90.086	0	194.324	194.324	0	86.5	0	2	0	1	
65	0.1	0.333333	1	87.9663	0	196.837	196.837	0	86.5	0	2	0	1	
65	0.1	0.336364	1	85.7181	0	199.405	199.405	0	86.5	0	2	0	1	
65	0.1	0.339394	1	83.3254	0	202.033	202.033	0	86.5	0	2	0	1	
65	0.1	0.342424	1	80.7684	0	204.726	204.726	0	86.5	0	2	0	1	
65	0.1	0.345455	1	78.0216	0	207.491	207.491	0	86.5	0	2	0	1	
65	0.1	0.348485	1	75.0521	0	210.335	210.335	0	86.5	0	2	0	1	
65	0.1	0.351515	1	71.8153	0	213.272	213.272	0	86.5	0	2	0	1	
65	0.1	0.354545	1	68.2485	0	216.318	216.318	0	86.5	0	2	0	1	
65	0.1	0.357576	1	64.2586	0	219.498	219.498	0	86.5	0	2	0	1	
65	0.1	0.360606	1	59.6967	0	222.852	222.852	0	86.5	0	2	0	1	
65	0.1	0.363636	1	54.2967	0	226.449	226.449	0	86.5	0	2	0	1	
65	0.1	0.366667	1	47.4877	0	230.435	230.435	0	86.5	0	2	0	1	
65	0.1	0.369697	1	37.4832	0	261.882	235.237	0	86.5	0	2	0	1	
65	0.1	0.372727	-2	0	0	0	0	0	86.5	0	2	0	1	
65	0.1	0.375758	-2	0	0	0	0	0	86.5	0	2	0	1	
65	0.1	0.378788	-2	0	0	0	0	0	86.5	0	2	0	1	
65	0.1	0.381818	-2	0	0	0	0	0	86.5	0	2	0	1	
65	0.1	0.384848	-2	0	0	0	0	0	86.5	0	2	0	1	
65	0.1	0.387879	-2	0	0	0	0	0	86.5	0	2	0	1	
65	0.1	0.390909	-2	0	0	0	0	0	86.5	0	2	0	1	
65	0.1	0.393939	-2	0	0	0	0	0	86.5	0	2	0	1	
65	0.1	0.39697	-2	0	0	0	0	0	86.5	0	2	0	1	
65	0.1	0.4	-2	0	0	0	0	0	86.5	0	2	0	1	
