65	0.01	0.3	-3	0	0	0	0	0	173	0	2	1	0	
65	0.0119192	0.3	-3	0	0	0	0	0	173	0	2	1	0	
65	0.0138384	0.3	-3	0	0	0	0	0	173	0	2	1	0	
65	0.0157576	0.3	-3	0	0	0	0	0	173	0	2	1	0	
65	0.0176768	0.3	-3	0	0	0	0	0	173	0	2	1	0	
65	0.019596	0.3	-3	0	0	0	0	0	173	0	2	1	0	
65	0.0215152	0.3	-3	0	0	0	0	0	173	0	2	1	0	
65	0.0234343	0.3	-3	0	0	0	0	0	173	0	2	1	0	
65	0.0253535	0.3	-2	0	0	0	0	0	173	0	2	1	0	
65	0.0272727	0.3	-2	0	0	0	0	0	173	0	2	1	0	
65	0.0291919	0.3	-2	0	0	0	0	0	173	0	2	1	0	
65	0.0311111	0.3	-2	0	0	0	0	0	173	0	2	1	0	
65	0.0330303	0.3	-2	0	0	0	0	0	173	0	2	1	0	
65	0.0349495	0.3	-2	0	0	0	0	0	173	0	2	1	0	
65	0.0368687	0.3	-2	0	0	0	0	0	173	0	2	1	0	
65	0.0387879	0.3	-2	0	0	0	0	0	173	0	2	1	0	
65	0.0407071	0.3	-2	0	0	0	0	0	173	0	2	1	0	
65	0.0426263	0.3	-2	0	0	0	0	0	173	0	2	1	0	
65	0.0445455	0.3	-2	0	0	0	0	0	173	0	2	1	0	
65	0.0464646	0.3	-2	0	0	0	0	0	173	0	2	1	0	
65	0.0483838	0.3	1	33.7855	246.74	-2.69497e-06	1.63875e-05	320.594	173	0	2	1	0	
65	0.050303	0.3	1	49.0387	244.621	-1.07973e-05	2.24338e-05	313.726	173	0	2	1	0	
65	0.0522222	0.3	1	57.6488	242.736	3.3185e-06	8.68731e-08	307.189	173	0	2	1	0	
65	0.0541414	0.3	1	64.0131	240.741	-3.5134e-06	-7.2613e-07	300.985	173	0	2	1	0	
65	0.0560606	0.3	1	69.1309	238.717	-6.17179e-06	-2.61426e-05	295.096	173	0	2	1	0	
65	0.0579798	0.3	1	73.4336	236.711	-2.63399e-05	-3.70937e-05	289.497	173	0	2	1	0	
65	0.059899	0.3	1	77.1513	234.739	1.2221e-05	3.78933e-06	284.17	173	0	2	1	0	
65	0.0618182	0.3	1	80.4203	232.812	-2.11796e-05	8.51998e-06	279.094	173	0	2	1	0	
65	0.0637374	0.3	1	83.3433	230.928	-7.36233e-06	-3.07437e-05	274.249	173	0	2	1	0	
65	0.0656566	0.3	1	85.9819	229.091	3.50546e-06	1.80348e-05	269.62	173	0	2	1	0	
65	0.0675758	0.3	1	88.38	227.304	-4.4998e-05	1.06343e-05	265.193	173	0	2	1	0	
65	0.0694949	0.3	1	90.5718	-225.569	-3.90786e-05	3.07451e-06	260.953	173	0	2	1	0	
65	0.0714141	0.3	1	92.6021	223.872	2.49503e-05	2.22397e-05	256.887	173	0	2	1	0	
65	0.0733333	0.3	1	94.4775	222.224	-2.58489e-05	1.51105e-05	252.984	173	0	2	1	0	
65	0.0752525	0.3	1	96.2221	220.62	1.23129e-05	-4.62017e-05	249.234	173	0	2	1	0	
65	0.0771717	0.3	1	97.8511	219.057	1.09462e-05	-7.91163e-06	245.627	173	0	2	1	0	
65	0.0790909	0.3	1	99.3773	217.535	9.56085e-07	-3.49574e-05	242.156	173	0	2	1	0	
65	0.0810101	0.3	1	100.812	216.052	8.08681e-06	-2.13256e-05	238.809	173	0	2	1	0	
65	0.0829293	0.3	1	102.163	214.606	-4.39921e-05	-1.38437e-05	235.582	173	0	2	1	0	
65	0.0848485	0.3	1	103.44	213.195	-1.10461e-05	9.18778e-06	232.467	173	0	2	1	0	
65	0.0867677	0.3	1	104.648	211.818	-5.51513e-06	1.90869e-05	229.458	173	0	2	1	0	
65	0.0886869	0.3	1	105.795	210.475	-3.17437e-06	-9.08843e-06	226.548	173	0	2	1	0	
65	0.0906061	0.3	1	106.885	209.162	-2.19791e-05	-9.06396e-06	223.734	173	0	2	1	0	
65	0.0925253	0.3	1	107.923	207.879	2.00506e-05	-4.84842e-06	221.009	173	0	2	1	0	
65	0.0944444	0.3	1	108.913	206.625	2.08346e-05	-8.14674e-06	218.368	173	0	2	1	0	
65	0.0963636	0.3	1	109.858	205.399	-6.13541e-06	4.82259e-06	215.809	173	0	2	1	0	
65	0.0982828	0.3	1	110.769	204.191	6.9895e-05	-8.61637e-06	213.325	173	0	2	1	0	
65	0.100202	0.3	1	111.629	203.025	4.38386e-05	1.68962e-05	210.916	173	0	2	1	0	
65	0.102121	0.3	1	112.46	201.875	-6.21955e-06	2.3567e-05	208.575	173	0	2	1	0	
65	0.10404	0.3	1	113.258	200.748	-3.4277e-05	1.71231e-06	206.3	173	0	2	1	0	
65	0.10596	0.3	1	114.025	199.644	-3.83129e-05	-7.93641e-06	204.088	173	0	2	1	0	
65	0.107879	0.3	1	114.763	198.562	-9.62884e-06	-2.92036e-06	201.937	173	0	2	1	0	
65	0.109798	0.3	1	115.474	197.5	-6.47084e-06	-4.32669e-05	199.842	173	0	2	1	0	
65	0.111717	0.3	1	116.159	196.458	-6.68288e-06	-3.19343e-05	197.803	173	0	2	1	0	
65	0.113636	0.3	1	116.821	195.436	5.03604e-05	4.12293e-05	195.816	173	0	2	1	0	
65	0.115556	0.3	1	117.46	194.432	-4.09256e-06	3.00016e-06	193.88	173	0	2	1	0	
65	0.117475	0.3	1	118.077	193.446	1.05397e-05	-4.30055e-05	191.991	173	0	2	1	0	
65	0.119394	0.3	1	118.675	192.478	1.23795e-05	1.50734e-05	190.149	173	0	2	1	0	
65	0.121313	0.3	1	119.253	191.526	4.33054e-05	7.43348e-06	188.352	173	0	2	1	0	
65	0.123232	0.3	1	119.814	190.59	-5.51375e-06	-5.43656e-05	186.596	173	0	2	1	0	
65	0.125152	0.3	1	120.357	189.669	-1.40046e-05	1.69815e-06	184.882	173	0	2	1	0	
65	0.127071	0.3	1	120.884	188.764	-3.13977e-05	9.03761e-06	183.207	173	0	2	1	0	
65	0.12899	0.3	1	121.396	187.873	-1.34887e-05	-1.07457e-05	181.57	173	0	2	1	0	
65	0.130909	0.3	1	121.893	186.996	3.12612e-08	-1.34778e-05	179.969	173	0	2	1	0	
65	0.132828	0.3	1	122.376	186.133	-2.09817e-05	-8.48212e-05	178.403	173	0	2	1	0	
65	0.134747	0.3	1	122.846	185.283	-2.23305e-05	-1.99221e-05	176.871	173	0	2	1	0	
65	0.136667	0.3	1	123.303	184.446	-1.89227e-05	2.04695e-06	175.371	173	0	2	1	0	
65	0.138586	0.3	1	123.748	183.621	-1.53749e-05	3.0153e-06	173.903	173	0	2	1	0	
65	0.140505	0.3	1	124.181	182.807	6.42266e-06	9.62909e-06	172.465	173	0	2	1	0	
65	0.142424	0.3	1	124.603	182.005	2.07215e-05	2.72876e-05	171.056	173	0	2	1	0	
65	0.144343	0.3	1	125.015	181.219	1.31891e-05	-3.29692e-07	169.675	173	0	2	1	0	
65	0.146263	0.3	1	125.416	180.42	-9.87134e-06	1.67337e-05	168.322	173	0	2	1	0	
65	0.148182	0.3	1	125.808	179.652	4.82584e-05	1.05913e-05	166.995	173	0	2	1	0	
65	0.150101	0.3	1	126.19	178.913	7.66175e-06	-1.53774e-05	165.694	173	0	2	1	0	
65	0.15202	0.3	1	126.564	178.158	-3.84751e-06	2.68818e-05	164.417	173	0	2	1	0	
65	0.153939	0.3	1	126.929	177.421	-1.48673e-05	-8.20935e-06	163.164	173	0	2	1	0	
65	0.155859	0.3	1	127.285	176.69	-8.66069e-06	-2.65806e-05	161.934	173	0	2	1	0	
65	0.157778	0.3	1	127.634	175.97	-8.9015e-06	1.337e-06	160.727	173	0	2	1	0	
65	0.159697	0.3	1	127.975	175.258	9.39204e-06	1.78274e-05	159.541	173	0	2	1	0	
65	0.161616	0.3	1	128.308	174.555	-1.74786e-05	-2.38239e-05	158.376	173	0	2	1	0	
65	0.163535	0.3	1	128.635	173.86	1.2005e-05	2.04509e-05	157.232	173	0	2	1	0	
65	0.165455	0.3	1	128.954	173.174	8.92901e-06	-5.23644e-06	156.108	173	0	2	1	0	
65	0.167374	0.3	1	129.267	172.495	3.58916e-06	-4.50805e-06	155.002	173	0	2	1	0	
65	0.169293	0.3	1	129.574	171.824	-2.41708e-05	4.90511e-05	153.916	173	0	2	1	0	
65	0.171212	0.3	1	129.874	171.161	-1.01652e-05	6.59381e-06	152.847	173	0	2	1	0	
65	0.173131	0.3	1	130.169	170.505	-5.4504e-06	8.72e-05	151.797	173	0	2	1	0	
65	0.175051	0.3	1	130.458	169.857	1.46094e-06	2.03338e-05	150.763	173	0	2	1	0	
65	0.17697	0.3	1	130.741	169.215	4.6228e-06	1.70542e-05	149.746	173	0	2	1	0	
65	0.178889	0.3	1	131.019	168.58	1.07617e-06	-4.58114e-06	148.745	173	0	2	1	0	
65	0.180808	0.3	1	131.292	167.951	2.2793e-05	-1.81532e-05	147.76	173	0	2	1	0	
65	0.182727	0.3	1	131.559	167.33	1.61545e-05	-1.63656e-05	146.79	173	0	2	1	0	
65	0.184646	0.3	1	131.822	166.714	1.81794e-05	2.22271e-05	145.835	173	0	2	1	0	
65	0.186566	0.3	1	132.08	166.105	2.89026e-06	-2.01418e-05	144.894	173	0	2	1	0	
65	0.188485	0.3	1	132.334	165.502	3.0964e-05	-6.89669e-06	143.968	173	0	2	1	0	
65	0.190404	0.3	1	132.583	164.904	-4.16602e-05	-1.87144e-05	143.055	173	0	2	1	0	
65	0.192323	0.3	1	132.828	164.313	9.15234e-06	-2.18115e-05	142.156	173	0	2	1	0	
65	0.194242	0.3	1	133.068	163.727	-7.41847e-06	3.98455e-05	141.27	173	0	2	1	0	
65	0.196162	0.3	1	133.305	163.146	2.21704e-05	1.75743e-05	140.396	173	0	2	1	0	
65	0.198081	0.3	1	133.538	162.571	-4.16339e-06	9.50394e-06	139.535	173	0	2	1	0	
65	0.2	0.3	1	133.767	162.001	2.29261e-05	1.17866e-05	138.686	173	0	2	1	0	
