65	0.01	0.3	-2	0	0	0	0	0	346	0	2	0	1	
65	0.0119192	0.3	-2	0	0	0	0	0	346	0	2	0	1	
65	0.0138384	0.3	-2	0	0	0	0	0	346	0	2	0	1	
65	0.0157576	0.3	-2	0	0	0	0	0	346	0	2	0	1	
65	0.0176768	0.3	-2	0	0	0	0	0	346	0	2	0	1	
65	0.019596	0.3	-2	0	0	0	0	0	346	0	2	0	1	
65	0.0215152	0.3	-2	0	0	0	0	0	346	0	2	0	1	
65	0.0234343	0.3	-2	0	0	0	0	0	346	0	2	0	1	
65	0.0253535	0.3	-2	0	0	0	0	0	346	0	2	0	1	
65	0.0272727	0.3	-2	0	0	0	0	0	346	0	2	0	1	
65	0.0291919	0.3	-2	0	0	0	0	0	346	0	2	0	1	
65	0.0311111	0.3	-2	0	0	0	0	0	346	0	2	0	1	
65	0.0330303	0.3	-2	0	0	0	0	0	346	0	2	0	1	
65	0.0349495	0.3	-2	0	0	0	0	0	346	0	2	0	1	
65	0.0368687	0.3	-2	0	0	0	0	0	346	0	2	0	1	
65	0.0387879	0.3	-2	0	0	0	0	0	346	0	2	0	1	
65	0.0407071	0.3	-2	0	0	0	0	0	346	0	2	0	1	
65	0.0426263	0.3	-2	0	0	0	0	0	346	0	2	0	1	
65	0.0445455	0.3	-2	0	0	0	0	0	346	0	2	0	1	
65	0.0464646	0.3	-2	0	0	0	0	0	346	0	2	0	1	
65	0.0483838	0.3	1	22.7356	0	273.643	273.643	0	346	0	2	0	1	
65	0.050303	0.3	1	45.3901	0	265.451	265.451	0	346	0	2	0	1	
65	0.0522222	0.3	1	54.5346	0	260.479	260.479	0	346	0	2	0	1	
65	0.0541414	0.3	1	60.8949	0	256.415	256.415	0	346	0	2	0	1	
65	0.0560606	0.3	1	65.8467	0	252.888	252.888	0	346	0	2	0	1	
65	0.0579798	0.3	1	69.9126	0	249.746	249.746	0	346	0	2	0	1	
65	0.059899	0.3	1	73.3579	0	272.453	246.902	0	346	0	2	0	1	
65	0.0618182	0.3	1	76.3396	0	267.251	244.301	0	346	0	2	0	1	
65	0.0637374	0.3	1	78.9597	0	262.331	241.907	0	346	0	2	0	1	
65	0.0656566	0.3	1	81.289	0	257.664	239.689	0	346	0	2	0	1	
65	0.0675758	0.3	1	83.3792	0	253.227	237.625	0	346	0	2	0	1	
65	0.0694949	0.3	1	85.2689	0	235.698	235.698	0	346	0	2	0	1	
65	0.0714141	0.3	1	86.9883	0	244.966	233.893	0	346	0	2	0	1	
65	0.0733333	0.3	1	88.5613	0	241.11	232.198	0	346	0	2	0	1	
65	0.0752525	0.3	1	90.007	0	237.418	230.601	0	346	0	2	0	1	
65	0.0771717	0.3	1	91.3414	0	229.095	229.095	0	346	0	2	0	1	
65	0.0790909	0.3	1	92.5774	0	227.671	227.671	0	346	0	2	0	1	
65	0.0810101	0.3	1	93.726	0	226.322	226.322	0	346	0	2	0	1	
65	0.0829293	0.3	1	94.7967	0	225.042	225.042	0	346	0	2	0	1	
65	0.0848485	0.3	1	95.7975	0	223.826	223.826	0	346	0	2	0	1	
65	0.0867677	0.3	1	96.7351	0	222.669	222.669	0	346	0	2	0	1	
65	0.0886869	0.3	1	97.6156	0	221.566	221.566	0	346	0	2	0	1	
65	0.0906061	0.3	1	98.4441	0	220.514	220.514	0	346	0	2	0	1	
65	0.0925253	0.3	1	99.2253	0	219.51	219.51	0	346	0	2	0	1	
65	0.0944444	0.3	1	99.9632	0	218.55	218.55	0	346	0	2	0	1	
65	0.0963636	0.3	1	100.661	0	217.631	217.631	0	346	0	2	0	1	
65	0.0982828	0.3	1	101.323	0	216.75	216.75	0	346	0	2	0	1	
65	0.100202	0.3	1	101.951	0	215.906	215.906	0	346	0	2	0	1	
65	0.102121	0.3	1	102.548	0	215.095	215.095	0	346	0	2	0	1	
65	0.10404	0.3	1	103.116	0	214.317	214.317	0	346	0	2	0	1	
65	0.10596	0.3	1	103.657	0	213.568	213.568	0	346	0	2	0	1	
65	0.107879	0.3	1	104.173	0	212.848	212.848	0	346	0	2	0	1	
65	0.109798	0.3	1	104.666	0	212.154	212.154	0	346	0	2	0	1	
65	0.111717	0.3	1	105.137	0	211.487	211.487	0	346	0	2	0	1	
65	0.113636	0.3	1	105.588	0	210.843	210.843	0	346	0	2	0	1	
65	0.115556	0.3	1	106.02	0	210.221	210.221	0	346	0	2	0	1	
65	0.117475	0.3	1	106.434	0	209.622	209.622	0	346	0	2	0	1	
65	0.119394	0.3	1	106.831	0	209.043	209.043	0	346	0	2	0	1	
65	0.121313	0.3	1	107.213	0	208.483	208.483	0	346	0	2	0	1	
65	0.123232	0.3	1	107.579	0	207.941	207.941	0	346	0	2	0	1	
65	0.125152	0.3	1	107.932	0	207.418	207.418	0	346	0	2	0	1	
65	0.127071	0.3	1	108.271	0	206.911	206.911	0	346	0	2	0	1	
65	0.12899	0.3	1	108.598	0	206.42	206.42	0	346	0	2	0	1	
65	0.130909	0.3	1	108.913	0	205.944	205.944	0	346	0	2	0	1	
65	0.132828	0.3	1	109.217	0	205.482	205.482	0	346	0	2	0	1	
65	0.134747	0.3	1	109.511	0	205.035	205.035	0	346	0	2	0	1	
65	0.136667	0.3	1	109.794	0	204.601	204.601	0	346	0	2	0	1	
65	0.138586	0.3	1	110.068	0	204.179	204.179	0	346	0	2	0	1	
65	0.140505	0.3	1	110.332	0	203.77	203.77	0	346	0	2	0	1	
65	0.142424	0.3	1	110.588	0	203.372	203.372	0	346	0	2	0	1	
65	0.144343	0.3	1	110.836	0	202.985	202.985	0	346	0	2	0	1	
65	0.146263	0.3	1	111.076	0	202.609	202.609	0	346	0	2	0	1	
65	0.148182	0.3	1	111.308	0	202.244	202.244	0	346	0	2	0	1	
65	0.150101	0.3	1	111.534	0	201.888	201.888	0	346	0	2	0	1	
65	0.15202	0.3	1	111.752	0	201.542	201.542	0	346	0	2	0	1	
65	0.153939	0.3	1	111.964	0	201.204	201.204	0	346	0	2	0	1	
65	0.155859	0.3	1	112.17	0	200.876	200.876	0	346	0	2	0	1	
65	0.157778	0.3	1	112.37	0	200.556	200.556	0	346	0	2	0	1	
65	0.159697	0.3	1	112.564	0	200.244	200.244	0	346	0	2	0	1	
65	0.161616	0.3	1	112.753	0	199.94	199.94	0	346	0	2	0	1	
65	0.163535	0.3	1	112.936	0	199.643	199.643	0	346	0	2	0	1	
65	0.165455	0.3	1	113.114	0	199.354	199.354	0	346	0	2	0	1	
65	0.167374	0.3	1	113.288	0	199.071	199.071	0	346	0	2	0	1	
65	0.169293	0.3	1	113.457	0	198.796	198.796	0	346	0	2	0	1	
65	0.171212	0.3	1	113.621	0	198.527	198.527	0	346	0	2	0	1	
65	0.173131	0.3	1	113.781	0	198.264	198.264	0	346	0	2	0	1	
65	0.175051	0.3	1	113.937	0	198.007	198.007	0	346	0	2	0	1	
65	0.17697	0.3	1	114.089	0	197.756	197.756	0	346	0	2	0	1	
65	0.178889	0.3	1	114.238	0	197.511	197.511	0	346	0	2	0	1	
65	0.180808	0.3	1	114.382	0	197.271	197.271	0	346	0	2	0	1	
65	0.182727	0.3	1	114.523	0	197.037	197.037	0	346	0	2	0	1	
65	0.184646	0.3	1	114.661	0	196.807	196.807	0	346	0	2	0	1	
65	0.186566	0.3	1	114.795	0	196.583	196.583	0	346	0	2	0	1	
65	0.188485	0.3	1	114.926	0	196.363	196.363	0	346	0	2	0	1	
65	0.190404	0.3	1	115.054	0	196.148	196.148	0	346	0	2	0	1	
65	0.192323	0.3	1	115.179	0	195.938	195.938	0	346	0	2	0	1	
65	0.194242	0.3	1	115.301	0	195.732	195.732	0	346	0	2	0	1	
65	0.196162	0.3	1	115.421	0	195.53	195.53	0	346	0	2	0	1	
65	0.198081	0.3	1	115.537	0	195.333	195.333	0	346	0	2	0	1	
65	0.2	0.3	1	115.651	0	195.139	195.139	0	346	0	2	0	1	
