65	0.01	0.3	-3	0	0	0	0	0	86.5	1	1	0	1	
65	0.0109548	0.3	-2	0	0	0	0	0	86.5	1	1	0	1	
65	0.0119095	0.3	-2	0	0	0	0	0	86.5	1	1	0	1	
65	0.0128643	0.3	-2	0	0	0	0	0	86.5	1	1	0	1	
65	0.0138191	0.3	-2	0	0	0	0	0	86.5	1	1	0	1	
65	0.0147739	0.3	-2	0	0	0	0	0	86.5	1	1	0	1	
65	0.0157286	0.3	-2	0	0	0	0	0	86.5	1	1	0	1	
65	0.0166834	0.3	-2	0	0	0	0	0	86.5	1	1	0	1	
65	0.0176382	0.3	-2	0	0	0	0	0	86.5	1	1	0	1	
65	0.018593	0.3	-2	0	0	0	0	0	86.5	1	1	0	1	
65	0.0195477	0.3	-2	0	0	0	0	0	86.5	1	1	0	1	
65	0.0205025	0.3	-2	0	0	0	0	0	86.5	1	1	0	1	
65	0.0214573	0.3	-2	0	0	0	0	0	86.5	1	1	0	1	
65	0.0224121	0.3	-2	0	0	0	0	0	86.5	1	1	0	1	
65	0.0233668	0.3	-2	0	0	0	0	0	86.5	1	1	0	1	
65	0.0243216	0.3	-2	0	0	0	0	0	86.5	1	1	0	1	
65	0.0252764	0.3	-2	0	0	0	0	0	86.5	1	1	0	1	
65	0.0262312	0.3	-2	0	0	0	0	0	86.5	1	1	0	1	
65	0.0271859	0.3	-2	0	0	0	0	0	86.5	1	1	0	1	
65	0.0281407	0.3	-2	0	0	0	0	0	86.5	1	1	0	1	
65	0.0290955	0.3	-2	0	0	0	0	0	86.5	1	1	0	1	
65	0.0300503	0.3	-2	0	0	0	0	0	86.5	1	1	0	1	
65	0.031005	0.3	-2	0	0	0	0	0	86.5	1	1	0	1	
65	0.0319598	0.3	-2	0	0	0	0	0	86.5	1	1	0	1	
65	0.0329146	0.3	-2	0	0	0	0	0	86.5	1	1	0	1	
65	0.0338693	0.3	-2	0	0	0	0	0	86.5	1	1	0	1	
65	0.0348241	0.3	-2	0	0	0	0	0	86.5	1	1	0	1	
65	0.0357789	0.3	-2	0	0	0	0	0	86.5	1	1	0	1	
65	0.0367337	0.3	-2	0	0	0	0	0	86.5	1	1	0	1	
65	0.0376884	0.3	-2	0	0	0	0	0	86.5	1	1	0	1	
65	0.0386432	0.3	-2	0	0	0	0	0	86.5	1	1	0	1	
65	0.039598	0.3	-2	0	0	0	0	0	86.5	1	1	0	1	
65	0.0405528	0.3	-2	0	0	0	0	0	86.5	1	1	0	1	
65	0.0415075	0.3	-2	0	0	0	0	0	86.5	1	1	0	1	
65	0.0424623	0.3	-2	0	0	0	0	0	86.5	1	1	0	1	
65	0.0434171	0.3	-2	0	0	0	0	0	86.5	1	1	0	1	
65	0.0443719	0.3	-2	0	0	0	0	0	86.5	1	1	0	1	
65	0.0453266	0.3	-2	0	0	0	0	0	86.5	1	1	0	1	
65	0.0462814	0.3	-2	0	0	0	0	0	86.5	1	1	0	1	
65	0.0472362	0.3	-2	0	0	0	0	0	86.5	1	1	0	1	
65	0.048191	0.3	1	7.00754	-249.268	-2.03563e-05	6.15269e-06	319.216	86.5	1	1	0	1	
65	0.0491457	0.3	1	36.2508	-248.604	-5.04547e-05	1.90333e-05	315.692	86.5	1	1	0	1	
65	0.0501005	0.3	1	44.0568	-247.747	-2.53385e-05	-3.75421e-06	312.222	86.5	1	1	0	1	
65	0.0510553	0.3	1	49.5019	-246.814	1.59658e-05	-4.55596e-06	308.849	86.5	1	1	0	1	
65	0.0520101	0.3	1	53.8122	-245.843	1.87238e-05	-7.58947e-06	305.57	86.5	1	1	0	1	
65	0.0529648	0.3	1	57.4266	-244.851	-1.80954e-05	6.46714e-06	302.382	86.5	1	1	0	1	
65	0.0539196	0.3	1	60.558	243.849	-2.72892e-05	-2.23512e-05	299.28	86.5	1	1	0	1	
65	0.0548744	0.3	1	63.337	-242.843	-6.15465e-05	-1.42171e-06	296.262	86.5	1	1	0	1	
65	0.0558291	0.3	1	65.8353	-241.838	1.35934e-05	-1.70114e-05	293.323	86.5	1	1	0	1	
65	0.0567839	0.3	1	68.1093	-240.838	-1.4387e-05	-8.28115e-06	290.461	86.5	1	1	0	1	
65	0.0577387	0.3	1	70.1974	-239.845	-4.86761e-05	-8.64909e-06	287.672	86.5	1	1	0	1	
65	0.0586935	0.3	1	72.1286	-238.86	2.55459e-05	2.00227e-05	284.953	86.5	1	1	0	1	
65	0.0596482	0.3	1	73.9251	-237.884	2.22524e-05	2.68449e-05	282.302	86.5	1	1	0	1	
65	0.060603	0.3	1	75.6045	-236.918	1.85387e-05	2.16196e-05	279.715	86.5	1	1	0	1	
65	0.0615578	0.3	1	77.1809	-235.964	-4.64983e-05	-3.1694e-05	277.191	86.5	1	1	0	1	
65	0.0625126	0.3	1	78.662	-235.023	1.55438e-05	1.21537e-05	274.728	86.5	1	1	0	1	
65	0.0634673	0.3	1	80.0661	-234.091	7.02764e-06	-3.92502e-05	272.321	86.5	1	1	0	1	
65	0.0644221	0.3	1	81.3966	-233.171	1.9081e-05	-7.50751e-06	269.969	86.5	1	1	0	1	
65	0.0653769	0.3	1	82.6629	-232.261	2.21373e-05	6.22696e-06	267.671	86.5	1	1	0	1	
65	0.0663317	0.3	1	83.8657	-231.365	2.53194e-05	-7.71832e-06	265.425	86.5	1	1	0	1	
65	0.0672864	0.3	1	85.013	-230.481	-2.48906e-05	-1.12531e-05	263.228	86.5	1	1	0	1	
65	0.0682412	0.3	1	86.1095	-229.609	-5.87015e-07	-1.0079e-05	261.079	86.5	1	1	0	1	
65	0.069196	0.3	1	87.1591	-228.748	-1.57185e-05	1.64042e-06	258.977	86.5	1	1	0	1	
65	0.0701508	0.3	1	88.1653	-227.899	2.32659e-05	1.04031e-05	256.919	86.5	1	1	0	1	
65	0.0711055	0.3	1	89.1274	227.064	6.1378e-06	5.02898e-06	254.905	86.5	1	1	0	1	
65	0.0720603	0.3	1	90.0597	226.234	-1.94171e-05	-1.98503e-05	252.932	86.5	1	1	0	1	
65	0.0730151	0.3	1	90.9533	225.418	-4.83766e-05	-3.57078e-05	251.001	86.5	1	1	0	1	
65	0.0739698	0.3	1	91.8143	224.614	-9.23898e-06	2.62448e-05	249.11	86.5	1	1	0	1	
65	0.0749246	0.3	1	92.6448	-223.819	6.42532e-05	-2.24406e-06	247.26	86.5	1	1	0	1	
65	0.0758794	0.3	1	93.4467	-223.035	2.29992e-05	-2.54521e-05	245.476	86.5	1	1	0	1	
65	0.0768342	0.3	1	94.2217	-222.261	1.27361e-05	1.28307e-05	243.653	86.5	1	1	0	1	
65	0.0777889	0.3	1	94.9709	221.498	6.11821e-06	-7.97872e-06	241.891	86.5	1	1	0	1	
65	0.0787437	0.3	1	95.696	220.744	3.40924e-06	-2.10488e-05	240.166	86.5	1	1	0	1	
65	0.0796985	0.3	1	96.3982	220.001	-2.15369e-05	1.96803e-05	238.474	86.5	1	1	0	1	
65	0.0806533	0.3	1	97.079	219.267	-3.07037e-05	9.93794e-06	236.813	86.5	1	1	0	1	
65	0.081608	0.3	1	97.7392	218.542	5.05429e-06	2.46044e-05	235.183	86.5	1	1	0	1	
65	0.0825628	0.3	1	98.3801	-217.826	-5.81032e-05	6.23965e-05	233.583	86.5	1	1	0	1	
65	0.0835176	0.3	1	99.0025	217.119	-4.52614e-05	-1.46257e-05	232.011	86.5	1	1	0	1	
65	0.0844724	0.3	1	99.6074	216.421	-2.18422e-05	3.6182e-07	230.466	86.5	1	1	0	1	
65	0.0854271	0.3	1	100.196	215.732	2.94348e-05	-2.08648e-05	228.949	86.5	1	1	0	1	
65	0.0863819	0.3	1	100.768	215.051	1.55011e-06	-7.65488e-05	227.457	86.5	1	1	0	1	
65	0.0873367	0.3	1	101.325	214.378	-1.58333e-05	4.57996e-06	225.991	86.5	1	1	0	1	
65	0.0882915	0.3	1	101.867	213.713	1.82693e-05	2.21411e-05	224.549	86.5	1	1	0	1	
65	0.0892462	0.3	1	102.396	213.056	-2.10974e-06	3.98211e-05	223.131	86.5	1	1	0	1	
65	0.090201	0.3	1	102.911	212.407	-8.14255e-06	7.29063e-06	221.736	86.5	1	1	0	1	
65	0.0911558	0.3	1	103.414	211.766	-1.21417e-05	2.14016e-05	220.364	86.5	1	1	0	1	
65	0.0921106	0.3	1	103.904	211.131	1.29612e-05	-2.33526e-06	219.014	86.5	1	1	0	1	
65	0.0930653	0.3	1	104.383	210.505	-1.01821e-05	3.48916e-05	217.685	86.5	1	1	0	1	
65	0.0940201	0.3	1	104.85	209.885	1.86472e-05	1.11585e-05	216.377	86.5	1	1	0	1	
65	0.0949749	0.3	1	105.307	209.272	-6.37192e-06	-2.73954e-06	215.089	86.5	1	1	0	1	
65	0.0959296	0.3	1	105.753	208.666	2.25845e-05	1.89236e-05	213.821	86.5	1	1	0	1	
65	0.0968844	0.3	1	106.189	208.066	9.59346e-06	-1.758e-06	212.573	86.5	1	1	0	1	
65	0.0978392	0.3	1	106.616	207.474	-5.73015e-05	-2.42365e-05	211.343	86.5	1	1	0	1	
65	0.098794	0.3	1	107.033	206.887	-8.43068e-06	-4.22673e-05	210.131	86.5	1	1	0	1	
65	0.0997487	0.3	1	107.441	206.307	-1.7115e-05	-1.32332e-05	208.937	86.5	1	1	0	1	
65	0.100704	0.3	1	107.847	205.724	1.07801e-06	2.6715e-05	207.76	86.5	1	1	0	1	
65	0.101658	0.3	1	108.237	205.158	6.33647e-06	-1.58686e-05	206.601	86.5	1	1	0	1	
65	0.102613	0.3	1	108.616	204.603	1.21342e-05	-6.14084e-05	205.459	86.5	1	1	0	1	
65	0.103568	0.3	1	108.992	204.047	-1.17082e-05	1.1486e-05	204.332	86.5	1	1	0	1	
65	0.104523	0.3	1	109.36	203.496	-7.0918e-05	-2.07498e-05	203.221	86.5	1	1	0	1	
65	0.105477	0.3	1	109.721	202.951	2.36438e-06	-2.41521e-05	202.126	86.5	1	1	0	1	
65	0.106432	0.3	1	110.075	202.411	2.5964e-05	2.69555e-05	201.046	86.5	1	1	0	1	
65	0.107387	0.3	1	110.422	201.877	2.06835e-05	-1.36736e-05	199.98	86.5	1	1	0	1	
65	0.108342	0.3	1	110.762	201.348	-1.52643e-05	9.3931e-06	198.929	86.5	1	1	0	1	
65	0.109296	0.3	1	111.097	200.824	-7.58252e-05	-1.19321e-05	197.892	86.5	1	1	0	1	
65	0.110251	0.3	1	111.425	200.306	6.37769e-06	-1.13346e-05	196.868	86.5	1	1	0	1	
65	0.111206	0.3	1	111.747	199.792	-8.77877e-07	-1.30016e-05	195.858	86.5	1	1	0	1	
65	0.112161	0.3	1	112.063	199.283	-8.84742e-06	-6.73291e-05	194.862	86.5	1	1	0	1	
65	0.113116	0.3	1	112.374	198.779	-1.96706e-05	2.40094e-05	193.878	86.5	1	1	0	1	
65	0.11407	0.3	1	112.679	198.279	1.06599e-05	3.13892e-05	192.906	86.5	1	1	0	1	
65	0.115025	0.3	1	112.979	197.785	1.63661e-05	6.91447e-06	191.947	86.5	1	1	0	1	
65	0.11598	0.3	1	113.274	197.294	-2.06557e-05	1.97102e-05	191	86.5	1	1	0	1	
65	0.116935	0.3	1	113.564	196.808	-1.33546e-05	-2.04467e-05	190.065	86.5	1	1	0	1	
65	0.117889	0.3	1	113.849	196.327	-9.17571e-06	-1.35029e-05	189.142	86.5	1	1	0	1	
65	0.118844	0.3	1	114.129	195.85	-7.0419e-05	-2.82386e-05	188.229	86.5	1	1	0	1	
65	0.119799	0.3	1	114.405	195.377	1.06872e-05	3.60491e-05	187.328	86.5	1	1	0	1	
65	0.120754	0.3	1	114.676	194.908	4.61887e-05	1.06443e-06	186.438	86.5	1	1	0	1	
65	0.121709	0.3	1	114.943	194.443	3.05715e-05	-5.04666e-05	185.558	86.5	1	1	0	1	
65	0.122663	0.3	1	115.206	193.982	-1.91915e-05	3.8354e-05	184.689	86.5	1	1	0	1	
65	0.123618	0.3	1	115.464	193.525	9.81122e-06	-7.23121e-06	183.83	86.5	1	1	0	1	
65	0.124573	0.3	1	115.719	193.072	-2.4707e-05	-2.31098e-05	182.981	86.5	1	1	0	1	
65	0.125528	0.3	1	115.97	192.623	-5.04039e-05	-8.12087e-06	182.142	86.5	1	1	0	1	
65	0.126482	0.3	1	116.216	192.178	-4.12359e-06	-2.84494e-05	181.312	86.5	1	1	0	1	
65	0.127437	0.3	1	116.46	191.736	2.27501e-05	-3.67956e-05	180.492	86.5	1	1	0	1	
65	0.128392	0.3	1	116.699	191.298	6.88779e-05	3.0506e-06	179.681	86.5	1	1	0	1	
65	0.129347	0.3	1	116.935	190.863	-6.70391e-06	2.33369e-05	178.879	86.5	1	1	0	1	
65	0.130302	0.3	1	117.168	190.432	1.82824e-05	-6.01247e-06	178.086	86.5	1	1	0	1	
65	0.131256	0.3	1	117.397	190.004	7.31753e-05	2.61916e-05	177.302	86.5	1	1	0	1	
65	0.132211	0.3	1	117.623	189.58	6.04348e-06	3.89609e-05	176.526	86.5	1	1	0	1	
65	0.133166	0.3	1	117.846	189.159	-1.49944e-05	-8.96397e-06	175.759	86.5	1	1	0	1	
65	0.134121	0.3	1	118.066	188.742	-7.20269e-06	-2.63666e-05	175	86.5	1	1	0	1	
65	0.135075	0.3	1	118.282	188.327	-1.46461e-05	-1.61745e-05	174.25	86.5	1	1	0	1	
65	0.13603	0.3	1	118.496	187.916	2.81167e-06	-1.54927e-05	173.507	86.5	1	1	0	1	
65	0.136985	0.3	1	118.707	187.508	3.77255e-05	-2.83479e-05	172.772	86.5	1	1	0	1	
65	0.13794	0.3	1	118.914	187.103	1.10256e-06	3.67946e-05	172.044	86.5	1	1	0	1	
65	0.138894	0.3	1	119.12	186.701	1.67833e-05	2.59836e-05	171.325	86.5	1	1	0	1	
65	0.139849	0.3	1	119.322	186.302	4.66466e-05	5.73696e-05	170.612	86.5	1	1	0	1	
65	0.140804	0.3	1	119.522	185.906	2.8471e-05	-1.7982e-05	169.907	86.5	1	1	0	1	
65	0.141759	0.3	1	119.719	185.513	7.59674e-05	1.59992e-05	169.209	86.5	1	1	0	1	
65	0.142714	0.3	1	119.914	185.122	-1.15546e-05	-1.58769e-05	168.518	86.5	1	1	0	1	
65	0.143668	0.3	1	120.106	184.735	-1.62329e-05	1.40311e-05	167.834	86.5	1	1	0	1	
65	0.144623	0.3	1	120.295	184.351	-1.85459e-05	1.14888e-06	167.157	86.5	1	1	0	1	
65	0.145578	0.3	1	120.483	183.969	-5.04176e-05	-1.76742e-05	166.487	86.5	1	1	0	1	
65	0.146533	0.3	1	120.668	183.59	3.02203e-05	-2.0893e-05	165.823	86.5	1	1	0	1	
65	0.147487	0.3	1	120.851	183.214	-5.47619e-06	-3.44665e-05	165.165	86.5	1	1	0	1	
65	0.148442	0.3	1	121.031	182.84	3.41076e-05	-4.76333e-05	164.514	86.5	1	1	0	1	
65	0.149397	0.3	1	121.209	182.47	1.76219e-05	-3.09695e-05	163.869	86.5	1	1	0	1	
65	0.150352	0.3	1	121.385	182.102	1.30953e-05	5.4415e-06	163.231	86.5	1	1	0	1	
65	0.151307	0.3	1	121.56	181.737	-1.63138e-05	-1.06602e-05	162.598	86.5	1	1	0	1	
65	0.152261	0.3	1	121.732	181.376	2.06968e-05	1.44322e-05	161.971	86.5	1	1	0	1	
65	0.153216	0.3	1	121.902	181.02	2.227e-07	1.54796e-05	161.351	86.5	1	1	0	1	
65	0.154171	0.3	1	122.069	180.697	2.41671e-05	8.10367e-06	160.735	86.5	1	1	0	1	
65	0.155126	0.3	1	122.236	180.301	4.55085e-05	-2.06827e-05	160.126	86.5	1	1	0	1	
65	0.15608	0.3	1	122.4	179.941	-2.86855e-05	5.57482e-06	159.522	86.5	1	1	0	1	
65	0.157035	0.3	1	122.562	179.585	1.97152e-05	-1.81227e-05	158.924	86.5	1	1	0	1	
65	0.15799	0.3	1	122.723	179.232	6.4479e-06	1.55795e-05	158.331	86.5	1	1	0	1	
65	0.158945	0.3	1	122.881	178.882	2.93272e-05	2.39377e-06	157.743	86.5	1	1	0	1	
65	0.159899	0.3	1	123.038	178.534	2.30566e-05	-1.98273e-05	157.161	86.5	1	1	0	1	
65	0.160854	0.3	1	123.193	178.189	2.73536e-05	8.00407e-06	156.583	86.5	1	1	0	1	
65	0.161809	0.3	1	123.347	177.846	-3.12813e-05	-1.03851e-05	156.011	86.5	1	1	0	1	
65	0.162764	0.3	1	123.499	177.505	2.02593e-05	-2.52904e-05	155.444	86.5	1	1	0	1	
65	0.163719	0.3	1	123.649	177.166	2.33936e-05	2.6289e-05	154.882	86.5	1	1	0	1	
65	0.164673	0.3	1	123.798	176.829	5.62774e-06	1.7214e-05	154.324	86.5	1	1	0	1	
65	0.165628	0.3	1	123.945	176.495	-2.20444e-05	-2.3043e-05	153.772	86.5	1	1	0	1	
65	0.166583	0.3	1	124.09	176.162	-5.34774e-06	-8.17555e-06	153.224	86.5	1	1	0	1	
65	0.167538	0.3	1	124.234	175.832	-1.91715e-06	-1.3266e-05	152.681	86.5	1	1	0	1	
65	0.168492	0.3	1	124.377	175.503	1.25717e-05	-1.68023e-06	152.142	86.5	1	1	0	1	
65	0.169447	0.3	1	124.518	175.176	3.44768e-05	-2.22637e-05	151.608	86.5	1	1	0	1	
65	0.170402	0.3	1	124.658	174.852	1.43906e-05	-4.27532e-06	151.078	86.5	1	1	0	1	
65	0.171357	0.3	1	124.796	174.529	-1.96785e-05	2.63836e-05	150.553	86.5	1	1	0	1	
65	0.172312	0.3	1	124.933	174.208	3.6511e-05	-1.28665e-05	150.032	86.5	1	1	0	1	
65	0.173266	0.3	1	125.068	173.889	-2.28205e-05	1.29084e-05	149.515	86.5	1	1	0	1	
65	0.174221	0.3	1	125.202	173.571	-1.87455e-05	9.8113e-06	149.002	86.5	1	1	0	1	
65	0.175176	0.3	1	125.335	173.256	-2.06388e-05	6.46602e-07	148.494	86.5	1	1	0	1	
65	0.176131	0.3	1	125.467	172.942	2.91576e-05	2.97234e-05	147.989	86.5	1	1	0	1	
65	0.177085	0.3	1	125.597	172.63	8.77886e-06	-8.34922e-05	147.489	86.5	1	1	0	1	
65	0.17804	0.3	1	125.726	172.319	-1.27565e-05	1.59731e-05	146.992	86.5	1	1	0	1	
65	0.178995	0.3	1	125.854	172.011	7.91526e-06	-2.15044e-05	146.5	86.5	1	1	0	1	
65	0.17995	0.3	1	125.98	171.704	5.92109e-06	-4.73433e-06	146.011	86.5	1	1	0	1	
65	0.180905	0.3	1	126.106	171.398	1.34478e-05	-3.88755e-05	145.526	86.5	1	1	0	1	
65	0.181859	0.3	1	126.23	171.095	-8.08464e-05	-2.0654e-05	145.045	86.5	1	1	0	1	
65	0.182814	0.3	1	126.353	170.793	4.67979e-05	-1.28583e-05	144.568	86.5	1	1	0	1	
65	0.183769	0.3	1	126.475	170.492	1.53644e-05	-1.88264e-05	144.094	86.5	1	1	0	1	
65	0.184724	0.3	1	126.595	170.193	-1.54705e-05	1.79464e-05	143.624	86.5	1	1	0	1	
65	0.185678	0.3	1	126.715	169.896	-3.09648e-05	-1.28474e-05	143.157	86.5	1	1	0	1	
65	0.186633	0.3	1	126.834	169.6	-2.22447e-05	4.50478e-05	142.694	86.5	1	1	0	1	
65	0.187588	0.3	1	126.951	169.306	-2.72648e-05	-4.41151e-05	142.235	86.5	1	1	0	1	
65	0.188543	0.3	1	127.068	169.013	7.07271e-05	-1.55005e-05	141.779	86.5	1	1	0	1	
65	0.189497	0.3	1	127.183	168.721	-6.34087e-06	-3.04294e-05	141.326	86.5	1	1	0	1	
65	0.190452	0.3	1	127.297	168.431	3.38263e-06	4.00579e-06	140.876	86.5	1	1	0	1	
65	0.191407	0.3	1	127.411	168.143	-5.09872e-05	-1.35166e-05	140.43	86.5	1	1	0	1	
65	0.192362	0.3	1	127.523	167.856	1.95068e-05	-4.73734e-05	139.987	86.5	1	1	0	1	
65	0.193317	0.3	1	127.635	167.57	4.20565e-05	-4.49663e-05	139.547	86.5	1	1	0	1	
65	0.194271	0.3	1	127.745	167.286	-5.79882e-07	-1.63586e-05	139.111	86.5	1	1	0	1	
65	0.195226	0.3	1	127.855	167.003	-5.44636e-05	-2.97328e-05	138.677	86.5	1	1	0	1	
65	0.196181	0.3	1	127.963	166.722	1.67879e-05	1.13113e-05	138.247	86.5	1	1	0	1	
65	0.197136	0.3	1	128.071	166.442	3.80505e-05	-2.13195e-05	137.819	86.5	1	1	0	1	
65	0.19809	0.3	1	128.178	166.163	1.58052e-05	4.6048e-05	137.395	86.5	1	1	0	1	
65	0.199045	0.3	1	128.284	165.886	-3.78428e-06	3.00604e-05	136.974	86.5	1	1	0	1	
65	0.2	0.3	1	128.389	165.61	-7.69219e-07	-1.75336e-05	136.555	86.5	1	1	0	1	
