65	0.01	0.3	-3	0	0	0	0	0	346	1	2	0	1	
65	0.0109548	0.3	-3	0	0	0	0	0	346	1	2	0	1	
65	0.0119095	0.3	-3	0	0	0	0	0	346	1	2	0	1	
65	0.0128643	0.3	-3	0	0	0	0	0	346	1	2	0	1	
65	0.0138191	0.3	-3	0	0	0	0	0	346	1	2	0	1	
65	0.0147739	0.3	-3	0	0	0	0	0	346	1	2	0	1	
65	0.0157286	0.3	-3	0	0	0	0	0	346	1	2	0	1	
65	0.0166834	0.3	-3	0	0	0	0	0	346	1	2	0	1	
65	0.0176382	0.3	-3	0	0	0	0	0	346	1	2	0	1	
65	0.018593	0.3	-3	0	0	0	0	0	346	1	2	0	1	
65	0.0195477	0.3	-2	0	0	0	0	0	346	1	2	0	1	
65	0.0205025	0.3	-3	0	0	0	0	0	346	1	2	0	1	
65	0.0214573	0.3	-3	0	0	0	0	0	346	1	2	0	1	
65	0.0224121	0.3	-3	0	0	0	0	0	346	1	2	0	1	
65	0.0233668	0.3	-3	0	0	0	0	0	346	1	2	0	1	
65	0.0243216	0.3	-2	0	0	0	0	0	346	1	2	0	1	
65	0.0252764	0.3	-3	0	0	0	0	0	346	1	2	0	1	
65	0.0262312	0.3	-3	0	0	0	0	0	346	1	2	0	1	
65	0.0271859	0.3	-3	0	0	0	0	0	346	1	2	0	1	
65	0.0281407	0.3	-3	0	0	0	0	0	346	1	2	0	1	
65	0.0290955	0.3	-3	0	0	0	0	0	346	1	2	0	1	
65	0.0300503	0.3	-3	0	0	0	0	0	346	1	2	0	1	
65	0.031005	0.3	-3	0	0	0	0	0	346	1	2	0	1	
65	0.0319598	0.3	-3	0	0	0	0	0	346	1	2	0	1	
65	0.0329146	0.3	-3	0	0	0	0	0	346	1	2	0	1	
65	0.0338693	0.3	-3	0	0	0	0	0	346	1	2	0	1	
65	0.0348241	0.3	-3	0	0	0	0	0	346	1	2	0	1	
65	0.0357789	0.3	-2	0	0	0	0	0	346	1	2	0	1	
65	0.0367337	0.3	-2	0	0	0	0	0	346	1	2	0	1	
65	0.0376884	0.3	-2	0	0	0	0	0	346	1	2	0	1	
65	0.0386432	0.3	-2	0	0	0	0	0	346	1	2	0	1	
65	0.039598	0.3	-2	0	0	0	0	0	346	1	2	0	1	
65	0.0405528	0.3	-2	0	0	0	0	0	346	1	2	0	1	
65	0.0415075	0.3	-2	0	0	0	0	0	346	1	2	0	1	
65	0.0424623	0.3	-2	0	0	0	0	0	346	1	2	0	1	
65	0.0434171	0.3	1	33.5819	-246.029	3.03652e-05	-2.43298e-05	330.73	346	1	2	0	1	
65	0.0443719	0.3	1	44.2741	-245.272	-1.9074e-05	5.7049e-06	326.766	346	1	2	0	1	
65	0.0453266	0.3	1	50.9311	-244.354	-1.11908e-06	1.48029e-05	322.889	346	1	2	0	1	
65	0.0462814	0.3	1	56.0033	-243.361	-1.62892e-05	-8.55636e-06	319.116	346	1	2	0	1	
65	0.0472362	0.3	1	60.1731	-242.328	3.40432e-06	-1.34457e-05	315.451	346	1	2	0	1	
65	0.048191	0.3	1	63.7403	-241.274	5.78583e-06	-8.78884e-06	311.892	346	1	2	0	1	
65	0.0491457	0.3	1	66.8785	-240.209	-2.72203e-05	4.32545e-05	308.434	346	1	2	0	1	
65	0.0501005	0.3	1	69.6806	-239.142	1.16226e-05	-1.15724e-05	305.075	346	1	2	0	1	
65	0.0510553	0.3	1	72.217	-238.077	-2.33944e-05	3.99414e-05	301.811	346	1	2	0	1	
65	0.0520101	0.3	1	74.5355	-237.017	9.2201e-06	1.14021e-05	298.637	346	1	2	0	1	
65	0.0529648	0.3	1	76.6714	-235.966	-8.25398e-06	-5.52042e-06	295.551	346	1	2	0	1	
65	0.0539196	0.3	1	78.6515	-234.925	-1.67341e-05	3.14827e-05	292.548	346	1	2	0	1	
65	0.0548744	0.3	1	80.4967	-233.894	-8.20209e-06	4.66956e-06	289.625	346	1	2	0	1	
65	0.0558291	0.3	1	82.2193	-232.878	5.24759e-05	-4.15996e-06	286.779	346	1	2	0	1	
65	0.0567839	0.3	1	83.8431	-231.872	-7.17842e-06	-4.23568e-06	284.007	346	1	2	0	1	
65	0.0577387	0.3	1	85.374	-230.878	-2.1087e-06	1.5964e-05	281.305	346	1	2	0	1	
65	0.0586935	0.3	1	86.8241	-229.896	-1.33094e-05	1.49447e-05	278.671	346	1	2	0	1	
65	0.0596482	0.3	1	88.1957	228.929	-1.83275e-05	5.50835e-06	276.102	346	1	2	0	1	
65	0.060603	0.3	1	89.4989	-227.976	-4.12202e-06	-1.85195e-05	273.597	346	1	2	0	1	
65	0.0615578	0.3	1	90.7399	-227.036	5.30621e-06	8.48372e-07	271.151	346	1	2	0	1	
65	0.0625126	0.3	1	91.9238	-226.11	1.21203e-05	-1.10535e-05	268.763	346	1	2	0	1	
65	0.0634673	0.3	1	93.0497	225.201	9.39431e-06	3.6826e-05	266.432	346	1	2	0	1	
65	0.0644221	0.3	1	94.1344	224.299	1.02797e-05	9.03311e-06	264.153	346	1	2	0	1	
65	0.0653769	0.3	1	95.1762	-223.408	9.55334e-06	-1.12469e-05	261.926	346	1	2	0	1	
65	0.0663317	0.3	1	96.1727	-222.533	-8.53948e-05	7.08423e-07	259.749	346	1	2	0	1	
65	0.0672864	0.3	1	97.1303	-221.671	-2.03533e-05	-2.82849e-05	257.62	346	1	2	0	1	
65	0.0682412	0.3	1	98.0518	-220.82	-5.828e-06	1.59221e-05	255.537	346	1	2	0	1	
65	0.069196	0.3	1	98.9395	-219.982	-3.5283e-05	-6.92063e-05	253.499	346	1	2	0	1	
65	0.0701508	0.3	1	99.7954	-219.155	2.37156e-05	1.88435e-05	251.504	346	1	2	0	1	
65	0.0711055	0.3	1	100.622	-218.34	-8.03925e-06	4.4324e-06	249.551	346	1	2	0	1	
65	0.0720603	0.3	1	101.42	-217.536	-1.6762e-06	-1.73666e-05	247.638	346	1	2	0	1	
65	0.0730151	0.3	1	102.191	-216.743	8.99571e-08	2.11959e-05	245.764	346	1	2	0	1	
65	0.0739698	0.3	1	102.938	-215.961	4.28062e-06	-3.4572e-06	243.927	346	1	2	0	1	
65	0.0749246	0.3	1	103.661	-215.189	3.35061e-05	1.01395e-05	242.127	346	1	2	0	1	
65	0.0758794	0.3	1	104.362	-214.428	1.55684e-05	5.18316e-06	240.362	346	1	2	0	1	
65	0.0768342	0.3	1	105.042	-213.676	2.34202e-05	-4.65626e-05	238.631	346	1	2	0	1	
65	0.0777889	0.3	1	105.702	212.935	-1.91811e-05	8.46679e-06	236.933	346	1	2	0	1	
65	0.0787437	0.3	1	106.343	212.203	-1.74874e-05	3.68954e-05	235.267	346	1	2	0	1	
65	0.0796985	0.3	1	106.965	-211.48	-2.16698e-06	-6.77202e-06	233.633	346	1	2	0	1	
65	0.0806533	0.3	1	107.57	210.767	-1.25787e-05	-1.79721e-05	232.028	346	1	2	0	1	
65	0.081608	0.3	1	108.159	210.063	-8.04503e-07	-5.11492e-06	230.452	346	1	2	0	1	
65	0.0825628	0.3	1	108.732	209.367	-7.19616e-07	-2.08626e-05	228.905	346	1	2	0	1	
65	0.0835176	0.3	1	109.29	208.68	-2.50331e-05	-7.38172e-06	227.385	346	1	2	0	1	
65	0.0844724	0.3	1	109.834	208.001	-7.29839e-06	-3.08901e-05	225.892	346	1	2	0	1	
65	0.0854271	0.3	1	110.364	207.331	-2.19765e-05	1.7086e-05	224.425	346	1	2	0	1	
65	0.0863819	0.3	1	110.881	206.669	-1.09792e-05	1.77993e-05	222.983	346	1	2	0	1	
65	0.0873367	0.3	1	111.385	206.014	-9.35941e-06	2.21058e-05	221.566	346	1	2	0	1	
65	0.0882915	0.3	1	111.877	205.367	-4.16381e-06	2.70907e-05	220.172	346	1	2	0	1	
65	0.0892462	0.3	1	112.358	204.728	4.14026e-05	-1.8855e-05	218.802	346	1	2	0	1	
65	0.090201	0.3	1	112.827	204.096	1.14412e-06	4.94692e-06	217.455	346	1	2	0	1	
65	0.0911558	0.3	1	113.287	203.469	-1.62724e-05	-2.34598e-05	216.129	346	1	2	0	1	
65	0.0921106	0.3	1	113.734	202.853	-2.03936e-05	2.48276e-05	214.825	346	1	2	0	1	
65	0.0930653	0.3	1	114.173	202.242	-1.46606e-06	-7.56506e-06	213.543	346	1	2	0	1	
65	0.0940201	0.3	1	114.602	201.637	8.11331e-06	5.79193e-06	212.281	346	1	2	0	1	
65	0.0949749	0.3	1	115.022	201.039	-4.77142e-07	2.19566e-05	211.042	346	1	2	0	1	
65	0.0959296	0.3	1	115.433	200.448	-1.32362e-05	1.85588e-06	209.823	346	1	2	0	1	
65	0.0968844	0.3	1	115.835	199.862	-2.97723e-05	-5.15707e-06	208.625	346	1	2	0	1	
65	0.0978392	0.3	1	116.23	199.283	-9.63255e-06	-1.61449e-05	207.421	346	1	2	0	1	
65	0.098794	0.3	1	116.616	198.71	1.09135e-05	-1.49293e-05	206.243	346	1	2	0	1	
65	0.0997487	0.3	1	116.994	198.144	-7.69743e-06	-7.60778e-06	205.084	346	1	2	0	1	
65	0.100704	0.3	1	117.365	197.582	-5.61552e-06	-6.90206e-06	203.943	346	1	2	0	1	
65	0.101658	0.3	1	117.729	197.027	-2.22183e-05	-7.06245e-06	202.82	346	1	2	0	1	
65	0.102613	0.3	1	118.086	196.477	9.26567e-06	-1.50389e-05	201.712	346	1	2	0	1	
65	0.103568	0.3	1	118.436	195.933	-2.37766e-05	-1.35059e-05	200.621	346	1	2	0	1	
65	0.104523	0.3	1	118.779	195.394	-3.49805e-06	-3.51299e-06	199.545	346	1	2	0	1	
65	0.105477	0.3	1	119.117	194.86	-1.5115e-05	-1.52593e-05	198.484	346	1	2	0	1	
65	0.106432	0.3	1	119.448	194.332	-4.57759e-06	-2.12262e-05	197.437	346	1	2	0	1	
65	0.107387	0.3	1	119.773	193.808	-2.83181e-05	2.43872e-06	196.405	346	1	2	0	1	
65	0.108342	0.3	1	120.092	193.29	2.53856e-05	3.3124e-05	195.387	346	1	2	0	1	
65	0.109296	0.3	1	120.406	192.776	1.56379e-05	2.43122e-06	194.383	346	1	2	0	1	
65	0.110251	0.3	1	120.714	192.268	8.53883e-06	-2.76201e-06	193.392	346	1	2	0	1	
65	0.111206	0.3	1	121.017	191.764	7.30874e-08	-1.33125e-05	192.414	346	1	2	0	1	
65	0.112161	0.3	1	121.315	191.264	-1.02095e-06	-1.1222e-05	191.449	346	1	2	0	1	
65	0.113116	0.3	1	121.608	190.769	-1.63873e-05	3.84578e-06	190.496	346	1	2	0	1	
65	0.11407	0.3	1	121.896	190.278	-3.73536e-05	1.35142e-06	189.556	346	1	2	0	1	
65	0.115025	0.3	1	122.18	189.792	5.8589e-06	2.34243e-05	188.627	346	1	2	0	1	
65	0.11598	0.3	1	122.458	189.31	-2.28434e-05	-3.34314e-05	187.71	346	1	2	0	1	
65	0.116935	0.3	1	122.733	188.832	2.36578e-05	5.11123e-05	186.804	346	1	2	0	1	
65	0.117889	0.3	1	123.003	188.359	1.2781e-05	-2.47277e-05	185.91	346	1	2	0	1	
65	0.118844	0.3	1	123.269	187.889	1.72352e-05	1.48694e-05	185.026	346	1	2	0	1	
65	0.119799	0.3	1	123.53	187.423	1.06518e-05	-5.2099e-06	184.154	346	1	2	0	1	
65	0.120754	0.3	1	123.788	186.962	9.64476e-06	3.52234e-05	183.291	346	1	2	0	1	
65	0.121709	0.3	1	124.042	186.504	-1.45176e-05	-5.19363e-06	182.44	346	1	2	0	1	
65	0.122663	0.3	1	124.292	186.05	-2.96044e-06	-1.0897e-05	181.598	346	1	2	0	1	
65	0.123618	0.3	1	124.538	185.599	1.53955e-06	7.02528e-07	180.766	346	1	2	0	1	
65	0.124573	0.3	1	124.781	185.153	1.50335e-05	4.33234e-05	179.943	346	1	2	0	1	
65	0.125528	0.3	1	125.02	184.709	5.30123e-06	-1.12758e-05	179.13	346	1	2	0	1	
65	0.126482	0.3	1	125.256	184.27	7.56788e-06	-5.78615e-06	178.327	346	1	2	0	1	
65	0.127437	0.3	1	125.489	183.833	7.97725e-06	-7.33076e-06	177.532	346	1	2	0	1	
65	0.128392	0.3	1	125.718	183.401	-2.42218e-05	2.0188e-05	176.747	346	1	2	0	1	
65	0.129347	0.3	1	125.944	182.971	1.71041e-06	-1.03584e-05	175.97	346	1	2	0	1	
65	0.130302	0.3	1	126.167	182.545	-7.10188e-05	5.49275e-07	175.202	346	1	2	0	1	
65	0.131256	0.3	1	126.386	182.122	-1.50029e-05	-9.89651e-06	174.442	346	1	2	0	1	
65	0.132211	0.3	1	126.603	181.702	1.47199e-05	-2.63624e-06	173.691	346	1	2	0	1	
65	0.133166	0.3	1	126.817	181.286	-4.3056e-06	3.83276e-06	172.947	346	1	2	0	1	
65	0.134121	0.3	1	127.028	180.872	-1.64803e-05	-1.40636e-05	172.212	346	1	2	0	1	
65	0.135075	0.3	1	127.237	180.462	-8.70937e-06	1.80545e-05	171.485	346	1	2	0	1	
65	0.13603	0.3	1	127.442	180.055	5.90196e-06	-6.46963e-06	170.765	346	1	2	0	1	
65	0.136985	0.3	1	127.645	179.65	1.63372e-05	-3.92199e-06	170.052	346	1	2	0	1	
65	0.13794	0.3	1	127.846	179.249	4.65162e-05	1.15002e-06	169.348	346	1	2	0	1	
65	0.138894	0.3	1	128.044	178.85	1.29178e-05	9.8643e-06	168.65	346	1	2	0	1	
65	0.139849	0.3	1	128.239	178.454	4.95231e-05	3.81648e-06	167.96	346	1	2	0	1	
65	0.140804	0.3	1	128.432	178.061	-7.4312e-05	-1.38224e-06	167.276	346	1	2	0	1	
65	0.141759	0.3	1	128.622	177.671	-3.14281e-05	-4.15949e-05	166.6	346	1	2	0	1	
65	0.142714	0.3	1	128.811	177.284	3.60344e-05	5.08054e-06	165.93	346	1	2	0	1	
65	0.143668	0.3	1	128.997	176.899	-4.22164e-05	2.21653e-05	165.267	346	1	2	0	1	
65	0.144623	0.3	1	129.18	176.517	-5.3183e-06	-1.7519e-06	164.61	346	1	2	0	1	
65	0.145578	0.3	1	129.362	176.136	-8.99909e-05	2.17521e-05	163.96	346	1	2	0	1	
65	0.146533	0.3	1	129.541	175.759	2.93997e-05	-5.19781e-05	163.316	346	1	2	0	1	
65	0.147487	0.3	1	129.719	175.391	1.96546e-06	-4.39258e-05	162.679	346	1	2	0	1	
65	0.148442	0.3	1	129.894	175.027	-8.66098e-06	3.75308e-06	162.047	346	1	2	0	1	
65	0.149397	0.3	1	130.067	174.641	6.40603e-05	-2.42656e-05	161.422	346	1	2	0	1	
65	0.150352	0.3	1	130.238	174.293	3.02945e-05	7.11298e-06	160.803	346	1	2	0	1	
65	0.151307	0.3	1	130.407	173.911	-3.10404e-05	4.9315e-06	160.189	346	1	2	0	1	
65	0.152261	0.3	1	130.575	173.54	1.09e-05	-5.4035e-06	159.581	346	1	2	0	1	
65	0.153216	0.3	1	130.74	173.19	-1.27864e-05	-3.71738e-06	158.979	346	1	2	0	1	
65	0.154171	0.3	1	130.904	172.832	4.06511e-06	-2.26527e-05	158.382	346	1	2	0	1	
65	0.155126	0.3	1	131.066	172.469	-1.00909e-05	-2.34286e-06	157.791	346	1	2	0	1	
65	0.15608	0.3	1	131.226	172.112	9.99062e-06	2.36306e-05	157.205	346	1	2	0	1	
65	0.157035	0.3	1	131.385	171.759	-3.09585e-06	1.34582e-05	156.624	346	1	2	0	1	
65	0.15799	0.3	1	131.541	171.409	1.62522e-06	8.04712e-06	156.049	346	1	2	0	1	
65	0.158945	0.3	1	131.696	171.061	-8.98764e-05	-4.8096e-06	155.478	346	1	2	0	1	
65	0.159899	0.3	1	131.85	170.714	-5.40703e-07	-6.21927e-06	154.913	346	1	2	0	1	
65	0.160854	0.3	1	132.002	170.369	8.87846e-08	-6.56015e-06	154.353	346	1	2	0	1	
65	0.161809	0.3	1	132.152	170.026	-3.66983e-05	7.24302e-05	153.797	346	1	2	0	1	
65	0.162764	0.3	1	132.301	169.686	-3.32818e-05	1.48499e-05	153.246	346	1	2	0	1	
65	0.163719	0.3	1	132.448	169.347	-3.9707e-06	1.53238e-05	152.701	346	1	2	0	1	
65	0.164673	0.3	1	132.594	169.011	-1.1875e-05	-2.21251e-05	152.159	346	1	2	0	1	
65	0.165628	0.3	1	132.738	168.676	2.93736e-06	-1.62746e-06	151.623	346	1	2	0	1	
65	0.166583	0.3	1	132.881	168.343	-1.89206e-05	-7.85305e-06	151.091	346	1	2	0	1	
65	0.167538	0.3	1	133.022	168.012	-9.45107e-06	5.22843e-06	150.563	346	1	2	0	1	
65	0.168492	0.3	1	133.162	167.683	3.26487e-06	1.22919e-05	150.04	346	1	2	0	1	
65	0.169447	0.3	1	133.3	167.356	4.03774e-05	-3.86654e-05	149.521	346	1	2	0	1	
65	0.170402	0.3	1	133.438	167.03	-1.31786e-05	4.31476e-05	149.006	346	1	2	0	1	
65	0.171357	0.3	1	133.574	166.707	-2.49188e-05	-2.34862e-05	148.496	346	1	2	0	1	
65	0.172312	0.3	1	133.708	166.385	3.07033e-06	-1.76805e-05	147.989	346	1	2	0	1	
65	0.173266	0.3	1	133.842	166.065	-4.57703e-05	2.15652e-05	147.487	346	1	2	0	1	
65	0.174221	0.3	1	133.974	165.746	-1.767e-05	1.83084e-06	146.989	346	1	2	0	1	
65	0.175176	0.3	1	134.105	165.429	-4.78059e-06	-2.77151e-08	146.495	346	1	2	0	1	
65	0.176131	0.3	1	134.234	165.114	3.06246e-06	-1.8785e-06	146.004	346	1	2	0	1	
65	0.177085	0.3	1	134.363	164.801	6.83664e-06	2.03408e-05	145.518	346	1	2	0	1	
65	0.17804	0.3	1	134.49	164.489	2.35074e-07	1.066e-05	145.035	346	1	2	0	1	
65	0.178995	0.3	1	134.616	164.179	-9.79794e-06	1.92251e-05	144.556	346	1	2	0	1	
65	0.17995	0.3	1	134.741	163.87	1.42365e-05	1.90363e-05	144.081	346	1	2	0	1	
65	0.180905	0.3	1	134.865	163.563	1.25958e-06	1.18241e-05	143.61	346	1	2	0	1	
65	0.181859	0.3	1	134.988	163.257	2.17208e-05	-1.72318e-05	143.142	346	1	2	0	1	
65	0.182814	0.3	1	135.109	162.953	-3.33017e-06	6.86318e-06	142.677	346	1	2	0	1	
65	0.183769	0.3	1	135.23	162.651	-1.02956e-05	6.83978e-06	142.216	346	1	2	0	1	
65	0.184724	0.3	1	135.349	162.35	1.29402e-05	1.23715e-05	141.759	346	1	2	0	1	
65	0.185678	0.3	1	135.468	162.05	-2.08405e-06	1.32313e-05	141.305	346	1	2	0	1	
65	0.186633	0.3	1	135.585	161.752	-2.9395e-05	4.1408e-06	140.854	346	1	2	0	1	
65	0.187588	0.3	1	135.702	161.455	3.29402e-05	-1.65066e-05	140.407	346	1	2	0	1	
65	0.188543	0.3	1	135.817	161.16	4.32673e-05	-7.09287e-05	139.963	346	1	2	0	1	
65	0.189497	0.3	1	135.931	160.866	4.79155e-05	2.12559e-05	139.522	346	1	2	0	1	
65	0.190452	0.3	1	136.045	160.574	-1.62513e-05	-1.40551e-05	139.085	346	1	2	0	1	
65	0.191407	0.3	1	136.157	160.283	2.21742e-05	5.72277e-06	138.65	346	1	2	0	1	
65	0.192362	0.3	1	136.269	159.993	3.03395e-05	4.47869e-06	138.219	346	1	2	0	1	
65	0.193317	0.3	1	136.38	159.705	-2.51554e-05	1.09727e-05	137.79	346	1	2	0	1	
65	0.194271	0.3	1	136.49	159.418	1.65576e-05	-1.52886e-05	137.365	346	1	2	0	1	
65	0.195226	0.3	1	136.598	159.132	6.83576e-07	-1.26884e-05	136.943	346	1	2	0	1	
65	0.196181	0.3	1	136.706	158.848	3.20886e-05	-9.21788e-06	136.524	346	1	2	0	1	
65	0.197136	0.3	1	136.813	158.565	2.94218e-05	-9.49575e-06	136.107	346	1	2	0	1	
65	0.19809	0.3	1	136.92	158.283	4.04428e-05	4.75811e-06	135.694	346	1	2	0	1	
65	0.199045	0.3	1	137.025	158.003	3.28258e-05	1.62086e-05	135.283	346	1	2	0	1	
65	0.2	0.3	1	137.13	157.723	2.40712e-05	-1.05289e-05	134.875	346	1	2	0	1	
