65	0.01	0.3	-2	0	0	0	0	0	86.5	0	0	0	1	
65	0.0119192	0.3	-2	0	0	0	0	0	86.5	0	0	0	1	
65	0.0138384	0.3	-2	0	0	0	0	0	86.5	0	0	0	1	
65	0.0157576	0.3	-2	0	0	0	0	0	86.5	0	0	0	1	
65	0.0176768	0.3	-2	0	0	0	0	0	86.5	0	0	0	1	
65	0.019596	0.3	-2	0	0	0	0	0	86.5	0	0	0	1	
65	0.0215152	0.3	-2	0	0	0	0	0	86.5	0	0	0	1	
65	0.0234343	0.3	-2	0	0	0	0	0	86.5	0	0	0	1	
65	0.0253535	0.3	-2	0	0	0	0	0	86.5	0	0	0	1	
65	0.0272727	0.3	-2	0	0	0	0	0	86.5	0	0	0	1	
65	0.0291919	0.3	-2	0	0	0	0	0	86.5	0	0	0	1	
65	0.0311111	0.3	-2	0	0	0	0	0	86.5	0	0	0	1	
65	0.0330303	0.3	-2	0	0	0	0	0	86.5	0	0	0	1	
65	0.0349495	0.3	-2	0	0	0	0	0	86.5	0	0	0	1	
65	0.0368687	0.3	-2	0	0	0	0	0	86.5	0	0	0	1	
65	0.0387879	0.3	-2	0	0	0	0	0	86.5	0	0	0	1	
65	0.0407071	0.3	-2	0	0	0	0	0	86.5	0	0	0	1	
65	0.0426263	0.3	-2	0	0	0	0	0	86.5	0	0	0	1	
65	0.0445455	0.3	-2	0	0	0	0	0	86.5	0	0	0	1	
65	0.0464646	0.3	-2	0	0	0	0	0	86.5	0	0	0	1	
65	0.0483838	0.3	-2	0	0	0	0	0	86.5	0	0	0	1	
65	0.050303	0.3	1	38.3372	0	235.475	235.475	0	86.5	0	0	0	1	
65	0.0522222	0.3	1	50.7117	0	229.118	229.118	0	86.5	0	0	0	1	
65	0.0541414	0.3	1	58.3837	0	224.169	224.169	0	86.5	0	0	0	1	
65	0.0560606	0.3	1	64.1148	0	219.931	219.931	0	86.5	0	0	0	1	
65	0.0579798	0.3	1	68.7125	0	216.178	216.178	0	86.5	0	0	0	1	
65	0.059899	0.3	1	72.5465	0	212.794	212.794	0	86.5	0	0	0	1	
65	0.0618182	0.3	1	75.8234	0	209.71	209.71	0	86.5	0	0	0	1	
65	0.0637374	0.3	1	78.6728	0	206.877	206.877	0	86.5	0	0	0	1	
65	0.0656566	0.3	1	81.1822	0	204.262	204.262	0	86.5	0	0	0	1	
65	0.0675758	0.3	1	83.4145	0	201.837	201.837	0	86.5	0	0	0	1	
65	0.0694949	0.3	1	85.416	0	253.672	199.58	0	86.5	0	0	0	1	
65	0.0714141	0.3	1	87.2224	0	197.475	197.475	0	86.5	0	0	0	1	
65	0.0733333	0.3	1	88.8615	0	195.507	195.507	0	86.5	0	0	0	1	
65	0.0752525	0.3	1	90.3554	0	193.663	193.663	0	86.5	0	0	0	1	
65	0.0771717	0.3	1	91.7221	0	191.933	191.933	0	86.5	0	0	0	1	
65	0.0790909	0.3	1	92.9759	0	190.309	190.309	0	86.5	0	0	0	1	
65	0.0810101	0.3	1	94.1281	0	188.785	188.785	0	86.5	0	0	0	1	
65	0.0829293	0.3	1	95.1863	0	187.357	187.357	0	86.5	0	0	0	1	
65	0.0848485	0.3	1	96.1518	0	186.031	186.031	0	86.5	0	0	0	1	
65	0.0867677	0.3	1	97.0527	0	184.773	184.773	0	86.5	0	0	0	1	
65	0.0886869	0.3	1	97.8981	0	183.574	183.574	0	86.5	0	0	0	1	
65	0.0906061	0.3	1	98.6934	0	182.429	182.429	0	86.5	0	0	0	1	
65	0.0925253	0.3	1	99.4431	0	181.334	181.334	0	86.5	0	0	0	1	
65	0.0944444	0.3	1	100.151	0	180.287	180.287	0	86.5	0	0	0	1	
65	0.0963636	0.3	1	100.821	0	179.283	179.283	0	86.5	0	0	0	1	
65	0.0982828	0.3	1	101.456	0	178.32	178.32	0	86.5	0	0	0	1	
65	0.100202	0.3	1	102.059	0	177.396	177.396	0	86.5	0	0	0	1	
65	0.102121	0.3	1	102.631	0	176.508	176.508	0	86.5	0	0	0	1	
65	0.10404	0.3	1	103.177	0	175.654	175.654	0	86.5	0	0	0	1	
65	0.10596	0.3	1	103.696	0	174.832	174.832	0	86.5	0	0	0	1	
65	0.107879	0.3	1	104.192	0	174.04	174.04	0	86.5	0	0	0	1	
65	0.109798	0.3	1	104.666	0	173.276	173.276	0	86.5	0	0	0	1	
65	0.111717	0.3	1	105.119	0	172.54	172.54	0	86.5	0	0	0	1	
65	0.113636	0.3	1	105.553	0	171.828	171.828	0	86.5	0	0	0	1	
65	0.115556	0.3	1	105.968	0	171.141	171.141	0	86.5	0	0	0	1	
65	0.117475	0.3	1	106.367	0	170.477	170.477	0	86.5	0	0	0	1	
65	0.119394	0.3	1	106.75	0	169.834	169.834	0	86.5	0	0	0	1	
65	0.121313	0.3	1	107.118	0	169.212	169.212	0	86.5	0	0	0	1	
65	0.123232	0.3	1	107.472	0	168.61	168.61	0	86.5	0	0	0	1	
65	0.125152	0.3	1	107.812	0	168.026	168.026	0	86.5	0	0	0	1	
65	0.127071	0.3	1	108.14	0	167.46	167.46	0	86.5	0	0	0	1	
65	0.12899	0.3	1	108.456	0	166.911	166.911	0	86.5	0	0	0	1	
65	0.130909	0.3	1	108.761	0	166.379	166.379	0	86.5	0	0	0	1	
65	0.132828	0.3	1	109.056	0	165.862	165.862	0	86.5	0	0	0	1	
65	0.134747	0.3	1	109.34	0	165.359	165.359	0	86.5	0	0	0	1	
65	0.136667	0.3	1	109.615	0	164.871	164.871	0	86.5	0	0	0	1	
65	0.138586	0.3	1	109.88	0	168.458	164.396	0	86.5	0	0	0	1	
65	0.140505	0.3	1	110.137	0	163.935	163.935	0	86.5	0	0	0	1	
65	0.142424	0.3	1	110.386	0	163.485	163.485	0	86.5	0	0	0	1	
65	0.144343	0.3	1	110.627	0	163.048	163.048	0	86.5	0	0	0	1	
65	0.146263	0.3	1	110.861	0	162.622	162.622	0	86.5	0	0	0	1	
65	0.148182	0.3	1	111.087	0	162.208	162.208	0	86.5	0	0	0	1	
65	0.150101	0.3	1	111.307	0	161.804	161.804	0	86.5	0	0	0	1	
65	0.15202	0.3	1	111.52	0	161.41	161.41	0	86.5	0	0	0	1	
65	0.153939	0.3	1	111.727	0	161.025	161.025	0	86.5	0	0	0	1	
65	0.155859	0.3	1	111.928	0	160.651	160.651	0	86.5	0	0	0	1	
65	0.157778	0.3	1	112.123	0	160.285	160.285	0	86.5	0	0	0	1	
65	0.159697	0.3	1	112.313	0	159.928	159.928	0	86.5	0	0	0	1	
65	0.161616	0.3	1	112.498	0	159.58	159.58	0	86.5	0	0	0	1	
65	0.163535	0.3	1	112.678	0	159.239	159.239	0	86.5	0	0	0	1	
65	0.165455	0.3	1	112.853	0	158.873	158.873	0	86.5	0	0	0	1	
65	0.167374	0.3	1	113.023	0	157.131	157.131	0	86.5	0	0	0	1	
65	0.169293	0.3	1	113.189	0	155.826	155.826	0	86.5	0	0	0	1	
65	0.171212	0.3	1	113.351	0	154.81	154.81	0	86.5	0	0	0	1	
65	0.173131	0.3	1	113.509	0	153.996	153.996	0	86.5	0	0	0	1	
65	0.175051	0.3	1	113.662	0	153.329	153.329	0	86.5	0	0	0	1	
65	0.17697	0.3	1	113.812	0	152.771	152.771	0	86.5	0	0	0	1	
65	0.178889	0.3	1	113.958	0	152.298	152.298	0	86.5	0	0	0	1	
65	0.180808	0.3	1	114.101	0	151.89	151.89	0	86.5	0	0	0	1	
65	0.182727	0.3	1	114.24	0	151.535	151.535	0	86.5	0	0	0	1	
65	0.184646	0.3	1	114.377	0	151.223	151.223	0	86.5	0	0	0	1	
65	0.186566	0.3	1	114.509	0	150.947	150.947	0	86.5	0	0	0	1	
65	0.188485	0.3	1	114.639	0	150.7	150.7	0	86.5	0	0	0	1	
65	0.190404	0.3	1	114.766	0	150.477	150.477	0	86.5	0	0	0	1	
65	0.192323	0.3	1	114.89	0	150.277	150.277	0	86.5	0	0	0	1	
65	0.194242	0.3	1	115.012	0	150.093	150.093	0	86.5	0	0	0	1	
65	0.196162	0.3	1	115.13	0	149.926	149.926	0	86.5	0	0	0	1	
65	0.198081	0.3	1	115.246	0	149.772	149.772	0	86.5	0	0	0	1	
65	0.2	0.3	1	115.36	0	149.63	149.63	0	86.5	0	0	0	1	
