65	0.1	0.1	1	nan	0	1599.98	1599.98	0	173	0	2	0	1	
65	0.1	0.10303	1	nan	0	1599.98	1599.98	0	173	0	2	0	1	
65	0.1	0.106061	1	nan	0	1599.98	1599.98	0	173	0	2	0	1	
65	0.1	0.109091	1	nan	0	1599.98	1599.98	0	173	0	2	0	1	
65	0.1	0.112121	1	nan	0	1599.98	1599.98	0	173	0	2	0	1	
65	0.1	0.115152	1	nan	0	1599.98	1599.98	0	173	0	2	0	1	
65	0.1	0.118182	1	nan	0	1599.98	1599.98	0	173	0	2	0	1	
65	0.1	0.121212	1	nan	0	1599.98	1599.98	0	173	0	2	0	1	
65	0.1	0.124242	1	nan	0	1599.98	1599.98	0	173	0	2	0	1	
65	0.1	0.127273	1	nan	0	1599.98	1599.98	0	173	0	2	0	1	
65	0.1	0.130303	1	nan	0	1599.98	1599.98	0	173	0	2	0	1	
65	0.1	0.133333	1	nan	0	1599.98	1599.98	0	173	0	2	0	1	
65	0.1	0.136364	1	nan	0	1599.98	1599.98	0	173	0	2	0	1	
65	0.1	0.139394	1	nan	0	1599.98	1599.98	0	173	0	2	0	1	
65	0.1	0.142424	1	125.707	0	146.561	146.561	0	173	0	2	0	1	
65	0.1	0.145455	1	125.789	0	146.3	146.3	0	173	0	2	0	1	
65	0.1	0.148485	1	125.855	0	146.08	146.08	0	173	0	2	0	1	
65	0.1	0.151515	1	125.905	0	145.9	145.9	0	173	0	2	0	1	
65	0.1	0.154545	1	125.939	0	145.76	145.76	0	173	0	2	0	1	
65	0.1	0.157576	1	125.957	0	145.661	145.661	0	173	0	2	0	1	
65	0.1	0.160606	1	125.958	0	145.602	145.602	0	173	0	2	0	1	
65	0.1	0.163636	1	125.944	0	145.585	145.585	0	173	0	2	0	1	
65	0.1	0.166667	1	125.913	0	145.609	145.609	0	173	0	2	0	1	
65	0.1	0.169697	1	125.866	0	145.674	145.674	0	173	0	2	0	1	
65	0.1	0.172727	1	125.802	0	145.781	145.781	0	173	0	2	0	1	
65	0.1	0.175758	1	125.722	0	145.929	145.929	0	173	0	2	0	1	
65	0.1	0.178788	1	125.625	0	146.12	146.12	0	173	0	2	0	1	
65	0.1	0.181818	1	125.512	0	146.352	146.352	0	173	0	2	0	1	
65	0.1	0.184848	1	125.382	0	146.627	146.627	0	173	0	2	0	1	
65	0.1	0.187879	1	125.234	0	146.943	146.943	0	173	0	2	0	1	
65	0.1	0.190909	1	125.07	0	147.302	147.302	0	173	0	2	0	1	
65	0.1	0.193939	1	124.888	0	147.703	147.703	0	173	0	2	0	1	
65	0.1	0.19697	1	124.688	0	148.146	148.146	0	173	0	2	0	1	
65	0.1	0.2	1	124.47	0	148.631	148.631	0	173	0	2	0	1	
65	0.1	0.20303	1	124.235	0	149.159	149.159	0	173	0	2	0	1	
65	0.1	0.206061	1	123.979	0	149.734	149.734	0	173	0	2	0	1	
65	0.1	0.209091	1	123.697	0	150.368	150.368	0	173	0	2	0	1	
65	0.1	0.212121	1	123.392	0	151.053	151.053	0	173	0	2	0	1	
65	0.1	0.215152	1	123.065	0	151.788	151.788	0	173	0	2	0	1	
65	0.1	0.218182	1	122.715	0	152.572	152.572	0	173	0	2	0	1	
65	0.1	0.221212	1	122.342	0	153.402	153.402	0	173	0	2	0	1	
65	0.1	0.224242	1	121.947	0	154.28	154.28	0	173	0	2	0	1	
65	0.1	0.227273	1	121.529	0	155.203	155.203	0	173	0	2	0	1	
65	0.1	0.230303	1	121.087	0	156.172	156.172	0	173	0	2	0	1	
65	0.1	0.233333	1	120.621	0	157.187	157.187	0	173	0	2	0	1	
65	0.1	0.236364	1	120.131	0	158.246	158.246	0	173	0	2	0	1	
65	0.1	0.239394	1	119.616	0	159.349	159.349	0	173	0	2	0	1	
65	0.1	0.242424	1	119.075	0	160.496	160.496	0	173	0	2	0	1	
65	0.1	0.245455	1	118.508	0	161.687	161.687	0	173	0	2	0	1	
65	0.1	0.248485	1	117.915	0	162.922	162.922	0	173	0	2	0	1	
65	0.1	0.251515	1	117.295	0	164.199	164.199	0	173	0	2	0	1	
65	0.1	0.254545	1	116.646	0	165.518	165.518	0	173	0	2	0	1	
65	0.1	0.257576	1	115.969	0	166.88	166.88	0	173	0	2	0	1	
65	0.1	0.260606	1	115.261	0	168.284	168.284	0	173	0	2	0	1	
65	0.1	0.263636	1	114.524	0	169.73	169.73	0	173	0	2	0	1	
65	0.1	0.266667	1	113.754	0	171.862	171.217	0	173	0	2	0	1	
65	0.1	0.269697	1	112.952	0	174.686	172.746	0	173	0	2	0	1	
65	0.1	0.272727	1	112.116	0	177.483	174.315	0	173	0	2	0	1	
65	0.1	0.275758	1	111.246	0	180.254	175.925	0	173	0	2	0	1	
65	0.1	0.278788	1	110.338	0	183.001	177.576	0	173	0	2	0	1	
65	0.1	0.281818	1	109.393	0	185.726	179.268	0	173	0	2	0	1	
65	0.1	0.284848	1	108.409	0	188.429	181	0	173	0	2	0	1	
65	0.1	0.287879	1	107.384	0	182.772	182.772	0	173	0	2	0	1	
65	0.1	0.290909	1	106.315	0	184.585	184.585	0	173	0	2	0	1	
65	0.1	0.293939	1	105.202	0	186.439	186.439	0	173	0	2	0	1	
65	0.1	0.29697	1	104.042	0	188.333	188.333	0	173	0	2	0	1	
65	0.1	0.3	1	102.831	0	190.269	190.269	0	173	0	2	0	1	
65	0.1	0.30303	1	101.569	0	204.283	192.246	0	173	0	2	0	1	
65	0.1	0.306061	1	100.251	0	206.875	194.264	0	173	0	2	0	1	
65	0.1	0.309091	1	98.8736	0	209.457	196.326	0	173	0	2	0	1	
65	0.1	0.312121	1	97.4341	0	212.03	198.429	0	173	0	2	0	1	
65	0.1	0.315152	1	95.9278	0	214.593	200.576	0	173	0	2	0	1	
65	0.1	0.318182	1	94.3499	0	217.149	202.768	0	173	0	2	0	1	
65	0.1	0.321212	1	92.6947	0	219.698	205.005	0	173	0	2	0	1	
65	0.1	0.324242	1	90.9558	0	222.243	207.29	0	173	0	2	0	1	
65	0.1	0.327273	1	89.1256	0	224.784	209.624	0	173	0	2	0	1	
65	0.1	0.330303	1	87.1952	0	227.322	212.009	0	173	0	2	0	1	
65	0.1	0.333333	1	85.1544	0	229.86	214.448	0	173	0	2	0	1	
65	0.1	0.336364	1	82.9902	0	232.398	216.944	0	173	0	2	0	1	
65	0.1	0.339394	1	80.6874	0	219.502	219.502	0	173	0	2	0	1	
65	0.1	0.342424	1	78.2265	0	222.127	222.127	0	173	0	2	0	1	
65	0.1	0.345455	1	75.583	0	224.826	224.826	0	173	0	2	0	1	
65	0.1	0.348485	1	72.7249	0	227.608	227.608	0	173	0	2	0	1	
65	0.1	0.351515	1	69.6086	0	230.485	230.485	0	173	0	2	0	1	
65	0.1	0.354545	1	66.1729	0	233.475	233.475	0	173	0	2	0	1	
65	0.1	0.357576	1	62.3269	0	236.604	236.604	0	173	0	2	0	1	
65	0.1	0.360606	1	57.9244	0	239.913	239.913	0	173	0	2	0	1	
65	0.1	0.363636	1	52.7038	0	255.826	243.474	0	173	0	2	0	1	
65	0.1	0.366667	1	46.1017	0	258.668	247.438	0	173	0	2	0	1	
65	0.1	0.369697	1	36.3445	0	261.743	252.245	0	173	0	2	0	1	
65	0.1	0.372727	-2	0	0	0	0	0	173	0	2	0	1	
65	0.1	0.375758	-2	0	0	0	0	0	173	0	2	0	1	
65	0.1	0.378788	-2	0	0	0	0	0	173	0	2	0	1	
65	0.1	0.381818	-2	0	0	0	0	0	173	0	2	0	1	
65	0.1	0.384848	-2	0	0	0	0	0	173	0	2	0	1	
65	0.1	0.387879	-2	0	0	0	0	0	173	0	2	0	1	
65	0.1	0.390909	-2	0	0	0	0	0	173	0	2	0	1	
65	0.1	0.393939	-2	0	0	0	0	0	173	0	2	0	1	
65	0.1	0.39697	-2	0	0	0	0	0	173	0	2	0	1	
65	0.1	0.4	-2	0	0	0	0	0	173	0	2	0	1	
