65	0.1	0.1	1	153.81	56.1728	-7.38587e-07	1.16251e-05	6.21438e-06	173	1	2	0	1	
65	0.1	0.101508	1	153.8	56.1693	5.44263e-06	-5.65073e-06	-1.68489e-05	173	1	2	0	1	
65	0.1	0.103015	1	153.789	56.1658	-2.65961e-06	1.30421e-05	6.10761e-07	173	1	2	0	1	
65	0.1	0.104523	1	153.779	56.1625	1.82332e-06	-2.66779e-07	-8.61848e-06	173	1	2	0	1	
65	0.1	0.10603	1	153.769	56.1593	2.90962e-06	8.15554e-06	-1.31503e-05	173	1	2	0	1	
65	0.1	0.107538	1	153.758	56.1564	-6.76628e-06	-6.10941e-06	-1.25118e-05	173	1	2	0	1	
65	0.1	0.109045	1	153.748	56.1535	-2.80331e-07	-1.07171e-05	-1.69536e-05	173	1	2	0	1	
65	0.1	0.110553	1	153.737	56.1508	-2.02139e-06	-2.40921e-05	7.25004e-06	173	1	2	0	1	
65	0.1	0.11206	1	153.727	56.1483	-7.23152e-06	-9.9036e-06	-1.44865e-05	173	1	2	0	1	
65	0.1	0.113568	1	153.716	56.1459	4.89652e-06	-1.46356e-05	9.5332e-06	173	1	2	0	1	
65	0.1	0.115075	1	153.705	56.1437	-4.2643e-06	-2.36144e-05	5.54076e-06	173	1	2	0	1	
65	0.1	0.116583	1	153.694	56.1417	8.9324e-06	1.63244e-06	-5.32101e-06	173	1	2	0	1	
65	0.1	0.11809	1	153.683	56.1399	5.12567e-06	1.13854e-05	2.48294e-05	173	1	2	0	1	
65	0.1	0.119598	1	153.672	56.1383	-5.88299e-06	7.3708e-06	1.5753e-05	173	1	2	0	1	
65	0.1	0.121106	1	153.661	56.1368	-7.30162e-06	-5.65418e-06	-2.42964e-05	173	1	2	0	1	
65	0.1	0.122613	1	153.65	56.1356	7.86399e-06	-8.83944e-06	-2.30673e-05	173	1	2	0	1	
65	0.1	0.124121	1	153.638	56.1346	-1.13289e-05	-1.20704e-05	2.66471e-06	173	1	2	0	1	
65	0.1	0.125628	1	153.627	56.1337	6.08695e-06	7.8908e-08	-1.6416e-05	173	1	2	0	1	
65	0.1	0.127136	1	153.615	56.1331	8.99448e-06	1.96778e-05	1.02105e-05	173	1	2	0	1	
65	0.1	0.128643	1	153.604	56.1326	-1.2626e-05	3.73105e-06	1.44859e-05	173	1	2	0	1	
65	0.1	0.130151	1	153.592	56.1323	-2.14182e-06	-1.66063e-05	4.75091e-06	173	1	2	0	1	
65	0.1	0.131658	1	153.58	56.1322	7.96954e-06	-7.41011e-06	4.0776e-06	173	1	2	0	1	
65	0.1	0.133166	1	153.568	56.1322	-1.29236e-05	-1.76105e-05	-1.56499e-05	173	1	2	0	1	
65	0.1	0.134673	1	153.556	56.1325	-3.8302e-06	2.39255e-05	-1.92141e-05	173	1	2	0	1	
65	0.1	0.136181	1	153.544	56.1325	9.79202e-06	1.31026e-05	1.16914e-05	173	1	2	0	1	
65	0.1	0.137688	1	153.532	56.1322	9.9093e-06	-7.54755e-06	1.06675e-05	173	1	2	0	1	
65	0.1	0.139196	1	153.52	56.1342	-7.20927e-07	3.12915e-06	-4.18553e-06	173	1	2	0	1	
65	0.1	0.140704	1	153.508	56.1244	7.77554e-06	-1.26247e-05	1.06675e-06	173	1	2	0	1	
65	0.1	0.142211	1	153.496	56.1269	-2.50059e-05	-5.81835e-06	-2.048e-05	173	1	2	0	1	
65	0.1	0.143719	1	153.484	56.1161	4.17588e-07	-1.58088e-05	-4.15435e-06	173	1	2	0	1	
65	0.1	0.145226	1	153.471	56.118	5.44036e-07	-1.90178e-05	2.40859e-05	173	1	2	0	1	
65	0.1	0.146734	1	153.458	56.1229	1.64841e-06	-3.15358e-06	1.19162e-05	173	1	2	0	1	
65	0.1	0.148241	1	153.444	56.2291	-9.64381e-06	-6.9619e-06	-2.95169e-05	173	1	2	0	1	
65	0.1	0.149749	1	153.43	56.1006	8.37995e-06	-4.66068e-06	-1.77384e-06	173	1	2	0	1	
65	0.1	0.151256	1	153.416	56.1922	-2.80521e-05	8.02054e-06	3.08608e-05	173	1	2	0	1	
65	0.1	0.152764	1	153.402	56.2167	3.81289e-06	-3.87803e-06	-1.33067e-05	173	1	2	0	1	
65	0.1	0.154271	1	153.387	56.2466	2.26348e-06	-1.02974e-05	1.60477e-05	173	1	2	0	1	
65	0.1	0.155779	1	153.373	56.2242	-1.6239e-05	-5.2199e-06	-1.37888e-05	173	1	2	0	1	
65	0.1	0.157286	1	153.358	56.2427	-1.48463e-06	-9.54687e-06	-9.51465e-06	173	1	2	0	1	
65	0.1	0.158794	1	153.343	56.2534	1.33153e-05	-2.3095e-05	2.32894e-05	173	1	2	0	1	
65	0.1	0.160302	1	153.328	56.2646	1.46395e-06	2.29138e-05	-1.84527e-05	173	1	2	0	1	
65	0.1	0.161809	1	153.313	56.2797	-2.47261e-05	5.8126e-06	-2.22531e-06	173	1	2	0	1	
65	0.1	0.163317	1	153.297	56.2958	-2.85275e-06	3.1076e-06	-4.9014e-05	173	1	2	0	1	
65	0.1	0.164824	1	153.281	56.3138	-8.82942e-06	-3.91883e-06	-3.8179e-05	173	1	2	0	1	
65	0.1	0.166332	1	153.265	56.3341	-4.19857e-07	-2.41118e-05	3.89117e-05	173	1	2	0	1	
65	0.1	0.167839	1	153.248	56.3567	-5.09641e-05	1.45627e-05	6.44843e-06	173	1	2	0	1	
65	0.1	0.169347	1	153.232	56.382	2.35074e-05	9.40995e-06	1.1456e-05	173	1	2	0	1	
65	0.1	0.170854	1	153.214	56.4105	3.44318e-05	-2.37353e-05	2.90002e-05	173	1	2	0	1	
65	0.1	0.172362	1	153.196	56.4425	1.84351e-05	-3.93566e-06	-1.14751e-05	173	1	2	0	1	
65	0.1	0.173869	1	153.177	56.5042	1.99797e-06	-4.514e-07	5.18922e-05	173	1	2	0	1	
65	0.1	0.175377	1	153.15	56.7646	3.82494e-05	-7.50084e-06	17.2326	173	1	2	0	1	
65	0.1	0.176884	1	153.064	58.4073	-2.13344e-06	1.72282e-05	28.8773	173	1	2	0	1	
65	0.1	0.178392	1	152.924	61.0466	1.44527e-05	1.21848e-05	36.8873	173	1	2	0	1	
65	0.1	0.179899	1	152.739	64.1618	2.14435e-05	2.03148e-05	43.3778	173	1	2	0	1	
65	0.1	0.181407	1	152.521	67.4417	2.32135e-05	-2.27837e-05	48.9781	173	1	2	0	1	
65	0.1	0.182915	1	152.275	70.734	4.92565e-05	-1.34217e-05	53.9783	173	1	2	0	1	
65	0.1	0.184422	1	151.999	74.0589	-5.52989e-05	1.6445e-05	58.549	173	1	2	0	1	
65	0.1	0.18593	1	151.716	77.1727	-5.41993e-05	-1.09194e-05	62.7988	173	1	2	0	1	
65	0.1	0.187437	1	151.415	80.2119	-2.70164e-05	-6.27593e-06	66.8956	173	1	2	0	1	
65	0.1	0.188945	1	151.101	83.1579	-2.85281e-05	-7.4617e-06	70.3773	173	1	2	0	1	
65	0.1	0.190452	1	150.776	86.0087	-4.50262e-05	1.96974e-05	73.8531	173	1	2	0	1	
65	0.1	0.19196	1	150.44	88.7709	3.05389e-05	-2.0525e-05	77.1715	173	1	2	0	1	
65	0.1	0.193467	1	150.095	91.4497	-5.78351e-06	4.46831e-06	80.3553	173	1	2	0	1	
65	0.1	0.194975	1	149.742	94.0503	2.17409e-07	2.77156e-05	83.4183	173	1	2	0	1	
65	0.1	0.196482	1	149.38	96.5778	-2.00521e-05	-9.46227e-06	86.3727	173	1	2	0	1	
65	0.1	0.19799	1	149.012	99.0371	3.84839e-06	-1.17174e-05	89.2293	173	1	2	0	1	
65	0.1	0.199497	1	148.636	101.433	7.06668e-05	1.01477e-05	91.9972	173	1	2	0	1	
65	0.1	0.201005	1	148.254	103.769	1.93967e-05	3.00511e-06	94.6846	173	1	2	0	1	
65	0.1	0.202513	1	147.866	106.049	-1.55172e-05	7.37198e-06	97.2981	173	1	2	0	1	
65	0.1	0.20402	1	147.472	108.278	-2.97019e-05	4.94921e-06	99.8439	173	1	2	0	1	
65	0.1	0.205528	1	147.073	110.457	1.51671e-05	-5.133e-06	102.327	173	1	2	0	1	
65	0.1	0.207035	1	146.668	112.59	-1.88325e-05	-7.8177e-06	104.752	173	1	2	0	1	
65	0.1	0.208543	1	146.258	114.68	-1.2721e-05	1.10443e-05	107.124	173	1	2	0	1	
65	0.1	0.21005	1	145.842	116.728	5.81762e-05	-5.8598e-06	109.445	173	1	2	0	1	
65	0.1	0.211558	1	145.422	118.738	3.5417e-06	-1.6278e-05	111.719	173	1	2	0	1	
65	0.1	0.213065	1	144.997	120.711	2.21718e-05	1.3254e-05	113.949	173	1	2	0	1	
65	0.1	0.214573	1	144.568	122.649	4.12756e-05	-6.33392e-06	116.138	173	1	2	0	1	
65	0.1	0.21608	1	144.133	124.555	-4.53459e-05	-1.67875e-06	118.288	173	1	2	0	1	
65	0.1	0.217588	1	143.694	126.429	-5.67353e-05	1.24916e-05	120.401	173	1	2	0	1	
65	0.1	0.219095	1	143.251	128.273	-4.20205e-05	1.07747e-05	122.479	173	1	2	0	1	
65	0.1	0.220603	1	142.803	130.09	8.01543e-06	-5.24817e-06	124.524	173	1	2	0	1	
65	0.1	0.222111	1	142.351	131.88	-3.56161e-06	-1.0327e-05	126.538	173	1	2	0	1	
65	0.1	0.223618	1	141.894	133.645	3.32325e-05	-1.14028e-05	128.522	173	1	2	0	1	
65	0.1	0.225126	1	141.433	135.389	-2.13296e-05	-1.755e-05	130.477	173	1	2	0	1	
65	0.1	0.226633	1	140.968	137.113	8.57496e-06	5.68131e-06	132.406	173	1	2	0	1	
65	0.1	0.228141	1	140.498	138.824	1.20951e-05	3.42027e-05	134.308	173	1	2	0	1	
65	0.1	0.229648	1	140.024	140.541	1.8067e-05	1.78273e-06	136.186	173	1	2	0	1	
65	0.1	0.231156	1	139.547	142.281	-9.54355e-06	9.63179e-06	138.04	173	1	2	0	1	
65	0.1	0.232663	1	139.065	143.726	2.73587e-05	8.65039e-06	139.871	173	1	2	0	1	
65	0.1	0.234171	1	138.578	145.265	-2.49458e-06	-1.81793e-05	141.681	173	1	2	0	1	
65	0.1	0.235678	1	138.085	146.805	-1.06391e-05	-2.67419e-05	143.47	173	1	2	0	1	
65	0.1	0.237186	1	137.589	148.337	-2.89772e-06	2.69959e-06	145.239	173	1	2	0	1	
65	0.1	0.238693	1	137.087	149.858	-1.67021e-05	1.52127e-05	146.988	173	1	2	0	1	
65	0.1	0.240201	1	136.582	151.365	3.20724e-05	-1.06847e-05	148.719	173	1	2	0	1	
65	0.1	0.241709	1	136.071	152.857	5.62423e-06	-3.66543e-05	150.432	173	1	2	0	1	
65	0.1	0.243216	1	135.556	154.337	-9.92668e-06	5.54144e-06	152.127	173	1	2	0	1	
65	0.1	0.244724	1	135.036	155.808	1.79029e-05	-7.4128e-05	153.806	173	1	2	0	1	
65	0.1	0.246231	1	134.512	157.246	-2.21181e-05	1.53636e-05	155.469	173	1	2	0	1	
65	0.1	0.247739	1	133.983	158.71	4.77944e-06	-8.94259e-06	157.115	173	1	2	0	1	
65	0.1	0.249246	1	133.449	160.102	1.14484e-06	-9.74292e-06	158.747	173	1	2	0	1	
65	0.1	0.250754	1	132.91	161.525	-1.33914e-05	1.52019e-05	160.364	173	1	2	0	1	
65	0.1	0.252261	1	132.366	162.905	-1.56263e-05	-2.94803e-05	161.966	173	1	2	0	1	
65	0.1	0.253769	1	131.818	164.287	6.54534e-06	-8.25985e-05	163.555	173	1	2	0	1	
65	0.1	0.255276	1	131.265	165.654	-1.03837e-05	-5.75946e-06	165.13	173	1	2	0	1	
65	0.1	0.256784	1	130.706	167.009	-1.81214e-05	-5.99759e-06	166.692	173	1	2	0	1	
65	0.1	0.258291	1	130.143	168.351	-9.44297e-06	4.05286e-06	168.242	173	1	2	0	1	
65	0.1	0.259799	1	129.574	169.682	-2.02183e-05	5.26525e-06	169.779	173	1	2	0	1	
65	0.1	0.261307	1	129	171.003	-3.98263e-05	1.66103e-05	171.304	173	1	2	0	1	
65	0.1	0.262814	1	128.421	172.287	1.84699e-05	-2.29e-05	172.817	173	1	2	0	1	
65	0.1	0.264322	1	127.837	173.6	1.25588e-05	-2.00138e-05	174.319	173	1	2	0	1	
65	0.1	0.265829	1	127.247	174.89	-7.05833e-06	1.02846e-05	175.81	173	1	2	0	1	
65	0.1	0.267337	1	126.651	176.165	-5.26787e-07	8.67892e-06	177.29	173	1	2	0	1	
65	0.1	0.268844	1	126.05	177.429	-6.97939e-06	2.36878e-05	178.759	173	1	2	0	1	
65	0.1	0.270352	1	125.444	178.682	7.70833e-06	-2.00983e-05	180.218	173	1	2	0	1	
65	0.1	0.271859	1	124.831	179.925	-9.91846e-06	-1.51427e-05	181.667	173	1	2	0	1	
65	0.1	0.273367	1	124.212	181.158	-4.00721e-06	-1.21207e-05	183.107	173	1	2	0	1	
65	0.1	0.274874	1	123.588	182.381	-1.23796e-05	3.96295e-05	184.536	173	1	2	0	1	
65	0.1	0.276382	1	122.957	183.595	-6.38119e-07	8.14089e-06	185.956	173	1	2	0	1	
65	0.1	0.277889	1	122.32	184.798	-2.8496e-05	1.25221e-05	187.367	173	1	2	0	1	
65	0.1	0.279397	1	121.677	185.993	1.83295e-05	-1.39686e-05	188.769	173	1	2	0	1	
65	0.1	0.280905	1	121.027	187.178	-1.34768e-05	3.88422e-05	190.162	173	1	2	0	1	
65	0.1	0.282412	1	120.37	188.353	-1.34781e-05	-2.29434e-05	191.547	173	1	2	0	1	
65	0.1	0.28392	1	119.707	189.52	-7.45282e-05	2.33756e-05	192.923	173	1	2	0	1	
65	0.1	0.285427	1	119.037	190.678	-7.80234e-06	4.14599e-06	194.29	173	1	2	0	1	
65	0.1	0.286935	1	118.359	191.827	1.60848e-05	1.695e-05	195.65	173	1	2	0	1	
65	0.1	0.288442	1	117.675	192.968	-6.45163e-06	3.79613e-05	197.002	173	1	2	0	1	
65	0.1	0.28995	1	116.982	194.099	1.06977e-05	3.93615e-05	198.346	173	1	2	0	1	
65	0.1	0.291457	1	116.283	195.223	-3.37801e-05	4.52318e-06	199.682	173	1	2	0	1	
65	0.1	0.292965	1	115.575	196.338	1.50148e-05	2.34924e-05	201.011	173	1	2	0	1	
65	0.1	0.294472	1	114.86	197.445	3.93801e-05	-3.27844e-06	202.332	173	1	2	0	1	
65	0.1	0.29598	1	114.136	198.544	-2.12923e-05	-9.68972e-06	203.646	173	1	2	0	1	
65	0.1	0.297487	1	113.404	199.634	-1.69745e-05	-7.86135e-06	204.953	173	1	2	0	1	
65	0.1	0.298995	1	112.663	200.717	-1.35993e-05	2.71821e-06	206.253	173	1	2	0	1	
65	0.1	0.300503	1	111.913	201.792	-2.00031e-05	3.9791e-06	207.546	173	1	2	0	1	
65	0.1	0.30201	1	111.154	202.859	5.17668e-06	-1.61046e-05	208.832	173	1	2	0	1	
65	0.1	0.303518	1	110.39	203.913	2.95589e-06	6.21919e-06	210.112	173	1	2	0	1	
65	0.1	0.305025	1	109.608	204.97	1.54093e-05	-3.70133e-06	211.386	173	1	2	0	1	
65	0.1	0.306533	1	108.821	206.014	-7.49512e-05	-1.98069e-05	212.652	173	1	2	0	1	
65	0.1	0.30804	1	108.023	207.05	-5.04859e-06	-2.80253e-05	213.913	173	1	2	0	1	
65	0.1	0.309548	1	107.214	208.079	1.85365e-05	-5.27543e-06	215.167	173	1	2	0	1	
65	0.1	0.311055	1	106.394	209.1	-2.88306e-06	1.16217e-07	216.416	173	1	2	0	1	
65	0.1	0.312563	1	105.564	210.114	7.48998e-06	1.80918e-05	217.658	173	1	2	0	1	
65	0.1	0.31407	1	104.721	211.12	-1.58885e-06	3.49024e-06	218.895	173	1	2	0	1	
65	0.1	0.315578	1	103.867	212.119	-5.19373e-06	-1.89871e-05	220.127	173	1	2	0	1	
65	0.1	0.317085	1	102.999	213.11	6.68528e-06	1.96736e-05	221.354	173	1	2	0	1	
65	0.1	0.318593	1	102.119	214.094	-8.02181e-06	6.76195e-06	222.58	173	1	2	0	1	
65	0.1	0.320101	1	101.226	215.071	1.72167e-05	-2.61898e-05	223.81	173	1	2	0	1	
65	0.1	0.321608	1	100.318	216.041	1.062e-05	-2.615e-05	224.988	173	1	2	0	1	
65	0.1	0.323116	1	99.3963	217.003	2.18299e-05	1.55098e-05	226.182	173	1	2	0	1	
65	0.1	0.324623	1	98.4594	217.957	-1.73814e-05	1.94933e-05	227.374	173	1	2	0	1	
65	0.1	0.326131	1	97.5068	218.904	1.30132e-05	7.49273e-06	228.561	173	1	2	0	1	
65	0.1	0.327638	1	96.5378	219.843	-1.10259e-05	-5.22502e-06	229.743	173	1	2	0	1	
65	0.1	0.329146	1	95.5517	220.775	-5.95785e-06	2.34434e-05	230.921	173	1	2	0	1	
65	0.1	0.330653	1	94.5476	221.699	-5.3818e-06	-1.78799e-06	232.094	173	1	2	0	1	
65	0.1	0.332161	1	93.5248	222.616	3.32614e-06	-1.18415e-05	233.261	173	1	2	0	1	
65	0.1	0.333668	1	92.4822	223.524	3.06349e-05	5.12817e-05	234.424	173	1	2	0	1	
65	0.1	0.335176	1	91.4189	224.426	-2.83101e-05	-8.22151e-06	235.582	173	1	2	0	1	
65	0.1	0.336683	1	90.3302	225.322	-4.59875e-06	-9.60921e-06	236.736	173	1	2	0	1	
65	0.1	0.338191	1	89.2207	226.208	-1.68196e-06	-2.55332e-05	237.884	173	1	2	0	1	
65	0.1	0.339698	1	88.0929	227.082	-3.19048e-06	-1.37579e-05	239.027	173	1	2	0	1	
65	0.1	0.341206	1	86.9344	227.951	3.45009e-06	-5.44659e-06	240.166	173	1	2	0	1	
65	0.1	0.342714	1	85.7485	228.812	8.09281e-06	-9.82684e-06	241.3	173	1	2	0	1	
65	0.1	0.344221	1	84.5333	229.664	-1.03099e-05	-1.41781e-05	242.429	173	1	2	0	1	
65	0.1	0.345729	1	83.287	230.508	1.03964e-06	6.5244e-06	243.553	173	1	2	0	1	
65	0.1	0.347236	1	82.0071	231.343	-2.89738e-05	-5.26672e-06	244.673	173	1	2	0	1	
65	0.1	0.348744	1	80.6914	232.168	-5.33932e-06	5.29597e-06	245.788	173	1	2	0	1	
65	0.1	0.350251	1	79.3368	232.985	7.65053e-06	2.24504e-05	246.899	173	1	2	0	1	
65	0.1	0.351759	1	77.9403	233.791	-1.60393e-05	1.25835e-05	248.005	173	1	2	0	1	
65	0.1	0.353266	1	76.4981	234.588	3.66212e-06	-6.82661e-06	249.106	173	1	2	0	1	
65	0.1	0.354774	1	75.0061	235.374	-3.04359e-06	-2.38279e-05	250.203	173	1	2	0	1	
65	0.1	0.356281	1	73.4591	236.15	3.03372e-05	-8.34994e-06	251.296	173	1	2	0	1	
65	0.1	0.357789	1	71.8515	236.913	1.53467e-05	1.9187e-05	252.383	173	1	2	0	1	
65	0.1	0.359296	1	70.1764	237.665	4.45961e-06	-2.79617e-05	253.467	173	1	2	0	1	
65	0.1	0.360804	1	68.4254	238.404	-8.02544e-05	2.52405e-05	254.545	173	1	2	0	1	
65	0.1	0.362312	1	66.5884	239.13	-2.69053e-05	1.40397e-05	255.619	173	1	2	0	1	
65	0.1	0.363819	1	64.653	239.841	2.30167e-05	2.64403e-06	256.689	173	1	2	0	1	
65	0.1	0.365327	1	62.6032	240.536	-2.06262e-06	-4.97694e-05	257.753	173	1	2	0	1	
65	0.1	0.366834	1	60.4186	241.213	-1.08657e-05	1.00595e-05	258.813	173	1	2	0	1	
65	0.1	0.368342	1	58.0719	241.872	-1.84289e-05	-8.28202e-06	259.868	173	1	2	0	1	
65	0.1	0.369849	1	55.5257	242.509	-4.52856e-05	-7.75724e-05	260.918	173	1	2	0	1	
65	0.1	0.371357	1	52.7257	243.121	-1.25271e-06	3.44344e-06	261.963	173	1	2	0	1	
65	0.1	0.372864	1	49.589	243.705	2.88916e-06	-2.07305e-05	263.002	173	1	2	0	1	
65	0.1	0.374372	1	45.9773	-244.252	1.16407e-05	1.11347e-05	264.035	173	1	2	0	1	
65	0.1	0.375879	1	41.6286	-244.755	7.18865e-07	-1.65318e-05	265.061	173	1	2	0	1	
65	0.1	0.377387	1	35.9214	-245.194	-2.28943e-05	2.76253e-06	266.076	173	1	2	0	1	
65	0.1	0.378894	1	26.3306	-245.524	4.07204e-06	1.5781e-05	267.07	173	1	2	0	1	
65	0.1	0.380402	-2	0	0	0	0	0	173	1	2	0	1	
65	0.1	0.38191	-2	0	0	0	0	0	173	1	2	0	1	
65	0.1	0.383417	-2	0	0	0	0	0	173	1	2	0	1	
65	0.1	0.384925	-2	0	0	0	0	0	173	1	2	0	1	
65	0.1	0.386432	-2	0	0	0	0	0	173	1	2	0	1	
65	0.1	0.38794	-2	0	0	0	0	0	173	1	2	0	1	
65	0.1	0.389447	-2	0	0	0	0	0	173	1	2	0	1	
65	0.1	0.390955	-2	0	0	0	0	0	173	1	2	0	1	
65	0.1	0.392462	-2	0	0	0	0	0	173	1	2	0	1	
65	0.1	0.39397	-2	0	0	0	0	0	173	1	2	0	1	
65	0.1	0.395477	-2	0	0	0	0	0	173	1	2	0	1	
65	0.1	0.396985	-2	0	0	0	0	0	173	1	2	0	1	
65	0.1	0.398492	-2	0	0	0	0	0	173	1	2	0	1	
65	0.1	0.4	-2	0	0	0	0	0	173	1	2	0	1	
