65	0.1	0.1	1	nan	0	1599.98	1599.98	0	173	0	0	0	1	
65	0.1	0.10303	1	nan	0	1599.98	1599.98	0	173	0	0	0	1	
65	0.1	0.106061	1	nan	0	1599.98	1599.98	0	173	0	0	0	1	
65	0.1	0.109091	1	nan	0	1599.98	1599.98	0	173	0	0	0	1	
65	0.1	0.112121	1	nan	0	1599.98	1599.98	0	173	0	0	0	1	
65	0.1	0.115152	1	nan	0	1599.98	1599.98	0	173	0	0	0	1	
65	0.1	0.118182	1	nan	0	1599.98	1599.98	0	173	0	0	0	1	
65	0.1	0.121212	1	nan	0	1599.98	1599.98	0	173	0	0	0	1	
65	0.1	0.124242	1	nan	0	1599.98	1599.98	0	173	0	0	0	1	
65	0.1	0.127273	1	nan	0	1599.98	1599.98	0	173	0	0	0	1	
65	0.1	0.130303	1	nan	0	1599.98	1599.98	0	173	0	0	0	1	
65	0.1	0.133333	1	nan	0	1599.98	1599.98	0	173	0	0	0	1	
65	0.1	0.136364	1	nan	0	1599.98	1599.98	0	173	0	0	0	1	
65	0.1	0.139394	1	nan	0	1599.98	1599.98	0	173	0	0	0	1	
65	0.1	0.142424	1	118.929	171.659	171.659	171.659	171.659	173	0	0	0	1	
65	0.1	0.145455	1	118.999	171.487	171.487	171.487	171.487	173	0	0	0	1	
65	0.1	0.148485	1	119.053	171.344	171.344	171.344	171.344	173	0	0	0	1	
65	0.1	0.151515	1	119.092	171.229	171.229	171.229	171.229	173	0	0	0	1	
65	0.1	0.154545	1	119.116	171.143	171.143	171.143	171.143	173	0	0	0	1	
65	0.1	0.157576	1	119.124	171.084	171.084	171.084	171.084	173	0	0	0	1	
65	0.1	0.160606	1	119.118	171.054	171.054	171.054	171.054	173	0	0	0	1	
65	0.1	0.163636	1	119.097	171.052	171.052	171.052	171.052	173	0	0	0	1	
65	0.1	0.166667	1	119.06	171.078	171.078	171.078	171.078	173	0	0	0	1	
65	0.1	0.169697	1	119.009	171.133	171.133	171.133	171.133	173	0	0	0	1	
65	0.1	0.172727	1	118.942	171.216	171.216	171.216	171.216	173	0	0	0	1	
65	0.1	0.175758	1	118.861	171.327	171.327	171.327	171.327	173	0	0	0	1	
65	0.1	0.178788	1	118.763	171.467	171.467	171.467	171.467	173	0	0	0	1	
65	0.1	0.181818	1	118.651	171.636	171.636	171.636	171.636	173	0	0	0	1	
65	0.1	0.184848	1	118.523	171.834	171.834	171.834	171.834	173	0	0	0	1	
65	0.1	0.187879	1	118.379	172.06	172.06	172.06	172.06	173	0	0	0	1	
65	0.1	0.190909	1	118.219	172.315	172.315	172.315	172.315	173	0	0	0	1	
65	0.1	0.193939	1	118.044	172.6	172.6	172.6	172.6	173	0	0	0	1	
65	0.1	0.19697	1	117.852	172.913	172.913	172.913	172.913	173	0	0	0	1	
65	0.1	0.2	1	117.643	173.256	173.256	173.256	173.256	173	0	0	0	1	
65	0.1	0.20303	1	117.419	173.628	173.628	173.628	173.628	173	0	0	0	1	
65	0.1	0.206061	1	117.177	174.03	174.03	174.03	174.03	173	0	0	0	1	
65	0.1	0.209091	1	116.918	174.461	174.461	174.461	174.461	173	0	0	0	1	
65	0.1	0.212121	1	116.642	174.921	174.921	174.921	174.921	173	0	0	0	1	
65	0.1	0.215152	1	116.348	175.412	175.412	175.412	175.412	173	0	0	0	1	
65	0.1	0.218182	1	116.036	175.932	175.932	175.932	175.932	173	0	0	0	1	
65	0.1	0.221212	1	115.706	176.482	176.482	176.482	176.482	173	0	0	0	1	
65	0.1	0.224242	1	115.357	177.062	177.062	177.062	177.062	173	0	0	0	1	
65	0.1	0.227273	1	114.989	177.672	177.672	177.672	177.672	173	0	0	0	1	
65	0.1	0.230303	1	114.602	178.313	178.313	178.313	178.313	173	0	0	0	1	
65	0.1	0.233333	1	114.195	178.983	178.983	178.983	178.983	173	0	0	0	1	
65	0.1	0.236364	1	113.767	179.684	179.684	179.684	179.684	173	0	0	0	1	
65	0.1	0.239394	1	113.319	180.416	180.416	180.416	180.416	173	0	0	0	1	
65	0.1	0.242424	1	112.849	181.178	181.178	181.178	181.178	173	0	0	0	1	
65	0.1	0.245455	1	112.358	181.971	181.971	181.971	181.971	173	0	0	0	1	
65	0.1	0.248485	1	111.844	182.795	182.795	182.795	182.795	173	0	0	0	1	
65	0.1	0.251515	1	111.307	183.65	183.65	183.65	183.65	173	0	0	0	1	
65	0.1	0.254545	1	110.746	184.537	184.537	184.537	184.537	173	0	0	0	1	
65	0.1	0.257576	1	110.161	185.454	185.454	185.454	185.454	173	0	0	0	1	
65	0.1	0.260606	1	109.55	186.404	186.404	186.404	186.404	173	0	0	0	1	
65	0.1	0.263636	1	108.913	187.385	187.385	187.385	187.385	173	0	0	0	1	
65	0.1	0.266667	1	108.249	188.398	188.398	188.398	188.398	173	0	0	0	1	
65	0.1	0.269697	1	107.557	189.444	189.444	189.444	189.444	173	0	0	0	1	
65	0.1	0.272727	1	106.836	190.522	190.522	190.522	190.522	173	0	0	0	1	
65	0.1	0.275758	1	106.084	191.633	191.633	191.633	191.633	173	0	0	0	1	
65	0.1	0.278788	1	105.302	192.777	192.777	192.777	192.777	173	0	0	0	1	
65	0.1	0.281818	1	104.486	0	193.955	193.955	0	173	0	0	0	1	
65	0.1	0.284848	1	103.637	0	195.167	195.167	0	173	0	0	0	1	
65	0.1	0.287879	1	102.751	0	196.413	196.413	0	173	0	0	0	1	
65	0.1	0.290909	1	101.828	0	197.694	197.694	0	173	0	0	0	1	
65	0.1	0.293939	1	100.866	0	199.01	199.01	0	173	0	0	0	1	
65	0.1	0.29697	1	99.8624	0	200.362	200.362	0	173	0	0	0	1	
65	0.1	0.3	1	98.815	0	201.752	201.752	0	173	0	0	0	1	
65	0.1	0.30303	1	97.7214	0	204.744	203.178	0	173	0	0	0	1	
65	0.1	0.306061	1	96.5786	0	207.25	204.643	0	173	0	0	0	1	
65	0.1	0.309091	1	95.3822	0	209.746	206.149	0	173	0	0	0	1	
65	0.1	0.312121	1	94.1084	0	212.238	207.723	0	173	0	0	0	1	
65	0.1	0.315152	1	92.7591	0	214.727	209.356	0	173	0	0	0	1	
65	0.1	0.318182	1	91.3334	0	217.211	211.044	0	173	0	0	0	1	
65	0.1	0.321212	1	89.8276	0	219.692	212.786	0	173	0	0	0	1	
65	0.1	0.324242	1	88.2361	0	222.169	214.584	0	173	0	0	0	1	
65	0.1	0.327273	1	86.5521	0	224.645	216.436	0	173	0	0	0	1	
65	0.1	0.330303	1	84.7675	0	227.121	218.346	0	173	0	0	0	1	
65	0.1	0.333333	1	82.8723	0	229.597	220.315	0	173	0	0	0	1	
65	0.1	0.336364	1	80.8545	0	232.076	222.346	0	173	0	0	0	1	
65	0.1	0.339394	1	78.6993	0	234.559	224.442	0	173	0	0	0	1	
65	0.1	0.342424	1	76.388	0	237.048	226.608	0	173	0	0	0	1	
65	0.1	0.345455	1	73.8972	0	239.547	228.851	0	173	0	0	0	1	
65	0.1	0.348485	1	71.196	0	242.057	231.178	0	173	0	0	0	1	
65	0.1	0.351515	1	68.243	0	244.583	233.6	0	173	0	0	0	1	
65	0.1	0.354545	1	64.9798	0	236.132	236.132	0	173	0	0	0	1	
65	0.1	0.357576	1	61.3203	0	238.797	238.797	0	173	0	0	0	1	
65	0.1	0.360606	1	57.1273	0	241.63	241.63	0	173	0	0	0	1	
65	0.1	0.363636	1	52.1582	0	255.005	244.693	0	173	0	0	0	1	
65	0.1	0.366667	1	45.9019	0	257.784	248.111	0	173	0	0	0	1	
65	0.1	0.369697	1	36.8323	0	260.772	252.233	0	173	0	0	0	1	
65	0.1	0.372727	-2	0	0	0	0	0	173	0	0	0	1	
65	0.1	0.375758	-2	0	0	0	0	0	173	0	0	0	1	
65	0.1	0.378788	-2	0	0	0	0	0	173	0	0	0	1	
65	0.1	0.381818	-2	0	0	0	0	0	173	0	0	0	1	
65	0.1	0.384848	-2	0	0	0	0	0	173	0	0	0	1	
65	0.1	0.387879	-2	0	0	0	0	0	173	0	0	0	1	
65	0.1	0.390909	-2	0	0	0	0	0	173	0	0	0	1	
65	0.1	0.393939	-2	0	0	0	0	0	173	0	0	0	1	
65	0.1	0.39697	-2	0	0	0	0	0	173	0	0	0	1	
65	0.1	0.4	-2	0	0	0	0	0	173	0	0	0	1	
