65	0.01	0.3	0	555.92	2.574e-06	2.33748e-05	2.574e-06	2.33748e-05	86.5	1	0	0	1	
65	0.0109548	0.3	0	649.132	3.48057e-06	5.96601e-05	3.48057e-06	5.96601e-05	86.5	1	0	0	1	
65	0.0119095	0.3	0	811.25	7.78661e-06	1.43251e-05	7.78661e-06	1.43251e-05	86.5	1	0	0	1	
65	0.0128643	0.3	-2	0	0	0	0	0	86.5	1	0	0	1	
65	0.0138191	0.3	-2	0	0	0	0	0	86.5	1	0	0	1	
65	0.0147739	0.3	-2	0	0	0	0	0	86.5	1	0	0	1	
65	0.0157286	0.3	-2	0	0	0	0	0	86.5	1	0	0	1	
65	0.0166834	0.3	-2	0	0	0	0	0	86.5	1	0	0	1	
65	0.0176382	0.3	-2	0	0	0	0	0	86.5	1	0	0	1	
65	0.018593	0.3	-2	0	0	0	0	0	86.5	1	0	0	1	
65	0.0195477	0.3	-2	0	0	0	0	0	86.5	1	0	0	1	
65	0.0205025	0.3	-2	0	0	0	0	0	86.5	1	0	0	1	
65	0.0214573	0.3	-2	0	0	0	0	0	86.5	1	0	0	1	
65	0.0224121	0.3	-2	0	0	0	0	0	86.5	1	0	0	1	
65	0.0233668	0.3	-2	0	0	0	0	0	86.5	1	0	0	1	
65	0.0243216	0.3	-2	0	0	0	0	0	86.5	1	0	0	1	
65	0.0252764	0.3	-2	0	0	0	0	0	86.5	1	0	0	1	
65	0.0262312	0.3	-2	0	0	0	0	0	86.5	1	0	0	1	
65	0.0271859	0.3	-2	0	0	0	0	0	86.5	1	0	0	1	
65	0.0281407	0.3	-2	0	0	0	0	0	86.5	1	0	0	1	
65	0.0290955	0.3	-2	0	0	0	0	0	86.5	1	0	0	1	
65	0.0300503	0.3	-2	0	0	0	0	0	86.5	1	0	0	1	
65	0.031005	0.3	-2	0	0	0	0	0	86.5	1	0	0	1	
65	0.0319598	0.3	-2	0	0	0	0	0	86.5	1	0	0	1	
65	0.0329146	0.3	-2	0	0	0	0	0	86.5	1	0	0	1	
65	0.0338693	0.3	-2	0	0	0	0	0	86.5	1	0	0	1	
65	0.0348241	0.3	-2	0	0	0	0	0	86.5	1	0	0	1	
65	0.0357789	0.3	-2	0	0	0	0	0	86.5	1	0	0	1	
65	0.0367337	0.3	-2	0	0	0	0	0	86.5	1	0	0	1	
65	0.0376884	0.3	-2	0	0	0	0	0	86.5	1	0	0	1	
65	0.0386432	0.3	-2	0	0	0	0	0	86.5	1	0	0	1	
65	0.039598	0.3	-2	0	0	0	0	0	86.5	1	0	0	1	
65	0.0405528	0.3	-2	0	0	0	0	0	86.5	1	0	0	1	
65	0.0415075	0.3	-2	0	0	0	0	0	86.5	1	0	0	1	
65	0.0424623	0.3	-2	0	0	0	0	0	86.5	1	0	0	1	
65	0.0434171	0.3	-2	0	0	0	0	0	86.5	1	0	0	1	
65	0.0443719	0.3	-2	0	0	0	0	0	86.5	1	0	0	1	
65	0.0453266	0.3	-2	0	0	0	0	0	86.5	1	0	0	1	
65	0.0462814	0.3	-2	0	0	0	0	0	86.5	1	0	0	1	
65	0.0472362	0.3	-2	0	0	0	0	0	86.5	1	0	0	1	
65	0.048191	0.3	-2	0	0	0	0	0	86.5	1	0	0	1	
65	0.0491457	0.3	-2	0	0	0	0	0	86.5	1	0	0	1	
65	0.0501005	0.3	-2	0	0	0	0	0	86.5	1	0	0	1	
65	0.0510553	0.3	-2	0	0	0	0	0	86.5	1	0	0	1	
65	0.0520101	0.3	-2	0	0	0	0	0	86.5	1	0	0	1	
65	0.0529648	0.3	-2	0	0	0	0	0	86.5	1	0	0	1	
65	0.0539196	0.3	-2	0	0	0	0	0	86.5	1	0	0	1	
65	0.0548744	0.3	-2	0	0	0	0	0	86.5	1	0	0	1	
65	0.0558291	0.3	-2	0	0	0	0	0	86.5	1	0	0	1	
65	0.0567839	0.3	-2	0	0	0	0	0	86.5	1	0	0	1	
65	0.0577387	0.3	-2	0	0	0	0	0	86.5	1	0	0	1	
65	0.0586935	0.3	-2	0	0	0	0	0	86.5	1	0	0	1	
65	0.0596482	0.3	-2	0	0	0	0	0	86.5	1	0	0	1	
65	0.060603	0.3	-2	0	0	0	0	0	86.5	1	0	0	1	
65	0.0615578	0.3	-2	0	0	0	0	0	86.5	1	0	0	1	
65	0.0625126	0.3	-2	0	0	0	0	0	86.5	1	0	0	1	
65	0.0634673	0.3	1	26.5162	0	275.528	225.993	0	86.5	1	0	0	1	
65	0.0644221	0.3	1	36.7592	0	272.242	221.672	0	86.5	1	0	0	1	
65	0.0653769	0.3	1	42.5877	0	269.353	218.536	0	86.5	1	0	0	1	
65	0.0663317	0.3	1	46.9214	0	266.65	215.871	0	86.5	1	0	0	1	
65	0.0672864	0.3	1	50.4421	0	264.078	213.488	0	86.5	1	0	0	1	
65	0.0682412	0.3	1	53.4348	0	261.609	211.304	0	86.5	1	0	0	1	
65	0.069196	0.3	1	56.0496	0	259.227	209.272	0	86.5	1	0	0	1	
65	0.0701508	0.3	1	58.3772	0	256.923	207.364	0	86.5	1	0	0	1	
65	0.0711055	0.3	1	60.4769	0	254.689	205.56	0	86.5	1	0	0	1	
65	0.0720603	0.3	1	62.3902	0	252.519	203.847	0	86.5	1	0	0	1	
65	0.0730151	0.3	1	64.1474	0	250.409	202.212	0	86.5	1	0	0	1	
65	0.0739698	0.3	1	65.7715	0	248.355	200.649	0	86.5	1	0	0	1	
65	0.0749246	0.3	1	67.2804	0	246.353	199.15	0	86.5	1	0	0	1	
65	0.0758794	0.3	1	68.6883	0	244.401	197.711	0	86.5	1	0	0	1	
65	0.0768342	0.3	1	70.0068	0	242.496	196.325	0	86.5	1	0	0	1	
65	0.0777889	0.3	1	71.2454	0	240.636	194.991	0	86.5	1	0	0	1	
65	0.0787437	0.3	1	72.4119	0	238.818	193.704	0	86.5	1	0	0	1	
65	0.0796985	0.3	1	73.5131	0	237.042	192.462	0	86.5	1	0	0	1	
65	0.0806533	0.3	1	74.5546	0	235.305	191.263	0	86.5	1	0	0	1	
65	0.081608	0.3	1	75.5411	0	233.606	190.104	0	86.5	1	0	0	1	
65	0.0825628	0.3	1	76.4764	0	231.943	188.985	0	86.5	1	0	0	1	
65	0.0835176	0.3	1	77.3631	0	230.316	187.904	0	86.5	1	0	0	1	
65	0.0844724	0.3	1	78.2006	0	228.724	186.867	0	86.5	1	0	0	1	
65	0.0854271	0.3	1	78.9999	0	227.164	185.861	0	86.5	1	0	0	1	
65	0.0863819	0.3	1	79.766	0	225.634	184.882	0	86.5	1	0	0	1	
65	0.0873367	0.3	1	80.5013	0	224.134	183.928	0	86.5	1	0	0	1	
65	0.0882915	0.3	1	81.2078	0	222.661	182.999	0	86.5	1	0	0	1	
65	0.0892462	0.3	1	81.8874	0	221.215	182.093	0	86.5	1	0	0	1	
65	0.090201	0.3	1	82.5417	0	219.795	181.209	0	86.5	1	0	0	1	
65	0.0911558	0.3	1	83.1724	0	218.401	180.346	0	86.5	1	0	0	1	
65	0.0921106	0.3	1	83.7807	0	217.031	179.504	0	86.5	1	0	0	1	
65	0.0930653	0.3	1	84.3681	0	215.685	178.681	0	86.5	1	0	0	1	
65	0.0940201	0.3	1	84.9355	0	214.362	177.877	0	86.5	1	0	0	1	
65	0.0949749	0.3	1	85.4842	0	213.062	177.09	0	86.5	1	0	0	1	
65	0.0959296	0.3	1	86.0152	0	211.783	176.321	0	86.5	1	0	0	1	
65	0.0968844	0.3	1	86.5292	0	210.525	175.569	0	86.5	1	0	0	1	
65	0.0978392	0.3	1	87.0273	0	209.287	174.833	0	86.5	1	0	0	1	
65	0.098794	0.3	1	87.5101	0	208.07	174.112	0	86.5	1	0	0	1	
65	0.0997487	0.3	1	87.9784	0	206.871	173.406	0	86.5	1	0	0	1	
65	0.100704	0.3	1	88.433	0	205.691	172.715	0	86.5	1	0	0	1	
65	0.101658	0.3	1	88.8744	0	204.53	172.037	0	86.5	1	0	0	1	
65	0.102613	0.3	1	89.3033	0	203.386	171.373	0	86.5	1	0	0	1	
65	0.103568	0.3	1	89.7202	0	202.26	170.722	0	86.5	1	0	0	1	
65	0.104523	0.3	1	90.1256	0	201.15	170.084	0	86.5	1	0	0	1	
65	0.105477	0.3	1	90.52	0	200.057	169.457	0	86.5	1	0	0	1	
65	0.106432	0.3	0	90.904	2.9454e-06	198.979	2.9454e-06	198.979	86.5	1	0	0	1	
65	0.107387	0.3	0	91.2779	1.8124e-05	197.917	1.8124e-05	197.917	86.5	1	0	0	1	
65	0.108342	0.3	0	91.6421	1.95801e-05	196.871	1.95801e-05	196.871	86.5	1	0	0	1	
65	0.109296	0.3	0	91.997	6.05859e-06	195.839	6.05859e-06	195.839	86.5	1	0	0	1	
65	0.110251	0.3	0	92.3431	1.3304e-05	194.821	1.3304e-05	194.821	86.5	1	0	0	1	
65	0.111206	0.3	0	92.6806	7.29723e-06	193.818	7.29723e-06	193.818	86.5	1	0	0	1	
65	0.112161	0.3	0	93.0099	3.91898e-06	192.828	3.91898e-06	192.828	86.5	1	0	0	1	
65	0.113116	0.3	0	93.3313	1.10303e-06	191.852	1.10303e-06	191.852	86.5	1	0	0	1	
65	0.11407	0.3	0	93.645	7.933e-06	190.889	7.933e-06	190.889	86.5	1	0	0	1	
65	0.115025	0.3	0	93.9515	1.22155e-05	189.939	1.22155e-05	189.939	86.5	1	0	0	1	
65	0.11598	0.3	0	94.2508	6.46919e-07	189.001	6.46919e-07	189.001	86.5	1	0	0	1	
65	0.116935	0.3	0	94.5433	6.09094e-06	188.075	6.09094e-06	188.075	86.5	1	0	0	1	
65	0.117889	0.3	0	94.8293	4.53096e-05	187.161	4.53096e-05	187.161	86.5	1	0	0	1	
65	0.118844	0.3	0	95.1088	2.21672e-05	186.259	2.21672e-05	186.259	86.5	1	0	0	1	
65	0.119799	0.3	0	95.3823	2.02015e-06	185.369	2.02015e-06	185.369	86.5	1	0	0	1	
65	0.120754	0.3	0	95.6498	1.51343e-05	184.489	1.51343e-05	184.489	86.5	1	0	0	1	
65	0.121709	0.3	0	95.9116	1.27891e-05	183.621	1.27891e-05	183.621	86.5	1	0	0	1	
65	0.122663	0.3	0	96.1679	1.31782e-05	182.763	1.31782e-05	182.763	86.5	1	0	0	1	
65	0.123618	0.3	0	96.4187	3.55792e-05	181.915	3.55792e-05	181.915	86.5	1	0	0	1	
65	0.124573	0.3	0	96.6644	1.53524e-05	181.078	1.53524e-05	181.078	86.5	1	0	0	1	
65	0.125528	0.3	0	96.9051	6.59687e-06	180.251	6.59687e-06	180.251	86.5	1	0	0	1	
65	0.126482	0.3	0	97.1409	9.3757e-06	179.434	9.3757e-06	179.434	86.5	1	0	0	1	
65	0.127437	0.3	0	97.372	3.31159e-06	178.626	3.31159e-06	178.626	86.5	1	0	0	1	
65	0.128392	0.3	0	97.5985	1.64607e-05	177.828	1.64607e-05	177.828	86.5	1	0	0	1	
65	0.129347	0.3	0	97.8206	3.04215e-06	177.039	3.04215e-06	177.039	86.5	1	0	0	1	
65	0.130302	0.3	0	98.0383	6.81533e-06	176.259	6.81533e-06	176.259	86.5	1	0	0	1	
65	0.131256	0.3	0	98.2519	1.02245e-05	175.487	1.02245e-05	175.487	86.5	1	0	0	1	
65	0.132211	0.3	0	98.4615	2.62351e-06	174.725	2.62351e-06	174.725	86.5	1	0	0	1	
65	0.133166	0.3	0	98.6671	1.94247e-06	173.971	1.94247e-06	173.971	86.5	1	0	0	1	
65	0.134121	0.3	0	98.8689	2.79822e-05	173.225	2.79822e-05	173.225	86.5	1	0	0	1	
65	0.135075	0.3	0	99.067	1.74265e-06	172.488	1.74265e-06	172.488	86.5	1	0	0	1	
65	0.13603	0.3	0	99.2614	1.43715e-06	171.759	1.43715e-06	171.759	86.5	1	0	0	1	
65	0.136985	0.3	0	99.4524	7.15775e-06	171.037	7.15775e-06	171.037	86.5	1	0	0	1	
65	0.13794	0.3	0	99.6399	3.07974e-05	170.323	3.07974e-05	170.323	86.5	1	0	0	1	
65	0.138894	0.3	0	99.8242	2.61428e-06	169.617	2.61428e-06	169.617	86.5	1	0	0	1	
65	0.139849	0.3	0	100.005	9.48463e-06	168.918	9.48463e-06	168.918	86.5	1	0	0	1	
65	0.140804	0.3	0	100.183	2.33414e-06	168.227	2.33414e-06	168.227	86.5	1	0	0	1	
65	0.141759	0.3	0	100.358	4.40814e-06	167.543	4.40814e-06	167.543	86.5	1	0	0	1	
65	0.142714	0.3	0	100.53	3.49019e-06	166.866	3.49019e-06	166.866	86.5	1	0	0	1	
65	0.143668	0.3	0	100.698	3.84473e-05	166.196	3.84473e-05	166.196	86.5	1	0	0	1	
65	0.144623	0.3	0	100.865	1.7085e-05	165.532	1.7085e-05	165.532	86.5	1	0	0	1	
65	0.145578	0.3	0	101.028	3.40647e-05	164.875	3.40647e-05	164.875	86.5	1	0	0	1	
65	0.146533	0.3	0	101.188	2.99924e-05	164.225	2.99924e-05	164.225	86.5	1	0	0	1	
65	0.147487	0.3	0	101.346	5.78973e-06	163.582	5.78973e-06	163.582	86.5	1	0	0	1	
65	0.148442	0.3	0	101.502	3.57624e-05	162.944	3.57624e-05	162.944	86.5	1	0	0	1	
65	0.149397	0.3	0	101.655	5.09883e-05	162.313	5.09883e-05	162.313	86.5	1	0	0	1	
65	0.150352	0.3	0	101.805	7.5472e-06	161.688	7.5472e-06	161.688	86.5	1	0	0	1	
65	0.151307	0.3	0	101.954	2.20071e-06	161.069	2.20071e-06	161.069	86.5	1	0	0	1	
65	0.152261	0.3	0	102.099	1.1999e-05	160.456	1.1999e-05	160.456	86.5	1	0	0	1	
65	0.153216	0.3	0	102.243	6.80881e-06	159.849	6.80881e-06	159.849	86.5	1	0	0	1	
65	0.154171	0.3	0	102.384	3.17907e-06	159.247	3.17907e-06	159.247	86.5	1	0	0	1	
65	0.155126	0.3	0	102.523	1.27929e-05	158.652	1.27929e-05	158.652	86.5	1	0	0	1	
65	0.15608	0.3	0	102.661	1.21993e-05	158.061	1.21993e-05	158.061	86.5	1	0	0	1	
65	0.157035	0.3	0	102.796	3.92951e-06	157.476	3.92951e-06	157.476	86.5	1	0	0	1	
65	0.15799	0.3	0	102.929	6.4713e-06	156.897	6.4713e-06	156.897	86.5	1	0	0	1	
65	0.158945	0.3	0	103.06	1.94234e-05	156.323	1.94234e-05	156.323	86.5	1	0	0	1	
65	0.159899	0.3	0	103.189	6.40725e-06	155.754	6.40725e-06	155.754	86.5	1	0	0	1	
65	0.160854	0.3	0	103.316	4.40277e-06	155.19	4.40277e-06	155.19	86.5	1	0	0	1	
65	0.161809	0.3	0	103.441	7.1497e-06	154.631	7.1497e-06	154.631	86.5	1	0	0	1	
65	0.162764	0.3	0	103.565	5.13482e-06	154.077	5.13482e-06	154.077	86.5	1	0	0	1	
65	0.163719	0.3	0	103.687	2.36718e-05	153.528	2.36718e-05	153.528	86.5	1	0	0	1	
65	0.164673	0.3	0	103.807	1.88731e-05	152.984	1.88731e-05	152.984	86.5	1	0	0	1	
65	0.165628	0.3	0	103.925	3.32034e-05	152.444	3.32034e-05	152.444	86.5	1	0	0	1	
65	0.166583	0.3	0	104.042	3.17577e-05	151.909	3.17577e-05	151.909	86.5	1	0	0	1	
65	0.167538	0.3	0	104.157	2.93767e-05	151.379	2.93767e-05	151.379	86.5	1	0	0	1	
65	0.168492	0.3	0	104.271	6.17015e-06	150.854	6.17015e-06	150.854	86.5	1	0	0	1	
65	0.169447	0.3	0	104.383	1.3419e-05	150.332	1.3419e-05	150.332	86.5	1	0	0	1	
65	0.170402	0.3	0	104.493	1.77356e-05	149.815	1.77356e-05	149.815	86.5	1	0	0	1	
65	0.171357	0.3	0	104.602	1.99291e-05	149.303	1.99291e-05	149.303	86.5	1	0	0	1	
65	0.172312	0.3	0	104.71	1.64514e-05	148.795	1.64514e-05	148.795	86.5	1	0	0	1	
65	0.173266	0.3	0	104.816	3.47391e-06	148.29	3.47391e-06	148.29	86.5	1	0	0	1	
65	0.174221	0.3	0	104.921	4.19575e-06	147.79	4.19575e-06	147.79	86.5	1	0	0	1	
65	0.175176	0.3	0	105.024	1.13196e-05	147.295	1.13196e-05	147.295	86.5	1	0	0	1	
65	0.176131	0.3	0	105.126	1.86104e-05	146.803	1.86104e-05	146.803	86.5	1	0	0	1	
65	0.177085	0.3	0	105.227	2.60738e-05	146.315	2.60738e-05	146.315	86.5	1	0	0	1	
65	0.17804	0.3	0	105.327	1.39224e-06	145.831	1.39224e-06	145.831	86.5	1	0	0	1	
65	0.178995	0.3	0	105.425	4.43916e-06	145.351	4.43916e-06	145.351	86.5	1	0	0	1	
65	0.17995	0.3	0	105.522	1.83045e-05	144.874	1.83045e-05	144.874	86.5	1	0	0	1	
65	0.180905	0.3	0	105.617	2.30606e-05	144.402	2.30606e-05	144.402	86.5	1	0	0	1	
65	0.181859	0.3	0	105.712	7.08804e-06	143.933	7.08804e-06	143.933	86.5	1	0	0	1	
65	0.182814	0.3	0	105.805	1.32499e-05	143.467	1.32499e-05	143.467	86.5	1	0	0	1	
65	0.183769	0.3	0	105.897	6.10232e-06	143.006	6.10232e-06	143.006	86.5	1	0	0	1	
65	0.184724	0.3	0	105.988	3.6676e-05	142.548	3.6676e-05	142.548	86.5	1	0	0	1	
65	0.185678	0.3	0	106.078	2.68563e-05	142.093	2.68563e-05	142.093	86.5	1	0	0	1	
65	0.186633	0.3	0	106.167	2.199e-06	141.642	2.199e-06	141.642	86.5	1	0	0	1	
65	0.187588	0.3	0	106.255	6.71912e-06	141.194	6.71912e-06	141.194	86.5	1	0	0	1	
65	0.188543	0.3	0	106.342	4.22452e-06	140.749	4.22452e-06	140.749	86.5	1	0	0	1	
65	0.189497	0.3	0	106.427	7.7495e-06	140.308	7.7495e-06	140.308	86.5	1	0	0	1	
65	0.190452	0.3	0	106.512	3.01228e-05	139.87	3.01228e-05	139.87	86.5	1	0	0	1	
65	0.191407	0.3	0	106.596	9.20675e-05	139.436	9.20675e-05	139.436	86.5	1	0	0	1	
65	0.192362	0.3	0	106.679	3.17144e-05	139.004	3.17144e-05	139.004	86.5	1	0	0	1	
65	0.193317	0.3	0	106.76	1.6905e-05	138.576	1.6905e-05	138.576	86.5	1	0	0	1	
65	0.194271	0.3	0	106.841	5.03092e-06	138.151	5.03092e-06	138.151	86.5	1	0	0	1	
65	0.195226	0.3	0	106.921	2.74434e-05	137.729	2.74434e-05	137.729	86.5	1	0	0	1	
65	0.196181	0.3	0	107	1.39228e-05	137.309	1.39228e-05	137.309	86.5	1	0	0	1	
65	0.197136	0.3	0	107.078	2.26722e-06	136.893	2.26722e-06	136.893	86.5	1	0	0	1	
65	0.19809	0.3	0	107.155	5.20897e-05	136.48	5.20897e-05	136.48	86.5	1	0	0	1	
65	0.199045	0.3	0	107.232	4.67764e-05	136.07	4.67764e-05	136.07	86.5	1	0	0	1	
65	0.2	0.3	0	107.307	1.75142e-05	135.662	1.75142e-05	135.662	86.5	1	0	0	1	
