65	0.1	0.1	1	nan	0	1599.98	1599.98	0	173	1	0	0	1	
65	0.1	0.10303	1	nan	0	1599.98	1599.98	0	173	1	0	0	1	
65	0.1	0.106061	1	nan	0	1599.98	1599.98	0	173	1	0	0	1	
65	0.1	0.109091	1	nan	0	1599.98	1599.98	0	173	1	0	0	1	
65	0.1	0.112121	1	nan	0	1599.98	1599.98	0	173	1	0	0	1	
65	0.1	0.115152	1	nan	0	1599.98	1599.98	0	173	1	0	0	1	
65	0.1	0.118182	1	nan	0	1599.98	1599.98	0	173	1	0	0	1	
65	0.1	0.121212	1	nan	0	1599.98	1599.98	0	173	1	0	0	1	
65	0.1	0.124242	1	nan	0	1599.98	1599.98	0	173	1	0	0	1	
65	0.1	0.127273	1	nan	0	1599.98	1599.98	0	173	1	0	0	1	
65	0.1	0.130303	1	nan	0	1599.98	1599.98	0	173	1	0	0	1	
65	0.1	0.133333	1	nan	0	1599.98	1599.98	0	173	1	0	0	1	
65	0.1	0.136364	1	nan	0	1599.98	1599.98	0	173	1	0	0	1	
65	0.1	0.139394	1	nan	0	1599.98	1599.98	0	173	1	0	0	1	
65	0.1	0.142424	1	107.843	154.362	154.362	154.362	154.362	173	1	0	0	1	
65	0.1	0.145455	1	107.905	154.191	154.191	154.191	154.191	173	1	0	0	1	
65	0.1	0.148485	1	107.948	154.059	154.059	154.059	154.059	173	1	0	0	1	
65	0.1	0.151515	1	107.973	153.967	153.967	153.967	153.967	173	1	0	0	1	
65	0.1	0.154545	1	107.98	153.914	153.914	153.914	153.914	173	1	0	0	1	
65	0.1	0.157576	1	107.969	153.901	153.901	153.901	153.901	173	1	0	0	1	
65	0.1	0.160606	1	107.941	153.927	153.927	153.927	153.927	173	1	0	0	1	
65	0.1	0.163636	1	107.894	153.992	153.992	153.992	153.992	173	1	0	0	1	
65	0.1	0.166667	1	107.83	154.097	154.097	154.097	154.097	173	1	0	0	1	
65	0.1	0.169697	1	107.748	154.242	154.242	154.242	154.242	173	1	0	0	1	
65	0.1	0.172727	1	107.647	154.426	154.426	154.426	154.426	173	1	0	0	1	
65	0.1	0.175758	1	107.528	154.65	154.65	154.65	154.65	173	1	0	0	1	
65	0.1	0.178788	1	107.391	154.913	154.913	154.913	154.913	173	1	0	0	1	
65	0.1	0.181818	1	107.235	155.217	155.217	155.217	155.217	173	1	0	0	1	
65	0.1	0.184848	1	107.06	155.56	155.56	155.56	155.56	173	1	0	0	1	
65	0.1	0.187879	1	106.866	155.944	155.944	155.944	155.944	173	1	0	0	1	
65	0.1	0.190909	1	106.653	156.368	156.368	156.368	156.368	173	1	0	0	1	
65	0.1	0.193939	1	106.421	156.832	156.832	156.832	156.832	173	1	0	0	1	
65	0.1	0.19697	1	106.168	157.336	157.336	157.336	157.336	173	1	0	0	1	
65	0.1	0.2	1	105.895	157.881	157.881	157.881	157.881	173	1	0	0	1	
65	0.1	0.20303	1	105.601	158.465	158.465	158.465	158.465	173	1	0	0	1	
65	0.1	0.206061	1	105.287	159.091	159.091	159.091	159.091	173	1	0	0	1	
65	0.1	0.209091	1	104.951	159.756	159.756	159.756	159.756	173	1	0	0	1	
65	0.1	0.212121	1	104.593	160.462	160.462	160.462	160.462	173	1	0	0	1	
65	0.1	0.215152	1	104.213	161.209	161.209	161.209	161.209	173	1	0	0	1	
65	0.1	0.218182	1	103.81	161.995	161.995	161.995	161.995	173	1	0	0	1	
65	0.1	0.221212	1	103.384	162.823	162.823	162.823	162.823	173	1	0	0	1	
65	0.1	0.224242	1	102.934	163.691	163.691	163.691	163.691	173	1	0	0	1	
65	0.1	0.227273	1	102.459	164.6	164.6	164.6	164.6	173	1	0	0	1	
65	0.1	0.230303	1	101.959	165.549	165.549	165.549	165.549	173	1	0	0	1	
65	0.1	0.233333	1	101.432	166.539	166.539	166.539	166.539	173	1	0	0	1	
65	0.1	0.236364	1	100.879	167.57	167.57	167.57	167.57	173	1	0	0	1	
65	0.1	0.239394	1	100.298	168.642	168.642	168.642	168.642	173	1	0	0	1	
65	0.1	0.242424	1	99.6884	169.754	169.754	169.754	169.754	173	1	0	0	1	
65	0.1	0.245455	1	99.049	170.908	170.908	170.908	170.908	173	1	0	0	1	
65	0.1	0.248485	1	98.3788	172.104	172.104	172.104	172.104	173	1	0	0	1	
65	0.1	0.251515	1	97.6765	173.34	173.34	173.34	173.34	173	1	0	0	1	
65	0.1	0.254545	1	96.9409	174.619	174.619	174.619	174.619	173	1	0	0	1	
65	0.1	0.257576	1	96.1706	175.94	175.94	175.94	175.94	173	1	0	0	1	
65	0.1	0.260606	1	95.364	177.303	177.303	177.303	177.303	173	1	0	0	1	
65	0.1	0.263636	1	94.5193	178.708	178.708	178.708	178.708	173	1	0	0	1	
65	0.1	0.266667	1	93.6348	0	180.157	180.157	0	173	1	0	0	1	
65	0.1	0.269697	1	92.7083	0	181.831	181.65	0	173	1	0	0	1	
65	0.1	0.272727	1	91.7377	0	184.55	183.187	0	173	1	0	0	1	
65	0.1	0.275758	1	90.7202	0	187.248	184.769	0	173	1	0	0	1	
65	0.1	0.278788	1	89.6532	0	189.925	186.396	0	173	1	0	0	1	
65	0.1	0.281818	1	88.5334	0	188.071	188.071	0	173	1	0	0	1	
65	0.1	0.284848	1	87.3573	0	189.793	189.793	0	173	1	0	0	1	
65	0.1	0.287879	1	86.1209	0	191.564	191.564	0	173	1	0	0	1	
65	0.1	0.290909	1	84.8195	0	193.385	193.385	0	173	1	0	0	1	
65	0.1	0.293939	1	83.4479	0	195.259	195.259	0	173	1	0	0	1	
65	0.1	0.29697	1	81.9999	0	197.187	197.187	0	173	1	0	0	1	
65	0.1	0.3	1	80.4683	0	208.22	199.171	0	173	1	0	0	1	
65	0.1	0.30303	1	78.8448	0	210.789	201.215	0	173	1	0	0	1	
65	0.1	0.306061	1	77.1191	0	213.352	203.322	0	173	1	0	0	1	
65	0.1	0.309091	1	75.2764	0	215.911	205.499	0	173	1	0	0	1	
65	0.1	0.312121	1	73.2784	0	218.475	207.778	0	173	1	0	0	1	
65	0.1	0.315152	1	71.1134	0	221.044	210.153	0	173	1	0	0	1	
65	0.1	0.318182	1	68.7601	0	223.619	212.628	0	173	1	0	0	1	
65	0.1	0.321212	1	66.1867	0	226.203	215.21	0	173	1	0	0	1	
65	0.1	0.324242	1	63.3482	0	228.802	217.912	0	173	1	0	0	1	
65	0.1	0.327273	1	60.1794	0	231.42	220.755	0	173	1	0	0	1	
65	0.1	0.330303	1	56.5804	0	234.066	223.77	0	173	1	0	0	1	
65	0.1	0.333333	1	52.3847	0	236.755	227.006	0	173	1	0	0	1	
65	0.1	0.336364	1	47.2773	0	239.51	230.559	0	173	1	0	0	1	
65	0.1	0.339394	1	40.5081	0	242.389	234.642	0	173	1	0	0	1	
65	0.1	0.342424	1	28.9413	0	245.596	240.056	0	173	1	0	0	1	
65	0.1	0.345455	-2	0	0	0	0	0	173	1	0	0	1	
65	0.1	0.348485	-2	0	0	0	0	0	173	1	0	0	1	
65	0.1	0.351515	-2	0	0	0	0	0	173	1	0	0	1	
65	0.1	0.354545	-2	0	0	0	0	0	173	1	0	0	1	
65	0.1	0.357576	-2	0	0	0	0	0	173	1	0	0	1	
65	0.1	0.360606	-2	0	0	0	0	0	173	1	0	0	1	
65	0.1	0.363636	-2	0	0	0	0	0	173	1	0	0	1	
65	0.1	0.366667	-2	0	0	0	0	0	173	1	0	0	1	
65	0.1	0.369697	-2	0	0	0	0	0	173	1	0	0	1	
65	0.1	0.372727	-2	0	0	0	0	0	173	1	0	0	1	
65	0.1	0.375758	-2	0	0	0	0	0	173	1	0	0	1	
65	0.1	0.378788	-2	0	0	0	0	0	173	1	0	0	1	
65	0.1	0.381818	-2	0	0	0	0	0	173	1	0	0	1	
65	0.1	0.384848	-2	0	0	0	0	0	173	1	0	0	1	
65	0.1	0.387879	-2	0	0	0	0	0	173	1	0	0	1	
65	0.1	0.390909	-2	0	0	0	0	0	173	1	0	0	1	
65	0.1	0.393939	-2	0	0	0	0	0	173	1	0	0	1	
65	0.1	0.39697	-2	0	0	0	0	0	173	1	0	0	1	
65	0.1	0.4	-2	0	0	0	0	0	173	1	0	0	1	
