65	0.01	0.3	-2	0	0	0	0	0	86.5	0	2	0	1	
65	0.0119192	0.3	-2	0	0	0	0	0	86.5	0	2	0	1	
65	0.0138384	0.3	-2	0	0	0	0	0	86.5	0	2	0	1	
65	0.0157576	0.3	-2	0	0	0	0	0	86.5	0	2	0	1	
65	0.0176768	0.3	-2	0	0	0	0	0	86.5	0	2	0	1	
65	0.019596	0.3	-2	0	0	0	0	0	86.5	0	2	0	1	
65	0.0215152	0.3	-2	0	0	0	0	0	86.5	0	2	0	1	
65	0.0234343	0.3	-2	0	0	0	0	0	86.5	0	2	0	1	
65	0.0253535	0.3	-2	0	0	0	0	0	86.5	0	2	0	1	
65	0.0272727	0.3	-2	0	0	0	0	0	86.5	0	2	0	1	
65	0.0291919	0.3	-2	0	0	0	0	0	86.5	0	2	0	1	
65	0.0311111	0.3	-2	0	0	0	0	0	86.5	0	2	0	1	
65	0.0330303	0.3	-2	0	0	0	0	0	86.5	0	2	0	1	
65	0.0349495	0.3	-2	0	0	0	0	0	86.5	0	2	0	1	
65	0.0368687	0.3	-2	0	0	0	0	0	86.5	0	2	0	1	
65	0.0387879	0.3	-2	0	0	0	0	0	86.5	0	2	0	1	
65	0.0407071	0.3	-2	0	0	0	0	0	86.5	0	2	0	1	
65	0.0426263	0.3	-2	0	0	0	0	0	86.5	0	2	0	1	
65	0.0445455	0.3	-2	0	0	0	0	0	86.5	0	2	0	1	
65	0.0464646	0.3	-2	0	0	0	0	0	86.5	0	2	0	1	
65	0.0483838	0.3	1	31.1462	0	237.72	237.72	0	86.5	0	2	0	1	
65	0.050303	0.3	1	48.4589	0	230.018	230.018	0	86.5	0	2	0	1	
65	0.0522222	0.3	1	57.3802	0	224.589	224.589	0	86.5	0	2	0	1	
65	0.0541414	0.3	1	63.783	0	220.028	220.028	0	86.5	0	2	0	1	
65	0.0560606	0.3	1	68.8347	0	216.012	216.012	0	86.5	0	2	0	1	
65	0.0579798	0.3	1	73.0129	0	212.396	212.396	0	86.5	0	2	0	1	
65	0.059899	0.3	1	76.5695	0	209.096	209.096	0	86.5	0	2	0	1	
65	0.0618182	0.3	1	79.6569	0	206.06	206.06	0	86.5	0	2	0	1	
65	0.0637374	0.3	1	82.3758	0	203.246	203.246	0	86.5	0	2	0	1	
65	0.0656566	0.3	1	84.7967	0	200.627	200.627	0	86.5	0	2	0	1	
65	0.0675758	0.3	1	86.9716	0	198.178	198.178	0	86.5	0	2	0	1	
65	0.0694949	0.3	1	88.9398	0	195.882	195.882	0	86.5	0	2	0	1	
65	0.0714141	0.3	1	90.7318	0	193.722	193.722	0	86.5	0	2	0	1	
65	0.0733333	0.3	1	92.3721	0	191.685	191.685	0	86.5	0	2	0	1	
65	0.0752525	0.3	1	93.8805	0	189.76	189.76	0	86.5	0	2	0	1	
65	0.0771717	0.3	1	95.2732	0	187.937	187.937	0	86.5	0	2	0	1	
65	0.0790909	0.3	1	96.5638	0	186.207	186.207	0	86.5	0	2	0	1	
65	0.0810101	0.3	1	97.7638	0	184.563	184.563	0	86.5	0	2	0	1	
65	0.0829293	0.3	1	98.8822	0	182.999	182.999	0	86.5	0	2	0	1	
65	0.0848485	0.3	1	99.9274	0	181.509	181.509	0	86.5	0	2	0	1	
65	0.0867677	0.3	1	100.907	0	180.088	180.088	0	86.5	0	2	0	1	
65	0.0886869	0.3	1	101.826	0	178.73	178.73	0	86.5	0	2	0	1	
65	0.0906061	0.3	1	102.692	0	177.431	177.431	0	86.5	0	2	0	1	
65	0.0925253	0.3	1	103.508	0	176.187	176.187	0	86.5	0	2	0	1	
65	0.0944444	0.3	1	104.278	0	174.996	174.996	0	86.5	0	2	0	1	
65	0.0963636	0.3	1	105.007	0	173.852	173.852	0	86.5	0	2	0	1	
65	0.0982828	0.3	1	105.698	0	172.755	172.755	0	86.5	0	2	0	1	
65	0.100202	0.3	1	106.354	0	171.7	171.7	0	86.5	0	2	0	1	
65	0.102121	0.3	1	106.977	0	170.686	170.686	0	86.5	0	2	0	1	
65	0.10404	0.3	1	107.569	0	169.71	169.71	0	86.5	0	2	0	1	
65	0.10596	0.3	1	108.134	0	168.769	168.769	0	86.5	0	2	0	1	
65	0.107879	0.3	1	108.672	0	167.863	167.863	0	86.5	0	2	0	1	
65	0.109798	0.3	1	109.187	0	166.989	166.989	0	86.5	0	2	0	1	
65	0.111717	0.3	1	109.678	0	166.145	166.145	0	86.5	0	2	0	1	
65	0.113636	0.3	1	110.148	0	165.33	165.33	0	86.5	0	2	0	1	
65	0.115556	0.3	1	110.598	0	164.543	164.543	0	86.5	0	2	0	1	
65	0.117475	0.3	1	111.03	0	163.781	163.781	0	86.5	0	2	0	1	
65	0.119394	0.3	1	111.444	0	163.045	163.045	0	86.5	0	2	0	1	
65	0.121313	0.3	1	111.842	0	162.332	162.332	0	86.5	0	2	0	1	
65	0.123232	0.3	1	112.224	0	161.641	161.641	0	86.5	0	2	0	1	
65	0.125152	0.3	1	112.591	0	174.512	1.8788e-05	0	86.5	0	2	0	1	
65	0.127071	0.3	1	112.945	0	172.893	5.43807e-06	0	86.5	0	2	0	1	
65	0.12899	0.3	1	113.285	0	171.312	1.98797e-07	0	86.5	0	2	0	1	
65	0.130909	0.3	1	113.613	0	169.767	1.90962e-05	0	86.5	0	2	0	1	
65	0.132828	0.3	1	113.93	0	168.256	1.18417e-05	0	86.5	0	2	0	1	
65	0.134747	0.3	1	114.235	0	166.777	1.1919e-05	0	86.5	0	2	0	1	
65	0.136667	0.3	1	114.53	0	165.331	6.20962e-06	0	86.5	0	2	0	1	
65	0.138586	0.3	1	114.814	0	163.915	5.12958e-06	0	86.5	0	2	0	1	
65	0.140505	0.3	1	115.09	0	162.528	1.69994e-05	0	86.5	0	2	0	1	
65	0.142424	0.3	1	115.356	0	161.169	3.09398e-06	0	86.5	0	2	0	1	
65	0.144343	0.3	1	115.613	0	159.838	2.75568e-06	0	86.5	0	2	0	1	
65	0.146263	0.3	1	115.863	0	158.534	2.79125e-05	0	86.5	0	2	0	1	
65	0.148182	0.3	1	116.104	0	157.255	6.01522e-06	0	86.5	0	2	0	1	
65	0.150101	0.3	1	116.338	0	156	2.06741e-06	0	86.5	0	2	0	1	
65	0.15202	0.3	1	116.565	0	154.769	1.64558e-05	0	86.5	0	2	0	1	
65	0.153939	0.3	1	116.785	0	153.562	4.05356e-06	0	86.5	0	2	0	1	
65	0.155859	0.3	1	116.998	0	152.376	1.98705e-05	0	86.5	0	2	0	1	
65	0.157778	0.3	1	117.205	0	151.213	2.31902e-06	0	86.5	0	2	0	1	
65	0.159697	0.3	1	117.407	0	146.815	32.3173	0	86.5	0	2	0	1	
65	0.161616	0.3	1	117.602	0	135.584	64.4876	0	86.5	0	2	0	1	
65	0.163535	0.3	1	117.792	0	126.978	79.6607	0	86.5	0	2	0	1	
65	0.165455	0.3	1	117.976	0	120.102	89.2454	0	86.5	0	2	0	1	
65	0.167374	0.3	1	118.156	0	114.416	95.9899	0	86.5	0	2	0	1	
65	0.169293	0.3	1	118.331	0	109.607	101.019	0	86.5	0	2	0	1	
65	0.171212	0.3	1	118.5	0	105.454	104.932	0	86.5	0	2	0	1	
65	0.173131	0.3	1	118.666	0	108.068	108.068	0	86.5	0	2	0	1	
65	0.175051	0.3	1	118.827	0	110.639	110.639	0	86.5	0	2	0	1	
65	0.17697	0.3	1	118.984	0	112.794	112.794	0	86.5	0	2	0	1	
65	0.178889	0.3	1	119.136	0	114.62	114.62	0	86.5	0	2	0	1	
65	0.180808	0.3	1	119.285	0	116.195	116.195	0	86.5	0	2	0	1	
65	0.182727	0.3	1	119.43	0	117.561	117.561	0	86.5	0	2	0	1	
65	0.184646	0.3	1	119.572	0	118.766	118.766	0	86.5	0	2	0	1	
65	0.186566	0.3	1	119.71	0	119.823	119.823	0	86.5	0	2	0	1	
65	0.188485	0.3	1	119.845	0	120.769	120.769	0	86.5	0	2	0	1	
65	0.190404	0.3	1	119.976	0	121.62	121.62	0	86.5	0	2	0	1	
65	0.192323	0.3	1	120.104	0	122.387	122.387	0	86.5	0	2	0	1	
65	0.194242	0.3	1	120.229	0	123.083	123.083	0	86.5	0	2	0	1	
65	0.196162	0.3	1	120.351	0	123.719	123.719	0	86.5	0	2	0	1	
65	0.198081	0.3	1	120.47	0	124.301	124.301	0	86.5	0	2	0	1	
65	0.2	0.3	1	120.586	0	124.838	124.838	0	86.5	0	2	0	1	
