65	0.01	0.3	-2	0	0	0	0	0	173	0	0	0	1	
65	0.0109548	0.3	-2	0	0	0	0	0	173	0	0	0	1	
65	0.0119095	0.3	-2	0	0	0	0	0	173	0	0	0	1	
65	0.0128643	0.3	-2	0	0	0	0	0	173	0	0	0	1	
65	0.0138191	0.3	-2	0	0	0	0	0	173	0	0	0	1	
65	0.0147739	0.3	-2	0	0	0	0	0	173	0	0	0	1	
65	0.0157286	0.3	-2	0	0	0	0	0	173	0	0	0	1	
65	0.0166834	0.3	-2	0	0	0	0	0	173	0	0	0	1	
65	0.0176382	0.3	-2	0	0	0	0	0	173	0	0	0	1	
65	0.018593	0.3	-2	0	0	0	0	0	173	0	0	0	1	
65	0.0195477	0.3	-2	0	0	0	0	0	173	0	0	0	1	
65	0.0205025	0.3	-2	0	0	0	0	0	173	0	0	0	1	
65	0.0214573	0.3	-2	0	0	0	0	0	173	0	0	0	1	
65	0.0224121	0.3	-2	0	0	0	0	0	173	0	0	0	1	
65	0.0233668	0.3	-2	0	0	0	0	0	173	0	0	0	1	
65	0.0243216	0.3	-2	0	0	0	0	0	173	0	0	0	1	
65	0.0252764	0.3	-2	0	0	0	0	0	173	0	0	0	1	
65	0.0262312	0.3	-2	0	0	0	0	0	173	0	0	0	1	
65	0.0271859	0.3	-2	0	0	0	0	0	173	0	0	0	1	
65	0.0281407	0.3	-2	0	0	0	0	0	173	0	0	0	1	
65	0.0290955	0.3	-2	0	0	0	0	0	173	0	0	0	1	
65	0.0300503	0.3	-2	0	0	0	0	0	173	0	0	0	1	
65	0.031005	0.3	-2	0	0	0	0	0	173	0	0	0	1	
65	0.0319598	0.3	-2	0	0	0	0	0	173	0	0	0	1	
65	0.0329146	0.3	-2	0	0	0	0	0	173	0	0	0	1	
65	0.0338693	0.3	-2	0	0	0	0	0	173	0	0	0	1	
65	0.0348241	0.3	-2	0	0	0	0	0	173	0	0	0	1	
65	0.0357789	0.3	-2	0	0	0	0	0	173	0	0	0	1	
65	0.0367337	0.3	-2	0	0	0	0	0	173	0	0	0	1	
65	0.0376884	0.3	-2	0	0	0	0	0	173	0	0	0	1	
65	0.0386432	0.3	-2	0	0	0	0	0	173	0	0	0	1	
65	0.039598	0.3	-2	0	0	0	0	0	173	0	0	0	1	
65	0.0405528	0.3	-2	0	0	0	0	0	173	0	0	0	1	
65	0.0415075	0.3	-2	0	0	0	0	0	173	0	0	0	1	
65	0.0424623	0.3	-2	0	0	0	0	0	173	0	0	0	1	
65	0.0434171	0.3	-2	0	0	0	0	0	173	0	0	0	1	
65	0.0443719	0.3	-2	0	0	0	0	0	173	0	0	0	1	
65	0.0453266	0.3	-2	0	0	0	0	0	173	0	0	0	1	
65	0.0462814	0.3	-2	0	0	0	0	0	173	0	0	0	1	
65	0.0472362	0.3	-2	0	0	0	0	0	173	0	0	0	1	
65	0.048191	0.3	-2	0	0	0	0	0	173	0	0	0	1	
65	0.0491457	0.3	-2	0	0	0	0	0	173	0	0	0	1	
65	0.0501005	0.3	-2	0	0	0	0	0	173	0	0	0	1	
65	0.0510553	0.3	-2	0	0	0	0	0	173	0	0	0	1	
65	0.0520101	0.3	-2	0	0	0	0	0	173	0	0	0	1	
65	0.0529648	0.3	-2	0	0	0	0	0	173	0	0	0	1	
65	0.0539196	0.3	-2	0	0	0	0	0	173	0	0	0	1	
65	0.0548744	0.3	-2	0	0	0	0	0	173	0	0	0	1	
65	0.0558291	0.3	-2	0	0	0	0	0	173	0	0	0	1	
65	0.0567839	0.3	-2	0	0	0	0	0	173	0	0	0	1	
65	0.0577387	0.3	-2	0	0	0	0	0	173	0	0	0	1	
65	0.0586935	0.3	-2	0	0	0	0	0	173	0	0	0	1	
65	0.0596482	0.3	-2	0	0	0	0	0	173	0	0	0	1	
65	0.060603	0.3	-2	0	0	0	0	0	173	0	0	0	1	
65	0.0615578	0.3	1	13.7566	0	283.504	246.313	0	173	0	0	0	1	
65	0.0625126	0.3	1	31.4812	0	279.829	241.417	0	173	0	0	0	1	
65	0.0634673	0.3	1	37.9405	0	276.871	238.636	0	173	0	0	0	1	
65	0.0644221	0.3	1	42.4608	0	274.122	236.357	0	173	0	0	0	1	
65	0.0653769	0.3	1	46.0376	0	271.51	234.354	0	173	0	0	0	1	
65	0.0663317	0.3	1	49.0332	0	269.004	232.538	0	173	0	0	0	1	
65	0.0672864	0.3	1	51.6261	0	266.587	230.861	0	173	0	0	0	1	
65	0.0682412	0.3	1	53.9194	0	264.248	229.294	0	173	0	0	0	1	
65	0.069196	0.3	1	55.9786	0	261.98	227.82	0	173	0	0	0	1	
65	0.0701508	0.3	1	57.8487	0	259.776	226.424	0	173	0	0	0	1	
65	0.0711055	0.3	1	59.5621	0	257.633	225.098	0	173	0	0	0	1	
65	0.0720603	0.3	1	61.1428	0	255.545	223.832	0	173	0	0	0	1	
65	0.0730151	0.3	1	62.6095	0	253.511	222.621	0	173	0	0	0	1	
65	0.0739698	0.3	1	63.977	0	251.526	221.46	0	173	0	0	0	1	
65	0.0749246	0.3	1	65.257	0	249.588	220.345	0	173	0	0	0	1	
65	0.0758794	0.3	1	66.4594	0	247.695	219.273	0	173	0	0	0	1	
65	0.0768342	0.3	1	67.5922	0	245.846	218.239	0	173	0	0	0	1	
65	0.0777889	0.3	1	68.6624	0	244.037	217.242	0	173	0	0	0	1	
65	0.0787437	0.3	1	69.6757	0	242.268	216.279	0	173	0	0	0	1	
65	0.0796985	0.3	1	70.6371	0	240.536	215.348	0	173	0	0	0	1	
65	0.0806533	0.3	1	71.5511	0	238.841	214.448	0	173	0	0	0	1	
65	0.081608	0.3	1	72.4214	0	237.18	213.576	0	173	0	0	0	1	
65	0.0825628	0.3	1	73.2514	0	235.553	212.731	0	173	0	0	0	1	
65	0.0835176	0.3	1	74.0441	0	233.958	211.912	0	173	0	0	0	1	
65	0.0844724	0.3	1	74.802	0	232.395	211.118	0	173	0	0	0	1	
65	0.0854271	0.3	1	75.5276	0	230.861	210.348	0	173	0	0	0	1	
65	0.0863819	0.3	1	76.223	0	229.357	209.599	0	173	0	0	0	1	
65	0.0873367	0.3	1	76.8899	0	227.881	208.873	0	173	0	0	0	1	
65	0.0882915	0.3	1	77.5302	0	226.432	208.167	0	173	0	0	0	1	
65	0.0892462	0.3	1	78.1453	0	225.009	207.48	0	173	0	0	0	1	
65	0.090201	0.3	1	78.7367	0	223.613	206.814	0	173	0	0	0	1	
65	0.0911558	0.3	1	79.3055	0	222.24	206.165	0	173	0	0	0	1	
65	0.0921106	0.3	1	79.8528	0	220.892	205.535	0	173	0	0	0	1	
65	0.0930653	0.3	1	80.3794	0	219.568	204.923	0	173	0	0	0	1	
65	0.0940201	0.3	1	80.8858	0	218.267	204.329	0	173	0	0	0	1	
65	0.0949749	0.3	1	81.371	0	216.988	203.754	0	173	0	0	0	1	
65	0.0959296	0.3	1	81.8381	0	215.731	203.197	0	173	0	0	0	1	
65	0.0968844	0.3	1	82.2907	0	214.494	202.651	0	173	0	0	0	1	
65	0.0978392	0.3	1	82.7296	0	213.277	202.118	0	173	0	0	0	1	
65	0.098794	0.3	1	83.1555	0	212.079	201.597	0	173	0	0	0	1	
65	0.0997487	0.3	1	83.5691	0	210.9	201.087	0	173	0	0	0	1	
65	0.100704	0.3	1	83.9708	0	209.739	200.589	0	173	0	0	0	1	
65	0.101658	0.3	1	84.3612	0	208.595	200.1	0	173	0	0	0	1	
65	0.102613	0.3	1	84.7408	0	207.468	199.622	0	173	0	0	0	1	
65	0.103568	0.3	1	85.1101	0	206.358	199.153	0	173	0	0	0	1	
65	0.104523	0.3	1	85.4695	0	205.265	198.694	0	173	0	0	0	1	
65	0.105477	0.3	1	85.8195	0	204.187	198.245	0	173	0	0	0	1	
65	0.106432	0.3	1	86.1604	0	203.125	197.804	0	173	0	0	0	1	
65	0.107387	0.3	1	86.4926	0	202.077	197.372	0	173	0	0	0	1	
65	0.108342	0.3	1	86.8164	0	201.045	196.948	0	173	0	0	0	1	
65	0.109296	0.3	1	87.1322	0	200.026	196.532	0	173	0	0	0	1	
65	0.110251	0.3	1	87.4403	0	199.022	196.124	0	173	0	0	0	1	
65	0.111206	0.3	1	87.7409	0	198.031	195.724	0	173	0	0	0	1	
65	0.112161	0.3	1	88.0344	0	197.054	195.331	0	173	0	0	0	1	
65	0.113116	0.3	1	88.321	0	196.09	194.945	0	173	0	0	0	1	
65	0.11407	0.3	1	88.601	0	195.138	194.567	0	173	0	0	0	1	
65	0.115025	0.3	1	88.8746	0	194.199	194.195	0	173	0	0	0	1	
65	0.11598	0.3	1	89.142	0	193.272	193.829	0	173	0	0	0	1	
65	0.116935	0.3	1	89.4034	0	192.357	193.471	0	173	0	0	0	1	
65	0.117889	0.3	1	89.6591	0	191.454	193.118	0	173	0	0	0	1	
65	0.118844	0.3	1	89.9093	0	190.562	192.771	0	173	0	0	0	1	
65	0.119799	0.3	1	90.154	0	189.681	192.431	0	173	0	0	0	1	
65	0.120754	0.3	1	90.3936	0	188.811	192.096	0	173	0	0	0	1	
65	0.121709	0.3	1	90.6281	0	187.952	191.766	0	173	0	0	0	1	
65	0.122663	0.3	1	90.8578	0	187.103	191.442	0	173	0	0	0	1	
65	0.123618	0.3	1	91.0828	0	186.265	191.124	0	173	0	0	0	1	
65	0.124573	0.3	1	91.3032	0	185.436	190.81	0	173	0	0	0	1	
65	0.125528	0.3	1	91.5192	0	184.617	190.502	0	173	0	0	0	1	
65	0.126482	0.3	1	91.7309	0	183.808	190.198	0	173	0	0	0	1	
65	0.127437	0.3	1	91.9384	0	183.008	189.9	0	173	0	0	0	1	
65	0.128392	0.3	1	92.1419	0	182.218	189.606	0	173	0	0	0	1	
65	0.129347	0.3	1	92.3416	0	181.436	189.316	0	173	0	0	0	1	
65	0.130302	0.3	1	92.5374	0	180.663	189.031	0	173	0	0	0	1	
65	0.131256	0.3	1	92.7295	0	179.899	188.751	0	173	0	0	0	1	
65	0.132211	0.3	1	92.9181	0	179.144	188.474	0	173	0	0	0	1	
65	0.133166	0.3	1	93.1032	0	178.397	188.202	0	173	0	0	0	1	
65	0.134121	0.3	1	93.2849	0	177.658	187.934	0	173	0	0	0	1	
65	0.135075	0.3	1	93.4633	0	176.927	187.67	0	173	0	0	0	1	
65	0.13603	0.3	1	93.6385	0	176.204	187.41	0	173	0	0	0	1	
65	0.136985	0.3	1	93.8106	0	175.489	187.153	0	173	0	0	0	1	
65	0.13794	0.3	1	93.9797	0	174.782	186.9	0	173	0	0	0	1	
65	0.138894	0.3	1	94.1459	0	174.082	186.651	0	173	0	0	0	1	
65	0.139849	0.3	1	94.3092	0	173.389	186.405	0	173	0	0	0	1	
65	0.140804	0.3	1	94.4697	0	172.703	186.163	0	173	0	0	0	1	
65	0.141759	0.3	1	94.6274	0	172.025	185.924	0	173	0	0	0	1	
65	0.142714	0.3	0	94.7826	185.689	3.30187e-06	185.689	3.30187e-06	173	0	0	0	1	
65	0.143668	0.3	0	94.9351	185.457	3.06682e-05	185.457	3.06682e-05	173	0	0	0	1	
65	0.144623	0.3	0	95.0852	185.228	1.30025e-05	185.228	1.30025e-05	173	0	0	0	1	
65	0.145578	0.3	0	95.2328	185.002	1.25046e-05	185.002	1.25046e-05	173	0	0	0	1	
65	0.146533	0.3	0	95.378	184.779	2.05014e-05	184.779	2.05014e-05	173	0	0	0	1	
65	0.147487	0.3	0	95.5208	184.559	7.33717e-06	184.559	7.33717e-06	173	0	0	0	1	
65	0.148442	0.3	0	95.6614	184.342	7.83859e-06	184.342	7.83859e-06	173	0	0	0	1	
65	0.149397	0.3	0	95.7998	184.128	4.2302e-06	184.128	4.2302e-06	173	0	0	0	1	
65	0.150352	0.3	0	95.936	183.917	3.71991e-05	183.917	3.71991e-05	173	0	0	0	1	
65	0.151307	0.3	0	96.0701	183.708	1.15269e-05	183.708	1.15269e-05	173	0	0	0	1	
65	0.152261	0.3	0	96.2021	183.502	3.29266e-05	183.502	3.29266e-05	173	0	0	0	1	
65	0.153216	0.3	0	96.3321	183.299	1.11128e-05	183.299	1.11128e-05	173	0	0	0	1	
65	0.154171	0.3	0	96.4602	183.098	1.05789e-05	183.098	1.05789e-05	173	0	0	0	1	
65	0.155126	0.3	0	96.5863	182.9	1.37504e-06	182.9	1.37504e-06	173	0	0	0	1	
65	0.15608	0.3	0	96.7105	182.705	3.42251e-05	182.705	3.42251e-05	173	0	0	0	1	
65	0.157035	0.3	0	96.8329	182.511	3.89646e-06	182.511	3.89646e-06	173	0	0	0	1	
65	0.15799	0.3	0	96.9535	182.321	3.47708e-05	182.321	3.47708e-05	173	0	0	0	1	
65	0.158945	0.3	0	97.0723	182.132	1.25597e-05	182.132	1.25597e-05	173	0	0	0	1	
65	0.159899	0.3	0	97.1894	181.946	3.27896e-05	181.946	3.27896e-05	173	0	0	0	1	
65	0.160854	0.3	0	97.3049	181.762	1.85245e-06	181.762	1.85245e-06	173	0	0	0	1	
65	0.161809	0.3	0	97.4187	181.581	1.38077e-05	181.581	1.38077e-05	173	0	0	0	1	
65	0.162764	0.3	0	97.5308	181.401	1.92819e-05	181.401	1.92819e-05	173	0	0	0	1	
65	0.163719	0.3	0	97.6414	181.224	1.44947e-05	181.224	1.44947e-05	173	0	0	0	1	
65	0.164673	0.3	0	97.7505	181.049	6.16566e-06	181.049	6.16566e-06	173	0	0	0	1	
65	0.165628	0.3	0	97.858	180.876	2.64213e-05	180.876	2.64213e-05	173	0	0	0	1	
65	0.166583	0.3	0	97.9641	180.705	2.26574e-05	180.705	2.26574e-05	173	0	0	0	1	
65	0.167538	0.3	0	98.0687	180.536	4.42286e-06	180.536	4.42286e-06	173	0	0	0	1	
65	0.168492	0.3	0	98.172	180.369	5.43599e-06	180.369	5.43599e-06	173	0	0	0	1	
65	0.169447	0.3	0	98.2738	180.203	1.77473e-05	180.203	1.77473e-05	173	0	0	0	1	
65	0.170402	0.3	0	98.3742	180.04	5.53663e-06	180.04	5.53663e-06	173	0	0	0	1	
65	0.171357	0.3	0	98.4734	179.879	5.35879e-09	179.879	5.35879e-09	173	0	0	0	1	
65	0.172312	0.3	0	98.5712	179.719	4.86702e-06	179.719	4.86702e-06	173	0	0	0	1	
65	0.173266	0.3	0	98.6677	179.561	9.62089e-06	179.561	9.62089e-06	173	0	0	0	1	
65	0.174221	0.3	0	98.763	179.405	4.82922e-06	179.405	4.82922e-06	173	0	0	0	1	
65	0.175176	0.3	0	98.8571	179.251	5.20853e-06	179.251	5.20853e-06	173	0	0	0	1	
65	0.176131	0.3	0	98.9499	179.098	1.21497e-05	179.098	1.21497e-05	173	0	0	0	1	
65	0.177085	0.3	0	99.0416	178.947	1.61818e-05	178.947	1.61818e-05	173	0	0	0	1	
65	0.17804	0.3	0	99.1321	178.798	1.42189e-05	178.798	1.42189e-05	173	0	0	0	1	
65	0.178995	0.3	0	99.2215	178.65	1.32614e-05	178.65	1.32614e-05	173	0	0	0	1	
65	0.17995	0.3	0	99.3097	178.504	8.35092e-06	178.504	8.35092e-06	173	0	0	0	1	
65	0.180905	0.3	0	99.3969	178.36	2.36324e-05	178.36	2.36324e-05	173	0	0	0	1	
65	0.181859	0.3	0	99.483	178.217	1.45738e-06	178.217	1.45738e-06	173	0	0	0	1	
65	0.182814	0.3	0	99.568	178.075	2.48951e-05	178.075	2.48951e-05	173	0	0	0	1	
65	0.183769	0.3	0	99.652	177.935	4.73661e-06	177.935	4.73661e-06	173	0	0	0	1	
65	0.184724	0.3	0	99.7349	177.797	6.13786e-06	177.797	6.13786e-06	173	0	0	0	1	
65	0.185678	0.3	0	99.8169	177.66	2.20756e-05	177.66	2.20756e-05	173	0	0	0	1	
65	0.186633	0.3	0	99.8979	177.524	2.61192e-05	177.524	2.61192e-05	173	0	0	0	1	
65	0.187588	0.3	0	99.978	177.39	7.05894e-05	177.39	7.05894e-05	173	0	0	0	1	
65	0.188543	0.3	0	100.057	177.257	1.34476e-05	177.257	1.34476e-05	173	0	0	0	1	
65	0.189497	0.3	0	100.135	177.125	8.20568e-06	177.125	8.20568e-06	173	0	0	0	1	
65	0.190452	0.3	0	100.212	176.995	3.48949e-06	176.995	3.48949e-06	173	0	0	0	1	
65	0.191407	0.3	0	100.289	176.866	3.8667e-06	176.866	3.8667e-06	173	0	0	0	1	
65	0.192362	0.3	0	100.364	176.739	6.81536e-05	176.739	6.81536e-05	173	0	0	0	1	
65	0.193317	0.3	0	100.439	176.613	6.79983e-06	176.613	6.79983e-06	173	0	0	0	1	
65	0.194271	0.3	0	100.513	176.488	5.00044e-07	176.488	5.00044e-07	173	0	0	0	1	
65	0.195226	0.3	0	100.586	176.364	5.59023e-06	176.364	5.59023e-06	173	0	0	0	1	
65	0.196181	0.3	0	100.658	176.241	2.50538e-05	176.241	2.50538e-05	173	0	0	0	1	
65	0.197136	0.3	0	100.729	176.12	3.07761e-05	176.12	3.07761e-05	173	0	0	0	1	
65	0.19809	0.3	0	100.799	176	8.44414e-06	176	8.44414e-06	173	0	0	0	1	
65	0.199045	0.3	0	100.869	175.881	2.18755e-05	175.881	2.18755e-05	173	0	0	0	1	
65	0.2	0.3	0	100.938	175.763	3.25869e-05	175.763	3.25869e-05	173	0	0	0	1	
