65	0.1	0.1	1	152.093	56.1829	-4.23433e-06	-6.77841e-06	-1.7745e-05	173	0	2	0	1	
65	0.1	0.101508	1	152.083	56.1799	-4.99802e-06	-1.35514e-05	1.30214e-06	173	0	2	0	1	
65	0.1	0.103015	1	152.073	56.177	1.13371e-05	-2.02458e-05	-1.43579e-05	173	0	2	0	1	
65	0.1	0.104523	1	152.063	56.1742	9.84413e-06	1.56131e-05	6.17983e-06	173	0	2	0	1	
65	0.1	0.10603	1	152.052	56.1715	1.49515e-05	2.31044e-06	-7.46763e-06	173	0	2	0	1	
65	0.1	0.107538	1	152.042	56.169	-3.18049e-06	-1.8287e-06	-3.45875e-06	173	0	2	0	1	
65	0.1	0.109045	1	152.032	56.1667	-9.11564e-06	-4.18645e-06	-2.52949e-06	173	0	2	0	1	
65	0.1	0.110553	1	152.021	56.1644	2.86666e-07	2.02106e-06	-7.00571e-06	173	0	2	0	1	
65	0.1	0.11206	1	152.011	56.1623	-2.27808e-06	1.61388e-05	-1.93534e-05	173	0	2	0	1	
65	0.1	0.113568	1	152	56.1604	1.32529e-06	-1.25087e-05	-5.97073e-06	173	0	2	0	1	
65	0.1	0.115075	1	151.989	56.1587	1.75701e-05	-4.9837e-06	-7.09038e-06	173	0	2	0	1	
65	0.1	0.116583	1	151.979	56.1571	-5.06695e-06	1.16264e-05	-1.02221e-05	173	0	2	0	1	
65	0.1	0.11809	1	151.968	56.1556	-5.48011e-06	-1.23806e-05	-8.34796e-06	173	0	2	0	1	
65	0.1	0.119598	1	151.957	56.1544	-8.76342e-06	4.00321e-06	1.50453e-05	173	0	2	0	1	
65	0.1	0.121106	1	151.946	56.1533	-9.41098e-07	-7.74991e-06	1.75054e-05	173	0	2	0	1	
65	0.1	0.122613	1	151.935	56.1523	3.86576e-06	2.65732e-05	1.72343e-05	173	0	2	0	1	
65	0.1	0.124121	1	151.924	56.1517	-2.18997e-05	-1.2892e-05	-1.83725e-05	173	0	2	0	1	
65	0.1	0.125628	1	151.913	56.1511	-1.1284e-05	1.21731e-05	7.7382e-06	173	0	2	0	1	
65	0.1	0.127136	1	151.901	56.1507	-6.72079e-07	7.44788e-06	-1.27215e-06	173	0	2	0	1	
65	0.1	0.128643	1	151.89	56.1507	-8.25868e-07	-1.44238e-05	-4.43866e-06	173	0	2	0	1	
65	0.1	0.130151	1	151.878	56.1506	2.00958e-06	2.72652e-05	8.06245e-06	173	0	2	0	1	
65	0.1	0.131658	1	151.867	56.1508	7.49182e-06	-1.66269e-05	-9.66678e-06	173	0	2	0	1	
65	0.1	0.133166	1	151.855	56.1511	1.0538e-05	3.62681e-09	-4.36177e-06	173	0	2	0	1	
65	0.1	0.134673	1	151.843	56.1517	6.36523e-06	-2.51392e-05	1.21836e-05	173	0	2	0	1	
65	0.1	0.136181	1	151.831	56.1514	-1.33908e-05	2.21196e-05	-1.48709e-05	173	0	2	0	1	
65	0.1	0.137688	1	151.819	56.1523	-9.31947e-06	2.29634e-05	-1.37189e-05	173	0	2	0	1	
65	0.1	0.139196	1	151.807	56.1526	-8.23754e-06	7.2969e-06	-1.81072e-05	173	0	2	0	1	
65	0.1	0.140704	1	151.796	56.1423	1.93387e-05	-4.39175e-06	1.60145e-05	173	0	2	0	1	
65	0.1	0.142211	1	151.784	56.1305	-1.9763e-05	-9.6476e-06	2.53059e-06	173	0	2	0	1	
65	0.1	0.143719	1	151.771	56.1449	1.86539e-05	-6.15429e-06	-1.18686e-05	173	0	2	0	1	
65	0.1	0.145226	1	151.759	56.1338	-9.87099e-07	-9.33899e-06	1.17617e-05	173	0	2	0	1	
65	0.1	0.146734	1	151.746	56.1797	-1.36257e-05	5.77949e-06	7.19053e-06	173	0	2	0	1	
65	0.1	0.148241	1	151.732	56.2187	1.52169e-05	-4.08027e-06	-6.2769e-06	173	0	2	0	1	
65	0.1	0.149749	1	151.719	56.4875	1.8654e-05	-3.77907e-06	-3.8747e-05	173	0	2	0	1	
65	0.1	0.151256	1	151.704	56.1622	-1.86939e-05	-8.15546e-06	-3.93099e-05	173	0	2	0	1	
65	0.1	0.152764	1	151.69	56.2684	2.07552e-05	-3.29546e-06	-1.37593e-05	173	0	2	0	1	
65	0.1	0.154271	1	151.676	56.2422	-3.00437e-06	2.35614e-05	2.76123e-05	173	0	2	0	1	
65	0.1	0.155779	1	151.662	56.2486	-1.33939e-05	4.54516e-06	3.85401e-05	173	0	2	0	1	
65	0.1	0.157286	1	151.647	56.2625	2.24608e-05	-4.60152e-06	3.80975e-06	173	0	2	0	1	
65	0.1	0.158794	1	151.633	56.271	-1.17863e-05	-6.49625e-06	-1.10497e-05	173	0	2	0	1	
65	0.1	0.160302	1	151.618	56.2842	-1.45318e-07	-3.34987e-06	1.04656e-05	173	0	2	0	1	
65	0.1	0.161809	1	151.603	56.2988	-1.7223e-05	2.52538e-06	2.31199e-05	173	0	2	0	1	
65	0.1	0.163317	1	151.587	56.315	9.45033e-06	-1.33404e-05	2.33423e-05	173	0	2	0	1	
65	0.1	0.164824	1	151.571	56.3333	2.68821e-05	-2.95282e-06	-4.29956e-06	173	0	2	0	1	
65	0.1	0.166332	1	151.555	56.3539	1.2395e-05	-4.64123e-07	-1.37043e-05	173	0	2	0	1	
65	0.1	0.167839	1	151.539	56.3771	1.65355e-05	1.71561e-05	-2.69027e-05	173	0	2	0	1	
65	0.1	0.169347	1	151.522	56.4031	1.15005e-05	5.26504e-06	-8.8226e-06	173	0	2	0	1	
65	0.1	0.170854	1	151.505	56.4327	-6.15107e-05	1.0369e-05	7.0953e-05	173	0	2	0	1	
65	0.1	0.172362	1	151.482	56.5772	6.31968e-07	-3.0241e-06	2.19354e-05	173	0	2	0	1	
65	0.1	0.173869	1	151.464	56.6255	-3.15937e-06	-1.74076e-05	14.7367	173	0	2	0	1	
65	0.1	0.175377	1	151.39	57.9913	3.63583e-06	6.53788e-06	27.5951	173	0	2	0	1	
65	0.1	0.176884	1	151.261	60.4051	1.33602e-05	-1.52347e-05	35.9587	173	0	2	0	1	
65	0.1	0.178392	1	151.087	63.3576	-1.66668e-05	1.34799e-05	42.6322	173	0	2	0	1	
65	0.1	0.179899	1	150.878	66.5222	-1.21836e-05	5.70437e-06	48.3485	173	0	2	0	1	
65	0.1	0.181407	1	150.641	69.7295	-3.62705e-05	-2.60195e-05	53.4303	173	0	2	0	1	
65	0.1	0.182915	1	150.375	72.9937	2.46989e-05	4.43849e-06	58.0627	173	0	2	0	1	
65	0.1	0.184422	1	150.099	76.0538	-4.20704e-06	-5.02156e-06	62.3645	173	0	2	0	1	
65	0.1	0.18593	1	149.807	79.0503	4.02631e-05	-1.44882e-05	66.4279	173	0	2	0	1	
65	0.1	0.187437	1	149.501	81.96	-2.48092e-05	1.28626e-05	70.0048	173	0	2	0	1	
65	0.1	0.188945	1	149.183	84.7809	-4.96577e-06	3.14288e-08	73.5145	173	0	2	0	1	
65	0.1	0.190452	1	148.854	87.5175	4.00395e-05	-1.13516e-05	76.8591	173	0	2	0	1	
65	0.1	0.19196	1	148.516	90.1742	-2.69903e-05	-1.13511e-05	80.0654	173	0	2	0	1	
65	0.1	0.193467	1	148.17	92.7554	1.90633e-05	-3.3316e-06	83.1483	173	0	2	0	1	
65	0.1	0.194975	1	147.815	95.266	2.13936e-07	1.09923e-05	86.1208	173	0	2	0	1	
65	0.1	0.196482	1	147.453	97.7103	-7.46089e-06	6.78836e-07	88.9937	173	0	2	0	1	
65	0.1	0.19799	1	147.085	100.093	-2.63283e-05	5.62041e-06	91.7768	173	0	2	0	1	
65	0.1	0.199497	1	146.709	102.417	-3.59211e-05	1.95168e-07	94.478	173	0	2	0	1	
65	0.1	0.201005	1	146.328	104.687	-3.54449e-05	-5.9358e-06	97.1044	173	0	2	0	1	
65	0.1	0.202513	1	145.941	106.906	-1.605e-05	7.54064e-06	99.6622	173	0	2	0	1	
65	0.1	0.20402	1	145.548	109.077	9.72641e-06	-2.04784e-06	102.157	173	0	2	0	1	
65	0.1	0.205528	1	145.15	111.203	-3.19067e-06	1.16877e-05	104.592	173	0	2	0	1	
65	0.1	0.207035	1	144.747	113.286	-3.2233e-05	-1.82873e-05	106.974	173	0	2	0	1	
65	0.1	0.208543	1	144.338	115.329	1.32403e-05	2.11656e-05	109.304	173	0	2	0	1	
65	0.1	0.21005	1	143.925	117.334	-3.58115e-06	-1.91638e-05	111.588	173	0	2	0	1	
65	0.1	0.211558	1	143.507	119.303	-3.77736e-05	-1.26878e-06	113.826	173	0	2	0	1	
65	0.1	0.213065	1	143.084	121.238	1.47548e-06	-6.4607e-06	116.023	173	0	2	0	1	
65	0.1	0.214573	1	142.656	123.14	2.08587e-05	-1.1405e-05	118.181	173	0	2	0	1	
65	0.1	0.21608	1	142.224	125.011	3.21513e-06	1.67129e-05	120.301	173	0	2	0	1	
65	0.1	0.217588	1	141.788	126.854	-3.48828e-05	4.39922e-06	122.387	173	0	2	0	1	
65	0.1	0.219095	1	141.347	128.668	-1.69882e-05	8.61306e-06	124.439	173	0	2	0	1	
65	0.1	0.220603	1	140.901	130.457	-2.43838e-05	-2.09579e-05	126.459	173	0	2	0	1	
65	0.1	0.222111	1	140.452	132.221	-4.23621e-06	2.48142e-06	128.449	173	0	2	0	1	
65	0.1	0.223618	1	139.998	133.963	1.70126e-05	2.50005e-05	130.411	173	0	2	0	1	
65	0.1	0.225126	1	139.539	135.684	-2.78678e-05	-9.29501e-06	132.346	173	0	2	0	1	
65	0.1	0.226633	1	139.077	137.389	2.32338e-05	7.34256e-06	134.254	173	0	2	0	1	
65	0.1	0.228141	1	138.61	139.086	4.88935e-05	-2.21892e-05	136.137	173	0	2	0	1	
65	0.1	0.229648	1	138.14	140.808	9.64451e-06	4.92644e-06	137.997	173	0	2	0	1	
65	0.1	0.231156	1	137.666	142.446	-1.42364e-06	5.7728e-06	139.833	173	0	2	0	1	
65	0.1	0.232663	1	137.187	143.913	4.71021e-05	1.07379e-05	141.647	173	0	2	0	1	
65	0.1	0.234171	1	136.702	145.43	2.54973e-05	1.45245e-05	143.441	173	0	2	0	1	
65	0.1	0.235678	1	136.213	146.95	1.20467e-05	-3.59218e-05	145.215	173	0	2	0	1	
65	0.1	0.237186	1	135.72	148.462	-2.65658e-05	-1.15643e-05	146.969	173	0	2	0	1	
65	0.1	0.238693	1	135.222	149.964	2.04706e-05	-1.87335e-05	148.704	173	0	2	0	1	
65	0.1	0.240201	1	134.719	151.454	-2.51655e-05	-2.10843e-05	150.421	173	0	2	0	1	
65	0.1	0.241709	1	134.211	152.93	-2.01188e-06	7.55798e-07	152.121	173	0	2	0	1	
65	0.1	0.243216	1	133.7	154.393	6.06491e-06	1.8868e-05	153.803	173	0	2	0	1	
65	0.1	0.244724	1	133.183	155.843	-1.28057e-05	-2.01417e-05	155.47	173	0	2	0	1	
65	0.1	0.246231	1	132.662	157.286	-1.64641e-06	-1.90015e-05	157.12	173	0	2	0	1	
65	0.1	0.247739	1	132.136	158.702	-1.09026e-05	-7.69051e-06	158.756	173	0	2	0	1	
65	0.1	0.249246	1	131.605	160.124	-6.84126e-06	2.17474e-05	160.376	173	0	2	0	1	
65	0.1	0.250754	1	131.07	161.502	4.96761e-06	-1.30869e-05	161.982	173	0	2	0	1	
65	0.1	0.252261	1	130.53	162.9	1.29584e-05	-5.37328e-06	163.574	173	0	2	0	1	
65	0.1	0.253769	1	129.985	164.256	8.27813e-06	-1.2435e-05	165.152	173	0	2	0	1	
65	0.1	0.255276	1	129.435	165.613	8.00356e-06	-1.39346e-05	166.718	173	0	2	0	1	
65	0.1	0.256784	1	128.88	166.957	-2.8776e-06	-2.28919e-06	168.27	173	0	2	0	1	
65	0.1	0.258291	1	128.32	168.29	-8.64226e-06	2.24078e-05	169.81	173	0	2	0	1	
65	0.1	0.259799	1	127.754	169.611	-3.36791e-05	-2.38461e-05	171.338	173	0	2	0	1	
65	0.1	0.261307	1	127.184	170.921	-3.46885e-06	3.34052e-05	172.854	173	0	2	0	1	
65	0.1	0.262814	1	126.608	172.221	-1.59405e-05	1.8696e-05	174.359	173	0	2	0	1	
65	0.1	0.264322	1	126.027	173.509	3.72705e-06	-3.11441e-06	175.852	173	0	2	0	1	
65	0.1	0.265829	1	125.441	174.787	-3.05614e-05	-7.15144e-06	177.335	173	0	2	0	1	
65	0.1	0.267337	1	124.849	176.054	1.24477e-05	1.01602e-05	178.807	173	0	2	0	1	
65	0.1	0.268844	1	124.251	177.311	-3.5099e-06	2.9052e-06	180.268	173	0	2	0	1	
65	0.1	0.270352	1	123.648	178.558	4.69689e-06	1.58329e-06	181.719	173	0	2	0	1	
65	0.1	0.271859	1	123.039	179.795	-3.61896e-06	3.91962e-05	183.16	173	0	2	0	1	
65	0.1	0.273367	1	122.423	181.022	8.68138e-06	-3.0237e-06	184.592	173	0	2	0	1	
65	0.1	0.274874	1	121.802	182.24	-2.31983e-06	-1.28728e-06	186.014	173	0	2	0	1	
65	0.1	0.276382	1	121.175	183.448	3.14711e-06	7.94127e-06	187.427	173	0	2	0	1	
65	0.1	0.277889	1	120.541	184.647	7.23773e-05	-1.84717e-06	188.831	173	0	2	0	1	
65	0.1	0.279397	1	119.901	185.837	-1.11062e-05	-7.97861e-06	190.226	173	0	2	0	1	
65	0.1	0.280905	1	119.255	187.018	-6.77725e-05	1.2838e-05	191.612	173	0	2	0	1	
65	0.1	0.282412	1	118.602	188.189	2.70099e-05	-6.45046e-06	192.989	173	0	2	0	1	
65	0.1	0.28392	1	117.942	189.353	1.95492e-05	1.03322e-06	194.359	173	0	2	0	1	
65	0.1	0.285427	1	117.275	190.507	-4.75375e-06	5.33189e-06	195.72	173	0	2	0	1	
65	0.1	0.286935	1	116.601	191.653	-3.47973e-05	2.96667e-06	197.073	173	0	2	0	1	
65	0.1	0.288442	1	115.919	192.79	-6.93248e-06	1.04448e-05	198.418	173	0	2	0	1	
65	0.1	0.28995	1	115.231	193.92	8.51835e-06	1.76324e-05	199.755	173	0	2	0	1	
65	0.1	0.291457	1	114.534	195.041	-4.95626e-06	5.13808e-06	201.085	173	0	2	0	1	
65	0.1	0.292965	1	113.83	196.154	-4.01842e-06	3.82883e-07	202.408	173	0	2	0	1	
65	0.1	0.294472	1	113.118	197.259	-7.87064e-06	-2.84506e-05	203.723	173	0	2	0	1	
65	0.1	0.29598	1	112.397	198.356	-1.81102e-06	-3.8321e-05	205.031	173	0	2	0	1	
65	0.1	0.297487	1	111.668	199.445	-3.19929e-06	1.01077e-05	206.332	173	0	2	0	1	
65	0.1	0.298995	1	110.931	200.526	-1.25068e-05	5.32217e-06	207.626	173	0	2	0	1	
65	0.1	0.300503	1	110.184	201.6	4.33214e-05	-6.46537e-07	208.913	173	0	2	0	1	
65	0.1	0.30201	1	109.43	202.663	8.422e-06	4.67115e-05	210.193	173	0	2	0	1	
65	0.1	0.303518	1	108.663	203.724	-7.97918e-07	-3.00768e-06	211.467	173	0	2	0	1	
65	0.1	0.305025	1	107.888	204.775	-5.56651e-06	-3.67386e-05	212.734	173	0	2	0	1	
65	0.1	0.306533	1	107.104	205.819	3.61196e-06	-4.542e-06	213.995	173	0	2	0	1	
65	0.1	0.30804	1	106.308	206.855	-2.62509e-05	1.71455e-05	215.25	173	0	2	0	1	
65	0.1	0.309548	1	105.503	207.884	7.5419e-06	-5.43448e-06	216.499	173	0	2	0	1	
65	0.1	0.311055	1	104.686	208.905	-1.04542e-05	-1.51523e-06	217.742	173	0	2	0	1	
65	0.1	0.312563	1	103.858	209.919	3.54366e-05	-3.63964e-06	218.979	173	0	2	0	1	
65	0.1	0.31407	1	103.018	210.926	-2.53951e-06	1.04927e-05	220.21	173	0	2	0	1	
65	0.1	0.315578	1	102.165	211.926	-1.45235e-06	7.23788e-06	221.437	173	0	2	0	1	
65	0.1	0.317085	1	101.301	212.918	1.84823e-06	-1.905e-05	222.661	173	0	2	0	1	
65	0.1	0.318593	1	100.423	213.903	-7.98561e-06	2.54133e-05	223.907	173	0	2	0	1	
65	0.1	0.320101	1	99.5312	214.882	-8.48021e-06	-4.00388e-05	225.074	173	0	2	0	1	
65	0.1	0.321608	1	98.6258	215.852	9.40011e-06	-4.38484e-06	226.268	173	0	2	0	1	
65	0.1	0.323116	1	97.7058	216.816	-2.17364e-05	1.15831e-05	227.459	173	0	2	0	1	
65	0.1	0.324623	1	96.7705	217.772	-1.99586e-05	-2.58689e-05	228.646	173	0	2	0	1	
65	0.1	0.326131	1	95.8194	218.72	-2.43839e-05	2.59641e-05	229.828	173	0	2	0	1	
65	0.1	0.327638	1	94.8517	219.662	9.63694e-06	4.71577e-05	231.005	173	0	2	0	1	
65	0.1	0.329146	1	93.8665	220.596	-1.85816e-05	1.36768e-05	232.177	173	0	2	0	1	
65	0.1	0.330653	1	92.8632	221.523	1.36266e-06	-1.70277e-05	233.344	173	0	2	0	1	
65	0.1	0.332161	1	91.8408	222.442	9.6953e-06	1.22233e-05	234.507	173	0	2	0	1	
65	0.1	0.333668	1	90.7984	223.354	6.30335e-06	-5.7737e-06	235.664	173	0	2	0	1	
65	0.1	0.335176	1	89.7319	224.261	-7.74543e-06	-7.1055e-07	236.817	173	0	2	0	1	
65	0.1	0.336683	1	88.645	225.158	-7.90666e-06	6.12416e-06	237.965	173	0	2	0	1	
65	0.1	0.338191	1	87.5398	226.044	-2.59155e-05	-1.26811e-05	239.107	173	0	2	0	1	
65	0.1	0.339698	1	86.4056	226.925	-4.59407e-05	7.9979e-06	240.245	173	0	2	0	1	
65	0.1	0.341206	1	85.245	227.798	1.97978e-05	-2.04292e-06	241.378	173	0	2	0	1	
65	0.1	0.342714	1	84.0563	228.663	1.48428e-05	4.43557e-06	242.506	173	0	2	0	1	
65	0.1	0.344221	1	82.8376	229.52	1.33929e-06	1.56813e-06	243.63	173	0	2	0	1	
65	0.1	0.345729	1	81.5869	230.373	1.99708e-05	9.47804e-07	244.749	173	0	2	0	1	
65	0.1	0.347236	1	80.3019	231.208	1.92151e-05	1.57029e-06	245.863	173	0	2	0	1	
65	0.1	0.348744	1	78.9798	232.039	3.34676e-05	-8.1406e-06	246.973	173	0	2	0	1	
65	0.1	0.350251	1	77.6177	232.861	4.76729e-05	4.94814e-05	248.077	173	0	2	0	1	
65	0.1	0.351759	1	76.2122	233.673	2.08054e-06	-2.5421e-05	249.178	173	0	2	0	1	
65	0.1	0.353266	1	74.7594	234.476	-2.21886e-05	-3.31863e-05	250.273	173	0	2	0	1	
65	0.1	0.354774	1	73.2547	235.268	1.40742e-05	-5.19734e-06	251.364	173	0	2	0	1	
65	0.1	0.356281	1	71.6928	236.05	1.40793e-05	2.91445e-05	252.451	173	0	2	0	1	
65	0.1	0.357789	1	70.0674	236.821	-1.75072e-05	-6.90575e-06	253.532	173	0	2	0	1	
65	0.1	0.359296	1	68.371	237.58	9.29441e-07	5.32535e-06	254.609	173	0	2	0	1	
65	0.1	0.360804	1	66.5945	238.327	4.23729e-05	3.90395e-05	255.682	173	0	2	0	1	
65	0.1	0.362312	1	64.7268	239.061	3.32461e-06	-6.93731e-08	256.75	173	0	2	0	1	
65	0.1	0.363819	1	62.7539	239.78	1.11773e-06	-4.7038e-06	257.813	173	0	2	0	1	
65	0.1	0.365327	1	60.658	240.484	1.09479e-05	-1.28582e-06	258.871	173	0	2	0	1	
65	0.1	0.366834	1	58.4128	241.173	-2.85731e-05	-3.07806e-05	259.924	173	0	2	0	1	
65	0.1	0.368342	1	55.9953	241.841	2.12502e-05	9.90874e-07	260.972	173	0	2	0	1	
65	0.1	0.369849	1	53.3523	242.49	-5.06622e-06	1.78687e-05	262.015	173	0	2	0	1	
65	0.1	0.371357	1	50.4208	243.114	-1.5774e-05	-5.39266e-06	263.052	173	0	2	0	1	
65	0.1	0.372864	1	47.0957	-243.711	2.30195e-05	2.61959e-06	264.083	173	0	2	0	1	
65	0.1	0.374372	1	43.1919	-244.273	-6.50043e-07	-7.56725e-06	265.107	173	0	2	0	1	
65	0.1	0.375879	1	38.3247	-244.792	1.9498e-05	-1.6168e-06	266.122	173	0	2	0	1	
65	0.1	0.377387	1	31.3926	-245.249	-1.95167e-05	8.02558e-06	267.122	173	0	2	0	1	
65	0.1	0.378894	-2	0	0	0	0	0	173	0	2	0	1	
65	0.1	0.380402	-2	0	0	0	0	0	173	0	2	0	1	
65	0.1	0.38191	-2	0	0	0	0	0	173	0	2	0	1	
65	0.1	0.383417	-2	0	0	0	0	0	173	0	2	0	1	
65	0.1	0.384925	-2	0	0	0	0	0	173	0	2	0	1	
65	0.1	0.386432	-2	0	0	0	0	0	173	0	2	0	1	
65	0.1	0.38794	-2	0	0	0	0	0	173	0	2	0	1	
65	0.1	0.389447	-2	0	0	0	0	0	173	0	2	0	1	
65	0.1	0.390955	-2	0	0	0	0	0	173	0	2	0	1	
65	0.1	0.392462	-2	0	0	0	0	0	173	0	2	0	1	
65	0.1	0.39397	-2	0	0	0	0	0	173	0	2	0	1	
65	0.1	0.395477	-2	0	0	0	0	0	173	0	2	0	1	
65	0.1	0.396985	-2	0	0	0	0	0	173	0	2	0	1	
65	0.1	0.398492	-2	0	0	0	0	0	173	0	2	0	1	
65	0.1	0.4	-2	0	0	0	0	0	173	0	2	0	1	
