65	0.01	0.3	-3	0	0	0	0	0	173	0	2	0	1	
65	0.0109548	0.3	-3	0	0	0	0	0	173	0	2	0	1	
65	0.0119095	0.3	-3	0	0	0	0	0	173	0	2	0	1	
65	0.0128643	0.3	-3	0	0	0	0	0	173	0	2	0	1	
65	0.0138191	0.3	-3	0	0	0	0	0	173	0	2	0	1	
65	0.0147739	0.3	-3	0	0	0	0	0	173	0	2	0	1	
65	0.0157286	0.3	-3	0	0	0	0	0	173	0	2	0	1	
65	0.0166834	0.3	-3	0	0	0	0	0	173	0	2	0	1	
65	0.0176382	0.3	-3	0	0	0	0	0	173	0	2	0	1	
65	0.018593	0.3	-3	0	0	0	0	0	173	0	2	0	1	
65	0.0195477	0.3	-3	0	0	0	0	0	173	0	2	0	1	
65	0.0205025	0.3	-3	0	0	0	0	0	173	0	2	0	1	
65	0.0214573	0.3	-3	0	0	0	0	0	173	0	2	0	1	
65	0.0224121	0.3	-3	0	0	0	0	0	173	0	2	0	1	
65	0.0233668	0.3	-2	0	0	0	0	0	173	0	2	0	1	
65	0.0243216	0.3	-3	0	0	0	0	0	173	0	2	0	1	
65	0.0252764	0.3	-3	0	0	0	0	0	173	0	2	0	1	
65	0.0262312	0.3	-2	0	0	0	0	0	173	0	2	0	1	
65	0.0271859	0.3	-2	0	0	0	0	0	173	0	2	0	1	
65	0.0281407	0.3	-3	0	0	0	0	0	173	0	2	0	1	
65	0.0290955	0.3	-2	0	0	0	0	0	173	0	2	0	1	
65	0.0300503	0.3	-3	0	0	0	0	0	173	0	2	0	1	
65	0.031005	0.3	-3	0	0	0	0	0	173	0	2	0	1	
65	0.0319598	0.3	-2	0	0	0	0	0	173	0	2	0	1	
65	0.0329146	0.3	-2	0	0	0	0	0	173	0	2	0	1	
65	0.0338693	0.3	-2	0	0	0	0	0	173	0	2	0	1	
65	0.0348241	0.3	-2	0	0	0	0	0	173	0	2	0	1	
65	0.0357789	0.3	-2	0	0	0	0	0	173	0	2	0	1	
65	0.0367337	0.3	-2	0	0	0	0	0	173	0	2	0	1	
65	0.0376884	0.3	-2	0	0	0	0	0	173	0	2	0	1	
65	0.0386432	0.3	-2	0	0	0	0	0	173	0	2	0	1	
65	0.039598	0.3	-2	0	0	0	0	0	173	0	2	0	1	
65	0.0405528	0.3	-2	0	0	0	0	0	173	0	2	0	1	
65	0.0415075	0.3	-2	0	0	0	0	0	173	0	2	0	1	
65	0.0424623	0.3	-2	0	0	0	0	0	173	0	2	0	1	
65	0.0434171	0.3	-2	0	0	0	0	0	173	0	2	0	1	
65	0.0443719	0.3	-2	0	0	0	0	0	173	0	2	0	1	
65	0.0453266	0.3	-2	0	0	0	0	0	173	0	2	0	1	
65	0.0462814	0.3	-2	0	0	0	0	0	173	0	2	0	1	
65	0.0472362	0.3	-2	0	0	0	0	0	173	0	2	0	1	
65	0.048191	0.3	1	32.131	247.074	7.93471e-08	7.15886e-06	320.74	173	0	2	0	1	
65	0.0491457	0.3	1	41.8438	246.275	2.4415e-06	2.92972e-06	317.309	173	0	2	0	1	
65	0.0501005	0.3	1	48.0685	245.377	6.11087e-05	4.06993e-05	313.945	173	0	2	0	1	
65	0.0510553	0.3	1	52.8595	244.43	-1.86939e-05	5.94099e-06	310.662	173	0	2	0	1	
65	0.0520101	0.3	1	56.8235	243.457	1.44694e-05	-1.00406e-05	307.462	173	0	2	0	1	
65	0.0529648	0.3	1	60.2337	242.47	-6.29908e-07	6.88582e-06	304.344	173	0	2	0	1	
65	0.0539196	0.3	1	63.2406	241.477	1.54437e-05	3.92602e-07	301.306	173	0	2	0	1	
65	0.0548744	0.3	1	65.9372	240.485	-1.6618e-05	-8.89222e-06	298.345	173	0	2	0	1	
65	0.0558291	0.3	1	68.3858	239.495	-1.06051e-05	-3.82422e-05	295.459	173	0	2	0	1	
65	0.0567839	0.3	1	70.6305	238.511	-1.13767e-05	4.16107e-06	292.645	173	0	2	0	1	
65	0.0577387	0.3	1	72.7037	237.535	2.82853e-05	-5.25681e-06	289.9	173	0	2	0	1	
65	0.0586935	0.3	1	74.6305	236.568	1.48354e-05	3.3024e-05	287.223	173	0	2	0	1	
65	0.0596482	0.3	1	76.4303	235.61	2.64698e-05	-4.00666e-05	284.61	173	0	2	0	1	
65	0.060603	0.3	1	78.1187	234.662	8.57922e-06	-7.69389e-06	282.059	173	0	2	0	1	
65	0.0615578	0.3	1	79.7043	233.733	2.64611e-05	-1.31628e-05	279.569	173	0	2	0	1	
65	0.0625126	0.3	1	81.2068	232.805	9.74317e-06	-3.51072e-05	277.135	173	0	2	0	1	
65	0.0634673	0.3	1	82.6301	231.892	5.41101e-06	1.50347e-06	274.758	173	0	2	0	1	
65	0.0644221	0.3	1	83.9842	230.988	-3.3236e-06	-1.55943e-05	272.433	173	0	2	0	1	
65	0.0653769	0.3	1	85.2703	230.099	-6.54612e-06	-7.96385e-06	270.161	173	0	2	0	1	
65	0.0663317	0.3	1	86.4969	229.221	-3.7103e-06	-4.38024e-06	267.938	173	0	2	0	1	
65	0.0672864	0.3	1	87.6689	228.354	1.60448e-05	-4.97154e-06	265.764	173	0	2	0	1	
65	0.0682412	0.3	1	88.7906	-227.5	1.31918e-05	1.80546e-05	263.636	173	0	2	0	1	
65	0.069196	0.3	1	89.8659	-226.656	2.37741e-06	8.96767e-06	261.553	173	0	2	0	1	
65	0.0701508	0.3	1	90.8933	-225.828	6.67877e-06	-9.31406e-06	259.514	173	0	2	0	1	
65	0.0711055	0.3	1	91.8867	225.006	1.61059e-06	1.10615e-05	257.516	173	0	2	0	1	
65	0.0720603	0.3	1	92.8448	224.194	3.57846e-06	-1.74846e-05	255.559	173	0	2	0	1	
65	0.0730151	0.3	1	93.7646	223.395	4.82822e-05	3.24214e-06	253.641	173	0	2	0	1	
65	0.0739698	0.3	1	94.6517	222.606	-1.53006e-05	-2.25552e-06	251.761	173	0	2	0	1	
65	0.0749246	0.3	1	95.508	221.828	-3.09122e-06	-1.41976e-06	249.918	173	0	2	0	1	
65	0.0758794	0.3	1	96.3355	221.06	-6.90409e-06	3.26126e-05	248.111	173	0	2	0	1	
65	0.0768342	0.3	1	97.1358	220.302	2.15651e-06	5.14392e-07	246.338	173	0	2	0	1	
65	0.0777889	0.3	1	97.9103	219.554	1.68419e-05	1.48817e-05	244.599	173	0	2	0	1	
65	0.0787437	0.3	1	98.6606	218.815	4.01667e-06	-2.19615e-06	242.892	173	0	2	0	1	
65	0.0796985	0.3	1	99.388	218.086	2.67109e-06	-1.30263e-05	241.217	173	0	2	0	1	
65	0.0806533	0.3	1	100.094	217.366	4.62156e-05	5.25783e-05	239.572	173	0	2	0	1	
65	0.081608	0.3	1	100.778	216.655	-2.22138e-05	3.88442e-06	237.958	173	0	2	0	1	
65	0.0825628	0.3	1	101.444	215.953	-2.12696e-05	2.46434e-05	236.372	173	0	2	0	1	
65	0.0835176	0.3	1	102.09	215.26	-4.17302e-06	4.56226e-06	234.815	173	0	2	0	1	
65	0.0844724	0.3	1	102.719	-214.575	5.59618e-06	2.19553e-07	233.285	173	0	2	0	1	
65	0.0854271	0.3	1	103.331	213.898	-4.88185e-05	-1.22196e-05	231.784	173	0	2	0	1	
65	0.0863819	0.3	1	103.927	213.229	-2.05871e-05	1.72717e-06	230.311	173	0	2	0	1	
65	0.0873367	0.3	1	104.507	212.568	-4.3486e-06	1.8879e-05	228.87	173	0	2	0	1	
65	0.0882915	0.3	1	105.073	211.915	-7.91098e-06	-1.27197e-05	227.422	173	0	2	0	1	
65	0.0892462	0.3	1	105.624	211.27	1.29681e-05	-4.37749e-06	226.007	173	0	2	0	1	
65	0.090201	0.3	1	106.162	210.632	1.15413e-06	-6.42908e-06	224.618	173	0	2	0	1	
65	0.0911558	0.3	1	106.686	210.002	4.65368e-06	2.96644e-05	223.251	173	0	2	0	1	
65	0.0921106	0.3	1	107.198	209.379	8.404e-06	2.89208e-05	221.907	173	0	2	0	1	
65	0.0930653	0.3	1	107.698	208.763	3.59074e-05	-2.61817e-05	220.585	173	0	2	0	1	
65	0.0940201	0.3	1	108.187	208.153	-1.57248e-05	3.16292e-07	219.283	173	0	2	0	1	
65	0.0949749	0.3	1	108.664	207.551	-2.66167e-06	1.24714e-07	218.001	173	0	2	0	1	
65	0.0959296	0.3	1	109.131	206.955	6.46482e-06	5.51104e-07	216.739	173	0	2	0	1	
65	0.0968844	0.3	1	109.588	206.366	2.60214e-05	1.86827e-05	215.496	173	0	2	0	1	
65	0.0978392	0.3	1	110.034	205.783	1.26484e-06	-1.6449e-05	214.272	173	0	2	0	1	
65	0.098794	0.3	1	110.471	205.206	-9.41274e-07	-3.42157e-06	213.066	173	0	2	0	1	
65	0.0997487	0.3	1	110.899	204.635	2.62033e-06	3.30609e-06	211.878	173	0	2	0	1	
65	0.100704	0.3	1	111.322	204.065	2.19867e-05	-2.6526e-06	210.706	173	0	2	0	1	
65	0.101658	0.3	1	111.729	203.511	3.83557e-06	-4.1085e-05	209.553	173	0	2	0	1	
65	0.102613	0.3	1	112.131	202.958	-7.19674e-07	3.32898e-05	208.415	173	0	2	0	1	
65	0.103568	0.3	1	112.525	202.411	-3.40243e-06	1.68654e-05	207.293	173	0	2	0	1	
65	0.104523	0.3	1	112.912	201.869	-4.95325e-06	-1.79984e-05	206.187	173	0	2	0	1	
65	0.105477	0.3	1	113.291	201.332	1.66969e-05	3.41684e-05	205.097	173	0	2	0	1	
65	0.106432	0.3	1	113.662	200.801	-2.96472e-05	7.23479e-06	204.021	173	0	2	0	1	
65	0.107387	0.3	1	114.027	200.275	1.01077e-05	-1.29201e-05	202.96	173	0	2	0	1	
65	0.108342	0.3	1	114.385	199.754	-2.19263e-05	1.2214e-05	201.913	173	0	2	0	1	
65	0.109296	0.3	1	114.737	199.238	1.13097e-05	3.21771e-05	200.88	173	0	2	0	1	
65	0.110251	0.3	1	115.082	198.727	1.70933e-05	2.54402e-05	199.861	173	0	2	0	1	
65	0.111206	0.3	1	115.421	198.221	-1.09167e-06	-3.22692e-05	198.855	173	0	2	0	1	
65	0.112161	0.3	1	115.754	197.719	-1.11321e-06	-2.66471e-05	197.862	173	0	2	0	1	
65	0.113116	0.3	1	116.081	197.222	-8.23985e-07	-5.49876e-06	196.882	173	0	2	0	1	
65	0.11407	0.3	1	116.402	196.73	-4.45941e-06	4.49582e-05	195.915	173	0	2	0	1	
65	0.115025	0.3	1	116.718	196.242	3.20602e-05	-5.01121e-05	194.96	173	0	2	0	1	
65	0.11598	0.3	1	117.029	195.759	-2.30347e-05	1.08306e-06	194.016	173	0	2	0	1	
65	0.116935	0.3	1	117.334	195.28	1.2103e-05	8.71173e-06	193.085	173	0	2	0	1	
65	0.117889	0.3	1	117.635	194.805	-3.06922e-06	6.20267e-06	192.165	173	0	2	0	1	
65	0.118844	0.3	1	117.93	194.335	1.11316e-06	9.49515e-06	191.256	173	0	2	0	1	
65	0.119799	0.3	1	118.221	193.868	-4.62235e-05	-2.97109e-06	190.358	173	0	2	0	1	
65	0.120754	0.3	1	118.507	193.406	-2.7472e-05	9.23387e-06	189.471	173	0	2	0	1	
65	0.121709	0.3	1	118.789	192.947	1.71618e-05	9.66078e-07	188.595	173	0	2	0	1	
65	0.122663	0.3	1	119.066	192.493	8.24386e-06	-1.87781e-05	187.729	173	0	2	0	1	
65	0.123618	0.3	1	119.339	192.042	3.21367e-05	1.33406e-05	186.873	173	0	2	0	1	
65	0.124573	0.3	1	119.608	191.595	2.16455e-05	2.21985e-05	186.027	173	0	2	0	1	
65	0.125528	0.3	1	119.872	191.152	1.3467e-05	6.00169e-06	185.191	173	0	2	0	1	
65	0.126482	0.3	1	120.133	190.712	3.33658e-05	9.42218e-06	184.364	173	0	2	0	1	
65	0.127437	0.3	1	120.39	190.276	4.52574e-06	-8.63394e-06	183.547	173	0	2	0	1	
65	0.128392	0.3	1	120.643	189.843	4.18167e-05	-5.25265e-05	182.739	173	0	2	0	1	
65	0.129347	0.3	1	120.893	189.414	-2.41658e-06	-3.55358e-06	181.94	173	0	2	0	1	
65	0.130302	0.3	1	121.139	188.988	-3.29104e-06	-8.6861e-06	181.15	173	0	2	0	1	
65	0.131256	0.3	1	121.381	188.566	-1.07942e-05	7.93094e-06	180.369	173	0	2	0	1	
65	0.132211	0.3	1	121.62	188.147	8.1484e-07	2.82829e-05	179.596	173	0	2	0	1	
65	0.133166	0.3	1	121.856	187.731	-2.66012e-05	7.77213e-06	178.832	173	0	2	0	1	
65	0.134121	0.3	1	122.088	187.319	-2.22775e-07	-1.3091e-05	178.075	173	0	2	0	1	
65	0.135075	0.3	1	122.317	186.909	-2.41464e-05	-2.41799e-05	177.327	173	0	2	0	1	
65	0.13603	0.3	1	122.544	186.503	1.07978e-05	1.30726e-05	176.587	173	0	2	0	1	
65	0.136985	0.3	1	122.767	186.1	1.02519e-05	-2.1621e-05	175.855	173	0	2	0	1	
65	0.13794	0.3	1	122.987	185.7	1.34218e-05	-1.86527e-05	175.13	173	0	2	0	1	
65	0.138894	0.3	1	123.204	185.303	2.95326e-07	3.82436e-05	174.413	173	0	2	0	1	
65	0.139849	0.3	1	123.419	184.908	6.787e-06	-1.4289e-05	173.703	173	0	2	0	1	
65	0.140804	0.3	1	123.63	184.517	-1.49647e-05	1.2992e-05	173	173	0	2	0	1	
65	0.141759	0.3	1	123.839	184.128	-1.19553e-05	4.5797e-06	172.305	173	0	2	0	1	
65	0.142714	0.3	1	124.045	183.743	-2.76172e-07	-1.84444e-05	171.617	173	0	2	0	1	
65	0.143668	0.3	1	124.249	183.36	-1.46688e-05	-1.23979e-05	170.935	173	0	2	0	1	
65	0.144623	0.3	1	124.45	182.98	-8.02022e-06	-1.74296e-05	170.26	173	0	2	0	1	
65	0.145578	0.3	1	124.649	182.603	8.5852e-06	-1.28466e-05	169.592	173	0	2	0	1	
65	0.146533	0.3	1	124.845	182.228	-1.05359e-06	1.54169e-05	168.931	173	0	2	0	1	
65	0.147487	0.3	1	125.039	181.857	-2.29969e-05	4.34766e-05	168.276	173	0	2	0	1	
65	0.148442	0.3	1	125.23	181.486	-1.69713e-05	4.49161e-06	167.627	173	0	2	0	1	
65	0.149397	0.3	1	125.419	181.12	9.77945e-06	7.66019e-06	166.984	173	0	2	0	1	
65	0.150352	0.3	1	125.606	180.763	-1.28683e-05	-4.7884e-05	166.348	173	0	2	0	1	
65	0.151307	0.3	1	125.791	180.406	-1.76519e-06	-2.50471e-05	165.717	173	0	2	0	1	
65	0.152261	0.3	1	125.974	180.031	-2.3351e-05	-1.99035e-05	165.093	173	0	2	0	1	
65	0.153216	0.3	1	126.154	179.771	-2.18725e-05	1.12608e-05	164.474	173	0	2	0	1	
65	0.154171	0.3	1	126.332	179.311	3.72075e-05	-2.26924e-05	163.861	173	0	2	0	1	
65	0.155126	0.3	1	126.509	178.967	2.56151e-06	1.86705e-05	163.254	173	0	2	0	1	
65	0.15608	0.3	1	126.683	178.619	2.12244e-05	4.02452e-05	162.653	173	0	2	0	1	
65	0.157035	0.3	1	126.856	178.264	9.89406e-06	-1.82715e-05	162.056	173	0	2	0	1	
65	0.15799	0.3	1	127.026	177.913	1.39321e-05	-1.42778e-06	161.466	173	0	2	0	1	
65	0.158945	0.3	1	127.195	177.567	6.61639e-06	-1.08792e-05	160.88	173	0	2	0	1	
65	0.159899	0.3	1	127.362	177.224	-9.3724e-06	-3.00748e-06	160.3	173	0	2	0	1	
65	0.160854	0.3	1	127.526	176.882	3.79698e-06	5.12189e-06	159.725	173	0	2	0	1	
65	0.161809	0.3	1	127.69	176.542	1.7824e-05	-1.46649e-05	159.155	173	0	2	0	1	
65	0.162764	0.3	1	127.851	176.205	-2.66406e-06	-7.03423e-06	158.589	173	0	2	0	1	
65	0.163719	0.3	1	128.011	175.869	1.64815e-05	3.05269e-05	158.029	173	0	2	0	1	
65	0.164673	0.3	1	128.169	175.536	1.62635e-05	-1.47591e-05	157.474	173	0	2	0	1	
65	0.165628	0.3	1	128.325	175.205	4.32228e-05	1.56431e-05	156.923	173	0	2	0	1	
65	0.166583	0.3	1	128.48	174.876	-3.22703e-06	4.60014e-05	156.378	173	0	2	0	1	
65	0.167538	0.3	1	128.633	174.548	7.7202e-05	-4.2913e-06	155.836	173	0	2	0	1	
65	0.168492	0.3	1	128.785	174.223	2.41319e-05	-8.52626e-06	155.3	173	0	2	0	1	
65	0.169447	0.3	1	128.935	173.899	-1.79472e-05	-4.27168e-05	154.768	173	0	2	0	1	
65	0.170402	0.3	1	129.084	173.578	3.51115e-06	-1.75143e-05	154.24	173	0	2	0	1	
65	0.171357	0.3	1	129.231	173.258	4.68962e-06	8.91785e-06	153.716	173	0	2	0	1	
65	0.172312	0.3	1	129.376	172.94	1.32419e-05	-8.67749e-07	153.197	173	0	2	0	1	
65	0.173266	0.3	1	129.521	172.624	-3.07037e-06	-3.07725e-05	152.683	173	0	2	0	1	
65	0.174221	0.3	1	129.663	172.31	-2.19112e-05	-1.09812e-05	152.172	173	0	2	0	1	
65	0.175176	0.3	1	129.805	171.997	-8.37867e-06	-1.25296e-05	151.665	173	0	2	0	1	
65	0.176131	0.3	1	129.945	171.686	-1.34904e-05	2.10516e-05	151.163	173	0	2	0	1	
65	0.177085	0.3	1	130.083	171.377	7.31023e-07	4.37317e-05	150.665	173	0	2	0	1	
65	0.17804	0.3	1	130.221	171.07	7.97419e-07	1.74185e-06	150.17	173	0	2	0	1	
65	0.178995	0.3	1	130.357	170.764	-1.18099e-06	-8.09233e-06	149.68	173	0	2	0	1	
65	0.17995	0.3	1	130.492	170.46	-5.14471e-05	5.99068e-06	149.193	173	0	2	0	1	
65	0.180905	0.3	1	130.625	170.158	-3.19306e-08	-6.81269e-06	148.71	173	0	2	0	1	
65	0.181859	0.3	1	130.757	169.857	-3.00713e-05	3.94122e-06	148.231	173	0	2	0	1	
65	0.182814	0.3	1	130.888	169.557	-2.16223e-05	-2.02276e-05	147.755	173	0	2	0	1	
65	0.183769	0.3	1	131.018	169.26	-4.93755e-06	1.50112e-05	147.283	173	0	2	0	1	
65	0.184724	0.3	1	131.147	168.963	-6.70328e-06	2.24648e-05	146.815	173	0	2	0	1	
65	0.185678	0.3	1	131.274	168.669	-2.4248e-05	-6.19324e-06	146.351	173	0	2	0	1	
65	0.186633	0.3	1	131.401	168.376	-6.79048e-07	-1.04462e-05	145.889	173	0	2	0	1	
65	0.187588	0.3	1	131.526	168.084	3.4411e-05	-1.13124e-05	145.432	173	0	2	0	1	
65	0.188543	0.3	1	131.65	167.794	-1.54055e-05	-2.01436e-06	144.977	173	0	2	0	1	
65	0.189497	0.3	1	131.773	167.505	1.09677e-05	1.26361e-06	144.526	173	0	2	0	1	
65	0.190452	0.3	1	131.895	167.218	8.86409e-05	-8.73276e-06	144.079	173	0	2	0	1	
65	0.191407	0.3	1	132.016	166.932	-2.36419e-05	7.15388e-06	143.634	173	0	2	0	1	
65	0.192362	0.3	1	132.136	166.648	-5.32441e-06	1.91586e-05	143.193	173	0	2	0	1	
65	0.193317	0.3	1	132.255	166.365	-2.69937e-06	-6.39453e-06	142.755	173	0	2	0	1	
65	0.194271	0.3	1	132.372	166.083	7.35606e-05	1.76658e-05	142.321	173	0	2	0	1	
65	0.195226	0.3	1	132.489	165.803	9.52073e-07	1.80933e-06	141.889	173	0	2	0	1	
65	0.196181	0.3	1	132.605	165.524	-1.08869e-05	5.07587e-07	141.46	173	0	2	0	1	
65	0.197136	0.3	1	132.72	165.247	6.24676e-06	9.41758e-06	141.035	173	0	2	0	1	
65	0.19809	0.3	1	132.834	164.971	1.79107e-05	1.40855e-05	140.612	173	0	2	0	1	
65	0.199045	0.3	1	132.947	164.696	0.000103626	6.2614e-06	140.193	173	0	2	0	1	
65	0.2	0.3	1	133.059	164.422	1.14505e-05	-1.3068e-05	139.776	173	0	2	0	1	
