65	0.01	0.3	-3	0	0	0	0	0	173	1	2	0	1	
65	0.01095477386934673	0.3	-3	0	0	0	0	0	173	1	2	0	1	
65	0.01190954773869347	0.3	-3	0	0	0	0	0	173	1	2	0	1	
65	0.0128643216080402	0.3	-3	0	0	0	0	0	173	1	2	0	1	
65	0.01381909547738694	0.3	-3	0	0	0	0	0	173	1	2	0	1	
65	0.01477386934673367	0.3	-3	0	0	0	0	0	173	1	2	0	1	
65	0.0157286432160804	0.3	-3	0	0	0	0	0	173	1	2	0	1	
65	0.01668341708542714	0.3	-3	0	0	0	0	0	173	1	2	0	1	
65	0.01763819095477387	0.3	-3	0	0	0	0	0	173	1	2	0	1	
65	0.0185929648241206	0.3	-3	0	0	0	0	0	173	1	2	0	1	
65	0.01954773869346734	0.3	-3	0	0	0	0	0	173	1	2	0	1	
65	0.02050251256281407	0.3	-3	0	0	0	0	0	173	1	2	0	1	
65	0.02145728643216081	0.3	-3	0	0	0	0	0	173	1	2	0	1	
65	0.02241206030150754	0.3	-3	0	0	0	0	0	173	1	2	0	1	
65	0.02336683417085427	0.3	-2	0	0	0	0	0	173	1	2	0	1	
65	0.024321608040201	0.3	-3	0	0	0	0	0	173	1	2	0	1	
65	0.02527638190954774	0.3	-2	0	0	0	0	0	173	1	2	0	1	
65	0.02623115577889448	0.3	-3	0	0	0	0	0	173	1	2	0	1	
65	0.02718592964824121	0.3	-2	0	0	0	0	0	173	1	2	0	1	
65	0.02814070351758794	0.3	-3	0	0	0	0	0	173	1	2	0	1	
65	0.02909547738693467	0.3	-3	0	0	0	0	0	173	1	2	0	1	
65	0.03005025125628141	0.3	-3	0	0	0	0	0	173	1	2	0	1	
65	0.03100502512562815	0.3	-2	0	0	0	0	0	173	1	2	0	1	
65	0.03195979899497488	0.3	-2	0	0	0	0	0	173	1	2	0	1	
65	0.03291457286432161	0.3	-2	0	0	0	0	0	173	1	2	0	1	
65	0.03386934673366834	0.3	-2	0	0	0	0	0	173	1	2	0	1	
65	0.03482412060301508	0.3	-2	0	0	0	0	0	173	1	2	0	1	
65	0.03577889447236181	0.3	-2	0	0	0	0	0	173	1	2	0	1	
65	0.03673366834170855	0.3	-2	0	0	0	0	0	173	1	2	0	1	
65	0.03768844221105528	0.3	-2	0	0	0	0	0	173	1	2	0	1	
65	0.03864321608040201	0.3	-2	0	0	0	0	0	173	1	2	0	1	
65	0.03959798994974875	0.3	-2	0	0	0	0	0	173	1	2	0	1	
65	0.04055276381909548	0.3	-2	0	0	0	0	0	173	1	2	0	1	
65	0.04150753768844222	0.3	-2	0	0	0	0	0	173	1	2	0	1	
65	0.04246231155778895	0.3	-2	0	0	0	0	0	173	1	2	0	1	
65	0.04341708542713568	0.3	-2	0	0	0	0	0	173	1	2	0	1	
65	0.04437185929648241	0.3	-2	0	0	0	0	0	173	1	2	0	1	
65	0.04532663316582915	0.3	-2	0	0	0	0	0	173	1	2	0	1	
65	0.04628140703517589	0.3	-2	0	0	0	0	0	173	1	2	0	1	
65	0.04723618090452262	0.3	-2	0	0	0	0	0	173	1	2	0	1	
65	0.04819095477386935	0.3	1	33.19964337449825	-247.3253073656391	2.995910503202776e-06	2.261760220691189e-05	319.3720253415069	173	1	2	0	1	
65	0.04914572864321608	0.3	1	43.18483733114174	-246.6139126604511	-9.471672879783621e-06	9.612046620227632e-06	315.920450372855	173	1	2	0	1	
65	0.05010050251256282	0.3	1	49.55760298854622	-245.7640220909002	-7.746316869681438e-05	7.738887360830837e-06	312.5391581121159	173	1	2	0	1	
65	0.05105527638190955	0.3	1	54.46296907260367	-244.8483891084236	9.967761937318409e-06	-1.228361800567407e-05	309.2409906763194	173	1	2	0	1	
65	0.05201005025125629	0.3	1	58.51984491519968	-243.8976479628063	-8.490894757018363e-06	4.340429107491106e-06	306.0275246390737	173	1	2	0	1	
65	0.05296482412060302	0.3	1	62.01688520366474	-242.9255348081374	4.031108389390692e-05	-1.767284393738161e-05	302.8966850206613	173	1	2	0	1	
65	0.05391959798994975	0.3	1	65.09896176624108	-241.9440873621845	-1.770460497518833e-05	1.898341746141285e-05	299.8469601568502	173	1	2	0	1	
65	0.05487437185929649	0.3	1	67.86403683081811	-240.9588808961631	-1.236384590345453e-05	3.919330094144481e-05	296.8754506932669	173	1	2	0	1	
65	0.05582914572864322	0.3	1	70.37567017750418	-239.9743133285712	1.583889607483844e-05	5.164903743071214e-05	293.9794814060476	173	1	2	0	1	
65	0.05678391959798995	0.3	1	72.67885669165544	-238.9934907929366	9.961718734405062e-06	-2.527060514086969e-05	291.1562807018962	173	1	2	0	1	
65	0.05773869346733669	0.3	1	74.80683745086935	-238.0185897215608	2.192125273227374e-06	2.261861074769576e-06	288.4032039391317	173	1	2	0	1	
65	0.05869346733668342	0.3	1	76.78500155009402	-237.0512536512173	-6.239727680656948e-07	2.532371757901753e-05	285.7176112205685	173	1	2	0	1	
65	0.05964824120603016	0.3	1	78.63326539413974	-236.0926140872731	-1.613368233473189e-05	2.212011657839999e-05	283.0970348391271	173	1	2	0	1	
65	0.06060301507537689	0.3	1	80.36759753632167	-235.1436117683377	-2.868280033747868e-05	1.525926562555291e-05	280.5390489875533	173	1	2	0	1	
65	0.06155778894472362	0.3	1	81.99610861803396	-234.2077327497625	3.019293762967015e-06	-3.314163994551367e-06	278.0420405928381	173	1	2	0	1	
65	0.06251256281407035	0.3	1	83.54033095050238	-233.279208735216	-4.712507297943702e-06	9.144422954867736e-06	275.6022491185132	173	1	2	0	1	
65	0.06346733668341709	0.3	1	85.00343713892849	-232.3616926828971	1.577250914306522e-05	3.437998630827915e-05	273.2184746667258	173	1	2	0	1	
65	0.06442211055276383	0.3	1	86.39315075045437	231.4553493839216	3.867360206655235e-05	-3.591262006035628e-06	270.8886480053513	173	1	2	0	1	
65	0.06537688442211055	0.3	1	87.71824473263105	-230.5588496522841	-1.923460624975171e-05	2.498650839945216e-05	268.6105124684287	173	1	2	0	1	
65	0.06633165829145729	0.3	1	88.97975400880293	-229.6754134538406	-1.776286177968683e-05	-2.358336218769019e-06	266.3829648103483	173	1	2	0	1	
65	0.06728643216080402	0.3	1	90.18534952059758	-228.8032763007726	-2.631795139991467e-05	-1.488070670407904e-05	264.2038208809353	173	1	2	0	1	
65	0.06824120603015076	0.3	1	91.33943297882669	-227.9423859230133	-2.721374427883116e-05	5.661576324865122e-07	262.0714224376669	173	1	2	0	1	
65	0.0691959798994975	0.3	1	92.4458839997162	-227.0926502641177	-1.977219427307109e-05	-2.001250445675445e-05	259.984212087463	173	1	2	0	1	
65	0.07015075376884422	0.3	1	93.50385852002601	-226.2573991567304	3.547574531922917e-05	1.187017461858064e-05	257.9412914854429	173	1	2	0	1	
65	0.07110552763819096	0.3	1	94.52637679407772	-225.4286261580607	-8.284073611919786e-06	-1.91467848589498e-05	255.9396626093735	173	1	2	0	1	
65	0.07206030150753769	0.3	1	95.51222801381932	-224.6091557299685	3.658446966314788e-06	-1.175793986056203e-05	253.9785155043108	173	1	2	0	1	
65	0.07301507537688443	0.3	1	96.45932388172518	-223.8027172446496	-9.496628028647647e-06	-4.026178795035924e-06	252.0573468130077	173	1	2	0	1	
65	0.07396984924623115	0.3	1	97.37286880083496	-223.0066937078497	6.842727799202808e-06	-9.229511790498357e-06	250.1743158657941	173	1	2	0	1	
65	0.07492462311557789	0.3	1	98.25492022426563	-222.2209358669625	9.450762269436197e-06	-1.318271189529319e-06	248.3282907682357	173	1	2	0	1	
65	0.07587939698492462	0.3	1	99.10735246836373	-221.4452370012447	1.567750283728436e-05	-4.40105562722528e-06	246.5180711320039	173	1	2	0	1	
65	0.07683417085427136	0.3	1	99.93187849443549	-220.6794260703964	2.694429905469563e-05	9.082074616303254e-06	244.7425593858197	173	1	2	0	1	
65	0.07778894472361809	0.3	1	100.7300516240713	-219.9233230701909	8.248227590955393e-06	1.826181464170684e-05	243.0007112235239	173	1	2	0	1	
65	0.07874371859296482	0.3	1	101.5033383914151	-219.1767146525451	5.11320416640617e-06	9.869808757884688e-06	241.2915004022634	173	1	2	0	1	
65	0.07969849246231156	0.3	1	102.2530686096551	-218.4394220315576	-3.370192817275797e-05	-6.727356816369589e-06	239.61400597888	173	1	2	0	1	
65	0.08065326633165829	0.3	1	102.9804684408663	217.7112645061109	7.772293097174643e-06	-1.057504462221442e-05	237.96732955848	173	1	2	0	1	
65	0.08160804020100502	0.3	1	103.6866740958031	-216.9920352464162	4.318163406569209e-06	-2.377836066044109e-06	236.3506237859492	173	1	2	0	1	
65	0.08256281407035176	0.3	1	104.3727408620875	-216.2815743450066	-2.673136673347898e-05	8.322477008933064e-07	234.7631294309596	173	1	2	0	1	
65	0.08351758793969849	0.3	1	105.0396514093231	-215.5796911693474	-8.099202389089122e-05	4.508259581462171e-05	233.2041950914225	173	1	2	0	1	
65	0.08447236180904523	0.3	1	105.6883397471125	-214.8861577416498	-2.064009985003681e-05	2.010196624976316e-05	231.67341461611	173	1	2	0	1	
65	0.08542713567839195	0.3	1	106.3196374374972	214.2008397113396	-2.494734202150573e-05	-2.4196188453951e-06	230.1710632364656	173	1	2	0	1	
65	0.08638190954773869	0.3	1	106.934378179407	213.5235161424395	1.326779070725918e-05	-9.515521011582706e-06	228.7014347314569	173	1	2	0	1	
65	0.08733668341708542	0.3	1	107.5334645311753	212.8538345339849	1.608324588098231e-05	-1.200344327574945e-05	227.2560978220066	173	1	2	0	1	
65	0.08829145728643216	0.3	1	108.1171734885414	212.1920859254283	-2.042030009840072e-05	-1.653514687882662e-05	225.80082265001	173	1	2	0	1	
65	0.0892462311557789	0.3	1	108.6862327635622	211.538063782307	4.667469050770312e-06	-5.021567202589949e-05	224.3848486158123	173	1	2	0	1	
65	0.09020100502512562	0.3	1	109.241304360376	210.8915186962117	6.882796635965249e-06	-1.536638018218017e-06	222.9938577986294	173	1	2	0	1	
65	0.09115577889447236	0.3	1	109.7829801128194	210.2522984023431	1.729645849970433e-05	9.101619713906134e-06	221.6261543367732	173	1	2	0	1	
65	0.09211055276381909	0.3	1	110.3118104065186	209.6202290372415	1.895035733670645e-05	-2.312846673069302e-07	220.2807379975335	173	1	2	0	1	
65	0.09306532663316583	0.3	1	110.8283113652365	208.9952148088319	2.625528562338886e-06	-3.661162970725051e-05	218.9568148155623	173	1	2	0	1	
65	0.09402010050251257	0.3	1	111.3329687440328	208.3770325331512	-2.117062674395973e-05	5.812662622339815e-07	217.653747307558	173	1	2	0	1	
65	0.09497487437185929	0.3	1	111.8262407218293	207.7655956839768	1.609737061080309e-06	-1.016537632568797e-05	216.3709316666216	173	1	2	0	1	
65	0.09592964824120603	0.3	1	112.3085601642537	207.1607342248598	2.42339645956987e-05	1.94683128285074e-05	215.1078013925936	173	1	2	0	1	
65	0.09688442211055276	0.3	1	112.780336562665	206.5623403949173	-1.168603088427204e-05	2.231797783613931e-05	213.863829458808	173	1	2	0	1	
65	0.0978391959798995	0.3	1	113.2419577416577	205.9702699815136	-7.239661066282821e-05	-5.297571526577394e-06	212.6385650427235	173	1	2	0	1	
65	0.09879396984924622	0.3	1	113.6974239786306	205.3796642755422	1.952238203737494e-06	4.09489444689499e-05	211.4307575500924	173	1	2	0	1	
65	0.09974874371859296	0.3	1	114.1395894094988	204.8001147858567	-1.051105166249844e-05	1.625485772376728e-05	210.2415020210802	173	1	2	0	1	
65	0.1007035175879397	0.3	1	114.5694743251196	204.230762799051	8.527888571668862e-06	-8.399758696227277e-05	209.0701487362858	173	1	2	0	1	
65	0.1016582914572864	0.3	1	114.993967364823	203.6627682778639	5.953616952917087e-06	-3.791896871461814e-06	207.9150169136777	173	1	2	0	1	
65	0.1026130653266332	0.3	1	115.4099682276059	203.1004895665399	-1.466604192309866e-05	1.181832125028519e-05	206.776345458065	173	1	2	0	1	
65	0.1035678391959799	0.3	1	115.8177618829091	202.5438198186055	5.213602794158778e-06	-5.054211839496461e-06	205.6537751587408	173	1	2	0	1	
65	0.1045226130653266	0.3	1	116.2176205891037	201.9926601578699	7.783581395845451e-06	3.434417407355284e-06	204.5468856608189	173	1	2	0	1	
65	0.1054773869346734	0.3	1	116.6098039157073	201.4468930596177	9.941717567660963e-06	9.125833111869874e-06	203.4553527878421	173	1	2	0	1	
65	0.1064321608040201	0.3	1	116.9945595127143	200.9064185055767	9.25285634673786e-06	-3.014270734027157e-05	202.3787982351966	173	1	2	0	1	
65	0.1073869346733668	0.3	1	117.3721238236093	200.371136862651	-9.146178902913612e-06	-1.898969323560831e-05	201.3168829418928	173	1	2	0	1	
65	0.1083417085427136	0.3	1	117.7427227463969	199.8409681901373	-5.386714748575883e-06	8.977501725735901e-06	200.26927684512	173	1	2	0	1	
65	0.1092964824120603	0.3	1	118.1065722491613	199.3157714069185	-6.610640317872285e-06	-1.558333934155443e-05	199.2356318179847	173	1	2	0	1	
65	0.110251256281407	0.3	1	118.4638789309219	198.7954862311637	9.156190112497541e-06	-4.152064111466458e-06	198.21566607928	173	1	2	0	1	
65	0.1112060301507538	0.3	1	118.8148405494873	198.2800349607684	2.642296935554192e-05	2.070303522550693e-06	197.2090684706506	173	1	2	0	1	
65	0.1121608040201005	0.3	1	119.1596465178088	197.7692907073803	-1.240479875921777e-05	1.577320300635062e-05	196.2155457273382	173	1	2	0	1	
65	0.1131155778894472	0.3	1	119.4984783495993	197.2631915357894	1.17798028472782e-05	-9.717018867760885e-06	195.2348095858773	173	1	2	0	1	
65	0.114070351758794	0.3	1	119.8315100903644	196.7616571453711	3.938395723096511e-05	1.31276823672798e-06	194.2665940120512	173	1	2	0	1	
65	0.1150251256281407	0.3	1	120.158908716905	196.2645794049524	8.669701638341389e-06	1.13055298083713e-05	193.3106232143924	173	1	2	0	1	
65	0.1159798994974874	0.3	1	120.4808344993489	195.771898993334	-7.639994593355848e-06	1.333822768737015e-05	192.366625447957	173	1	2	0	1	
65	0.1169346733668342	0.3	1	120.7974413552034	195.2835221552022	2.153260195114637e-05	-2.434887802955227e-05	191.4343688479983	173	1	2	0	1	
65	0.1178894472361809	0.3	1	121.1088771660007	194.7994255517799	1.496888347515823e-05	6.642193732845232e-06	190.5135918758763	173	1	2	0	1	
65	0.1188442211055276	0.3	1	121.4152840880846	194.3194471523635	-4.546480587085122e-06	1.014190318005589e-05	189.6040885136858	173	1	2	0	1	
65	0.1197989949748744	0.3	1	121.7167988361373	193.8435845807783	2.660149700434156e-06	-8.272741427173052e-06	188.7055853161631	173	1	2	0	1	
65	0.1207537688442211	0.3	1	122.0135529485594	193.371747741984	-1.295955034656419e-05	-6.768076911147305e-06	187.8178789509543	173	1	2	0	1	
65	0.1217085427135678	0.3	1	122.3056730377117	192.9038474557232	2.436736496247427e-06	8.456771878551095e-06	186.9407796811687	173	1	2	0	1	
65	0.1226633165829146	0.3	1	122.5932810315976	192.4398370964426	-3.366134167220175e-07	-2.193360444836812e-05	186.0740372174729	173	1	2	0	1	
65	0.1236180904522613	0.3	1	122.8764943888563	191.9796516550761	-1.281679215625955e-05	-5.411004862176938e-06	185.2174212863006	173	1	2	0	1	
65	0.124572864321608	0.3	1	123.1554263158543	191.5232165414096	-9.092695962692465e-07	5.85274518530971e-06	184.3707624235087	173	1	2	0	1	
65	0.1255276381909548	0.3	1	123.4301859570299	191.0704709973525	1.211239142519249e-06	2.772440601538344e-05	183.5338970797178	173	1	2	0	1	
65	0.1264824120603015	0.3	1	123.7008785858786	190.6213703708853	1.787436879226514e-05	-2.669679386267665e-05	182.7065820797849	173	1	2	0	1	
65	0.1274371859296483	0.3	1	123.9676057796732	190.1758249949063	-9.464221750189001e-06	-1.599678994875127e-05	181.8886936413504	173	1	2	0	1	
65	0.128391959798995	0.3	1	124.2304655816126	189.7338135492673	2.230645475664872e-06	-5.299505260328297e-05	181.0799647358678	173	1	2	0	1	
65	0.1293467336683417	0.3	1	124.4895526658238	189.2952240409302	-4.483411927824754e-06	-3.406116457461809e-05	180.2803084471826	173	1	2	0	1	
65	0.1303015075376885	0.3	1	124.7449584738316	188.8600549206118	-1.756002621144948e-06	-3.177660391864932e-06	179.4894726978608	173	1	2	0	1	
65	0.1312562814070352	0.3	1	124.9967713660273	188.4282446875162	-1.583770122634624e-06	-4.701155565291128e-05	178.7073510285726	173	1	2	0	1	
65	0.1322110552763819	0.3	1	125.2450767515055	187.9997056596351	-1.525249242906312e-06	-3.991160510296091e-06	177.9337766099411	173	1	2	0	1	
65	0.1331658291457287	0.3	1	125.4899572005216	187.5744201474776	-3.482606286922107e-06	2.311019929249522e-06	177.1685619019022	173	1	2	0	1	
65	0.1341206030150754	0.3	1	125.7314925926722	187.152339763212	-6.169147128972513e-06	3.077041668661344e-06	176.4115705368561	173	1	2	0	1	
65	0.1350753768844221	0.3	1	125.969760197338	186.7333953127304	1.073350745911528e-05	-2.408678753450141e-05	175.6626626363478	173	1	2	0	1	
65	0.1360301507537689	0.3	1	126.2048348017919	186.3175383999625	-4.245136848598369e-06	-1.242454049345124e-05	174.9216695246005	173	1	2	0	1	
65	0.1369849246231156	0.3	1	126.4367888103656	185.9047387098379	1.648039422773306e-05	-2.631006618677051e-06	174.1884408744304	173	1	2	0	1	
65	0.1379396984924623	0.3	1	126.6656923173899	185.4949600232213	-2.779916138395677e-05	-1.378653752491521e-05	173.4628939049022	173	1	2	0	1	
65	0.1388944723618091	0.3	1	126.8916132487074	185.088148745542	2.325607883289088e-05	-2.440474284245468e-05	172.744829185538	173	1	2	0	1	
65	0.1398492462311558	0.3	1	127.1146173845584	184.6842345592206	-1.73587094858263e-05	3.418574529143715e-06	172.0341475876957	173	1	2	0	1	
65	0.1408040201005025	0.3	1	127.3347684828335	184.283223969215	-4.614304862413099e-06	3.325681821911286e-05	171.3307209955761	173	1	2	0	1	
65	0.1417587939698493	0.3	1	127.5521283792227	183.8850323297512	-2.096371572113398e-06	-3.215392992926558e-05	170.6344219228185	173	1	2	0	1	
65	0.142713567839196	0.3	1	127.7667570064383	183.4896613695824	-1.45777391447055e-06	-2.693377658902207e-06	169.9450840043592	173	1	2	0	1	
65	0.1436683417085427	0.3	1	127.9787124507129	183.0970964882291	7.904252278123636e-05	-1.420783707434215e-05	169.2626486159783	173	1	2	0	1	
65	0.1446231155778895	0.3	1	128.1880509489399	182.7072767858115	3.77401890422676e-05	3.879160811687959e-05	168.5869685570982	173	1	2	0	1	
65	0.1455778894472362	0.3	1	128.3948275780152	182.3199934836591	-4.535195603470876e-07	3.094836936905036e-05	167.9179449810774	173	1	2	0	1	
65	0.1465326633165829	0.3	1	128.5990955046838	181.9355863994817	9.763261731847439e-06	-4.932159930484854e-05	167.2554640161709	173	1	2	0	1	
65	0.1474874371859297	0.3	1	128.8009052431235	181.554430441641	-6.219484343741345e-06	-5.076891085903368e-05	166.5993759055585	173	1	2	0	1	
65	0.1484422110552764	0.3	1	129.0003120929829	181.1752553419135	1.147848902331223e-06	1.162646977528881e-05	165.9496190192855	173	1	2	0	1	
65	0.1493969849246231	0.3	1	129.1973559866111	180.796850572873	-8.635138984315702e-05	2.27429516100365e-05	165.3060760803447	173	1	2	0	1	
65	0.1503517587939699	0.3	1	129.3920855818747	180.4231238242496	-3.441876426379942e-05	-2.293950698709423e-05	164.6686676190395	173	1	2	0	1	
65	0.1513065326633166	0.3	1	129.5845467335454	180.0592362675864	-3.973842027257812e-06	-4.010865199069154e-05	164.0372450776611	173	1	2	0	1	
65	0.1522613065326633	0.3	1	129.7747720271926	179.6947860315858	-3.375654791428016e-05	-5.225821306135275e-06	163.4117567265489	173	1	2	0	1	
65	0.1532160804020101	0.3	1	129.9628319968955	179.3100272532169	1.318599878092144e-05	-1.305695704641868e-05	162.7920697051083	173	1	2	0	1	
65	0.1541708542713568	0.3	1	130.1487566750325	179.0056020067877	1.888993709131537e-05	6.121069320699779e-06	162.1781311826868	173	1	2	0	1	
65	0.1551256281407035	0.3	1	130.3325419781306	178.5785754421951	3.377152364217317e-06	-1.572532357013712e-05	161.5698267841135	173	1	2	0	1	
65	0.1560804020100503	0.3	1	130.5143512594334	178.2225352163511	4.501506348501827e-06	3.088943106632769e-06	160.9670564298994	173	1	2	0	1	
65	0.157035175879397	0.3	1	130.6941306189753	177.8715291864892	-6.295296337666123e-06	2.260404127034377e-05	160.3697445608229	173	1	2	0	1	
65	0.1579899497487437	0.3	1	130.8719321101667	177.5119718661014	-2.773353735426726e-05	-3.654635705598042e-06	159.77779925104	173	1	2	0	1	
65	0.1589447236180905	0.3	1	131.0478050482074	177.1523822562423	5.290267458234188e-06	-1.379680764537761e-06	159.1911594019833	173	1	2	0	1	
65	0.1598994974874372	0.3	1	131.2217822678198	176.7974745443755	-1.026142833460142e-05	-5.272297638417994e-06	158.6097115826601	173	1	2	0	1	
65	0.1608542713567839	0.3	1	131.3938988135649	176.4476037914993	-2.897548880800155e-06	-2.16540267475307e-06	158.0334061596554	173	1	2	0	1	
65	0.1618090452261307	0.3	1	131.5641816628718	176.1015870650211	2.066858681015749e-05	9.380469431857774e-06	157.4621305910167	173	1	2	0	1	
65	0.1627638190954774	0.3	1	131.7326700403029	175.7459863410066	-2.229619509930281e-05	-4.591588882191244e-05	156.8958534991932	173	1	2	0	1	
65	0.1637185929648241	0.3	1	131.8994038868114	175.406627851144	-3.838506884137893e-06	1.766488143628564e-05	156.3344461850959	173	1	2	0	1	
65	0.1646733668341709	0.3	1	132.058572339916	175.1117015671216	-3.961753513093136e-05	1.308729128614988e-05	155.7792686773693	173	1	2	0	1	
65	0.1656281407035176	0.3	1	132.2276667248967	174.6553557776333	2.24462924587332e-05	-6.457358386225548e-05	155.2260753874914	173	1	2	0	1	
65	0.1665829145728643	0.3	1	132.3838206503747	174.4026592052692	-5.931417700111297e-06	-9.912406276972076e-06	154.6802657919351	173	1	2	0	1	
65	0.1675376884422111	0.3	1	132.54928222264	174.0325465757525	1.838397521325419e-06	1.30414571534454e-05	154.1364162780893	173	1	2	0	1	
65	0.1684924623115578	0.3	1	132.7076308904415	173.730533813462	-5.638602684487903e-06	2.314531779543452e-05	153.5984504284223	173	1	2	0	1	
65	0.1694472361809045	0.3	1	132.8643876545339	173.3778596124619	-9.662011979655674e-06	-1.564207393303825e-05	153.0649619669005	173	1	2	0	1	
65	0.1704020100502513	0.3	1	133.0196078281298	173.0454619665303	-7.629466268238572e-05	6.867127567023595e-08	152.5358866586676	173	1	2	0	1	
65	0.171356783919598	0.3	1	133.1732900536553	172.7200974293087	1.242313372412651e-05	-4.812014463673187e-06	152.0111764284045	173	1	2	0	1	
65	0.1723115577889447	0.3	1	133.3254628725228	172.3916144725189	2.832139424013835e-05	-3.776894380490281e-05	151.4907536670701	173	1	2	0	1	
65	0.1732663316582915	0.3	1	133.4761564927202	172.0652805615022	-1.335281379473072e-05	7.174920816950883e-06	150.9745278857849	173	1	2	0	1	
65	0.1742211055276382	0.3	1	133.6253935383002	171.7416687271086	1.356006572291249e-05	1.815957429274206e-05	150.4624776560848	173	1	2	0	1	
65	0.175175879396985	0.3	1	133.7731976898206	171.4194985200449	-2.860840803162526e-05	5.293180545484777e-06	149.9545625217781	173	1	2	0	1	
65	0.1761306532663317	0.3	1	133.9195930942513	171.0989111448702	-2.003537462543468e-05	-2.068406628385664e-05	149.4506906631226	173	1	2	0	1	
65	0.1770854271356784	0.3	1	134.0646027706029	170.7801101728774	5.105902519657302e-06	-2.236314483963612e-05	148.9508020498523	173	1	2	0	1	
65	0.1780402010050252	0.3	1	134.2082497248046	170.4630348695203	-4.720559335633957e-07	2.038414107311589e-05	148.4548325256557	173	1	2	0	1	
65	0.1789949748743719	0.3	1	134.3505542374418	170.1475702216086	-2.303434911198033e-06	-9.053393923492969e-06	147.962785336001	173	1	2	0	1	
65	0.1799497487437186	0.3	1	134.4915400967602	169.8337498517832	1.403339764361258e-06	2.435533229605547e-05	147.4745643819005	173	1	2	0	1	
65	0.1809045226130653	0.3	1	134.6312267144879	169.521581256591	-6.495686543203996e-05	4.385974056449193e-06	146.9901018686223	173	1	2	0	1	
65	0.1818592964824121	0.3	1	134.7696347652604	169.2109734786249	-3.616888597812729e-05	7.376476921047703e-06	146.5093814529673	173	1	2	0	1	
65	0.1828140703517588	0.3	1	134.9067852330907	168.9019687607493	2.562397200425205e-05	1.306524225536016e-05	146.0323552057128	173	1	2	0	1	
65	0.1837688442211055	0.3	1	135.0426976925792	168.5945462962252	-1.824462537708751e-06	4.082280630957058e-05	145.558923815956	173	1	2	0	1	
65	0.1847236180904523	0.3	1	135.1773906251632	168.2886348145289	8.857704543785861e-06	2.863654840692714e-06	145.0890881207046	173	1	2	0	1	
65	0.185678391959799	0.3	1	135.310883238737	167.9842860516983	2.530273671876027e-05	-2.286062099664948e-05	144.622773746659	173	1	2	0	1	
65	0.1866331658291457	0.3	1	135.4431939521779	167.6814351505147	-6.33792923215859e-06	2.021928256357267e-05	144.1599562951796	173	1	2	0	1	
65	0.1875879396984925	0.3	1	135.574340736938	167.3800532609044	-4.904834412289283e-05	-5.499902324590977e-06	143.7005870647865	173	1	2	0	1	
65	0.1885427135678392	0.3	1	135.7043413039738	167.0801618317516	2.936079337323427e-05	-1.157801725257387e-05	143.2445834513904	173	1	2	0	1	
65	0.1894974874371859	0.3	1	135.8332128445755	166.7817602958304	3.070963154172546e-05	-6.554736224073654e-06	142.7919593557674	173	1	2	0	1	
65	0.1904522613065327	0.3	1	135.9609720624317	166.4848763260154	8.763777008508056e-06	-4.199586549402667e-06	142.342640541478	173	1	2	0	1	
65	0.1914070351758794	0.3	1	136.0876359546383	166.188944275376	-1.492796673506123e-05	1.23800670026597e-06	141.8965669258919	173	1	2	0	1	
65	0.1923618090452262	0.3	1	136.2132208806271	165.894858234451	-1.634923382232839e-05	-1.944373671496037e-05	141.4537319830742	173	1	2	0	1	
65	0.1933165829145729	0.3	1	136.3377408069327	165.6039110814981	-2.007882755061807e-06	1.272371561374108e-05	141.0140549618623	173	1	2	0	1	
65	0.1942713567839196	0.3	1	136.4612117107377	165.3104824435978	2.019690423654685e-05	2.220571673124117e-05	140.5775304650136	173	1	2	0	1	
65	0.1952261306532664	0.3	1	136.583657407323	165.0151535948367	-2.4171888350355e-05	-1.752748165537166e-06	140.1441133216971	173	1	2	0	1	
65	0.1961809045226131	0.3	1	136.7050827274951	164.7369503053588	3.6324891598008e-05	-2.560410621341158e-06	139.7137327730044	173	1	2	0	1	
65	0.1971356783919598	0.3	1	136.8233200624418	164.4730860431978	1.37874608595605e-06	2.896258964601821e-05	139.286952894445	173	1	2	0	1	
65	0.1980904522613066	0.3	1	136.9449117826649	164.1157907745732	1.788814824379981e-05	-3.50762235120719e-05	138.8620454651341	173	1	2	0	1	
65	0.1990452261306533	0.3	1	137.0613058704384	163.9629097746308	7.252373221190191e-06	1.913623332414072e-05	138.4411704398176	173	1	2	0	1	
65	0.2	0.3	1	137.1808680619114	163.5578192214161	-1.32694115136528e-05	9.213667175319434e-06	138.0221562614008	173	1	2	0	1	
