65	0.01	0.3	-3	0	0	0	0	0	173	0	2	0	1	
65	0.0119192	0.3	-3	0	0	0	0	0	173	0	2	0	1	
65	0.0138384	0.3	-3	0	0	0	0	0	173	0	2	0	1	
65	0.0157576	0.3	-3	0	0	0	0	0	173	0	2	0	1	
65	0.0176768	0.3	-3	0	0	0	0	0	173	0	2	0	1	
65	0.019596	0.3	-3	0	0	0	0	0	173	0	2	0	1	
65	0.0215152	0.3	-3	0	0	0	0	0	173	0	2	0	1	
65	0.0234343	0.3	-3	0	0	0	0	0	173	0	2	0	1	
65	0.0253535	0.3	-2	0	0	0	0	0	173	0	2	0	1	
65	0.0272727	0.3	-2	0	0	0	0	0	173	0	2	0	1	
65	0.0291919	0.3	-3	0	0	0	0	0	173	0	2	0	1	
65	0.0311111	0.3	-2	0	0	0	0	0	173	0	2	0	1	
65	0.0330303	0.3	-2	0	0	0	0	0	173	0	2	0	1	
65	0.0349495	0.3	-2	0	0	0	0	0	173	0	2	0	1	
65	0.0368687	0.3	-2	0	0	0	0	0	173	0	2	0	1	
65	0.0387879	0.3	-2	0	0	0	0	0	173	0	2	0	1	
65	0.0407071	0.3	-2	0	0	0	0	0	173	0	2	0	1	
65	0.0426263	0.3	-2	0	0	0	0	0	173	0	2	0	1	
65	0.0445455	0.3	-2	0	0	0	0	0	173	0	2	0	1	
65	0.0464646	0.3	-2	0	0	0	0	0	173	0	2	0	1	
65	0.0483838	0.3	1	34.6495	246.926	-1.75846e-05	-3.38615e-05	320.044	173	0	2	0	1	
65	0.050303	0.3	1	49.1742	245.18	5.64728e-06	1.701e-05	313.243	173	0	2	0	1	
65	0.0522222	0.3	1	57.6195	243.239	-5.01323e-05	3.30633e-06	306.763	173	0	2	0	1	
65	0.0541414	0.3	1	63.8913	241.247	1.79327e-05	1.64877e-05	300.612	173	0	2	0	1	
65	0.0560606	0.3	1	68.9466	239.256	-2.70505e-06	-1.80288e-05	294.771	173	0	2	0	1	
65	0.0579798	0.3	1	73.2027	237.29	2.07433e-05	5.85056e-06	289.219	173	0	2	0	1	
65	0.059899	0.3	1	76.8834	235.361	-1.77586e-05	2.76704e-06	283.935	173	0	2	0	1	
65	0.0618182	0.3	1	80.13	233.471	-6.36187e-06	-8.38745e-06	278.899	173	0	2	0	1	
65	0.0637374	0.3	1	83.0189	231.636	-2.88306e-05	2.10099e-06	274.096	173	0	2	0	1	
65	0.0656566	0.3	1	85.6351	229.841	-2.32831e-05	-1.97833e-05	269.505	173	0	2	0	1	
65	0.0675758	0.3	1	88.0135	228.095	1.30955e-05	2.1355e-05	265.115	173	0	2	0	1	
65	0.0694949	0.3	1	90.1932	-226.395	-1.18648e-05	1.79795e-05	260.91	173	0	2	0	1	
65	0.0714141	0.3	1	92.1993	224.744	7.97265e-06	-1.51818e-05	256.88	173	0	2	0	1	
65	0.0733333	0.3	1	94.0635	223.131	4.31637e-05	-9.01262e-06	253.011	173	0	2	0	1	
65	0.0752525	0.3	1	95.7951	221.564	1.953e-06	1.09166e-05	249.294	173	0	2	0	1	
65	0.0771717	0.3	1	97.4122	220.037	2.29875e-06	-7.90624e-06	245.72	173	0	2	0	1	
65	0.0790909	0.3	1	98.9274	218.55	-2.20616e-05	2.00419e-05	242.28	173	0	2	0	1	
65	0.0810101	0.3	1	100.352	217.1	5.60616e-06	1.41978e-05	238.966	173	0	2	0	1	
65	0.0829293	0.3	1	101.694	215.687	3.03717e-05	4.1502e-06	235.772	173	0	2	0	1	
65	0.0848485	0.3	1	102.962	214.308	1.82004e-05	6.59074e-05	232.691	173	0	2	0	1	
65	0.0867677	0.3	1	104.163	212.962	3.50783e-06	-2.30342e-06	229.746	173	0	2	0	1	
65	0.0886869	0.3	1	105.303	211.648	-3.87454e-07	-1.33712e-05	226.833	173	0	2	0	1	
65	0.0906061	0.3	1	106.386	210.365	7.48174e-05	4.09806e-05	224.036	173	0	2	0	1	
65	0.0925253	0.3	1	107.417	209.111	-4.35544e-05	2.11444e-05	221.331	173	0	2	0	1	
65	0.0944444	0.3	1	108.4	207.885	1.38562e-05	-2.13847e-05	218.711	173	0	2	0	1	
65	0.0963636	0.3	1	109.34	206.687	4.19097e-06	2.73928e-05	216.172	173	0	2	0	1	
65	0.0982828	0.3	1	110.238	205.514	-1.91554e-05	9.49217e-06	213.71	173	0	2	0	1	
65	0.100202	0.3	1	111.099	204.367	-5.80553e-07	8.45164e-06	211.32	173	0	2	0	1	
65	0.102121	0.3	1	111.925	203.243	8.16747e-05	2.13075e-05	208.999	173	0	2	0	1	
65	0.10404	0.3	1	112.717	202.142	1.03436e-05	-1.26361e-05	206.744	173	0	2	0	1	
65	0.10596	0.3	1	113.479	201.064	2.59363e-05	-4.88889e-05	204.552	173	0	2	0	1	
65	0.107879	0.3	1	114.212	200.006	-3.22869e-05	-1.88952e-05	202.419	173	0	2	0	1	
65	0.109798	0.3	1	114.919	198.97	-1.32357e-05	2.79916e-06	200.344	173	0	2	0	1	
65	0.111717	0.3	1	115.599	197.952	-3.96785e-06	-5.5133e-06	198.323	173	0	2	0	1	
65	0.113636	0.3	1	116.256	196.954	-4.1593e-05	-7.5781e-05	196.354	173	0	2	0	1	
65	0.115556	0.3	1	116.891	195.974	2.68721e-05	-9.51722e-06	194.435	173	0	2	0	1	
65	0.117475	0.3	1	117.504	195.012	-1.01923e-05	-4.7916e-06	192.563	173	0	2	0	1	
65	0.119394	0.3	1	118.098	194.066	-3.63006e-06	-1.66719e-05	190.738	173	0	2	0	1	
65	0.121313	0.3	1	118.672	193.137	-4.19713e-05	1.20042e-05	188.957	173	0	2	0	1	
65	0.123232	0.3	1	119.229	192.224	1.64809e-05	-1.39718e-06	187.218	173	0	2	0	1	
65	0.125152	0.3	1	119.768	191.326	4.99215e-06	-6.46195e-06	185.52	173	0	2	0	1	
65	0.127071	0.3	1	120.292	190.443	-1.04089e-05	2.7171e-05	183.86	173	0	2	0	1	
65	0.12899	0.3	1	120.8	189.575	1.20892e-05	-3.66353e-05	182.238	173	0	2	0	1	
65	0.130909	0.3	1	121.293	188.72	-4.22352e-05	-2.19955e-05	180.652	173	0	2	0	1	
65	0.132828	0.3	1	121.773	187.879	1.04976e-05	-5.02316e-08	179.101	173	0	2	0	1	
65	0.134747	0.3	1	122.239	187.05	3.68632e-05	9.9767e-06	177.584	173	0	2	0	1	
65	0.136667	0.3	1	122.692	186.235	2.16053e-05	1.61151e-05	176.099	173	0	2	0	1	
65	0.138586	0.3	1	123.134	185.431	-2.5849e-06	1.98665e-06	174.644	173	0	2	0	1	
65	0.140505	0.3	1	123.564	184.64	-1.5146e-05	1.16849e-05	173.22	173	0	2	0	1	
65	0.142424	0.3	1	123.983	183.86	-6.5659e-06	1.7564e-06	171.825	173	0	2	0	1	
65	0.144343	0.3	1	124.391	183.092	1.37256e-05	-2.03704e-05	170.458	173	0	2	0	1	
65	0.146263	0.3	1	124.79	182.334	-9.70956e-06	-3.91066e-06	169.118	173	0	2	0	1	
65	0.148182	0.3	1	125.178	181.588	2.08934e-05	-2.64486e-06	167.804	173	0	2	0	1	
65	0.150101	0.3	1	125.557	180.856	1.04856e-05	3.97433e-05	166.515	173	0	2	0	1	
65	0.15202	0.3	1	125.928	180.126	-2.16339e-05	2.63633e-07	165.251	173	0	2	0	1	
65	0.153939	0.3	1	126.289	179.403	-1.31698e-05	5.5124e-06	164.01	173	0	2	0	1	
65	0.155859	0.3	1	126.643	178.701	2.42838e-05	9.30479e-06	162.792	173	0	2	0	1	
65	0.157778	0.3	1	126.988	177.991	1.28369e-05	1.7578e-05	161.597	173	0	2	0	1	
65	0.159697	0.3	1	127.326	177.297	1.074e-05	-6.97856e-06	160.423	173	0	2	0	1	
65	0.161616	0.3	1	127.657	176.611	-8.24916e-06	1.25139e-05	159.27	173	0	2	0	1	
65	0.163535	0.3	1	127.98	175.934	1.96359e-05	3.56211e-05	158.137	173	0	2	0	1	
65	0.165455	0.3	1	128.297	175.266	9.92958e-05	2.38804e-05	157.024	173	0	2	0	1	
65	0.167374	0.3	1	128.607	174.605	-2.1667e-05	-1.83382e-05	155.929	173	0	2	0	1	
65	0.169293	0.3	1	128.911	173.952	3.59326e-06	-2.15007e-05	154.854	173	0	2	0	1	
65	0.171212	0.3	1	129.208	173.307	-5.80937e-06	1.80542e-05	153.796	173	0	2	0	1	
65	0.173131	0.3	1	129.5	172.669	-2.5362e-05	1.08575e-05	152.756	173	0	2	0	1	
65	0.175051	0.3	1	129.786	172.039	-1.97197e-06	-2.84648e-05	151.732	173	0	2	0	1	
65	0.17697	0.3	1	130.066	171.415	-5.49595e-06	-9.87248e-06	150.725	173	0	2	0	1	
65	0.178889	0.3	1	130.342	170.799	1.7907e-06	-3.92964e-05	149.734	173	0	2	0	1	
65	0.180808	0.3	1	130.611	170.189	3.57664e-05	-3.43598e-05	148.759	173	0	2	0	1	
65	0.182727	0.3	1	130.876	169.585	-3.04619e-05	-3.69333e-05	147.799	173	0	2	0	1	
65	0.184646	0.3	1	131.136	168.988	-1.09932e-05	-3.33234e-06	146.853	173	0	2	0	1	
65	0.186566	0.3	1	131.392	168.397	-1.22399e-06	-8.17612e-06	145.922	173	0	2	0	1	
65	0.188485	0.3	1	131.642	167.812	-2.79276e-05	1.07745e-05	145.005	173	0	2	0	1	
65	0.190404	0.3	1	131.889	167.233	1.45933e-05	1.9899e-05	144.102	173	0	2	0	1	
65	0.192323	0.3	1	132.131	166.66	-1.88399e-05	4.06634e-05	143.211	173	0	2	0	1	
65	0.194242	0.3	1	132.369	166.092	-1.91979e-05	8.62997e-06	142.334	173	0	2	0	1	
65	0.196162	0.3	1	132.602	165.531	-8.0528e-07	8.8804e-07	141.469	173	0	2	0	1	
65	0.198081	0.3	1	132.832	164.974	-2.84777e-05	1.52964e-05	140.617	173	0	2	0	1	
65	0.2	0.3	1	133.058	164.423	-4.24257e-05	-2.92565e-06	139.777	173	0	2	0	1	
