65	0.1	0.1	1	156.81	52.0129	-1.64574e-05	1.67919e-05	3.68356e-06	173	0	1	0	1	
65	0.1	0.101508	1	156.798	52.0102	7.51945e-07	-1.78251e-05	-1.0345e-05	173	0	1	0	1	
65	0.1	0.103015	1	156.787	52.0078	-1.92085e-07	-6.97228e-06	1.0971e-05	173	0	1	0	1	
65	0.1	0.104523	1	156.775	52.0053	8.2541e-06	-9.578e-06	-2.65193e-06	173	0	1	0	1	
65	0.1	0.10603	1	156.763	52.0029	-1.3728e-06	1.57998e-05	3.95915e-06	173	0	1	0	1	
65	0.1	0.107538	1	156.751	52.0007	-7.33521e-06	-7.54187e-06	-8.01971e-06	173	0	1	0	1	
65	0.1	0.109045	1	156.738	51.9987	8.45626e-07	-3.87473e-06	-1.04365e-05	173	0	1	0	1	
65	0.1	0.110553	1	156.726	51.9967	9.9675e-06	-7.45269e-06	5.86843e-06	173	0	1	0	1	
65	0.1	0.11206	1	156.714	51.9949	-3.94057e-06	-7.78958e-06	3.43111e-06	173	0	1	0	1	
65	0.1	0.113568	1	156.701	51.9933	1.09209e-05	5.86951e-06	1.88325e-05	173	0	1	0	1	
65	0.1	0.115075	1	156.689	51.9919	9.09558e-06	-9.89134e-06	3.49218e-06	173	0	1	0	1	
65	0.1	0.116583	1	156.676	51.9904	1.82995e-05	-5.32251e-06	-2.53759e-05	173	0	1	0	1	
65	0.1	0.11809	1	156.664	51.9893	-7.77317e-06	-2.07449e-05	8.17356e-06	173	0	1	0	1	
65	0.1	0.119598	1	156.651	51.9882	4.36413e-06	1.25076e-05	6.1931e-06	173	0	1	0	1	
65	0.1	0.121106	1	156.638	51.9874	2.4206e-05	-1.97418e-05	3.66552e-06	173	0	1	0	1	
65	0.1	0.122613	1	156.625	51.9867	6.69404e-07	6.38903e-06	-1.14809e-05	173	0	1	0	1	
65	0.1	0.124121	1	156.612	51.9861	-7.3877e-06	5.93303e-06	-1.5603e-05	173	0	1	0	1	
65	0.1	0.125628	1	156.599	51.9856	-8.84025e-06	-4.39359e-06	-9.79698e-06	173	0	1	0	1	
65	0.1	0.127136	1	156.586	51.9855	2.81618e-06	1.06263e-05	7.38989e-06	173	0	1	0	1	
65	0.1	0.128643	1	156.572	51.9852	1.0446e-05	-1.93655e-08	-1.76849e-05	173	0	1	0	1	
65	0.1	0.130151	1	156.559	51.9852	-1.0266e-05	9.58812e-06	-4.90059e-06	173	0	1	0	1	
65	0.1	0.131658	1	156.546	51.9852	5.92584e-06	-2.29477e-05	-5.8698e-06	173	0	1	0	1	
65	0.1	0.133166	1	156.532	51.985	1.10808e-05	-3.92138e-06	-1.03109e-05	173	0	1	0	1	
65	0.1	0.134673	1	156.518	51.9846	-7.73682e-06	2.00961e-05	-1.06407e-05	173	0	1	0	1	
65	0.1	0.136181	1	156.505	51.9835	-6.51249e-06	-2.55559e-05	-1.16134e-06	173	0	1	0	1	
65	0.1	0.137688	1	156.491	51.9807	-1.00989e-05	-1.92678e-06	-7.37344e-06	173	0	1	0	1	
65	0.1	0.139196	1	156.477	51.9727	5.22236e-06	1.67355e-06	-1.21688e-05	173	0	1	0	1	
65	0.1	0.140704	1	156.464	51.9573	-6.48507e-06	-1.38515e-05	-7.72463e-06	173	0	1	0	1	
65	0.1	0.142211	1	156.45	51.9646	1.1418e-05	-2.31687e-05	1.5757e-05	173	0	1	0	1	
65	0.1	0.143719	1	156.435	51.9889	-1.44292e-05	1.57627e-05	-8.05135e-06	173	0	1	0	1	
65	0.1	0.145226	1	156.42	52.0442	2.4567e-05	6.85897e-06	-1.09684e-05	173	0	1	0	1	
65	0.1	0.146734	1	156.403	52.0962	-2.22635e-05	-9.08217e-06	1.34442e-05	173	0	1	0	1	
65	0.1	0.148241	1	156.387	52.0695	-1.26749e-05	-5.59978e-06	-3.23102e-05	173	0	1	0	1	
65	0.1	0.149749	1	156.372	52.0665	-1.9794e-05	-5.36479e-06	-1.35458e-05	173	0	1	0	1	
65	0.1	0.151256	1	156.356	52.0692	-1.74879e-05	-2.06266e-05	1.39908e-05	173	0	1	0	1	
65	0.1	0.152764	1	156.339	52.0747	1.11492e-05	-1.36447e-06	2.10656e-05	173	0	1	0	1	
65	0.1	0.154271	1	156.323	52.0822	6.54544e-06	-1.62829e-05	7.18837e-06	173	0	1	0	1	
65	0.1	0.155779	1	156.306	52.0912	-5.96903e-06	1.04591e-06	1.96684e-05	173	0	1	0	1	
65	0.1	0.157286	1	156.289	52.1018	1.16999e-05	-6.96422e-06	1.18752e-05	173	0	1	0	1	
65	0.1	0.158794	1	156.272	52.1138	3.69035e-06	5.53271e-06	3.99957e-06	173	0	1	0	1	
65	0.1	0.160302	1	156.255	52.1274	-1.27941e-05	-7.07644e-06	2.05059e-06	173	0	1	0	1	
65	0.1	0.161809	1	156.237	52.1426	6.48391e-06	1.75796e-05	2.12045e-05	173	0	1	0	1	
65	0.1	0.163317	1	156.219	52.1597	8.80743e-06	1.15985e-05	1.91649e-05	173	0	1	0	1	
65	0.1	0.164824	1	156.201	52.1789	-1.02261e-05	8.86514e-06	-1.39786e-05	173	0	1	0	1	
65	0.1	0.166332	1	156.182	52.2004	1.1357e-06	5.61889e-07	-1.15335e-05	173	0	1	0	1	
65	0.1	0.167839	1	156.163	52.2246	1.27761e-05	-3.01938e-06	-5.56362e-05	173	0	1	0	1	
65	0.1	0.169347	1	156.144	52.252	-1.67269e-05	1.13419e-05	-3.16386e-05	173	0	1	0	1	
65	0.1	0.170854	1	156.124	52.283	2.45068e-05	7.42708e-06	-1.71706e-05	173	0	1	0	1	
65	0.1	0.172362	1	156.103	52.3185	-9.15625e-06	-5.52375e-06	-3.80552e-05	173	0	1	0	1	
65	0.1	0.173869	1	156.082	52.3594	5.09253e-07	-1.76428e-05	3.65707e-05	173	0	1	0	1	
65	0.1	0.175377	1	156.055	52.5271	-3.43109e-05	1.19068e-05	3.94856e-05	173	0	1	0	1	
65	0.1	0.176884	1	156.035	52.5218	1.09037e-05	4.45071e-06	11.9755	173	0	1	0	1	
65	0.1	0.178392	1	155.953	53.9969	3.2325e-05	1.64597e-05	26.8719	173	0	1	0	1	
65	0.1	0.179899	1	155.803	56.7652	4.54063e-06	6.2299e-06	35.7205	173	0	1	0	1	
65	0.1	0.181407	1	155.6	60.1124	-2.71183e-05	-2.23118e-06	42.6468	173	0	1	0	1	
65	0.1	0.182915	1	155.357	63.6306	3.49556e-05	-3.86048e-06	48.5312	173	0	1	0	1	
65	0.1	0.184422	1	155.075	67.256	2.46898e-05	7.99136e-06	53.7477	173	0	1	0	1	
65	0.1	0.18593	1	154.781	70.6281	-2.69104e-05	6.40919e-07	58.4672	173	0	1	0	1	
65	0.1	0.187437	1	154.466	73.9187	6.20406e-05	1.57811e-05	62.8239	173	0	1	0	1	
65	0.1	0.188945	1	154.134	77.1085	4.02018e-05	8.11203e-06	66.8999	173	0	1	0	1	
65	0.1	0.190452	1	153.787	80.1947	-3.80947e-05	9.23619e-06	70.7897	173	0	1	0	1	
65	0.1	0.19196	1	153.427	83.1818	3.21443e-06	1.2796e-05	74.3415	173	0	1	0	1	
65	0.1	0.193467	1	153.057	86.062	-1.3879e-05	1.42914e-05	77.7012	173	0	1	0	1	
65	0.1	0.194975	1	152.678	88.8481	2.91268e-05	1.53043e-05	80.9469	173	0	1	0	1	
65	0.1	0.196482	1	152.29	91.5484	1.57119e-05	-2.42469e-05	84.0745	173	0	1	0	1	
65	0.1	0.19799	1	151.894	94.1696	-6.29945e-06	1.7503e-05	87.093	173	0	1	0	1	
65	0.1	0.199497	1	151.49	96.7179	-4.26509e-05	-3.62088e-06	90.0124	173	0	1	0	1	
65	0.1	0.201005	1	151.08	99.1986	-1.29858e-07	5.26694e-06	92.8416	173	0	1	0	1	
65	0.1	0.202513	1	150.662	101.616	-1.79971e-05	-8.68592e-06	95.5887	173	0	1	0	1	
65	0.1	0.20402	1	150.239	103.976	-6.0803e-05	-1.86672e-05	98.2606	173	0	1	0	1	
65	0.1	0.205528	1	149.809	106.281	4.0207e-05	-2.26532e-05	100.863	173	0	1	0	1	
65	0.1	0.207035	1	149.374	108.535	5.33181e-05	9.65985e-06	103.402	173	0	1	0	1	
65	0.1	0.208543	1	148.933	110.741	-4.80854e-05	-2.48759e-05	105.883	173	0	1	0	1	
65	0.1	0.21005	1	148.486	112.902	-5.30486e-05	-2.20317e-05	108.308	173	0	1	0	1	
65	0.1	0.211558	1	148.034	115.021	-3.2529e-05	-1.53713e-05	110.682	173	0	1	0	1	
65	0.1	0.213065	1	147.577	117.1	-1.66627e-05	-3.1282e-06	113.009	173	0	1	0	1	
65	0.1	0.214573	1	147.115	119.141	-1.75934e-05	8.78183e-06	115.291	173	0	1	0	1	
65	0.1	0.21608	1	146.647	121.147	-4.13595e-05	1.47095e-05	117.531	173	0	1	0	1	
65	0.1	0.217588	1	146.175	123.119	-1.999e-05	-5.13338e-06	119.732	173	0	1	0	1	
65	0.1	0.219095	1	145.698	125.059	-4.14117e-05	5.5055e-06	121.895	173	0	1	0	1	
65	0.1	0.220603	1	145.216	126.969	-4.90026e-07	5.65875e-06	124.023	173	0	1	0	1	
65	0.1	0.222111	1	144.729	128.851	-4.25139e-06	-1.95931e-05	126.117	173	0	1	0	1	
65	0.1	0.223618	1	144.238	130.706	4.86293e-05	-2.20629e-05	128.18	173	0	1	0	1	
65	0.1	0.225126	1	143.741	132.536	2.83748e-05	7.37954e-06	130.213	173	0	1	0	1	
65	0.1	0.226633	1	143.24	134.343	5.5366e-06	-1.84538e-05	132.217	173	0	1	0	1	
65	0.1	0.228141	1	142.735	136.129	1.73289e-06	1.4983e-05	134.194	173	0	1	0	1	
65	0.1	0.229648	1	142.224	137.899	-1.73806e-05	-2.69023e-06	136.145	173	0	1	0	1	
65	0.1	0.231156	1	141.71	139.66	-2.41862e-06	-1.56848e-07	138.07	173	0	1	0	1	
65	0.1	0.232663	1	141.191	141.44	-9.57634e-06	1.96109e-05	139.972	173	0	1	0	1	
65	0.1	0.234171	1	140.668	143.249	1.52918e-05	2.83648e-05	141.85	173	0	1	0	1	
65	0.1	0.235678	1	140.14	144.701	-2.12838e-05	-1.95984e-06	143.707	173	0	1	0	1	
65	0.1	0.237186	1	139.605	146.255	-2.19365e-05	-5.2978e-06	145.543	173	0	1	0	1	
65	0.1	0.238693	1	139.066	147.822	1.78473e-05	-4.43991e-05	147.359	173	0	1	0	1	
65	0.1	0.240201	1	138.521	149.385	-2.13606e-05	-2.6648e-06	149.155	173	0	1	0	1	
65	0.1	0.241709	1	137.97	150.94	-3.81996e-06	3.4259e-05	150.933	173	0	1	0	1	
65	0.1	0.243216	1	137.415	152.483	7.64926e-05	1.79544e-05	152.693	173	0	1	0	1	
65	0.1	0.244724	1	136.854	154.014	2.48563e-05	-2.82266e-05	154.435	173	0	1	0	1	
65	0.1	0.246231	1	136.288	155.532	9.37717e-06	2.94971e-05	156.161	173	0	1	0	1	
65	0.1	0.247739	1	135.717	157.037	1.49248e-05	4.78806e-05	157.87	173	0	1	0	1	
65	0.1	0.249246	1	135.14	158.53	3.76241e-06	-1.34437e-05	159.563	173	0	1	0	1	
65	0.1	0.250754	1	134.558	160.009	1.5939e-05	-3.75265e-06	161.242	173	0	1	0	1	
65	0.1	0.252261	1	133.971	161.475	-4.04518e-06	3.05075e-06	162.905	173	0	1	0	1	
65	0.1	0.253769	1	133.378	162.93	2.91292e-05	1.88534e-05	164.554	173	0	1	0	1	
65	0.1	0.255276	1	132.78	164.373	-1.41384e-05	-1.25702e-05	166.189	173	0	1	0	1	
65	0.1	0.256784	1	132.176	165.807	3.35156e-05	-2.13253e-05	167.811	173	0	1	0	1	
65	0.1	0.258291	1	131.566	167.227	1.73485e-05	7.66892e-06	169.419	173	0	1	0	1	
65	0.1	0.259799	1	130.95	168.617	8.8632e-06	-8.92257e-06	171.015	173	0	1	0	1	
65	0.1	0.261307	1	130.329	170.002	3.62475e-05	2.60154e-05	172.598	173	0	1	0	1	
65	0.1	0.262814	1	129.701	171.378	3.24448e-06	-1.11075e-06	174.169	173	0	1	0	1	
65	0.1	0.264322	1	129.068	172.743	-2.16944e-05	2.48109e-06	175.729	173	0	1	0	1	
65	0.1	0.265829	1	128.428	174.098	-1.47528e-05	4.2377e-05	177.277	173	0	1	0	1	
65	0.1	0.267337	1	127.782	175.442	-9.1747e-06	1.46213e-05	178.814	173	0	1	0	1	
65	0.1	0.268844	1	127.13	176.776	-6.7322e-06	4.38715e-06	180.34	173	0	1	0	1	
65	0.1	0.270352	1	126.471	178.099	2.16957e-05	-2.41546e-05	181.855	173	0	1	0	1	
65	0.1	0.271859	1	125.805	179.412	3.04218e-05	5.32323e-06	183.36	173	0	1	0	1	
65	0.1	0.273367	1	125.133	180.716	1.09988e-05	-1.71882e-05	184.855	173	0	1	0	1	
65	0.1	0.274874	1	124.454	182.009	-2.45561e-05	1.67742e-05	186.34	173	0	1	0	1	
65	0.1	0.276382	1	123.767	183.292	-7.51663e-06	3.01065e-06	187.815	173	0	1	0	1	
65	0.1	0.277889	1	123.074	184.566	2.01842e-05	1.3055e-05	189.281	173	0	1	0	1	
65	0.1	0.279397	1	122.373	185.831	1.05917e-06	-2.21287e-05	190.737	173	0	1	0	1	
65	0.1	0.280905	1	121.665	187.086	2.32459e-06	2.2517e-05	192.185	173	0	1	0	1	
65	0.1	0.282412	1	120.949	188.333	5.05751e-06	2.65864e-05	193.624	173	0	1	0	1	
65	0.1	0.28392	1	120.225	189.57	2.37239e-06	-2.7582e-06	195.054	173	0	1	0	1	
65	0.1	0.285427	1	119.494	190.798	1.69176e-05	1.961e-07	196.475	173	0	1	0	1	
65	0.1	0.286935	1	118.754	192.018	-8.46731e-05	-1.30462e-05	197.888	173	0	1	0	1	
65	0.1	0.288442	1	118.005	193.229	1.12105e-05	-8.02553e-06	199.293	173	0	1	0	1	
65	0.1	0.28995	1	117.248	194.431	-8.10151e-05	7.20817e-06	200.691	173	0	1	0	1	
65	0.1	0.291457	1	116.482	195.625	3.7876e-06	-2.48168e-06	202.08	173	0	1	0	1	
65	0.1	0.292965	1	115.707	196.811	-4.21157e-07	1.40624e-06	203.461	173	0	1	0	1	
65	0.1	0.294472	1	114.923	197.989	-3.03379e-07	1.81058e-05	204.835	173	0	1	0	1	
65	0.1	0.29598	1	114.129	199.158	5.71921e-06	9.06893e-06	206.202	173	0	1	0	1	
65	0.1	0.297487	1	113.326	200.319	-7.78043e-06	4.44104e-06	207.561	173	0	1	0	1	
65	0.1	0.298995	1	112.512	201.473	7.03849e-06	8.04016e-06	208.913	173	0	1	0	1	
65	0.1	0.300503	1	111.688	202.618	1.28144e-05	-3.53133e-06	210.258	173	0	1	0	1	
65	0.1	0.30201	1	110.858	203.749	-5.29714e-06	7.15871e-06	211.595	173	0	1	0	1	
65	0.1	0.303518	1	110.006	204.886	-1.39757e-05	-1.8844e-05	212.928	173	0	1	0	1	
65	0.1	0.305025	1	109.149	206.008	1.34018e-05	1.69578e-05	214.253	173	0	1	0	1	
65	0.1	0.306533	1	108.28	207.123	-5.85214e-07	-1.79749e-05	215.571	173	0	1	0	1	
65	0.1	0.30804	1	107.398	208.23	1.85939e-05	1.60386e-05	216.883	173	0	1	0	1	
65	0.1	0.309548	1	106.504	209.329	-2.81724e-05	-5.01749e-06	218.189	173	0	1	0	1	
65	0.1	0.311055	1	105.596	210.421	-4.77302e-06	-3.1168e-06	219.489	173	0	1	0	1	
65	0.1	0.312563	1	104.676	211.506	-1.70941e-05	1.44678e-06	220.784	173	0	1	0	1	
65	0.1	0.31407	1	103.741	212.583	7.13815e-06	-6.51853e-07	222.075	173	0	1	0	1	
65	0.1	0.315578	1	102.791	213.653	-4.70641e-06	1.93893e-05	223.373	173	0	1	0	1	
65	0.1	0.317085	1	101.826	214.715	-7.00832e-06	-1.28421e-05	224.63	173	0	1	0	1	
65	0.1	0.318593	1	100.846	215.77	6.18209e-06	8.48743e-06	225.886	173	0	1	0	1	
65	0.1	0.320101	1	99.8492	216.817	1.05415e-05	6.97285e-06	227.141	173	0	1	0	1	
65	0.1	0.321608	1	98.8356	217.857	-1.15227e-05	-7.25347e-06	228.392	173	0	1	0	1	
65	0.1	0.323116	1	97.8042	218.889	2.09463e-05	-8.67402e-06	229.639	173	0	1	0	1	
65	0.1	0.324623	1	96.7541	219.913	-3.77888e-05	1.13253e-05	230.88	173	0	1	0	1	
65	0.1	0.326131	1	95.6845	220.93	2.90259e-05	7.34787e-06	232.117	173	0	1	0	1	
65	0.1	0.327638	1	94.5944	221.939	2.73135e-05	-9.7228e-07	233.348	173	0	1	0	1	
65	0.1	0.329146	1	93.4828	222.941	-4.72861e-05	1.19427e-06	234.574	173	0	1	0	1	
65	0.1	0.330653	1	92.3486	223.935	-2.07568e-05	1.89256e-06	235.795	173	0	1	0	1	
65	0.1	0.332161	1	91.1904	224.921	-1.59218e-05	2.98302e-07	237.011	173	0	1	0	1	
65	0.1	0.333668	1	90.0036	225.902	2.706e-05	-1.6505e-05	238.222	173	0	1	0	1	
65	0.1	0.335176	1	88.792	226.873	-6.90052e-06	1.58716e-05	239.428	173	0	1	0	1	
65	0.1	0.336683	1	87.5582	227.832	1.68711e-05	-1.30068e-05	240.628	173	0	1	0	1	
65	0.1	0.338191	1	86.2894	228.786	-3.50906e-05	2.45699e-05	241.823	173	0	1	0	1	
65	0.1	0.339698	1	84.9884	229.731	1.22162e-06	1.88363e-05	243.013	173	0	1	0	1	
65	0.1	0.341206	1	83.6528	230.668	-1.91002e-05	1.43819e-05	244.198	173	0	1	0	1	
65	0.1	0.342714	1	82.2802	231.597	-2.79144e-06	-7.19276e-06	245.379	173	0	1	0	1	
65	0.1	0.344221	1	80.8677	232.516	3.98551e-05	4.24903e-06	246.554	173	0	1	0	1	
65	0.1	0.345729	1	79.412	233.426	-1.07244e-05	-1.43859e-05	247.724	173	0	1	0	1	
65	0.1	0.347236	1	77.9067	234.328	7.90544e-06	3.19846e-06	248.89	173	0	1	0	1	
65	0.1	0.348744	1	76.3525	235.218	-5.24811e-05	3.55991e-06	250.05	173	0	1	0	1	
65	0.1	0.350251	1	74.7421	236.099	2.4149e-06	-2.50489e-05	251.205	173	0	1	0	1	
65	0.1	0.351759	1	73.0696	236.968	3.31434e-05	-6.21048e-06	252.356	173	0	1	0	1	
65	0.1	0.353266	1	71.3282	237.826	-3.32422e-05	3.10016e-06	253.501	173	0	1	0	1	
65	0.1	0.354774	1	69.5095	238.672	-7.63291e-07	1.14627e-05	254.641	173	0	1	0	1	
65	0.1	0.356281	1	67.6033	239.505	-3.14933e-06	-1.66445e-05	255.777	173	0	1	0	1	
65	0.1	0.357789	1	65.5971	240.325	-2.85267e-05	-8.74778e-06	256.907	173	0	1	0	1	
65	0.1	0.359296	1	63.4764	241.129	-2.65826e-05	2.95344e-06	258.032	173	0	1	0	1	
65	0.1	0.360804	1	61.2168	241.919	2.10436e-07	1.61586e-05	259.152	173	0	1	0	1	
65	0.1	0.362312	1	58.7933	242.691	-3.58227e-05	6.26353e-06	260.266	173	0	1	0	1	
65	0.1	0.363819	1	56.1686	243.443	-5.57727e-06	4.4756e-06	261.375	173	0	1	0	1	
65	0.1	0.365327	1	53.2889	244.174	1.17673e-05	9.03073e-06	262.478	173	0	1	0	1	
65	0.1	0.366834	1	50.0726	244.878	3.90987e-05	-1.80818e-06	263.575	173	0	1	0	1	
65	0.1	0.368342	1	46.3842	245.552	-2.23913e-06	7.91354e-06	264.665	173	0	1	0	1	
65	0.1	0.369849	1	41.9699	246.187	-1.63098e-05	1.06348e-05	265.748	173	0	1	0	1	
65	0.1	0.371357	1	36.2393	246.77	9.97966e-06	1.97063e-06	266.819	173	0	1	0	1	
65	0.1	0.372864	1	26.9248	247.272	-1.12323e-05	-7.19011e-06	267.869	173	0	1	0	1	
65	0.1	0.374372	-2	0	0	0	0	0	173	0	1	0	1	
65	0.1	0.375879	-2	0	0	0	0	0	173	0	1	0	1	
65	0.1	0.377387	-2	0	0	0	0	0	173	0	1	0	1	
65	0.1	0.378894	-2	0	0	0	0	0	173	0	1	0	1	
65	0.1	0.380402	-2	0	0	0	0	0	173	0	1	0	1	
65	0.1	0.38191	-2	0	0	0	0	0	173	0	1	0	1	
65	0.1	0.383417	-2	0	0	0	0	0	173	0	1	0	1	
65	0.1	0.384925	-2	0	0	0	0	0	173	0	1	0	1	
65	0.1	0.386432	-2	0	0	0	0	0	173	0	1	0	1	
65	0.1	0.38794	-2	0	0	0	0	0	173	0	1	0	1	
65	0.1	0.389447	-2	0	0	0	0	0	173	0	1	0	1	
65	0.1	0.390955	-2	0	0	0	0	0	173	0	1	0	1	
65	0.1	0.392462	-2	0	0	0	0	0	173	0	1	0	1	
65	0.1	0.39397	-2	0	0	0	0	0	173	0	1	0	1	
65	0.1	0.395477	-2	0	0	0	0	0	173	0	1	0	1	
65	0.1	0.396985	-2	0	0	0	0	0	173	0	1	0	1	
65	0.1	0.398492	-2	0	0	0	0	0	173	0	1	0	1	
65	0.1	0.4	-2	0	0	0	0	0	173	0	1	0	1	
