65	0.01	0.3	-3	0	0	0	0	0	173	3	2	0	1	
65	0.0119192	0.3	-3	0	0	0	0	0	173	3	2	0	1	
65	0.0138384	0.3	-3	0	0	0	0	0	173	3	2	0	1	
65	0.0157576	0.3	-3	0	0	0	0	0	173	3	2	0	1	
65	0.0176768	0.3	-3	0	0	0	0	0	173	3	2	0	1	
65	0.019596	0.3	-3	0	0	0	0	0	173	3	2	0	1	
65	0.0215152	0.3	-3	0	0	0	0	0	173	3	2	0	1	
65	0.0234343	0.3	-3	0	0	0	0	0	173	3	2	0	1	
65	0.0253535	0.3	-2	0	0	0	0	0	173	3	2	0	1	
65	0.0272727	0.3	-3	0	0	0	0	0	173	3	2	0	1	
65	0.0291919	0.3	-3	0	0	0	0	0	173	3	2	0	1	
65	0.0311111	0.3	-2	0	0	0	0	0	173	3	2	0	1	
65	0.0330303	0.3	-2	0	0	0	0	0	173	3	2	0	1	
65	0.0349495	0.3	-2	0	0	0	0	0	173	3	2	0	1	
65	0.0368687	0.3	-2	0	0	0	0	0	173	3	2	0	1	
65	0.0387879	0.3	-2	0	0	0	0	0	173	3	2	0	1	
65	0.0407071	0.3	-2	0	0	0	0	0	173	3	2	0	1	
65	0.0426263	0.3	-2	0	0	0	0	0	173	3	2	0	1	
65	0.0445455	0.3	-2	0	0	0	0	0	173	3	2	0	1	
65	0.0464646	0.3	-2	0	0	0	0	0	173	3	2	0	1	
65	0.0483838	0.3	1	41.8908	246.792	3.45649e-05	-1.89506e-06	317.514	173	3	2	0	1	
65	0.050303	0.3	1	54.3909	245.096	-2.57733e-06	1.4903e-05	310.636	173	3	2	0	1	
65	0.0522222	0.3	1	62.4722	243.195	-2.44726e-05	1.3789e-05	304.106	173	3	2	0	1	
65	0.0541414	0.3	1	68.654	241.231	6.60373e-06	1.16684e-06	297.914	173	3	2	0	1	
65	0.0560606	0.3	1	73.7149	239.26	1.20568e-05	1.73064e-06	292.038	173	3	2	0	1	
65	0.0579798	0.3	1	78.0157	237.306	2.1166e-05	4.39267e-05	286.455	173	3	2	0	1	
65	0.059899	0.3	1	81.7591	235.384	-4.28948e-06	-1.89625e-05	281.144	173	3	2	0	1	
65	0.0618182	0.3	1	85.0682	233.503	-6.48288e-06	-5.71605e-06	276.086	173	3	2	0	1	
65	0.0637374	0.3	1	88.0399	231.662	4.31349e-06	2.07651e-05	271.26	173	3	2	0	1	
65	0.0656566	0.3	1	90.7313	229.863	-2.105e-05	-1.21508e-05	266.65	173	3	2	0	1	
65	0.0675758	0.3	1	93.1844	228.112	4.32688e-06	-5.53116e-06	262.243	173	3	2	0	1	
65	0.0694949	0.3	1	95.4339	-226.407	-8.34882e-06	3.56672e-05	258.023	173	3	2	0	1	
65	0.0714141	0.3	1	97.518	224.741	6.55333e-06	-1.73935e-05	253.978	173	3	2	0	1	
65	0.0733333	0.3	1	99.4487	223.119	-4.87845e-06	-3.31395e-05	250.097	173	3	2	0	1	
65	0.0752525	0.3	1	101.248	221.539	7.21213e-06	-3.85345e-05	246.369	173	3	2	0	1	
65	0.0771717	0.3	1	102.93	219.998	1.04888e-05	-2.10405e-06	242.785	173	3	2	0	1	
65	0.0790909	0.3	1	104.509	218.496	3.89571e-07	-4.17651e-05	239.335	173	3	2	0	1	
65	0.0810101	0.3	1	105.994	217.03	2.8848e-06	-1.77629e-05	236.014	173	3	2	0	1	
65	0.0829293	0.3	1	107.396	215.599	-8.95922e-06	2.7038e-05	232.814	173	3	2	0	1	
65	0.0848485	0.3	1	108.722	214.202	-1.40355e-05	-5.98493e-07	229.732	173	3	2	0	1	
65	0.0867677	0.3	1	109.979	212.837	3.30019e-06	4.53048e-06	226.743	173	3	2	0	1	
65	0.0886869	0.3	1	111.173	211.504	-1.64211e-05	1.4251e-06	223.842	173	3	2	0	1	
65	0.0906061	0.3	1	112.308	210.2	3.43352e-06	-2.94528e-05	221.04	173	3	2	0	1	
65	0.0925253	0.3	1	113.391	208.926	2.72255e-05	-5.03678e-06	218.33	173	3	2	0	1	
65	0.0944444	0.3	1	114.424	207.679	1.88233e-05	-9.02495e-07	215.705	173	3	2	0	1	
65	0.0963636	0.3	1	115.413	206.456	4.92298e-05	-1.49177e-05	213.161	173	3	2	0	1	
65	0.0982828	0.3	1	116.357	205.263	-5.28793e-06	2.3075e-05	210.694	173	3	2	0	1	
65	0.100202	0.3	1	117.263	204.092	7.00383e-06	3.59894e-05	208.3	173	3	2	0	1	
65	0.102121	0.3	1	118.134	202.945	1.35336e-05	1.10499e-05	205.974	173	3	2	0	1	
65	0.10404	0.3	1	118.97	201.82	8.02925e-07	-4.13447e-06	203.715	173	3	2	0	1	
65	0.10596	0.3	1	119.774	200.717	-1.34911e-05	-6.54605e-06	201.518	173	3	2	0	1	
65	0.107879	0.3	1	120.549	199.634	6.5945e-06	4.69627e-06	199.381	173	3	2	0	1	
65	0.109798	0.3	1	121.295	198.572	1.84339e-05	1.62802e-05	197.301	173	3	2	0	1	
65	0.111717	0.3	1	122.016	197.529	2.79738e-06	5.0592e-05	195.276	173	3	2	0	1	
65	0.113636	0.3	1	122.712	196.504	2.38291e-05	-3.72162e-05	193.303	173	3	2	0	1	
65	0.115556	0.3	1	123.384	195.497	-8.39523e-06	2.03518e-05	191.38	173	3	2	0	1	
65	0.117475	0.3	1	124.035	194.508	1.8601e-05	-2.56232e-05	189.505	173	3	2	0	1	
65	0.119394	0.3	1	124.665	193.535	3.14926e-05	4.32522e-05	187.675	173	3	2	0	1	
65	0.121313	0.3	1	125.275	192.578	4.27618e-05	6.08425e-06	185.89	173	3	2	0	1	
65	0.123232	0.3	1	125.866	191.637	1.83649e-05	1.92852e-05	184.147	173	3	2	0	1	
65	0.125152	0.3	1	126.44	190.711	7.5478e-06	-8.24264e-06	182.444	173	3	2	0	1	
65	0.127071	0.3	1	126.997	189.799	9.39268e-07	8.26211e-06	180.781	173	3	2	0	1	
65	0.12899	0.3	1	127.538	188.902	-1.14731e-05	-2.47875e-05	179.155	173	3	2	0	1	
65	0.130909	0.3	1	128.064	188.017	-1.10188e-06	-4.25796e-05	177.565	173	3	2	0	1	
65	0.132828	0.3	1	128.576	187.146	-3.98935e-06	3.67273e-05	176.009	173	3	2	0	1	
65	0.134747	0.3	1	129.074	186.288	5.61365e-05	1.60318e-05	174.487	173	3	2	0	1	
65	0.136667	0.3	1	129.558	185.442	-2.02731e-05	-2.36727e-06	172.998	173	3	2	0	1	
65	0.138586	0.3	1	130.03	184.608	-2.39349e-05	-1.13155e-05	171.539	173	3	2	0	1	
65	0.140505	0.3	1	130.49	183.786	2.69484e-05	-8.16741e-06	170.11	173	3	2	0	1	
65	0.142424	0.3	1	130.939	182.974	-7.72041e-06	5.09714e-06	168.71	173	3	2	0	1	
65	0.144343	0.3	1	131.376	182.174	3.8421e-05	2.79785e-05	167.338	173	3	2	0	1	
65	0.146263	0.3	1	131.803	181.385	-1.34946e-05	-2.69153e-05	165.993	173	3	2	0	1	
65	0.148182	0.3	1	132.22	180.606	-3.45427e-05	-1.78957e-05	164.674	173	3	2	0	1	
65	0.150101	0.3	1	132.627	179.837	-1.49056e-05	-5.61305e-06	163.38	173	3	2	0	1	
65	0.15202	0.3	1	133.025	179.085	-1.95352e-05	8.46655e-06	162.11	173	3	2	0	1	
65	0.153939	0.3	1	133.408	178.39	-1.19733e-05	3.10466e-06	160.866	173	3	2	0	1	
65	0.155859	0.3	1	133.794	177.582	-6.26873e-06	3.13244e-05	159.641	173	3	2	0	1	
65	0.157778	0.3	1	134.166	176.853	4.34985e-05	-1.66584e-05	158.44	173	3	2	0	1	
65	0.159697	0.3	1	134.53	176.122	-1.45632e-05	-2.06583e-05	157.26	173	3	2	0	1	
65	0.161616	0.3	1	134.886	175.406	-1.11115e-05	-7.55609e-05	156.102	173	3	2	0	1	
65	0.163535	0.3	1	135.235	174.696	6.78746e-06	5.01876e-06	154.963	173	3	2	0	1	
65	0.165455	0.3	1	135.577	173.995	-2.88093e-05	1.87498e-05	153.843	173	3	2	0	1	
65	0.167374	0.3	1	135.912	173.302	4.50173e-07	-1.95663e-05	152.743	173	3	2	0	1	
65	0.169293	0.3	1	136.24	172.616	1.52829e-05	2.41764e-05	151.661	173	3	2	0	1	
65	0.171212	0.3	1	136.562	171.937	1.35067e-05	4.1912e-05	150.596	173	3	2	0	1	
65	0.173131	0.3	1	136.877	171.265	1.80009e-05	-4.1863e-06	149.549	173	3	2	0	1	
65	0.175051	0.3	1	137.187	170.601	-5.17667e-05	7.80967e-05	148.519	173	3	2	0	1	
65	0.17697	0.3	1	137.491	169.943	-2.45726e-06	-1.96719e-05	147.505	173	3	2	0	1	
65	0.178889	0.3	1	137.789	169.292	-4.04721e-05	-1.24968e-05	146.507	173	3	2	0	1	
65	0.180808	0.3	1	138.082	168.648	6.851e-06	1.55492e-06	145.525	173	3	2	0	1	
65	0.182727	0.3	1	138.369	168.009	1.31833e-05	-1.32811e-06	144.558	173	3	2	0	1	
65	0.184646	0.3	1	138.652	167.377	1.68847e-05	1.3708e-06	143.605	173	3	2	0	1	
65	0.186566	0.3	1	138.93	166.751	-3.26035e-05	-9.80256e-06	142.666	173	3	2	0	1	
65	0.188485	0.3	1	139.202	166.131	-1.30652e-05	1.671e-05	141.741	173	3	2	0	1	
65	0.190404	0.3	1	139.47	165.517	-1.95099e-06	-1.32345e-05	140.83	173	3	2	0	1	
65	0.192323	0.3	1	139.734	164.908	-2.83168e-05	-8.3303e-06	139.932	173	3	2	0	1	
65	0.194242	0.3	1	139.993	164.304	-2.01937e-05	-3.5528e-05	139.046	173	3	2	0	1	
65	0.196162	0.3	1	140.248	163.706	-4.4335e-05	-2.39464e-05	138.174	173	3	2	0	1	
65	0.198081	0.3	1	140.499	163.114	9.31511e-05	-5.12186e-06	137.313	173	3	2	0	1	
65	0.2	0.3	1	140.746	162.526	-3.48754e-05	2.66005e-06	136.464	173	3	2	0	1	
