65	0.1	0.1	0	124.578	126.594	1.40182e-06	126.594	1.40182e-06	62.2885	1	0	0	1	
65	0.1	0.101508	0	124.57	126.589	5.87602e-06	126.589	5.87602e-06	62.2845	1	0	0	1	
65	0.1	0.103015	0	124.561	126.583	3.24349e-06	126.583	3.24349e-06	62.28	1	0	0	1	
65	0.1	0.104523	0	124.552	126.578	2.51184e-05	126.578	2.51184e-05	62.2755	1	0	0	1	
65	0.1	0.10603	0	124.543	126.574	8.49862e-06	126.574	8.49862e-06	62.2715	1	0	0	1	
65	0.1	0.107538	0	124.535	126.569	8.69227e-07	126.569	8.69227e-07	62.267	1	0	0	1	
65	0.1	0.109045	0	124.526	126.564	3.091e-05	126.564	3.091e-05	62.2625	1	0	0	1	
65	0.1	0.110553	0	124.517	126.559	7.78337e-06	126.559	7.78337e-06	62.258	1	0	0	1	
65	0.1	0.11206	0	124.508	126.555	1.98732e-05	126.555	1.98732e-05	62.2535	1	0	0	1	
65	0.1	0.113568	0	124.499	126.551	1.54128e-05	126.551	1.54128e-05	62.249	1	0	0	1	
65	0.1	0.115075	0	124.49	126.547	1.74198e-05	126.547	1.74198e-05	62.2445	1	0	0	1	
65	0.1	0.116583	0	124.481	126.543	2.12345e-05	126.543	2.12345e-05	62.24	1	0	0	1	
65	0.1	0.11809	0	124.472	126.539	1.33667e-05	126.539	1.33667e-05	62.2355	1	0	0	1	
65	0.1	0.119598	0	124.462	126.536	1.99726e-05	126.536	1.99726e-05	62.2305	1	0	0	1	
65	0.1	0.121106	0	124.453	126.533	3.97614e-05	126.533	3.97614e-05	62.226	1	0	0	1	
65	0.1	0.122613	0	124.444	126.53	2.22514e-05	126.53	2.22514e-05	62.2215	1	0	0	1	
65	0.1	0.124121	0	124.434	126.527	2.24845e-05	126.527	2.24845e-05	62.2165	1	0	0	1	
65	0.1	0.125628	0	124.425	126.524	1.06557e-05	126.524	1.06557e-05	62.212	1	0	0	1	
65	0.1	0.127136	0	124.415	126.522	1.39936e-05	126.522	1.39936e-05	62.207	1	0	0	1	
65	0.1	0.128643	0	124.405	126.519	1.99541e-05	126.519	1.99541e-05	62.202	1	0	0	1	
65	0.1	0.130151	0	124.396	126.518	2.78792e-06	126.518	2.78792e-06	62.1975	1	0	0	1	
65	0.1	0.131658	0	124.386	126.516	4.73722e-05	126.516	4.73722e-05	62.1925	1	0	0	1	
65	0.1	0.133166	0	124.376	126.515	5.0799e-06	126.515	5.0799e-06	62.1875	1	0	0	1	
65	0.1	0.134673	0	124.365	126.515	9.40123e-06	126.515	9.40123e-06	62.1825	1	0	0	1	
65	0.1	0.136181	0	124.355	126.514	1.48551e-05	126.514	1.48551e-05	62.177	1	0	0	1	
65	0.1	0.137688	0	124.344	126.515	8.74838e-06	126.515	8.74838e-06	62.172	1	0	0	1	
65	0.1	0.139196	0	124.378	126.39	3.502e-06	126.39	3.502e-06	62.1885	1	0	0	1	
65	0.1	0.140704	0	124.418	126.243	2.07506e-05	126.243	2.07506e-05	62.2085	1	0	0	1	
65	0.1	0.142211	0	124.455	126.107	3.90168e-05	126.107	3.90168e-05	62.227	1	0	0	1	
65	0.1	0.143719	0	124.487	125.982	3.1299e-05	125.982	3.1299e-05	62.2435	1	0	0	1	
65	0.1	0.145226	0	124.516	125.868	1.50393e-05	125.868	1.50393e-05	62.258	1	0	0	1	
65	0.1	0.146734	0	124.542	125.764	4.96345e-06	125.764	4.96345e-06	62.2705	1	0	0	1	
65	0.1	0.148241	0	124.563	125.671	1.54645e-05	125.671	1.54645e-05	62.2815	1	0	0	1	
65	0.1	0.149749	0	124.581	125.589	2.8487e-05	125.589	2.8487e-05	62.2905	1	0	0	1	
65	0.1	0.151256	0	124.596	125.516	2.74446e-05	125.516	2.74446e-05	62.2975	1	0	0	1	
65	0.1	0.152764	0	124.607	125.455	3.82237e-05	125.455	3.82237e-05	62.303	1	0	0	1	
65	0.1	0.154271	0	124.614	125.404	7.64423e-06	125.404	7.64423e-06	62.3065	1	0	0	1	
65	0.1	0.155779	0	124.617	125.363	8.56787e-06	125.363	8.56787e-06	62.308	1	0	0	1	
65	0.1	0.157286	0	124.617	125.333	1.68833e-05	125.333	1.68833e-05	62.308	1	0	0	1	
65	0.1	0.158794	0	124.613	125.314	4.21849e-05	125.314	4.21849e-05	62.306	1	0	0	1	
65	0.1	0.160302	0	124.606	125.305	9.99838e-06	125.305	9.99838e-06	62.3025	1	0	0	1	
65	0.1	0.161809	0	124.595	125.306	1.62277e-05	125.306	1.62277e-05	62.297	1	0	0	1	
65	0.1	0.163317	0	124.58	125.318	1.2365e-06	125.318	1.2365e-06	62.2895	1	0	0	1	
65	0.1	0.164824	0	124.562	125.341	2.63781e-06	125.341	2.63781e-06	62.2805	1	0	0	1	
65	0.1	0.166332	0	124.54	125.375	3.20128e-06	125.375	3.20128e-06	62.2695	1	0	0	1	
65	0.1	0.167839	0	124.515	125.419	2.99223e-06	125.419	2.99223e-06	62.257	1	0	0	1	
65	0.1	0.169347	0	124.486	125.473	6.6859e-06	125.473	6.6859e-06	62.2425	1	0	0	1	
65	0.1	0.170854	0	124.453	125.538	1.77783e-05	125.538	1.77783e-05	62.226	1	0	0	1	
65	0.1	0.172362	0	124.417	125.614	1.59886e-05	125.614	1.59886e-05	62.208	1	0	0	1	
65	0.1	0.173869	0	124.377	125.7	5.23504e-06	125.7	5.23504e-06	62.188	1	0	0	1	
65	0.1	0.175377	0	124.333	125.797	5.41098e-06	125.797	5.41098e-06	62.166	1	0	0	1	
65	0.1	0.176884	0	124.285	125.904	1.70553e-05	125.904	1.70553e-05	62.142	1	0	0	1	
65	0.1	0.178392	0	124.234	126.023	5.34369e-05	126.023	5.34369e-05	62.1165	1	0	0	1	
65	0.1	0.179899	0	124.18	126.151	1.13057e-05	126.151	1.13057e-05	62.089	1	0	0	1	
65	0.1	0.181407	0	124.121	126.291	9.51336e-06	126.291	9.51336e-06	62.06	1	0	0	1	
65	0.1	0.182915	0	124.059	126.441	4.22632e-05	126.441	4.22632e-05	62.029	1	0	0	1	
65	0.1	0.184422	0	123.993	126.601	1.83421e-06	126.601	1.83421e-06	61.9955	1	0	0	1	
65	0.1	0.18593	0	123.923	126.773	2.69464e-06	126.773	2.69464e-06	61.961	1	0	0	1	
65	0.1	0.187437	0	123.849	126.954	1.01024e-05	126.954	1.01024e-05	61.924	1	0	0	1	
65	0.1	0.188945	0	123.772	127.147	5.8113e-06	127.147	5.8113e-06	61.8855	1	0	0	1	
65	0.1	0.190452	0	123.69	127.349	9.50672e-06	127.349	9.50672e-06	61.8445	1	0	0	1	
65	0.1	0.19196	0	123.605	127.563	5.89614e-06	127.563	5.89614e-06	61.802	1	0	0	1	
65	0.1	0.193467	0	123.516	127.787	3.86799e-06	127.787	3.86799e-06	61.7575	1	0	0	1	
65	0.1	0.194975	0	123.424	128.022	3.52197e-06	128.022	3.52197e-06	61.7115	1	0	0	1	
65	0.1	0.196482	0	123.327	128.267	2.0924e-05	128.267	2.0924e-05	61.663	1	0	0	1	
65	0.1	0.19799	0	123.226	128.522	2.95581e-06	128.522	2.95581e-06	61.6125	1	0	0	1	
65	0.1	0.199497	0	123.122	128.788	2.80626e-05	128.788	2.80626e-05	61.5605	1	0	0	1	
65	0.1	0.201005	0	123.013	129.064	2.16251e-06	129.064	2.16251e-06	61.506	1	0	0	1	
65	0.1	0.202513	0	122.901	129.351	1.37271e-06	129.351	1.37271e-06	61.4495	1	0	0	1	
65	0.1	0.20402	0	122.784	129.648	5.20245e-06	129.648	5.20245e-06	61.3915	1	0	0	1	
65	0.1	0.205528	0	122.663	129.956	2.93562e-05	129.956	2.93562e-05	61.331	1	0	0	1	
65	0.1	0.207035	0	122.539	130.274	2.12494e-06	130.274	2.12494e-06	61.269	1	0	0	1	
65	0.1	0.208543	0	122.41	130.602	3.54981e-05	130.602	3.54981e-05	61.2045	1	0	0	1	
65	0.1	0.21005	0	122.277	130.941	5.87681e-06	130.941	5.87681e-06	61.138	1	0	0	1	
65	0.1	0.211558	0	122.14	131.289	3.37317e-05	131.289	3.37317e-05	61.0695	1	0	0	1	
65	0.1	0.213065	0	121.999	131.648	4.54657e-06	131.648	4.54657e-06	60.9985	1	0	0	1	
65	0.1	0.214573	0	121.853	132.017	3.96225e-06	132.017	3.96225e-06	60.926	1	0	0	1	
65	0.1	0.21608	0	121.704	132.397	9.13084e-06	132.397	9.13084e-06	60.851	1	0	0	1	
65	0.1	0.217588	0	121.55	132.786	9.80026e-06	132.786	9.80026e-06	60.774	1	0	0	1	
65	0.1	0.219095	0	121.391	133.186	2.02229e-05	133.186	2.02229e-05	60.695	1	0	0	1	
65	0.1	0.220603	0	121.229	133.595	1.49733e-05	133.595	1.49733e-05	60.6135	1	0	0	1	
65	0.1	0.222111	0	121.062	134.015	8.63359e-06	134.015	8.63359e-06	60.53	1	0	0	1	
65	0.1	0.223618	0	120.89	134.444	3.09939e-05	134.444	3.09939e-05	60.4445	1	0	0	1	
65	0.1	0.225126	0	120.714	134.884	1.26365e-05	134.884	1.26365e-05	60.3565	1	0	0	1	
65	0.1	0.226633	0	120.534	135.333	2.36678e-05	135.333	2.36678e-05	60.266	1	0	0	1	
65	0.1	0.228141	0	120.349	135.792	2.67696e-05	135.792	2.67696e-05	60.1735	1	0	0	1	
65	0.1	0.229648	0	120.16	136.262	1.11304e-05	136.262	1.11304e-05	60.079	1	0	0	1	
65	0.1	0.231156	0	119.965	136.74	5.06717e-06	136.74	5.06717e-06	59.982	1	0	0	1	
65	0.1	0.232663	0	119.767	137.229	9.98395e-06	137.229	9.98395e-06	59.8825	1	0	0	1	
65	0.1	0.234171	0	119.563	137.727	9.87713e-07	137.727	9.87713e-07	59.7805	1	0	0	1	
65	0.1	0.235678	0	119.355	138.235	1.04915e-05	138.235	1.04915e-05	59.6765	1	0	0	1	
65	0.1	0.237186	1	119.142	0	145.633	138.753	0	59.5695	1	0	0	1	
65	0.1	0.238693	1	118.924	0	147.202	139.28	0	59.4605	1	0	0	1	
65	0.1	0.240201	1	118.701	0	148.758	139.817	0	59.3495	1	0	0	1	
65	0.1	0.241709	1	118.473	0	150.301	140.363	0	59.2355	1	0	0	1	
65	0.1	0.243216	1	118.24	0	151.831	140.918	0	59.119	1	0	0	1	
65	0.1	0.244724	1	118.002	0	153.35	141.483	0	59	1	0	0	1	
65	0.1	0.246231	1	117.759	0	154.857	142.057	0	58.878	1	0	0	1	
65	0.1	0.247739	1	117.511	0	156.352	142.641	0	58.754	1	0	0	1	
65	0.1	0.249246	1	117.257	0	157.837	143.234	0	58.627	1	0	0	1	
65	0.1	0.250754	1	116.998	0	159.311	143.836	0	58.498	1	0	0	1	
65	0.1	0.252261	1	116.734	0	160.775	144.447	0	58.3655	1	0	0	1	
65	0.1	0.253769	1	116.464	0	162.229	145.068	0	58.2305	1	0	0	1	
65	0.1	0.255276	1	116.189	0	163.673	145.697	0	58.093	1	0	0	1	
65	0.1	0.256784	1	115.908	0	165.108	146.336	0	57.9525	1	0	0	1	
65	0.1	0.258291	1	115.622	0	166.534	146.984	0	57.8095	1	0	0	1	
65	0.1	0.259799	1	115.33	0	167.952	147.64	0	57.6635	1	0	0	1	
65	0.1	0.261307	0	115.032	1.41676e-05	169.36	1.41676e-05	169.36	57.5145	1	0	0	1	
65	0.1	0.262814	0	114.728	5.45662e-06	170.761	5.45662e-06	170.761	57.3625	1	0	0	1	
65	0.1	0.264322	0	114.418	2.07654e-05	172.153	2.07654e-05	172.153	57.2075	1	0	0	1	
65	0.1	0.265829	0	114.103	2.15911e-06	173.538	2.15911e-06	173.538	57.0495	1	0	0	1	
65	0.1	0.267337	0	113.781	4.39875e-06	174.915	4.39875e-06	174.915	56.8885	1	0	0	1	
65	0.1	0.268844	0	113.453	1.86353e-05	176.285	1.86353e-05	176.285	56.724	1	0	0	1	
65	0.1	0.270352	0	113.118	1.56717e-05	177.648	1.56717e-05	177.648	56.557	1	0	0	1	
65	0.1	0.271859	0	112.778	1.90636e-05	179.003	1.90636e-05	179.003	56.3865	1	0	0	1	
65	0.1	0.273367	0	112.43	2.95419e-06	180.352	2.95419e-06	180.352	56.2125	1	0	0	1	
65	0.1	0.274874	0	112.077	2.82906e-06	181.695	2.82906e-06	181.695	56.0355	1	0	0	1	
65	0.1	0.276382	0	111.716	7.17192e-06	183.031	7.17192e-06	183.031	55.8555	1	0	0	1	
65	0.1	0.277889	0	111.349	6.10946e-06	184.361	6.10946e-06	184.361	55.6715	1	0	0	1	
65	0.1	0.279397	0	110.974	2.25741e-05	185.685	2.25741e-05	185.685	55.484	1	0	0	1	
65	0.1	0.280905	0	110.593	3.49457e-05	187.003	3.49457e-05	187.003	55.2935	1	0	0	1	
65	0.1	0.282412	0	110.205	2.51462e-05	188.316	2.51462e-05	188.316	55.099	1	0	0	1	
65	0.1	0.28392	1	109.809	0	189.623	159.337	0	54.901	1	0	0	1	
65	0.1	0.285427	1	109.406	0	190.925	160.14	0	54.6995	1	0	0	1	
65	0.1	0.286935	1	108.996	0	192.221	160.952	0	54.494	1	0	0	1	
65	0.1	0.288442	1	108.578	0	193.513	161.772	0	54.2845	1	0	0	1	
65	0.1	0.28995	1	108.152	0	194.799	162.601	0	54.0715	1	0	0	1	
65	0.1	0.291457	1	107.718	0	196.081	163.438	0	53.8545	1	0	0	1	
65	0.1	0.292965	1	107.276	0	197.358	164.283	0	53.633	1	0	0	1	
65	0.1	0.294472	1	106.826	0	198.631	165.136	0	53.408	1	0	0	1	
65	0.1	0.29598	1	106.368	0	199.9	165.998	0	53.1785	1	0	0	1	
65	0.1	0.297487	1	105.901	0	201.164	166.867	0	52.9445	1	0	0	1	
65	0.1	0.298995	1	105.426	0	202.424	167.745	0	52.7065	1	0	0	1	
65	0.1	0.300503	1	104.941	0	203.68	168.631	0	52.464	1	0	0	1	
65	0.1	0.30201	1	104.448	0	204.933	169.525	0	52.2165	1	0	0	1	
65	0.1	0.303518	1	103.943	0	206.182	170.432	0	51.973	1	0	0	1	
65	0.1	0.305025	1	103.431	0	207.427	171.342	0	51.7165	1	0	0	1	
65	0.1	0.306533	1	102.905	0	208.67	172.267	0	51.454	1	0	0	1	
65	0.1	0.30804	1	102.363	0	209.912	173.212	0	51.183	1	0	0	1	
65	0.1	0.309548	1	101.807	0	211.152	174.172	0	50.905	1	0	0	1	
65	0.1	0.311055	1	101.237	0	212.391	175.146	0	50.6205	1	0	0	1	
65	0.1	0.312563	1	100.653	0	213.627	176.131	0	50.329	1	0	0	1	
65	0.1	0.31407	1	100.057	0	214.861	177.128	0	50.031	1	0	0	1	
65	0.1	0.315578	1	99.4465	0	216.093	178.137	0	49.726	1	0	0	1	
65	0.1	0.317085	1	98.8227	0	217.322	179.156	0	49.4145	1	0	0	1	
65	0.1	0.318593	1	98.1852	0	218.55	180.185	0	49.0962	1	0	0	1	
65	0.1	0.320101	1	97.5338	0	219.776	181.225	0	48.7709	1	0	0	1	
65	0.1	0.321608	1	96.8681	0	220.999	182.275	0	48.4385	1	0	0	1	
65	0.1	0.323116	1	96.188	0	222.221	183.335	0	48.099	1	0	0	1	
65	0.1	0.324623	1	95.4931	0	223.441	184.404	0	47.7523	1	0	0	1	
65	0.1	0.326131	1	94.7831	0	224.659	185.482	0	47.3982	1	0	0	1	
65	0.1	0.327638	1	94.0578	0	225.876	186.57	0	47.0366	1	0	0	1	
65	0.1	0.329146	1	93.3167	0	227.09	187.667	0	46.6673	1	0	0	1	
65	0.1	0.330653	1	92.5596	0	228.303	188.773	0	46.2902	1	0	0	1	
65	0.1	0.332161	1	91.7912	0	229.513	189.88	0	45.8929	1	0	0	1	
65	0.1	0.333668	1	91.0017	0	230.723	191.001	0	45.4976	1	0	0	1	
65	0.1	0.335176	1	90.195	0	231.931	192.131	0	45.0936	1	0	0	1	
65	0.1	0.336683	1	89.3709	0	233.138	193.269	0	44.6806	1	0	0	1	
65	0.1	0.338191	1	88.5288	0	234.343	194.414	0	44.2583	1	0	0	1	
65	0.1	0.339698	1	87.6683	0	235.546	195.567	0	43.8265	1	0	0	1	
65	0.1	0.341206	1	86.7892	0	236.749	196.727	0	43.3845	1	0	0	1	
65	0.1	0.342714	1	85.8839	0	237.952	197.903	0	42.9455	1	0	0	1	
65	0.1	0.344221	1	84.9631	0	239.152	199.08	0	42.4874	1	0	0	1	
