65	0.1	0.1	0	111.236	138.191	1.02677e-05	138.191	1.02677e-05	111.235	1	0	0	1	
65	0.1	0.101508	0	111.229	138.186	4.56133e-05	138.186	4.56133e-05	111.228	1	0	0	1	
65	0.1	0.103015	0	111.223	138.181	4.78468e-05	138.181	4.78468e-05	111.221	1	0	0	1	
65	0.1	0.104523	0	111.216	138.176	4.90331e-06	138.176	4.90331e-06	111.214	1	0	0	1	
65	0.1	0.10603	0	111.209	138.172	8.78819e-06	138.172	8.78819e-06	111.207	1	0	0	1	
65	0.1	0.107538	0	111.202	138.167	1.33181e-05	138.167	1.33181e-05	111.2	1	0	0	1	
65	0.1	0.109045	0	111.195	138.163	2.9769e-05	138.163	2.9769e-05	111.193	1	0	0	1	
65	0.1	0.110553	0	111.188	138.159	1.76763e-05	138.159	1.76763e-05	111.186	1	0	0	1	
65	0.1	0.11206	0	111.181	138.155	1.46381e-06	138.155	1.46381e-06	111.179	1	0	0	1	
65	0.1	0.113568	0	111.173	138.151	4.84323e-05	138.151	4.84323e-05	111.172	1	0	0	1	
65	0.1	0.115075	0	111.166	138.147	3.93058e-05	138.147	3.93058e-05	111.165	1	0	0	1	
65	0.1	0.116583	0	111.159	138.144	2.9769e-05	138.144	2.9769e-05	111.157	1	0	0	1	
65	0.1	0.11809	0	111.151	138.14	1.51642e-06	138.14	1.51642e-06	111.15	1	0	0	1	
65	0.1	0.119598	0	111.144	138.137	2.30933e-05	138.137	2.30933e-05	111.142	1	0	0	1	
65	0.1	0.121106	0	111.137	138.134	1.06955e-05	138.134	1.06955e-05	111.135	1	0	0	1	
65	0.1	0.122613	0	111.129	138.131	3.74472e-06	138.131	3.74472e-06	111.127	1	0	0	1	
65	0.1	0.124121	0	111.121	138.128	1.46747e-05	138.128	1.46747e-05	111.12	1	0	0	1	
65	0.1	0.125628	0	111.114	138.125	1.00829e-05	138.125	1.00829e-05	111.112	1	0	0	1	
65	0.1	0.127136	0	111.106	138.123	3.85739e-05	138.123	3.85739e-05	111.104	1	0	0	1	
65	0.1	0.128643	0	111.098	138.121	2.73488e-05	138.121	2.73488e-05	111.097	1	0	0	1	
65	0.1	0.130151	0	111.09	138.119	5.37414e-06	138.119	5.37414e-06	111.089	1	0	0	1	
65	0.1	0.131658	0	111.082	138.117	1.87061e-05	138.117	1.87061e-05	111.081	1	0	0	1	
65	0.1	0.133166	0	111.074	138.115	8.23516e-06	138.115	8.23516e-06	111.072	1	0	0	1	
65	0.1	0.134673	0	111.066	138.114	4.2031e-05	138.114	4.2031e-05	111.064	1	0	0	1	
65	0.1	0.136181	0	111.057	138.113	1.36119e-06	138.113	1.36119e-06	111.056	1	0	0	1	
65	0.1	0.137688	0	111.049	138.112	1.69094e-07	138.112	1.69094e-07	111.047	1	0	0	1	
65	0.1	0.139196	0	111.04	138.112	5.81663e-06	138.112	5.81663e-06	111.038	1	0	0	1	
65	0.1	0.140704	0	111.036	138.102	2.51902e-05	138.102	2.51902e-05	111.034	1	0	0	1	
65	0.1	0.142211	0	111.08	137.99	2.39993e-06	137.99	2.39993e-06	111.079	1	0	0	1	
65	0.1	0.143719	0	111.119	137.888	4.7629e-06	137.888	4.7629e-06	111.118	1	0	0	1	
65	0.1	0.145226	0	111.153	137.797	4.28763e-05	137.797	4.28763e-05	111.152	1	0	0	1	
65	0.1	0.146734	0	111.183	137.716	1.6069e-05	137.716	1.6069e-05	111.181	1	0	0	1	
65	0.1	0.148241	0	111.208	137.644	8.4002e-05	137.644	8.4002e-05	111.206	1	0	0	1	
65	0.1	0.149749	0	111.228	137.583	1.01899e-05	137.583	1.01899e-05	111.226	1	0	0	1	
65	0.1	0.151256	0	111.243	137.531	1.30589e-05	137.531	1.30589e-05	111.242	1	0	0	1	
65	0.1	0.152764	0	111.254	137.489	3.11372e-05	137.489	3.11372e-05	111.253	1	0	0	1	
65	0.1	0.154271	0	111.261	137.457	5.47142e-06	137.457	5.47142e-06	111.259	1	0	0	1	
65	0.1	0.155779	0	111.262	137.435	2.17185e-05	137.435	2.17185e-05	111.261	1	0	0	1	
65	0.1	0.157286	0	111.259	137.422	1.36271e-05	137.422	1.36271e-05	111.258	1	0	0	1	
65	0.1	0.158794	0	111.252	137.419	1.1136e-06	137.419	1.1136e-06	111.25	1	0	0	1	
65	0.1	0.160302	0	111.24	137.426	1.91142e-05	137.426	1.91142e-05	111.238	1	0	0	1	
65	0.1	0.161809	0	111.223	137.443	1.97102e-05	137.443	1.97102e-05	111.222	1	0	0	1	
65	0.1	0.163317	0	111.202	137.47	2.0187e-05	137.47	2.0187e-05	111.201	1	0	0	1	
65	0.1	0.164824	0	111.176	137.506	3.25976e-05	137.506	3.25976e-05	111.175	1	0	0	1	
65	0.1	0.166332	0	111.146	137.552	1.45951e-05	137.552	1.45951e-05	111.144	1	0	0	1	
65	0.1	0.167839	0	111.111	137.608	1.88633e-05	137.608	1.88633e-05	111.109	1	0	0	1	
65	0.1	0.169347	0	111.071	137.675	3.34087e-06	137.675	3.34087e-06	111.07	1	0	0	1	
65	0.1	0.170854	0	111.027	137.75	4.01316e-05	137.75	4.01316e-05	111.025	1	0	0	1	
65	0.1	0.172362	0	110.978	137.836	1.5673e-07	137.836	1.5673e-07	110.976	1	0	0	1	
65	0.1	0.173869	0	110.924	137.932	4.39926e-06	137.932	4.39926e-06	110.923	1	0	0	1	
65	0.1	0.175377	0	110.866	138.037	3.67728e-07	138.037	3.67728e-07	110.864	1	0	0	1	
65	0.1	0.176884	0	110.803	138.153	1.74301e-05	138.153	1.74301e-05	110.801	1	0	0	1	
65	0.1	0.178392	0	110.735	138.278	2.4739e-06	138.278	2.4739e-06	110.733	1	0	0	1	
65	0.1	0.179899	0	110.662	138.413	7.8839e-06	138.413	7.8839e-06	110.661	1	0	0	1	
65	0.1	0.181407	0	110.585	138.558	3.43381e-06	138.558	3.43381e-06	110.583	1	0	0	1	
65	0.1	0.182915	0	110.503	138.713	1.14046e-05	138.713	1.14046e-05	110.501	1	0	0	1	
65	0.1	0.184422	0	110.416	138.878	2.22671e-05	138.878	2.22671e-05	110.414	1	0	0	1	
65	0.1	0.18593	0	110.324	139.053	3.44262e-07	139.053	3.44262e-07	110.322	1	0	0	1	
65	0.1	0.187437	0	110.227	139.238	1.02059e-05	139.238	1.02059e-05	110.225	1	0	0	1	
65	0.1	0.188945	0	110.125	139.432	1.65646e-05	139.432	1.65646e-05	110.123	1	0	0	1	
65	0.1	0.190452	0	110.018	139.637	1.92734e-05	139.637	1.92734e-05	110.016	1	0	0	1	
65	0.1	0.19196	0	109.906	139.851	2.8474e-05	139.851	2.8474e-05	109.904	1	0	0	1	
65	0.1	0.193467	0	109.789	140.075	5.62054e-06	140.075	5.62054e-06	109.787	1	0	0	1	
65	0.1	0.194975	0	109.667	140.31	8.5659e-06	140.31	8.5659e-06	109.665	1	0	0	1	
65	0.1	0.196482	0	109.54	140.554	4.36235e-06	140.554	4.36235e-06	109.538	1	0	0	1	
65	0.1	0.19799	0	109.407	140.808	8.82219e-06	140.808	8.82219e-06	109.406	1	0	0	1	
65	0.1	0.199497	0	109.27	141.072	4.96466e-06	141.072	4.96466e-06	109.268	1	0	0	1	
65	0.1	0.201005	0	109.127	141.345	2.10353e-05	141.345	2.10353e-05	109.125	1	0	0	1	
65	0.1	0.202513	0	108.978	141.629	6.96035e-05	141.629	6.96035e-05	108.977	1	0	0	1	
65	0.1	0.20402	0	108.825	141.922	2.69601e-05	141.922	2.69601e-05	108.823	1	0	0	1	
65	0.1	0.205528	0	108.666	142.225	4.09028e-06	142.225	4.09028e-06	108.664	1	0	0	1	
65	0.1	0.207035	0	108.501	142.538	1.36821e-05	142.538	1.36821e-05	108.499	1	0	0	1	
65	0.1	0.208543	0	108.331	142.861	2.50337e-05	142.861	2.50337e-05	108.329	1	0	0	1	
65	0.1	0.21005	0	108.155	143.194	1.99373e-05	143.194	1.99373e-05	108.153	1	0	0	1	
65	0.1	0.211558	0	107.973	143.536	2.54368e-06	143.536	2.54368e-06	107.972	1	0	0	1	
65	0.1	0.213065	0	107.786	143.888	9.23597e-06	143.888	9.23597e-06	107.785	1	0	0	1	
65	0.1	0.214573	0	107.593	144.25	6.35209e-05	144.25	6.35209e-05	107.592	1	0	0	1	
65	0.1	0.21608	0	107.394	144.621	1.1101e-05	144.621	1.1101e-05	107.393	1	0	0	1	
65	0.1	0.217588	0	107.189	145.002	1.02246e-05	145.002	1.02246e-05	107.188	1	0	0	1	
65	0.1	0.219095	0	106.978	145.393	3.94378e-06	145.393	3.94378e-06	106.977	1	0	0	1	
65	0.1	0.220603	0	106.761	145.794	1.80411e-05	145.794	1.80411e-05	106.76	1	0	0	1	
65	0.1	0.222111	0	106.538	146.203	1.86023e-06	146.203	1.86023e-06	106.536	1	0	0	1	
65	0.1	0.223618	0	106.308	146.623	2.24877e-06	146.623	2.24877e-06	106.307	1	0	0	1	
65	0.1	0.225126	0	106.073	147.053	1.83049e-05	147.053	1.83049e-05	106.071	1	0	0	1	
65	0.1	0.226633	0	105.83	147.491	6.59634e-06	147.491	6.59634e-06	105.829	1	0	0	1	
65	0.1	0.228141	0	105.581	147.94	6.51966e-06	147.94	6.51966e-06	105.58	1	0	0	1	
65	0.1	0.229648	0	105.326	148.398	1.83725e-05	148.398	1.83725e-05	105.324	1	0	0	1	
65	0.1	0.231156	0	105.063	148.865	2.37774e-07	148.865	2.37774e-07	105.062	1	0	0	1	
65	0.1	0.232663	0	104.794	149.342	3.8763e-05	149.342	3.8763e-05	104.793	1	0	0	1	
65	0.1	0.234171	0	104.518	149.828	1.00338e-05	149.828	1.00338e-05	104.516	1	0	0	1	
65	0.1	0.235678	0	104.235	150.324	2.79584e-05	150.324	2.79584e-05	104.233	1	0	0	1	
65	0.1	0.237186	0	103.944	150.829	1.00717e-05	150.829	1.00717e-05	103.943	1	0	0	1	
65	0.1	0.238693	0	103.646	151.343	3.35239e-05	151.343	3.35239e-05	103.645	1	0	0	1	
65	0.1	0.240201	0	103.341	151.867	3.40925e-06	151.867	3.40925e-06	103.339	1	0	0	1	
65	0.1	0.241709	0	103.028	152.4	1.86147e-05	152.4	1.86147e-05	103.026	1	0	0	1	
65	0.1	0.243216	0	102.707	152.943	3.35147e-05	152.943	3.35147e-05	102.706	1	0	0	1	
65	0.1	0.244724	0	102.379	153.494	6.05446e-06	153.494	6.05446e-06	102.377	1	0	0	1	
65	0.1	0.246231	0	102.042	154.055	2.31343e-05	154.055	2.31343e-05	102.04	1	0	0	1	
65	0.1	0.247739	0	101.697	154.625	1.23436e-05	154.625	1.23436e-05	101.696	1	0	0	1	
65	0.1	0.249246	1	101.344	0	161.725	155.204	0	101.342	1	0	0	1	
65	0.1	0.250754	1	100.982	0	163.207	155.793	0	100.98	1	0	0	1	
65	0.1	0.252261	1	100.611	0	164.68	156.391	0	100.61	1	0	0	1	
65	0.1	0.253769	1	100.232	0	166.144	156.997	0	100.23	1	0	0	1	
65	0.1	0.255276	1	99.8431	0	167.6	157.613	0	99.8418	1	0	0	1	
65	0.1	0.256784	1	99.4451	0	169.048	158.238	0	99.4438	1	0	0	1	
65	0.1	0.258291	1	99.0376	0	170.488	158.872	0	99.0363	1	0	0	1	
65	0.1	0.259799	1	98.6202	0	171.921	159.515	0	98.6189	1	0	0	1	
65	0.1	0.261307	1	98.1928	0	173.347	160.167	0	98.1916	1	0	0	1	
65	0.1	0.262814	1	97.7552	0	174.766	160.828	0	97.7539	1	0	0	1	
65	0.1	0.264322	1	97.3069	0	176.178	161.497	0	97.3057	1	0	0	1	
65	0.1	0.265829	1	96.8478	0	177.584	162.176	0	96.8466	1	0	0	1	
65	0.1	0.267337	1	96.3776	0	178.984	162.864	0	96.3764	1	0	0	1	
65	0.1	0.268844	1	95.8959	0	180.378	163.56	0	95.8948	1	0	0	1	
65	0.1	0.270352	1	95.4025	0	181.767	164.265	0	95.4014	1	0	0	1	
65	0.1	0.271859	1	94.897	0	183.15	164.979	0	94.8958	1	0	0	1	
65	0.1	0.273367	1	94.3789	0	184.528	165.702	0	94.3778	1	0	0	1	
65	0.1	0.274874	1	93.848	0	185.901	166.434	0	93.8469	1	0	0	1	
65	0.1	0.276382	1	93.3038	0	187.27	167.174	0	93.3028	1	0	0	1	
65	0.1	0.277889	1	92.7459	0	188.634	167.923	0	92.7449	1	0	0	1	
65	0.1	0.279397	1	92.1737	0	189.994	168.681	0	92.1728	1	0	0	1	
65	0.1	0.280905	1	91.587	0	191.35	169.447	0	91.586	1	0	0	1	
65	0.1	0.282412	1	90.985	0	192.702	170.222	0	90.9841	1	0	0	1	
65	0.1	0.28392	1	90.3672	0	194.051	171.006	0	90.3664	1	0	0	1	
65	0.1	0.285427	1	89.7331	0	195.396	171.798	0	89.7323	1	0	0	1	
65	0.1	0.286935	1	89.082	0	196.739	172.598	0	89.0813	1	0	0	1	
65	0.1	0.288442	1	88.4132	0	198.079	173.407	0	88.4125	1	0	0	1	
65	0.1	0.28995	1	87.726	0	199.416	174.224	0	87.7254	1	0	0	1	
65	0.1	0.291457	1	87.0196	0	200.751	175.05	0	87.019	1	0	0	1	
65	0.1	0.292965	1	86.2931	0	202.083	175.884	0	86.2925	1	0	0	1	
65	0.1	0.294472	1	85.5456	0	203.414	176.726	0	85.545	1	0	0	1	
65	0.1	0.29598	1	84.776	0	204.744	177.576	0	84.7756	1	0	0	1	
65	0.1	0.297487	1	83.9834	0	206.072	178.435	0	83.983	1	0	0	1	
65	0.1	0.298995	1	83.1664	0	207.399	179.301	0	83.166	1	0	0	1	
65	0.1	0.300503	1	82.3238	0	208.726	180.175	0	82.3235	1	0	0	1	
65	0.1	0.30201	1	81.4542	0	210.052	181.057	0	81.4539	1	0	0	1	
65	0.1	0.303518	1	80.5559	0	211.379	181.947	0	80.5556	1	0	0	1	
65	0.1	0.305025	1	79.6271	0	212.705	182.844	0	79.6269	1	0	0	1	
65	0.1	0.306533	1	78.666	0	214.033	183.748	0	78.6658	1	0	0	1	
65	0.1	0.30804	1	77.6703	0	215.361	184.659	0	77.6702	1	0	0	1	
65	0.1	0.309548	1	76.6376	0	216.691	185.577	0	76.6375	1	0	0	1	
65	0.1	0.311055	1	75.565	0	218.023	186.501	0	75.565	1	0	0	1	
65	0.1	0.312563	1	74.4495	0	219.358	187.431	0	74.4495	1	0	0	1	
65	0.1	0.31407	1	73.2874	0	220.696	188.367	0	73.2874	1	0	0	1	
65	0.1	0.315578	1	72.0746	0	222.037	189.308	0	72.0746	1	0	0	1	
65	0.1	0.317085	1	70.806	0	223.384	190.253	0	70.806	1	0	0	1	
65	0.1	0.318593	1	69.4762	0	224.736	191.201	0	69.4761	1	0	0	1	
65	0.1	0.320101	1	68.0781	0	226.094	192.152	0	68.078	1	0	0	1	
65	0.1	0.321608	1	66.6036	0	227.46	193.103	0	66.6035	1	0	0	1	
65	0.1	0.323116	1	65.0426	0	228.836	194.053	0	65.0425	1	0	0	1	
65	0.1	0.324623	1	63.3826	0	230.222	194.999	0	63.3824	1	0	0	1	
65	0.1	0.326131	1	61.6076	0	231.622	195.937	0	61.6072	1	0	0	1	
65	0.1	0.327638	1	59.6965	0	233.038	196.864	0	59.696	1	0	0	1	
65	0.1	0.329146	1	57.6212	0	234.474	197.771	0	57.6206	1	0	0	1	
65	0.1	0.330653	1	55.3413	0	235.935	198.647	0	55.3367	1	0	0	1	
65	0.1	0.332161	1	52.798	0	237.43	199.48	0	52.799	1	0	0	1	
65	0.1	0.333668	1	49.8944	0	238.972	200.235	0	49.8995	1	0	0	1	
65	0.1	0.335176	1	46.454	0	240.585	200.851	0	46.4563	1	0	0	1	
65	0.1	0.336683	1	42.0865	0	242.32	201.192	0	42.1001	1	0	0	1	
65	0.1	0.338191	1	35.3896	0	244.365	200.645	0	35.4058	1	0	0	1	
