65	0.0615578	0.3	1	71.7162	0	274.066	214.283	0	71.7451	1	0	0	1	
65	0.0625126	0.3	1	72.8939	0	271.6	213.097	0	72.8614	1	0	0	1	
65	0.0634673	0.3	1	73.995	0	269.201	211.963	0	73.9757	1	0	0	1	
65	0.0644221	0.3	1	75.034	0	266.863	210.873	0	75.0689	1	0	0	1	
65	0.0653769	0.3	1	76.0421	0	264.576	209.795	0	76.0664	1	0	0	1	
65	0.0663317	0.3	1	77.004	0	262.344	208.747	0	77.0214	1	0	0	1	
65	0.0672864	0.3	1	77.9231	0	260.164	207.729	0	77.936	1	0	0	1	
65	0.0682412	0.3	1	78.8023	0	258.035	206.739	0	78.8119	1	0	0	1	
65	0.069196	0.3	1	79.6515	0	255.951	205.768	0	79.6269	1	0	0	1	
65	0.0701508	0.3	1	80.4566	0	253.916	204.833	0	80.437	1	0	0	1	
65	0.0711055	0.3	1	81.2293	0	251.926	203.923	0	81.2134	1	0	0	1	
65	0.0720603	0.3	1	81.9713	0	249.98	203.037	0	81.9582	1	0	0	1	
65	0.0730151	0.3	1	82.6843	0	248.075	202.174	0	82.6735	1	0	0	1	
65	0.0739698	0.3	1	83.3699	0	246.21	201.334	0	83.3608	1	0	0	1	
65	0.0749246	0.3	1	84.0295	0	244.383	200.515	0	84.0219	1	0	0	1	
65	0.0758794	0.3	1	84.6646	0	242.595	199.718	0	84.6581	1	0	0	1	
65	0.0768342	0.3	1	85.2708	0	240.844	198.949	0	85.2932	1	0	0	1	
65	0.0777889	0.3	1	85.8613	0	239.126	198.191	0	85.881	1	0	0	1	
65	0.0787437	0.3	1	86.4306	0	237.442	197.453	0	86.4481	1	0	0	1	
65	0.0796985	0.3	1	86.9799	0	235.791	196.733	0	86.9954	1	0	0	1	
65	0.0806533	0.3	1	87.5101	0	234.172	196.032	0	87.524	1	0	0	1	
65	0.081608	0.3	1	88.0221	0	232.583	195.348	0	88.0346	1	0	0	1	
65	0.0825628	0.3	1	88.5168	0	231.024	194.681	0	88.5281	1	0	0	1	
65	0.0835176	0.3	1	88.995	0	229.494	194.03	0	89.0052	1	0	0	1	
65	0.0844724	0.3	1	89.4574	0	227.992	193.396	0	89.4667	1	0	0	1	
65	0.0854271	0.3	1	89.9047	0	226.518	192.778	0	89.9132	1	0	0	1	
65	0.0863819	0.3	1	90.3376	0	225.069	192.174	0	90.3453	1	0	0	1	
65	0.0873367	0.3	1	90.7566	0	223.646	191.585	0	90.7637	1	0	0	1	
65	0.0882915	0.3	1	91.1623	0	222.248	191.011	0	91.1688	1	0	0	1	
65	0.0892462	0.3	1	91.5551	0	220.874	190.45	0	91.5612	1	0	0	1	
65	0.090201	0.3	1	91.9356	0	219.524	189.904	0	91.9412	1	0	0	1	
65	0.0911558	0.3	1	92.3041	0	218.196	189.371	0	92.3094	1	0	0	1	
65	0.0921106	0.3	1	92.6611	0	216.891	188.851	0	92.6659	1	0	0	1	
65	0.0930653	0.3	1	93.0065	0	215.607	188.344	0	93.0111	1	0	0	1	
65	0.0940201	0.3	1	93.3406	0	214.345	187.852	0	93.3449	1	0	0	1	
65	0.0949749	0.3	1	93.6623	0	213.104	187.374	0	93.6663	1	0	0	1	
65	0.0959296	0.3	1	93.9728	0	211.883	186.911	0	93.9766	1	0	0	1	
65	0.0968844	0.3	1	94.279	0	210.68	186.451	0	94.2604	1	0	0	1	
65	0.0978392	0.3	1	94.5738	0	209.497	186.006	0	94.5561	1	0	0	1	
65	0.098794	0.3	1	94.8614	0	208.332	185.569	0	94.8446	1	0	0	1	
65	0.0997487	0.3	1	95.1421	0	207.184	185.141	0	95.126	1	0	0	1	
65	0.100704	0.3	1	95.416	0	206.053	184.72	0	95.4006	1	0	0	1	
65	0.101658	0.3	1	95.6835	0	204.938	184.308	0	95.6687	1	0	0	1	
65	0.102613	0.3	1	95.9447	0	203.84	183.903	0	95.9306	1	0	0	1	
65	0.103568	0.3	1	96.1999	0	202.757	183.506	0	96.1864	1	0	0	1	
65	0.104523	0.3	1	96.4493	0	201.69	183.115	0	96.4363	1	0	0	1	
65	0.105477	0.3	1	96.6931	0	200.637	182.732	0	96.6806	1	0	0	1	
65	0.106432	0.3	1	96.9314	0	199.6	182.356	0	96.9194	1	0	0	1	
65	0.107387	0.3	1	97.1646	0	198.576	181.986	0	97.153	1	0	0	1	
65	0.108342	0.3	1	97.3926	0	197.567	181.622	0	97.3815	1	0	0	1	
65	0.109296	0.3	1	97.6158	0	196.571	181.265	0	97.605	1	0	0	1	
65	0.110251	0.3	1	97.8342	0	195.589	180.914	0	97.8238	1	0	0	1	
65	0.111206	0.3	1	98.048	0	194.619	180.569	0	98.038	1	0	0	1	
65	0.112161	0.3	1	98.2574	0	193.663	180.23	0	98.2477	1	0	0	1	
65	0.113116	0.3	1	98.4625	0	192.718	179.896	0	98.4531	1	0	0	1	
65	0.11407	0.3	1	98.6634	0	191.786	179.568	0	98.6543	1	0	0	1	
65	0.115025	0.3	1	98.8602	0	190.866	179.246	0	98.8514	1	0	0	1	
65	0.11598	0.3	1	99.0532	0	189.957	178.928	0	99.0446	1	0	0	1	
65	0.116935	0.3	1	99.2423	0	189.06	178.616	0	99.234	1	0	0	1	
65	0.117889	0.3	1	99.4277	0	188.174	178.308	0	99.4196	1	0	0	1	
65	0.118844	0.3	1	99.6095	0	187.299	178.006	0	99.6017	1	0	0	1	
65	0.119799	0.3	1	99.7879	0	186.434	177.708	0	99.7803	1	0	0	1	
65	0.120754	0.3	1	99.9629	0	185.58	177.415	0	99.9554	1	0	0	1	
65	0.121709	0.3	1	100.135	0	184.736	177.126	0	100.127	1	0	0	1	
65	0.122663	0.3	1	100.303	0	183.903	176.842	0	100.296	1	0	0	1	
65	0.123618	0.3	1	100.468	0	183.079	176.563	0	100.462	1	0	0	1	
65	0.124573	0.3	1	100.631	0	182.264	176.287	0	100.624	1	0	0	1	
65	0.125528	0.3	1	100.79	0	181.46	176.016	0	100.784	1	0	0	1	
65	0.126482	0.3	1	100.947	0	180.664	175.748	0	100.94	1	0	0	1	
65	0.127437	0.3	1	101.101	0	179.877	175.485	0	101.094	1	0	0	1	
65	0.128392	0.3	1	101.252	0	179.1	175.225	0	101.246	1	0	0	1	
65	0.129347	0.3	1	101.4	0	178.331	174.969	0	101.394	1	0	0	1	
65	0.130302	0.3	1	101.546	0	177.57	174.717	0	101.54	1	0	0	1	
65	0.131256	0.3	1	101.689	0	176.818	174.469	0	101.684	1	0	0	1	
65	0.132211	0.3	1	101.83	0	176.075	174.224	0	101.825	1	0	0	1	
65	0.133166	0.3	1	101.969	0	175.339	173.982	0	101.964	1	0	0	1	
65	0.134121	0.3	1	102.105	0	174.611	173.744	0	102.1	1	0	0	1	
65	0.135075	0.3	1	102.239	0	173.891	173.509	0	102.234	1	0	0	1	
65	0.13603	0.3	1	102.371	0	173.179	173.277	0	102.366	1	0	0	1	
65	0.136985	0.3	1	102.501	0	172.474	173.049	0	102.496	1	0	0	1	
65	0.13794	0.3	1	102.628	0	171.776	172.823	0	102.623	1	0	0	1	
65	0.138894	0.3	1	102.754	0	171.086	172.601	0	102.749	1	0	0	1	
65	0.139849	0.3	1	102.877	0	170.403	172.382	0	102.873	1	0	0	1	
65	0.140804	0.3	1	102.999	0	169.727	172.166	0	102.994	1	0	0	1	
65	0.141759	0.3	1	103.119	0	169.058	171.952	0	103.114	1	0	0	1	
65	0.142714	0.3	1	103.237	0	168.395	171.741	0	103.232	1	0	0	1	
65	0.143668	0.3	1	103.353	0	167.739	171.533	0	103.348	1	0	0	1	
65	0.144623	0.3	1	103.467	0	167.09	171.328	0	103.462	1	0	0	1	
65	0.145578	0.3	1	103.579	0	166.447	171.126	0	103.575	1	0	0	1	
65	0.146533	0.3	1	103.69	0	165.81	170.926	0	103.686	1	0	0	1	
65	0.147487	0.3	1	103.799	0	165.179	170.728	0	103.795	1	0	0	1	
65	0.148442	0.3	1	103.907	0	164.555	170.533	0	103.903	1	0	0	1	
65	0.149397	0.3	1	104.013	0	163.936	170.341	0	104.009	1	0	0	1	
65	0.150352	0.3	1	104.117	0	163.323	170.151	0	104.113	1	0	0	1	
65	0.151307	0.3	1	104.22	0	162.717	169.963	0	104.216	1	0	0	1	
65	0.152261	0.3	1	104.322	0	162.115	169.778	0	104.318	1	0	0	1	
65	0.153216	0.3	1	104.422	0	161.52	169.594	0	104.418	1	0	0	1	
65	0.154171	0.3	1	104.52	0	160.93	169.413	0	104.516	1	0	0	1	
65	0.155126	0.3	1	104.617	0	160.345	169.235	0	104.614	1	0	0	1	
65	0.15608	0.3	1	104.713	0	159.766	169.058	0	104.71	1	0	0	1	
65	0.157035	0.3	1	104.808	0	159.191	168.884	0	104.804	1	0	0	1	
65	0.15799	0.3	1	104.901	0	158.623	168.711	0	104.898	1	0	0	1	
65	0.158945	0.3	1	104.993	0	158.059	168.541	0	104.989	1	0	0	1	
65	0.159899	0.3	1	105.084	0	157.5	168.372	0	105.08	1	0	0	1	
65	0.160854	0.3	1	105.173	0	156.946	168.206	0	105.17	1	0	0	1	
65	0.161809	0.3	1	105.261	0	156.397	168.041	0	105.258	1	0	0	1	
65	0.162764	0.3	1	105.348	0	155.853	167.879	0	105.345	1	0	0	1	
65	0.163719	0.3	1	105.434	0	155.313	167.718	0	105.431	1	0	0	1	
65	0.164673	0.3	0	105.519	167.559	4.95372e-06	167.559	4.95372e-06	105.516	1	0	0	1	
65	0.165628	0.3	0	105.603	167.402	5.79965e-06	167.402	5.79965e-06	105.6	1	0	0	1	
65	0.166583	0.3	0	105.686	167.247	3.54394e-06	167.247	3.54394e-06	105.682	1	0	0	1	
65	0.167538	0.3	0	105.767	167.093	6.25687e-06	167.093	6.25687e-06	105.764	1	0	0	1	
65	0.168492	0.3	0	105.848	166.941	1.00153e-05	166.941	1.00153e-05	105.844	1	0	0	1	
65	0.169447	0.3	0	105.927	166.791	7.21419e-06	166.791	7.21419e-06	105.924	1	0	0	1	
65	0.170402	0.3	0	106.005	166.643	1.34972e-05	166.643	1.34972e-05	106.003	1	0	0	1	
65	0.171357	0.3	0	106.083	166.496	4.28796e-06	166.496	4.28796e-06	106.08	1	0	0	1	
65	0.172312	0.3	0	106.159	166.35	5.67606e-06	166.35	5.67606e-06	106.157	1	0	0	1	
65	0.173266	0.3	0	106.235	166.206	1.98429e-05	166.206	1.98429e-05	106.232	1	0	0	1	
65	0.174221	0.3	0	106.31	166.064	1.71756e-05	166.064	1.71756e-05	106.307	1	0	0	1	
65	0.175176	0.3	0	106.383	165.924	7.66318e-06	165.924	7.66318e-06	106.381	1	0	0	1	
65	0.176131	0.3	0	106.456	165.785	5.84529e-06	165.785	5.84529e-06	106.454	1	0	0	1	
65	0.177085	0.3	0	106.528	165.647	8.15659e-06	165.647	8.15659e-06	106.526	1	0	0	1	
65	0.17804	0.3	0	106.599	165.511	2.76157e-05	165.511	2.76157e-05	106.597	1	0	0	1	
65	0.178995	0.3	0	106.67	165.376	8.15402e-06	165.376	8.15402e-06	106.667	1	0	0	1	
65	0.17995	0.3	0	106.739	165.242	3.46942e-05	165.242	3.46942e-05	106.736	1	0	0	1	
65	0.180905	0.3	0	106.808	165.11	3.81845e-06	165.11	3.81845e-06	106.805	1	0	0	1	
65	0.181859	0.3	0	106.875	164.979	3.29032e-05	164.979	3.29032e-05	106.873	1	0	0	1	
65	0.182814	0.3	0	106.942	164.85	2.03583e-05	164.85	2.03583e-05	106.94	1	0	0	1	
65	0.183769	0.3	0	107.009	164.722	1.75889e-05	164.722	1.75889e-05	107.006	1	0	0	1	
65	0.184724	0.3	0	107.074	164.595	5.7997e-06	164.595	5.7997e-06	107.072	1	0	0	1	
65	0.185678	0.3	0	107.139	164.47	6.08832e-06	164.47	6.08832e-06	107.136	1	0	0	1	
65	0.186633	0.3	0	107.203	164.346	4.60014e-06	164.346	4.60014e-06	107.2	1	0	0	1	
65	0.187588	0.3	0	107.266	164.223	9.32831e-07	164.223	9.32831e-07	107.264	1	0	0	1	
65	0.188543	0.3	0	107.329	164.101	2.40025e-05	164.101	2.40025e-05	107.326	1	0	0	1	
65	0.189497	0.3	0	107.391	163.98	2.03749e-05	163.98	2.03749e-05	107.388	1	0	0	1	
65	0.190452	0.3	0	107.452	163.861	2.80346e-06	163.861	2.80346e-06	107.449	1	0	0	1	
65	0.191407	0.3	0	107.512	163.743	4.80603e-06	163.743	4.80603e-06	107.51	1	0	0	1	
65	0.192362	0.3	0	107.572	163.626	2.69094e-05	163.626	2.69094e-05	107.57	1	0	0	1	
65	0.193317	0.3	0	107.631	163.51	2.04766e-05	163.51	2.04766e-05	107.629	1	0	0	1	
65	0.194271	0.3	0	107.69	163.395	7.87602e-05	163.395	7.87602e-05	107.687	1	0	0	1	
65	0.195226	0.3	0	107.748	163.282	1.83449e-06	163.282	1.83449e-06	107.745	1	0	0	1	
65	0.196181	0.3	0	107.805	163.169	2.67363e-05	163.169	2.67363e-05	107.802	1	0	0	1	
65	0.197136	0.3	0	107.861	163.057	7.26647e-06	163.057	7.26647e-06	107.859	1	0	0	1	
65	0.19809	0.3	0	107.917	162.947	4.31917e-07	162.947	4.31917e-07	107.915	1	0	0	1	
65	0.199045	0.3	0	107.973	162.838	2.9945e-05	162.838	2.9945e-05	107.971	1	0	0	1	
65	0.2	0.3	0	108.028	162.729	2.11831e-05	162.729	2.11831e-05	108.025	1	0	0	1	
