65	0.1	0.1	1	167.3369182421532	43.64647988304525	2.961737669412751e-06	7.294098287618666e-06	1.467445961358843e-05	173	1	1	0	1	
65	0.1	0.1015075376884422	1	167.3226765700398	43.64360395456914	-4.287978902100392e-06	2.124152285733952e-07	1.522902746717157e-05	173	1	1	0	1	
65	0.1	0.1030150753768844	1	167.308361880436	43.64074257089388	-7.408505147479816e-06	2.04153814966377e-05	1.413796337345812e-05	173	1	1	0	1	
65	0.1	0.1045226130653266	1	167.2939725532078	43.63806061708875	-1.671530907756957e-06	1.27067732340815e-05	-8.439830592932128e-06	173	1	1	0	1	
65	0.1	0.1060301507537689	1	167.2795075416202	43.63546718793111	-2.477051729357638e-08	-6.723883811583631e-06	1.161537494292774e-05	173	1	1	0	1	
65	0.1	0.1075376884422111	1	167.2649651540618	43.63279848066551	2.337572318328839e-08	-7.156423569018039e-07	-6.93656142764497e-06	173	1	1	0	1	
65	0.1	0.1090452261306533	1	167.2503444832317	43.63034231271828	-9.930752368769724e-06	-3.296664689981479e-06	3.182627225525652e-06	173	1	1	0	1	
65	0.1	0.1105527638190955	1	167.2356441588685	43.62800843784259	-6.292361311284033e-06	1.145057184745606e-05	-8.631657178734279e-06	173	1	1	0	1	
65	0.1	0.1120603015075377	1	167.2208623355295	43.62574893917181	3.949518898363567e-06	-3.150944485227843e-06	-2.490395451047936e-05	173	1	1	0	1	
65	0.1	0.1135678391959799	1	167.2059976880979	43.62356934115294	-1.759173994986696e-05	-3.023303295354244e-05	3.289922081402947e-06	173	1	1	0	1	
65	0.1	0.1150753768844221	1	167.1910491283882	43.62146626064424	1.111535754429849e-05	1.010883738267504e-05	2.383377068514175e-05	173	1	1	0	1	
65	0.1	0.1165829145728643	1	167.1760153541436	43.61954041155652	1.401513908478366e-05	-1.960533253437951e-05	3.293566792278947e-06	173	1	1	0	1	
65	0.1	0.1180904522613065	1	167.1608945563643	43.61761204607436	2.387291985456175e-06	-5.126059633319585e-06	-3.963167753709686e-06	173	1	1	0	1	
65	0.1	0.1195979899497488	1	167.1456859078156	43.61588694022517	-1.498201693895043e-06	-9.021322487975203e-06	5.610765750549498e-06	173	1	1	0	1	
65	0.1	0.121105527638191	1	167.1303878332021	43.61419182169642	-3.619877636054387e-06	-1.91369313173345e-05	-1.180726914667298e-05	173	1	1	0	1	
65	0.1	0.1226130653266332	1	167.114999050502	43.61267609580688	9.810733739637478e-06	2.418625479133733e-06	-4.784644713551882e-06	173	1	1	0	1	
65	0.1	0.1241206030150754	1	167.099519730572	43.61111669939908	1.37952017104058e-05	-4.973200156296832e-07	3.348374728786382e-05	173	1	1	0	1	
65	0.1	0.1256281407035176	1	167.0839480813023	43.60974159672053	-1.47636138953175e-05	-9.524071745138951e-06	1.465122691573219e-05	173	1	1	0	1	
65	0.1	0.1271356783919598	1	167.0682848524362	43.60859717317592	7.118208307191343e-06	1.712108978602442e-05	-8.484760349671627e-06	173	1	1	0	1	
65	0.1	0.128643216080402	1	167.052530450171	43.60725459294947	1.465385166543598e-07	2.570786415537904e-05	1.006592790723495e-05	173	1	1	0	1	
65	0.1	0.1301507537688442	1	167.036686342732	43.60601214703068	-1.795586399976068e-06	9.418299922690198e-06	-7.596718927670987e-10	173	1	1	0	1	
65	0.1	0.1316582914572864	1	167.0207563728605	43.60468114400166	1.161408196335978e-05	-1.675870518846369e-05	-1.38967057928586e-05	173	1	1	0	1	
65	0.1	0.1331658291457287	1	167.0047463154511	43.6032195185452	-3.426257251500781e-05	-8.404866038764105e-06	4.787056225943776e-06	173	1	1	0	1	
65	0.1	0.1346733668341709	1	166.9886678490626	43.60141668662961	1.752446134761776e-06	-1.28138913799861e-06	-1.236982122473703e-05	173	1	1	0	1	
65	0.1	0.1361809045226131	1	166.9725435268748	43.59881524181082	-2.890927821606187e-06	-2.376476563012528e-06	-7.603047200438124e-06	173	1	1	0	1	
65	0.1	0.1376884422110553	1	166.9564202260939	43.59467185484237	-1.794941782304327e-06	7.544491258007989e-06	1.119815551388275e-05	173	1	1	0	1	
65	0.1	0.1391959798994975	1	166.9404288999311	43.5861363771158	2.797235551049021e-05	7.709830599166083e-06	1.257076360744149e-05	173	1	1	0	1	
65	0.1	0.1407035175879397	1	166.9252160522612	43.55759233727305	5.380289401505506e-06	7.994883477780273e-06	1.764155910665285e-06	173	1	1	0	1	
65	0.1	0.1422110552763819	1	166.9088386575525	43.56374256211765	-5.877661614243912e-06	3.87049190756025e-06	-1.54956861501976e-05	173	1	1	0	1	
65	0.1	0.1437185929648241	1	166.8914186106679	43.61465235317947	7.796274322735552e-06	1.210944922009994e-05	-1.297546678329131e-05	173	1	1	0	1	
65	0.1	0.1452261306532663	1	166.8725591359111	43.70067070619322	-1.802032400588191e-05	-9.410110474237766e-06	-2.794286250255095e-05	173	1	1	0	1	
65	0.1	0.1467336683417086	1	166.8540684165488	43.65968317140721	-2.039705204866411e-06	2.32137137320212e-06	-1.220398404135581e-05	173	1	1	0	1	
65	0.1	0.1482412060301508	1	166.8357574261795	43.65202370548941	3.941310639448441e-06	-4.390582004561903e-06	8.051570903700031e-06	173	1	1	0	1	
65	0.1	0.149748743718593	1	166.8174025593114	43.65051245489416	4.915323332840837e-06	-3.337922213476678e-06	-3.157139240822875e-05	173	1	1	0	1	
65	0.1	0.1512562814070352	1	166.7989342590743	43.65160799162718	-1.954271088061961e-05	-5.411762025880948e-07	1.968456539636421e-05	173	1	1	0	1	
65	0.1	0.1527638190954774	1	166.7803159608358	43.65433401759402	-8.077363678360427e-06	2.575861026255092e-06	-1.069025656717676e-05	173	1	1	0	1	
65	0.1	0.1542713567839196	1	166.7615239089969	43.65811089085337	1.103452237709648e-05	9.118620878377094e-06	7.200464930015731e-07	173	1	1	0	1	
65	0.1	0.1557788944723618	1	166.7425386408574	43.66301074542232	-1.273058835762897e-05	-1.128000618541213e-05	7.543719878178571e-06	173	1	1	0	1	
65	0.1	0.157286432160804	1	166.7233447056031	43.66880233567212	-5.00146062401563e-06	-1.080026970778429e-05	2.503186600895987e-05	173	1	1	0	1	
65	0.1	0.1587939698492462	1	166.7039261140278	43.67535504911515	1.14534794110055e-06	1.388876492906468e-05	1.47146743150173e-05	173	1	1	0	1	
65	0.1	0.1603015075376885	1	166.6842670828898	43.68281569424909	-5.608397000853027e-06	6.419548896776906e-06	9.474204364461143e-06	173	1	1	0	1	
65	0.1	0.1618090452261307	1	166.6643519952277	43.69137539173468	1.135001486642822e-05	-5.091617814739364e-07	1.646638241810196e-05	173	1	1	0	1	
65	0.1	0.1633165829145729	1	166.6441639674392	43.70085240482072	-2.714982872746314e-05	2.256350318849239e-05	2.368198567186833e-05	173	1	1	0	1	
65	0.1	0.1648241206030151	1	166.6236844378615	43.71142456987359	-2.608508449749528e-05	3.51546727425553e-06	1.343204961250187e-05	173	1	1	0	1	
65	0.1	0.1663316582914573	1	166.6028937824008	43.72332630684766	4.66430952471503e-06	2.708996403779898e-05	1.589687882501365e-05	173	1	1	0	1	
65	0.1	0.1678391959798995	1	166.5817700570822	43.73644301191685	-1.414955960427804e-05	1.177061998347142e-05	-3.482081969129348e-05	173	1	1	0	1	
65	0.1	0.1693467336683417	1	166.5602876581941	43.75121651162265	-2.556385893096036e-06	5.772947896790567e-06	-2.192298642345338e-05	173	1	1	0	1	
65	0.1	0.1708542713567839	1	166.5384200034632	43.76763489956402	-1.086064766800399e-05	-1.628888162774291e-05	-8.107810041755659e-06	173	1	1	0	1	
65	0.1	0.1723618090452261	1	166.5161331911572	43.78610286635408	-2.038247212494612e-06	4.940266867283485e-06	-4.03400446244408e-05	173	1	1	0	1	
65	0.1	0.1738693467336684	1	166.4933928986214	43.80674734010649	-1.048472275765044e-05	4.154605368056451e-06	1.911715262681045e-05	173	1	1	0	1	
65	0.1	0.1753768844221106	1	166.4701533251653	43.82998305819292	1.492602007436422e-05	-9.986199698347874e-07	2.053028458709708e-05	173	1	1	0	1	
65	0.1	0.1768844221105528	1	166.4463655649699	43.85645325989707	1.166121935030403e-05	3.983121652792101e-06	-3.089419484598385e-06	173	1	1	0	1	
65	0.1	0.178391959798995	1	166.4219690486978	43.88640899413377	-1.164693574980113e-05	-1.844065277202273e-05	-4.470904626727862e-05	173	1	1	0	1	
65	0.1	0.1798994974874372	1	166.3941952369364	43.99238329399601	-7.377493935643009e-05	5.89819563683802e-06	-1.790040750685698e-05	173	1	1	0	1	
65	0.1	0.1814070351758794	1	166.3666524229711	44.07675498312605	4.419990000870122e-05	-1.271142081365718e-06	12.40295827881293	173	1	1	0	1	
65	0.1	0.1829145728643216	1	166.2510639516063	46.29067591642608	1.341573094520987e-05	1.850389121709969e-06	26.65362498001243	173	1	1	0	1	
65	0.1	0.1844221105527638	1	166.0406985316121	50.07825318090723	-4.268042763398922e-05	4.464643879246825e-07	35.47545083460749	173	1	1	0	1	
65	0.1	0.1859296482412061	1	165.7648226186182	54.30476633604322	1.404832410144377e-05	8.091778104756409e-06	42.45175863915247	173	1	1	0	1	
65	0.1	0.1874371859296483	1	165.436777730343	58.61675037921759	-1.88592326977945e-05	2.745138714560502e-05	48.41126497709565	173	1	1	0	1	
65	0.1	0.1889447236180904	1	165.0871246298655	62.63278160757033	0.0001012352401100897	-5.034598978343602e-06	53.67793228064411	173	1	1	0	1	
65	0.1	0.1904522613065327	1	164.7114006205192	66.49536705280484	-7.550826499294443e-05	1.403466936977099e-05	58.45930775504853	173	1	1	0	1	
65	0.1	0.1919597989949749	1	164.3156688872952	70.18901380964111	-5.075157150612208e-05	2.302935936442096e-05	62.8700105074096	173	1	1	0	1	
65	0.1	0.1934673366834171	1	163.9038218129083	73.71978850496758	0.0001027040477753483	-9.889723955641e-06	66.98850273398648	173	1	1	0	1	
65	0.1	0.1949748743718593	1	163.4784741874485	77.10033602528513	7.138193023048522e-05	-9.689561083520148e-06	70.87654928823824	173	1	1	0	1	
65	0.1	0.1964824120603015	1	163.0412554886864	80.34616132379637	-5.544331183023748e-05	7.612653306653073e-06	74.63120871462505	173	1	1	0	1	
65	0.1	0.1979899497487437	1	162.5934489025852	83.47040643106268	-2.903005826121463e-05	7.079774114878351e-06	78.01968258439409	173	1	1	0	1	
65	0.1	0.1994974874371859	1	162.1379318336918	86.47196991283816	-2.506717851485929e-05	1.322688871030486e-05	81.27453726054902	173	1	1	0	1	
65	0.1	0.2010050251256282	1	161.6746888513233	89.3679959517622	5.317082950664909e-05	-2.431229156631717e-06	84.42689859183382	173	1	1	0	1	
65	0.1	0.2025125628140704	1	161.2041677701109	92.16915208152365	6.580545208564447e-06	-1.336109453224654e-05	87.4729579117748	173	1	1	0	1	
65	0.1	0.2040201005025126	1	160.7267927302626	94.88401051589072	-9.769737776517049e-05	-2.201680314556321e-05	90.41996528078258	173	1	1	0	1	
65	0.1	0.2055276381909548	1	160.2429270060733	97.51992742773002	-1.963320694194764e-05	1.655210572276689e-05	93.27612039340868	173	1	1	0	1	
65	0.1	0.207035175879397	1	159.7528754095076	100.0831678081572	-9.100688818989427e-06	4.442766173591919e-06	96.0491076717759	173	1	1	0	1	
65	0.1	0.2085427135678392	1	159.2568920765329	102.57936088563	2.211545462924491e-05	1.09414894244023e-05	98.74593296616509	173	1	1	0	1	
65	0.1	0.2100502512562814	1	158.7551887247557	105.0133646522814	6.276294608955485e-05	-2.779825610834535e-06	101.3726449392227	173	1	1	0	1	
65	0.1	0.2115577889447236	1	158.2479414539338	107.3895328423204	-3.870724348870123e-05	-7.279942754123692e-06	103.9347057840133	173	1	1	0	1	
65	0.1	0.2130653266331659	1	157.7352965275856	109.711764328912	9.372835007620539e-05	-6.190764050462323e-06	106.4369419719314	173	1	1	0	1	
65	0.1	0.214572864321608	1	157.2173750640944	111.983495328904	1.133827548949196e-05	-4.728676376731383e-06	108.8835647129777	173	1	1	0	1	
65	0.1	0.2160804020100503	1	156.6942768664638	114.2079381676162	1.763601086707256e-05	-1.030065397746786e-05	111.2783578732211	173	1	1	0	1	
65	0.1	0.2175879396984925	1	156.1660838713288	116.3878932189263	3.077867706177163e-05	2.438595817061504e-05	113.6248112011907	173	1	1	0	1	
65	0.1	0.2190954773869347	1	155.6328621411864	118.5259912487116	-4.257888151987244e-05	1.992638349945796e-05	115.9259431954171	173	1	1	0	1	
65	0.1	0.2206030150753769	1	155.0946644464979	120.6246464848345	8.821476645812232e-06	-5.912008274589707e-06	118.18451311881	173	1	1	0	1	
65	0.1	0.2221105527638191	1	154.5515320573058	122.6860226982398	-1.408544766379194e-06	-1.138758244001084e-05	120.4030395568991	173	1	1	0	1	
65	0.1	0.2236180904522613	1	154.0034963460227	124.7122079716537	-2.61402260297583e-05	2.730627323771495e-05	122.5838345479813	173	1	1	0	1	
65	0.1	0.2251256281407035	1	153.4505803526276	126.7051627153498	-1.785769847240104e-05	8.854747488629133e-06	124.72893506616	173	1	1	0	1	
65	0.1	0.2266331658291457	1	152.8928001865401	128.6667176319296	8.759073325106947e-06	-6.213037964792473e-06	126.8402273082715	173	1	1	0	1	
65	0.1	0.2281407035175879	1	152.3301666415686	130.5987429378828	2.637381258203085e-05	-3.548143661168818e-06	128.9194596701143	173	1	1	0	1	
65	0.1	0.2296482412060302	1	151.7626871300716	132.5031516257124	-4.15662332540331e-05	-2.158980297711647e-06	130.9682426523669	173	1	1	0	1	
65	0.1	0.2311557788944724	1	151.1903684169769	134.3820054981383	4.327584013531912e-06	2.603622921860602e-05	132.9880622599181	173	1	1	0	1	
65	0.1	0.2326633165829146	1	150.6132214755581	136.2380602183755	4.330229591141652e-06	2.015166949104197e-05	134.980229223968	173	1	1	0	1	
65	0.1	0.2341708542713568	1	150.0312712427687	138.0753925446691	1.82625208665077e-05	1.082112554537731e-05	136.946033034418	173	1	1	0	1	
65	0.1	0.235678391959799	1	149.4445833740039	139.9028971873904	-2.025887962164852e-05	2.919713694110029e-05	138.8865922854265	173	1	1	0	1	
65	0.1	0.2371859296482412	1	148.85340320428	141.7573626596978	-8.991136946467915e-06	-3.301335541004702e-05	140.8028830417543	173	1	1	0	1	
65	0.1	0.2386934673366834	1	148.2585976300929	143.5280372413543	7.91322501635626e-07	-1.268468224409347e-06	142.6955337847586	173	1	1	0	1	
65	0.1	0.2402010050251256	1	147.6571810118689	145.0984699689674	5.764544585111844e-05	1.558866190287667e-05	144.5667632538056	173	1	1	0	1	
65	0.1	0.2417085427135679	1	147.0495045362578	146.7272122541113	-1.558442976778984e-06	1.093749107239361e-05	146.4172861195932	173	1	1	0	1	
65	0.1	0.2432160804020101	1	146.4361252157723	148.3600475656771	2.085948961197751e-05	-1.969111831452532e-05	148.2476394645874	173	1	1	0	1	
65	0.1	0.2447236180904523	1	145.8170805812288	149.985667605509	2.517755392373406e-05	-1.727510399415332e-05	150.0585718344885	173	1	1	0	1	
65	0.1	0.2462311557788945	1	145.1924015170036	151.5998813750901	7.00124720894868e-05	-9.778469223727798e-06	151.8507454855656	173	1	1	0	1	
65	0.1	0.2477386934673367	1	144.5620810119814	153.2008667345103	-1.238736632841464e-05	-3.508566223556914e-06	153.6248636349989	173	1	1	0	1	
65	0.1	0.2492462311557789	1	143.9260899936167	154.7878303574801	-6.975058223057662e-06	-1.515729492165829e-05	155.3815422225918	173	1	1	0	1	
65	0.1	0.2507537688442211	1	143.284384408629	156.3603795645793	-1.876612261452609e-05	-9.330771107872244e-06	157.1213682838623	173	1	1	0	1	
65	0.1	0.2522613065326633	1	142.6369094797807	157.9184653792655	1.864168609089223e-06	-5.893387187150267e-07	158.8448906671053	173	1	1	0	1	
65	0.1	0.2537688442211056	1	141.9836004863138	159.4622054564275	-1.098149513176216e-05	1.252184569262155e-05	160.5526997393501	173	1	1	0	1	
65	0.1	0.2552763819095478	1	141.3243838178735	160.9917950534428	1.321310282234025e-05	2.409081587130546e-05	162.2452597891793	173	1	1	0	1	
65	0.1	0.25678391959799	1	140.6591879048827	162.507561019456	-2.971460452574903e-05	6.194004633553254e-06	163.9230940187835	173	1	1	0	1	
65	0.1	0.2582914572864322	1	139.987924968598	164.0101095391373	2.509051347472646e-06	5.19694504424041e-06	165.5866382602094	173	1	1	0	1	
65	0.1	0.2597989949748744	1	139.310509267781	165.5005293546293	-8.414402409381849e-06	1.531137382777146e-06	167.2363137422432	173	1	1	0	1	
65	0.1	0.2613065326633166	1	138.6269392575014	166.9847848732941	-1.227795255698272e-05	2.165840174074582e-05	168.8724960694588	173	1	1	0	1	
65	0.1	0.2628140703517589	1	137.936887401155	168.4360289449301	2.883538213872827e-05	-2.582748915028188e-06	170.4957007137933	173	1	1	0	1	
65	0.1	0.264321608040201	1	137.2403449216668	169.8750368776286	2.46359494941728e-06	-3.105736376860305e-05	172.1062348302862	173	1	1	0	1	
65	0.1	0.2658291457286432	1	136.5371737619515	171.3048895762307	1.922103245013268e-05	9.828377778076103e-06	173.7044646826939	173	1	1	0	1	
65	0.1	0.2673366834170854	1	135.827263877122	172.7235664886807	1.407213266635399e-05	8.538080109560253e-06	175.2907670433468	173	1	1	0	1	
65	0.1	0.2688442211055276	1	135.1104875742527	174.1307683122199	4.411487153376751e-05	-5.088368612099492e-06	176.865393768094	173	1	1	0	1	
65	0.1	0.2703517587939699	1	134.3867154277303	175.5264716739549	7.798695707906915e-06	-1.217629756883332e-07	178.4287213948188	173	1	1	0	1	
65	0.1	0.2718592964824121	1	133.6558095993944	176.9107530057853	3.523614876436293e-06	4.869935736222242e-06	179.9810110275334	173	1	1	0	1	
65	0.1	0.2733668341708543	1	132.9176249947296	178.2837685897418	2.517113740485577e-05	-4.170271214781751e-05	181.5225611044289	173	1	1	0	1	
65	0.1	0.2748743718592965	1	132.1720093625781	179.6456679794264	-2.315119208197349e-05	-1.350014679650296e-05	183.0536187422542	173	1	1	0	1	
65	0.1	0.2763819095477387	1	131.4188032199721	180.9966759310336	-2.303339065340415e-06	2.451032561170258e-05	184.5744885971967	173	1	1	0	1	
65	0.1	0.2778894472361809	1	130.6578395813575	182.3369012088805	-3.613802673649302e-06	2.950203440915764e-05	186.085358226241	173	1	1	0	1	
65	0.1	0.2793969849246232	1	129.8889436790897	183.66655899825	2.324568698877291e-05	1.697530816615472e-05	187.5864924254258	173	1	1	0	1	
65	0.1	0.2809045226130653	1	129.1119326375162	184.98581522427	7.219213278241918e-05	-9.080038046119926e-06	189.0781458571758	173	1	1	0	1	
65	0.1	0.2824120603015076	1	128.3266150474583	186.2948245884604	2.3075407782569e-05	3.582332256377163e-06	190.5604938607447	173	1	1	0	1	
65	0.1	0.2839195979899498	1	127.5327905583974	187.5937664970811	1.443412170709646e-05	-1.196697781036954e-05	192.0337867450481	173	1	1	0	1	
65	0.1	0.285427135678392	1	126.7302493412642	188.8827916227575	1.918968785352693e-05	1.498645963078638e-05	193.4982025321195	173	1	1	0	1	
65	0.1	0.2869346733668342	1	125.9187715958781	190.1620316989011	-4.309071162889033e-06	5.695582951714684e-06	194.9539273985677	173	1	1	0	1	
65	0.1	0.2884422110552764	1	125.0981268987391	191.4316510492983	-1.002835005176062e-05	-1.542607258669428e-05	196.4011612193467	173	1	1	0	1	
65	0.1	0.2899497487437186	1	124.2680735888953	192.6917625308061	-1.280387563440399e-05	-2.00167805212972e-05	197.8400835734128	173	1	1	0	1	
65	0.1	0.2914572864321608	1	123.4283579898941	193.9425085979044	-6.252462304672836e-06	-3.67585724125874e-06	199.2708599127398	173	1	1	0	1	
65	0.1	0.292964824120603	1	122.5787136167837	195.1839979328078	3.547863525472338e-06	-1.314031490588655e-06	200.6936616995488	173	1	1	0	1	
65	0.1	0.2944723618090452	1	121.7188602958067	196.4163640320164	-1.669306188895395e-05	2.66473853819273e-05	202.1086586248068	173	1	1	0	1	
65	0.1	0.2959798994974875	1	120.8485031390131	197.6397150787515	-3.26507701236961e-05	-1.586036054232421e-05	203.5159877839038	173	1	1	0	1	
65	0.1	0.2974874371859297	1	119.9673314629533	198.8541844119149	-2.064433347362393e-05	-9.018232688309119e-06	204.9158108930953	173	1	1	0	1	
65	0.1	0.2989949748743719	1	119.0750175756194	200.0598146691119	-1.751569954303034e-05	-7.298644176589875e-06	206.3082594473828	173	1	1	0	1	
65	0.1	0.3005025125628141	1	118.1712154149982	201.2567356727069	-1.280487646205348e-05	-1.526616295345617e-05	207.6935385085888	173	1	1	0	1	
65	0.1	0.3020100502512563	1	117.2555590887653	202.4450172025986	3.580050350759922e-05	2.44987879701444e-05	209.0717356151702	173	1	1	0	1	
65	0.1	0.3035175879396985	1	116.3289800670568	203.6230546997209	-1.704880985752e-05	-1.709155899203181e-05	210.4426781840368	173	1	1	0	1	
65	0.1	0.3050251256281408	1	115.3871183262923	204.7959681313196	9.420443066669726e-06	6.394492123806828e-06	211.807525569725	173	1	1	0	1	
65	0.1	0.3065326633165829	1	114.4335024532396	205.958786071274	-4.988856913665934e-06	3.783228063020116e-05	213.165413492329	173	1	1	0	1	
65	0.1	0.3080402010050252	1	113.4663555609785	207.1132324632268	-2.436303991537603e-05	-5.201193303050466e-06	214.5168958906679	173	1	1	0	1	
65	0.1	0.3095477386934674	1	112.4851900193468	208.2593621371969	-7.592710140108191e-05	5.190831686742448e-06	215.8621496927486	173	1	1	0	1	
65	0.1	0.3110552763819096	1	111.4894852436956	209.3972398401453	9.364385951214117e-06	6.795069878440252e-06	217.2014979786021	173	1	1	0	1	
65	0.1	0.3125628140703518	1	110.4786826397921	210.5268988366481	4.693576664438481e-06	1.057080016094239e-05	218.535469228682	173	1	1	0	1	
65	0.1	0.314070351758794	1	109.4521760268989	211.6483904272952	-1.065020237732417e-05	1.851465154933951e-05	219.8652373708966	173	1	1	0	1	
65	0.1	0.3155778894472362	1	108.4092789748602	212.7618010429379	4.280157565866036e-05	-9.696676364218115e-07	221.1962299560629	173	1	1	0	1	
65	0.1	0.3170854271356784	1	107.3491330040519	213.8673171689935	-1.219814103672889e-05	1.873596689311308e-05	222.5060440797405	173	1	1	0	1	
65	0.1	0.3185929648241206	1	106.2717469683215	214.9642072123238	-1.876560459593279e-06	-1.951850325948579e-07	223.7956806231979	173	1	1	0	1	
65	0.1	0.3201005025125628	1	105.1761266003448	-216.0526964812556	1.038634207672917e-05	7.575601449123261e-06	225.0876998621715	173	1	1	0	1	
65	0.1	0.3216080402010051	1	104.0614043521863	-217.1328526446677	-5.058596143692196e-06	2.14247062884261e-05	226.3764690216057	173	1	1	0	1	
65	0.1	0.3231155778894472	1	102.9266451564518	-218.2046779032749	-8.324769503631479e-06	-8.208150386334462e-06	227.6607970084751	173	1	1	0	1	
65	0.1	0.3246231155778895	1	101.7708729467348	-219.2681534591857	-1.776870895463852e-05	-2.570436792172226e-06	228.9402462182332	173	1	1	0	1	
65	0.1	0.3261306532663317	1	100.593015397438	-220.3232930541636	4.246469675814801e-06	2.4811491724782e-05	230.2146080989807	173	1	1	0	1	
65	0.1	0.3276381909547739	1	99.39192938385131	-221.3700384046106	3.731583079641734e-06	2.825950215868775e-05	231.48383110205	173	1	1	0	1	
65	0.1	0.3291457286432161	1	98.16637834110281	-222.4083038015428	1.766748494613779e-06	3.843065838764811e-05	232.7478955007621	173	1	1	0	1	
65	0.1	0.3306532663316583	1	96.91500417755617	-223.4380280971052	4.113601999541396e-05	-1.795188503198042e-05	234.0067760140927	173	1	1	0	1	
65	0.1	0.3321608040201005	1	95.63631766882837	-224.4590976891799	-2.538100950882916e-06	-1.611397637103079e-05	235.2604799328675	173	1	1	0	1	
65	0.1	0.3336683417085428	1	94.32521374224444	-225.4740992453248	2.367444357823101e-05	-1.660307147745288e-05	236.5096410995095	173	1	1	0	1	
65	0.1	0.335175879396985	1	92.98513046770364	-226.4787315384127	-6.019636092591263e-06	-1.548131613983428e-05	237.7533803479522	173	1	1	0	1	
65	0.1	0.3366834170854272	1	91.6192972624909	-227.4692002079842	1.335535247445202e-06	1.927439756310712e-05	238.9907948942677	173	1	1	0	1	
65	0.1	0.3381909547738694	1	90.21323169656773	-228.4543469795928	1.55708852509142e-05	3.512248475127933e-05	240.2240640950859	173	1	1	0	1	
65	0.1	0.3396984924623116	1	88.76970702461651	-229.4300684504649	-1.066650491597307e-05	2.071017297684992e-05	241.4522915889056	173	1	1	0	1	
65	0.1	0.3412060301507538	1	87.28591696876883	-230.3961422917657	3.803989615851211e-06	-7.385952179750355e-06	242.6754857726455	173	1	1	0	1	
65	0.1	0.342713567839196	1	85.75868930380136	-231.3522702511368	4.472400212840455e-06	-5.767503035922217e-06	243.8937322809879	173	1	1	0	1	
65	0.1	0.3442211055276382	1	84.1817765717052	-232.2996969965675	2.204493636859262e-06	-2.413036602894048e-06	245.1073602869543	173	1	1	0	1	
65	0.1	0.3457286432160804	1	82.55580589198196	-233.235199091909	9.788881821043332e-06	2.532676126302036e-06	246.3157201333767	173	1	1	0	1	
65	0.1	0.3472361809045227	1	80.87383737769244	-234.1596626002974	3.669079047717572e-06	-3.353303865596957e-06	247.5191479885378	173	1	1	0	1	
65	0.1	0.3487437185929648	1	79.13032655732303	-235.0726030963427	-3.215497440093446e-05	-4.609926750366589e-06	248.7176559326198	173	1	1	0	1	
65	0.1	0.3502512562814071	1	77.31875905830516	-235.9733948334531	6.368103563920979e-06	-1.937229408413219e-05	249.9112294826147	173	1	1	0	1	
65	0.1	0.3517587939698493	1	75.43635721581839	-236.8591687645287	-2.606231085160865e-05	2.855386245037561e-05	251.0992914879369	173	1	1	0	1	
65	0.1	0.3532663316582915	1	73.4639462773753	-237.7337384578301	1.236503801571587e-06	-2.024424018054471e-05	252.2829965996004	173	1	1	0	1	
65	0.1	0.3547738693467337	1	71.3946528755877	-238.5939138483364	4.78944491021289e-06	2.777109642649808e-06	253.4618248780586	173	1	1	0	1	
65	0.1	0.3562814070351759	1	69.20998407975041	-239.4401917922028	7.932880239056332e-07	6.303059725709659e-06	254.6361308497456	173	1	1	0	1	
65	0.1	0.3577889447236181	1	66.90110546979977	-240.2675965926203	1.417854170848026e-05	-1.51683149935437e-05	255.8049105361195	173	1	1	0	1	
65	0.1	0.3592964824120604	1	64.44109136616794	241.0760113519428	2.192784464669258e-06	-3.454441503229766e-06	256.9684963053138	173	1	1	0	1	
65	0.1	0.3608040201005025	1	61.79309607209373	241.8649228507286	-2.456745669476845e-05	-2.172316197097263e-05	258.127286197068	173	1	1	0	1	
65	0.1	0.3623115577889447	1	58.91593255155495	242.6306175558846	2.703383909408164e-05	-4.910356324639212e-05	259.2808821064917	173	1	1	0	1	
65	0.1	0.363819095477387	1	55.74490560880956	-243.3694208816742	4.247363960097061e-06	-1.179289485379268e-06	260.4291212150146	173	1	1	0	1	
65	0.1	0.3653266331658291	1	52.17896952131343	-244.0762892010568	8.783506844070241e-07	9.782422344149083e-06	261.5717477879857	173	1	1	0	1	
65	0.1	0.3668341708542714	1	48.04468998140836	-244.7436253941365	-1.83533151705724e-06	-2.896370338012488e-06	262.7083113140232	173	1	1	0	1	
65	0.1	0.3683417085427136	1	42.99701011948039	-245.3590879920706	-8.738506109775071e-06	-1.817576292045819e-05	263.8377705677894	173	1	1	0	1	
65	0.1	0.3698492462311558	1	36.13458454739322	-245.8985830676809	2.581360399078747e-05	-2.803081534633392e-05	264.9573821345401	173	1	1	0	1	
65	0.1	0.371356783919598	1	22.02590999393606	-246.2914932038161	2.55875903915348e-05	5.019063586950145e-06	266.0475855582487	173	1	1	0	1	
65	0.1	0.3728643216080403	-2	0	0	0	0	0	173	1	1	0	1	
65	0.1	0.3743718592964824	-2	0	0	0	0	0	173	1	1	0	1	
65	0.1	0.3758793969849247	-2	0	0	0	0	0	173	1	1	0	1	
65	0.1	0.3773869346733668	-2	0	0	0	0	0	173	1	1	0	1	
65	0.1	0.3788944723618091	-2	0	0	0	0	0	173	1	1	0	1	
65	0.1	0.3804020100502513	-2	0	0	0	0	0	173	1	1	0	1	
65	0.1	0.3819095477386935	-2	0	0	0	0	0	173	1	1	0	1	
65	0.1	0.3834170854271357	-2	0	0	0	0	0	173	1	1	0	1	
65	0.1	0.384924623115578	-2	0	0	0	0	0	173	1	1	0	1	
65	0.1	0.3864321608040201	-2	0	0	0	0	0	173	1	1	0	1	
65	0.1	0.3879396984924623	-2	0	0	0	0	0	173	1	1	0	1	
65	0.1	0.3894472361809046	-2	0	0	0	0	0	173	1	1	0	1	
65	0.1	0.3909547738693467	-2	0	0	0	0	0	173	1	1	0	1	
65	0.1	0.392462311557789	-2	0	0	0	0	0	173	1	1	0	1	
65	0.1	0.3939698492462312	-2	0	0	0	0	0	173	1	1	0	1	
65	0.1	0.3954773869346734	-2	0	0	0	0	0	173	1	1	0	1	
65	0.1	0.3969849246231156	-2	0	0	0	0	0	173	1	1	0	1	
65	0.1	0.3984924623115578	-2	0	0	0	0	0	173	1	1	0	1	
65	0.1	0.4	-2	0	0	0	0	0	173	1	1	0	1	
