65	0.1	0.1	0	103.961	206.172	7.17266e-06	206.172	7.17266e-06	653.2	1	0	0	1	
65	0.1	0.101508	0	103.955	206.163	2.77441e-06	206.163	2.77441e-06	653.162	1	0	0	1	
65	0.1	0.103015	0	103.949	206.153	5.55336e-07	206.153	5.55336e-07	653.125	1	0	0	1	
65	0.1	0.104523	0	103.943	206.143	9.27943e-06	206.143	9.27943e-06	653.087	1	0	0	1	
65	0.1	0.10603	0	103.937	206.133	2.2013e-05	206.133	2.2013e-05	653.049	1	0	0	1	
65	0.1	0.107538	0	103.931	206.124	1.6887e-05	206.124	1.6887e-05	653.011	1	0	0	1	
65	0.1	0.109045	0	103.924	206.114	2.36819e-05	206.114	2.36819e-05	652.974	1	0	0	1	
65	0.1	0.110553	0	103.918	206.105	5.68134e-06	206.105	5.68134e-06	652.936	1	0	0	1	
65	0.1	0.11206	0	103.912	206.095	2.57312e-07	206.095	2.57312e-07	652.892	1	0	0	1	
65	0.1	0.113568	0	103.906	206.086	5.64355e-06	206.086	5.64355e-06	652.854	1	0	0	1	
65	0.1	0.115075	0	103.9	206.077	2.46268e-06	206.077	2.46268e-06	652.817	1	0	0	1	
65	0.1	0.116583	0	103.893	206.068	2.32051e-05	206.068	2.32051e-05	652.779	1	0	0	1	
65	0.1	0.11809	0	103.887	206.058	1.62188e-06	206.058	1.62188e-06	652.735	1	0	0	1	
65	0.1	0.119598	0	103.881	206.049	1.17547e-05	206.049	1.17547e-05	652.697	1	0	0	1	
65	0.1	0.121106	0	103.874	206.04	2.75746e-06	206.04	2.75746e-06	652.653	1	0	0	1	
65	0.1	0.122613	0	103.868	206.031	6.5707e-06	206.031	6.5707e-06	652.616	1	0	0	1	
65	0.1	0.124121	0	103.861	206.023	8.72106e-06	206.023	8.72106e-06	652.572	1	0	0	1	
65	0.1	0.125628	0	103.854	206.014	1.10132e-05	206.014	1.10132e-05	652.534	1	0	0	1	
65	0.1	0.127136	0	103.848	206.005	2.58416e-06	206.005	2.58416e-06	652.49	1	0	0	1	
65	0.1	0.128643	0	103.841	205.997	4.30938e-07	205.997	4.30938e-07	652.446	1	0	0	1	
65	0.1	0.130151	0	103.834	205.989	7.03282e-06	205.989	7.03282e-06	652.408	1	0	0	1	
65	0.1	0.131658	0	103.827	205.981	1.09082e-05	205.981	1.09082e-05	652.364	1	0	0	1	
65	0.1	0.133166	0	103.82	205.973	2.44326e-06	205.973	2.44326e-06	652.32	1	0	0	1	
65	0.1	0.134673	0	103.813	205.965	8.48589e-06	205.965	8.48589e-06	652.276	1	0	0	1	
65	0.1	0.136181	0	103.806	205.957	2.25465e-07	205.957	2.25465e-07	652.226	1	0	0	1	
65	0.1	0.137688	0	103.799	205.95	2.25444e-05	205.95	2.25444e-05	652.182	1	0	0	1	
65	0.1	0.139196	0	103.796	205.935	9.88053e-06	205.935	9.88053e-06	652.169	1	0	0	1	
65	0.1	0.140704	0	103.837	205.858	6.73741e-07	205.858	6.73741e-07	652.421	1	0	0	1	
65	0.1	0.142211	0	103.872	205.789	9.34751e-06	205.789	9.34751e-06	652.641	1	0	0	1	
65	0.1	0.143719	0	103.903	205.726	2.09254e-05	205.726	2.09254e-05	652.836	1	0	0	1	
65	0.1	0.145226	0	103.93	205.669	1.37097e-05	205.669	1.37097e-05	653.005	1	0	0	1	
65	0.1	0.146734	0	103.952	205.619	2.05281e-05	205.619	2.05281e-05	653.15	1	0	0	1	
65	0.1	0.148241	0	103.97	205.575	8.50359e-06	205.575	8.50359e-06	653.263	1	0	0	1	
65	0.1	0.149749	0	103.984	205.536	9.207e-06	205.536	9.207e-06	653.344	1	0	0	1	
65	0.1	0.151256	0	103.994	205.504	1.7214e-05	205.504	1.7214e-05	653.407	1	0	0	1	
65	0.1	0.152764	0	103.999	205.478	6.00837e-06	205.478	6.00837e-06	653.439	1	0	0	1	
65	0.1	0.154271	0	104	205.459	1.9289e-05	205.459	1.9289e-05	653.445	1	0	0	1	
65	0.1	0.155779	0	103.997	205.445	1.77255e-05	205.445	1.77255e-05	653.426	1	0	0	1	
65	0.1	0.157286	0	103.99	205.438	3.99718e-05	205.438	3.99718e-05	653.382	1	0	0	1	
65	0.1	0.158794	0	103.978	205.437	9.61927e-06	205.437	9.61927e-06	653.313	1	0	0	1	
65	0.1	0.160302	0	103.963	205.441	9.69263e-06	205.441	9.69263e-06	653.212	1	0	0	1	
65	0.1	0.161809	0	103.943	205.452	3.63531e-06	205.452	3.63531e-06	653.087	1	0	0	1	
65	0.1	0.163317	0	103.918	205.47	5.76995e-06	205.47	5.76995e-06	652.936	1	0	0	1	
65	0.1	0.164824	0	103.89	205.493	1.41742e-05	205.493	1.41742e-05	652.754	1	0	0	1	
65	0.1	0.166332	0	103.857	205.523	1.38979e-05	205.523	1.38979e-05	652.553	1	0	0	1	
65	0.1	0.167839	0	103.82	205.558	1.39078e-05	205.558	1.39078e-05	652.32	1	0	0	1	
65	0.1	0.169347	0	103.779	205.6	3.83606e-06	205.6	3.83606e-06	652.063	1	0	0	1	
65	0.1	0.170854	0	103.734	205.648	1.92863e-05	205.648	1.92863e-05	651.774	1	0	0	1	
65	0.1	0.172362	0	103.684	205.702	8.55568e-06	205.702	8.55568e-06	651.459	1	0	0	1	
65	0.1	0.173869	0	103.63	205.763	2.83039e-05	205.763	2.83039e-05	651.12	1	0	0	1	
65	0.1	0.175377	0	103.572	205.83	1.04821e-05	205.83	1.04821e-05	650.756	1	0	0	1	
65	0.1	0.176884	0	103.509	205.903	1.64799e-05	205.903	1.64799e-05	650.36	1	0	0	1	
65	0.1	0.178392	0	103.442	205.982	5.80145e-06	205.982	5.80145e-06	649.939	1	0	0	1	
65	0.1	0.179899	0	103.37	206.067	7.88537e-06	206.067	7.88537e-06	649.487	1	0	0	1	
65	0.1	0.181407	0	103.294	206.159	5.1873e-05	206.159	5.1873e-05	649.015	1	0	0	1	
65	0.1	0.182915	0	103.214	206.257	5.0903e-06	206.257	5.0903e-06	648.506	1	0	0	1	
65	0.1	0.184422	0	103.129	206.362	1.59703e-05	206.362	1.59703e-05	647.972	1	0	0	1	
65	0.1	0.18593	0	103.04	206.472	2.80993e-06	206.472	2.80993e-06	647.413	1	0	0	1	
65	0.1	0.187437	0	102.946	206.589	4.36917e-06	206.589	4.36917e-06	646.823	1	0	0	1	
65	0.1	0.188945	0	102.847	206.713	1.1507e-06	206.713	1.1507e-06	646.207	1	0	0	1	
65	0.1	0.190452	0	102.744	206.842	3.73359e-06	206.842	3.73359e-06	645.56	1	0	0	1	
65	0.1	0.19196	0	102.637	206.978	1.05677e-05	206.978	1.05677e-05	644.881	1	0	0	1	
65	0.1	0.193467	0	102.524	207.12	7.95931e-06	207.12	7.95931e-06	644.177	1	0	0	1	
65	0.1	0.194975	0	102.407	207.269	5.24937e-06	207.269	5.24937e-06	643.442	1	0	0	1	
65	0.1	0.196482	0	102.286	207.424	2.79661e-05	207.424	2.79661e-05	642.676	1	0	0	1	
65	0.1	0.19799	0	102.159	207.585	1.19043e-05	207.585	1.19043e-05	641.884	1	0	0	1	
65	0.1	0.199497	0	102.028	207.752	1.04314e-05	207.752	1.04314e-05	641.055	1	0	0	1	
65	0.1	0.201005	0	101.892	207.926	3.89152e-06	207.926	3.89152e-06	640.2	1	0	0	1	
65	0.1	0.202513	0	101.751	208.107	1.16618e-05	208.107	1.16618e-05	639.314	1	0	0	1	
65	0.1	0.20402	0	101.605	208.293	1.64291e-05	208.293	1.64291e-05	638.397	1	0	0	1	
65	0.1	0.205528	0	101.454	208.487	1.19926e-05	208.487	1.19926e-05	637.448	1	0	0	1	
65	0.1	0.207035	0	101.298	208.686	5.13439e-05	208.686	5.13439e-05	636.468	1	0	0	1	
65	0.1	0.208543	0	101.137	208.892	1.98552e-05	208.892	1.98552e-05	635.456	1	0	0	1	
65	0.1	0.21005	0	100.971	209.105	1.91413e-06	209.105	1.91413e-06	634.413	1	0	0	1	
65	0.1	0.211558	0	100.8	209.324	1.96997e-05	209.324	1.96997e-05	633.339	1	0	0	1	
65	0.1	0.213065	0	100.623	209.549	1.58475e-05	209.549	1.58475e-05	632.227	1	0	0	1	
65	0.1	0.214573	0	100.441	209.78	1.30216e-05	209.78	1.30216e-05	631.083	1	0	0	1	
65	0.1	0.21608	0	100.254	210.018	4.65703e-05	210.018	4.65703e-05	629.908	1	0	0	1	
65	0.1	0.217588	0	100.061	210.263	3.09757e-06	210.263	3.09757e-06	628.696	1	0	0	1	
65	0.1	0.219095	0	99.8625	210.514	4.62311e-06	210.514	4.62311e-06	627.45	1	0	0	1	
65	0.1	0.220603	0	99.6587	210.771	6.08791e-06	210.771	6.08791e-06	626.169	1	0	0	1	
65	0.1	0.222111	0	99.4492	211.035	1.22357e-05	211.035	1.22357e-05	624.852	1	0	0	1	
65	0.1	0.223618	0	99.2339	211.305	5.15821e-07	211.305	5.15821e-07	623.5	1	0	0	1	
65	0.1	0.225126	0	99.0129	211.582	1.62972e-05	211.582	1.62972e-05	622.111	1	0	0	1	
65	0.1	0.226633	0	98.7859	211.865	1.03957e-05	211.865	1.03957e-05	620.685	1	0	0	1	
65	0.1	0.228141	0	98.553	212.155	1.39246e-05	212.155	1.39246e-05	619.222	1	0	0	1	
65	0.1	0.229648	0	98.3141	212.451	1.39731e-05	212.451	1.39731e-05	617.721	1	0	0	1	
65	0.1	0.231156	0	98.0689	212.754	8.11131e-06	212.754	8.11131e-06	616.18	1	0	0	1	
65	0.1	0.232663	0	97.8176	213.063	2.39008e-05	213.063	2.39008e-05	614.601	1	0	0	1	
65	0.1	0.234171	0	97.5599	213.379	2.46096e-06	213.379	2.46096e-06	612.982	1	0	0	1	
65	0.1	0.235678	0	97.2958	213.701	2.22666e-05	213.701	2.22666e-05	611.322	1	0	0	1	
65	0.1	0.237186	0	97.0251	214.029	1.74827e-05	214.029	1.74827e-05	609.622	1	0	0	1	
65	0.1	0.238693	0	96.7477	214.364	1.9128e-06	214.364	1.9128e-06	607.879	1	0	0	1	
65	0.1	0.240201	0	96.4636	214.706	8.89771e-06	214.706	8.89771e-06	606.094	1	0	0	1	
65	0.1	0.241709	0	96.1726	215.054	2.88774e-05	215.054	2.88774e-05	604.265	1	0	0	1	
65	0.1	0.243216	0	95.8746	215.408	5.35594e-06	215.408	5.35594e-06	602.392	1	0	0	1	
65	0.1	0.244724	0	95.5694	215.769	1.54117e-05	215.769	1.54117e-05	600.475	1	0	0	1	
65	0.1	0.246231	0	95.2569	216.136	1.25244e-05	216.136	1.25244e-05	598.512	1	0	0	1	
65	0.1	0.247739	0	94.937	216.51	4.67147e-05	216.51	4.67147e-05	596.502	1	0	0	1	
65	0.1	0.249246	0	94.6096	216.891	4.33243e-05	216.891	4.33243e-05	594.444	1	0	0	1	
65	0.1	0.250754	0	94.2744	217.277	4.33528e-07	217.277	4.33528e-07	592.338	1	0	0	1	
65	0.1	0.252261	0	93.9313	217.671	2.67228e-05	217.671	2.67228e-05	590.183	1	0	0	1	
65	0.1	0.253769	0	93.5802	218.07	3.42306e-05	218.07	3.42306e-05	587.976	1	0	0	1	
65	0.1	0.255276	0	93.2209	218.476	1.67267e-05	218.476	1.67267e-05	585.719	1	0	0	1	
65	0.1	0.256784	0	92.8531	218.889	2.82765e-06	218.889	2.82765e-06	583.408	1	0	0	1	
65	0.1	0.258291	0	92.4767	219.308	2.20838e-05	219.308	2.20838e-05	581.043	1	0	0	1	
65	0.1	0.259799	0	92.0916	219.733	3.51201e-06	219.733	3.51201e-06	578.623	1	0	0	1	
65	0.1	0.261307	0	91.6974	220.165	2.08338e-05	220.165	2.08338e-05	576.146	1	0	0	1	
65	0.1	0.262814	0	91.294	220.603	2.27512e-05	220.603	2.27512e-05	573.611	1	0	0	1	
65	0.1	0.264322	0	90.8811	221.048	9.03366e-06	221.048	9.03366e-06	571.017	1	0	0	1	
65	0.1	0.265829	0	90.4585	221.499	2.66615e-05	221.499	2.66615e-05	568.362	1	0	0	1	
65	0.1	0.267337	0	90.026	221.956	1.90121e-05	221.956	1.90121e-05	565.644	1	0	0	1	
65	0.1	0.268844	0	89.5832	222.419	5.29359e-06	222.419	5.29359e-06	562.862	1	0	0	1	
65	0.1	0.270352	0	89.13	222.889	9.667e-06	222.889	9.667e-06	560.015	1	0	0	1	
65	0.1	0.271859	0	88.6659	223.366	2.17729e-06	223.366	2.17729e-06	557.099	1	0	0	1	
65	0.1	0.273367	0	88.1906	223.848	1.26849e-05	223.848	1.26849e-05	554.112	1	0	0	1	
65	0.1	0.274874	0	87.7039	224.337	1.84642e-05	224.337	1.84642e-05	551.054	1	0	0	1	
65	0.1	0.276382	1	87.2053	0	188.127	224.832	0	547.921	1	0	0	1	
65	0.1	0.277889	1	86.6945	0	189.423	225.333	0	544.712	1	0	0	1	
65	0.1	0.279397	1	86.1684	0	190.716	225.843	0	541.406	1	0	0	1	
65	0.1	0.280905	1	85.6244	0	192.006	226.364	0	537.988	1	0	0	1	
65	0.1	0.282412	1	85.0638	0	193.293	226.894	0	534.465	1	0	0	1	
65	0.1	0.28392	1	84.4869	0	194.577	227.431	0	530.841	1	0	0	1	
65	0.1	0.285427	1	83.8934	0	195.857	227.977	0	527.111	1	0	0	1	
65	0.1	0.286935	1	83.283	0	197.135	228.529	0	523.275	1	0	0	1	
65	0.1	0.288442	1	82.6551	0	198.41	229.088	0	519.33	1	0	0	1	
65	0.1	0.28995	1	82.0092	0	199.683	229.655	0	515.271	1	0	0	1	
65	0.1	0.291457	1	81.3448	0	200.953	230.227	0	511.097	1	0	0	1	
65	0.1	0.292965	1	80.6611	0	202.221	230.806	0	506.8	1	0	0	1	
65	0.1	0.294472	1	79.9574	0	203.486	231.391	0	502.379	1	0	0	1	
65	0.1	0.29598	1	79.2328	0	204.75	231.981	0	497.826	1	0	0	1	
65	0.1	0.297487	1	78.4866	0	206.013	232.577	0	493.137	1	0	0	1	
65	0.1	0.298995	1	77.7176	0	207.274	233.179	0	488.305	1	0	0	1	
65	0.1	0.300503	1	76.9249	0	208.534	233.785	0	483.324	1	0	0	1	
65	0.1	0.30201	1	76.1072	0	209.793	234.395	0	478.186	1	0	0	1	
65	0.1	0.303518	1	75.2632	0	211.051	235.01	0	472.883	1	0	0	1	
65	0.1	0.305025	1	74.3915	0	212.309	235.628	0	467.406	1	0	0	1	
65	0.1	0.306533	1	73.4906	0	213.567	236.25	0	461.744	1	0	0	1	
65	0.1	0.30804	1	72.5586	0	214.825	236.874	0	455.888	1	0	0	1	
65	0.1	0.309548	1	71.5937	0	216.084	237.5	0	449.825	1	0	0	1	
65	0.1	0.311055	1	70.5936	0	217.343	238.128	0	443.541	1	0	0	1	
65	0.1	0.312563	1	69.5558	0	218.604	238.756	0	437.02	1	0	0	1	
65	0.1	0.31407	1	68.4777	0	219.867	239.384	0	430.245	1	0	0	1	
65	0.1	0.315578	1	67.3559	0	221.132	240.01	0	423.196	1	0	0	1	
65	0.1	0.317085	1	66.1869	0	222.4	240.633	0	415.85	1	0	0	1	
65	0.1	0.318593	1	64.9665	0	223.672	241.252	0	408.181	1	0	0	1	
65	0.1	0.320101	1	63.6898	0	224.947	241.865	0	400.159	1	0	0	1	
65	0.1	0.321608	1	62.3511	0	226.228	242.469	0	391.747	1	0	0	1	
65	0.1	0.323116	1	60.9435	0	227.514	243.061	0	382.902	1	0	0	1	
65	0.1	0.324623	1	59.459	0	228.807	243.638	0	373.572	1	0	0	1	
65	0.1	0.326131	1	57.8874	0	230.109	244.196	0	363.696	1	0	0	1	
65	0.1	0.327638	1	56.2165	0	231.421	244.728	0	353.195	1	0	0	1	
65	0.1	0.329146	1	54.4304	0	232.744	245.226	0	341.971	1	0	0	1	
65	0.1	0.330653	1	52.509	0	234.082	245.681	0	329.894	1	0	0	1	
65	0.1	0.332161	1	50.425	0	235.438	246.075	0	316.796	1	0	0	1	
65	0.1	0.333668	1	48.1411	0	236.816	246.388	0	302.439	1	0	0	1	
65	0.1	0.335176	1	45.6028	0	238.224	246.585	0	286.482	1	0	0	1	
65	0.1	0.336683	1	42.7261	0	239.672	246.608	0	268.396	1	0	0	1	
65	0.1	0.338191	1	39.3689	0	241.177	246.35	0	247.286	1	0	0	1	
65	0.1	0.339698	1	35.2533	0	242.773	245.584	0	221.406	1	0	0	1	
65	0.1	0.341206	1	29.6645	0	244.55	243.647	0	186.321	1	0	0	1	
