65	0.1	0.1	0	117.335	145.362	7.18216e-06	145.362	7.18216e-06	117.34	1	0	0	1	
65	0.1	0.101508	0	117.327	145.357	2.95939e-05	145.357	2.95939e-05	117.332	1	0	0	1	
65	0.1	0.103015	0	117.319	145.352	6.4073e-06	145.352	6.4073e-06	117.325	1	0	0	1	
65	0.1	0.104523	0	117.311	145.348	1.14141e-05	145.348	1.14141e-05	117.317	1	0	0	1	
65	0.1	0.10603	0	117.303	145.343	7.44166e-05	145.343	7.44166e-05	117.309	1	0	0	1	
65	0.1	0.107538	0	117.295	145.339	5.75205e-06	145.339	5.75205e-06	117.301	1	0	0	1	
65	0.1	0.109045	0	117.287	145.335	1.19189e-06	145.335	1.19189e-06	117.293	1	0	0	1	
65	0.1	0.110553	0	117.279	145.331	7.6594e-06	145.331	7.6594e-06	117.284	1	0	0	1	
65	0.1	0.11206	0	117.271	145.327	2.26718e-05	145.327	2.26718e-05	117.276	1	0	0	1	
65	0.1	0.113568	0	117.263	145.323	7.90541e-06	145.323	7.90541e-06	117.268	1	0	0	1	
65	0.1	0.115075	0	117.254	145.32	2.40583e-05	145.32	2.40583e-05	117.26	1	0	0	1	
65	0.1	0.116583	0	117.246	145.316	3.95591e-06	145.316	3.95591e-06	117.251	1	0	0	1	
65	0.1	0.11809	0	117.238	145.313	7.60739e-06	145.313	7.60739e-06	117.243	1	0	0	1	
65	0.1	0.119598	0	117.229	145.309	9.43954e-06	145.309	9.43954e-06	117.234	1	0	0	1	
65	0.1	0.121106	0	117.221	145.307	9.75315e-06	145.307	9.75315e-06	117.226	1	0	0	1	
65	0.1	0.122613	0	117.212	145.304	2.68932e-06	145.304	2.68932e-06	117.217	1	0	0	1	
65	0.1	0.124121	0	117.203	145.301	3.89594e-05	145.301	3.89594e-05	117.208	1	0	0	1	
65	0.1	0.125628	0	117.194	145.299	6.05767e-06	145.299	6.05767e-06	117.2	1	0	0	1	
65	0.1	0.127136	0	117.186	145.296	1.17045e-05	145.296	1.17045e-05	117.191	1	0	0	1	
65	0.1	0.128643	0	117.177	145.294	2.00492e-05	145.294	2.00492e-05	117.182	1	0	0	1	
65	0.1	0.130151	0	117.167	145.293	7.24976e-06	145.293	7.24976e-06	117.173	1	0	0	1	
65	0.1	0.131658	0	117.158	145.291	3.95224e-07	145.291	3.95224e-07	117.163	1	0	0	1	
65	0.1	0.133166	0	117.149	145.29	3.06184e-06	145.29	3.06184e-06	117.154	1	0	0	1	
65	0.1	0.134673	0	117.139	145.289	1.82505e-06	145.289	1.82505e-06	117.145	1	0	0	1	
65	0.1	0.136181	0	117.13	145.289	4.07512e-06	145.289	4.07512e-06	117.135	1	0	0	1	
65	0.1	0.137688	0	117.12	145.289	9.73757e-06	145.289	9.73757e-06	117.125	1	0	0	1	
65	0.1	0.139196	0	117.152	145.191	3.30829e-05	145.191	3.30829e-05	117.157	1	0	0	1	
65	0.1	0.140704	0	117.19	145.078	1.69392e-05	145.078	1.69392e-05	117.195	1	0	0	1	
65	0.1	0.142211	0	117.224	144.974	1.18798e-05	144.974	1.18798e-05	117.229	1	0	0	1	
65	0.1	0.143719	0	117.254	144.88	1.33039e-05	144.88	1.33039e-05	117.259	1	0	0	1	
65	0.1	0.145226	0	117.28	144.795	1.15311e-05	144.795	1.15311e-05	117.285	1	0	0	1	
65	0.1	0.146734	0	117.302	144.72	5.56846e-06	144.72	5.56846e-06	117.307	1	0	0	1	
65	0.1	0.148241	0	117.32	144.653	3.49329e-05	144.653	3.49329e-05	117.325	1	0	0	1	
65	0.1	0.149749	0	117.334	144.597	1.22555e-05	144.597	1.22555e-05	117.339	1	0	0	1	
65	0.1	0.151256	0	117.344	144.549	1.28972e-05	144.549	1.28972e-05	117.349	1	0	0	1	
65	0.1	0.152764	0	117.35	144.511	1.49568e-05	144.511	1.49568e-05	117.355	1	0	0	1	
65	0.1	0.154271	0	117.353	144.482	2.31862e-06	144.482	2.31862e-06	117.358	1	0	0	1	
65	0.1	0.155779	0	117.351	144.462	1.49965e-05	144.462	1.49965e-05	117.356	1	0	0	1	
65	0.1	0.157286	0	117.346	144.451	4.88602e-05	144.451	4.88602e-05	117.351	1	0	0	1	
65	0.1	0.158794	0	117.337	144.45	2.21573e-05	144.45	2.21573e-05	117.342	1	0	0	1	
65	0.1	0.160302	0	117.323	144.458	4.54557e-06	144.458	4.54557e-06	117.329	1	0	0	1	
65	0.1	0.161809	0	117.306	144.475	5.20706e-05	144.475	5.20706e-05	117.312	1	0	0	1	
65	0.1	0.163317	0	117.285	144.502	1.66257e-05	144.502	1.66257e-05	117.291	1	0	0	1	
65	0.1	0.164824	0	117.26	144.538	9.71956e-06	144.538	9.71956e-06	117.266	1	0	0	1	
65	0.1	0.166332	0	117.232	144.583	3.41615e-06	144.583	3.41615e-06	117.237	1	0	0	1	
65	0.1	0.167839	0	117.199	144.637	4.0122e-06	144.637	4.0122e-06	117.204	1	0	0	1	
65	0.1	0.169347	0	117.162	144.701	6.51583e-07	144.701	6.51583e-07	117.168	1	0	0	1	
65	0.1	0.170854	0	117.122	144.774	1.69688e-05	144.774	1.69688e-05	117.127	1	0	0	1	
65	0.1	0.172362	0	117.077	144.857	5.36029e-06	144.857	5.36029e-06	117.083	1	0	0	1	
65	0.1	0.173869	0	117.029	144.949	1.36166e-05	144.949	1.36166e-05	117.034	1	0	0	1	
65	0.1	0.175377	0	116.976	145.05	6.68063e-06	145.05	6.68063e-06	116.982	1	0	0	1	
65	0.1	0.176884	0	116.92	145.16	6.35018e-06	145.16	6.35018e-06	116.925	1	0	0	1	
65	0.1	0.178392	0	116.859	145.281	2.44055e-06	145.281	2.44055e-06	116.865	1	0	0	1	
65	0.1	0.179899	0	116.795	145.41	2.63642e-06	145.41	2.63642e-06	116.801	1	0	0	1	
65	0.1	0.181407	0	116.726	145.549	2.27646e-05	145.549	2.27646e-05	116.732	1	0	0	1	
65	0.1	0.182915	0	116.654	145.697	5.9267e-07	145.697	5.9267e-07	116.659	1	0	0	1	
65	0.1	0.184422	0	116.577	145.854	5.86779e-06	145.854	5.86779e-06	116.583	1	0	0	1	
65	0.1	0.18593	0	116.496	146.021	4.60215e-05	146.021	4.60215e-05	116.502	1	0	0	1	
65	0.1	0.187437	0	116.411	146.197	5.2719e-06	146.197	5.2719e-06	116.417	1	0	0	1	
65	0.1	0.188945	0	116.322	146.383	5.12849e-06	146.383	5.12849e-06	116.328	1	0	0	1	
65	0.1	0.190452	0	116.229	146.578	4.56814e-05	146.578	4.56814e-05	116.235	1	0	0	1	
65	0.1	0.19196	0	116.131	146.783	3.89525e-06	146.783	3.89525e-06	116.138	1	0	0	1	
65	0.1	0.193467	0	116.03	146.997	9.62412e-07	146.997	9.62412e-07	116.036	1	0	0	1	
65	0.1	0.194975	0	115.924	147.22	5.44809e-06	147.22	5.44809e-06	115.93	1	0	0	1	
65	0.1	0.196482	0	115.814	147.452	2.4812e-05	147.452	2.4812e-05	115.82	1	0	0	1	
65	0.1	0.19799	0	115.699	147.694	5.60211e-06	147.694	5.60211e-06	115.706	1	0	0	1	
65	0.1	0.199497	0	115.581	147.946	3.25202e-05	147.946	3.25202e-05	115.587	1	0	0	1	
65	0.1	0.201005	0	115.458	148.207	1.44645e-06	148.207	1.44645e-06	115.465	1	0	0	1	
65	0.1	0.202513	0	115.33	148.477	2.92672e-05	148.477	2.92672e-05	115.337	1	0	0	1	
65	0.1	0.20402	0	115.198	148.756	5.55297e-06	148.756	5.55297e-06	115.206	1	0	0	1	
65	0.1	0.205528	0	115.062	149.045	2.31264e-05	149.045	2.31264e-05	115.069	1	0	0	1	
65	0.1	0.207035	0	114.921	149.343	1.8759e-05	149.343	1.8759e-05	114.929	1	0	0	1	
65	0.1	0.208543	0	114.776	149.65	1.5343e-05	149.65	1.5343e-05	114.784	1	0	0	1	
65	0.1	0.21005	0	114.626	149.967	9.29502e-06	149.967	9.29502e-06	114.634	1	0	0	1	
65	0.1	0.211558	0	114.472	150.293	4.24523e-06	150.293	4.24523e-06	114.48	1	0	0	1	
65	0.1	0.213065	0	114.313	150.628	3.84359e-06	150.628	3.84359e-06	114.321	1	0	0	1	
65	0.1	0.214573	0	114.149	150.973	7.36515e-06	150.973	7.36515e-06	114.157	1	0	0	1	
65	0.1	0.21608	0	113.981	151.326	1.7706e-05	151.326	1.7706e-05	113.989	1	0	0	1	
65	0.1	0.217588	0	113.808	151.689	8.05999e-06	151.689	8.05999e-06	113.816	1	0	0	1	
65	0.1	0.219095	0	113.63	152.062	1.0611e-05	152.062	1.0611e-05	113.638	1	0	0	1	
65	0.1	0.220603	0	113.447	152.443	3.35964e-06	152.443	3.35964e-06	113.456	1	0	0	1	
65	0.1	0.222111	0	113.26	152.834	2.40005e-05	152.834	2.40005e-05	113.268	1	0	0	1	
65	0.1	0.223618	0	113.067	153.233	6.4879e-06	153.233	6.4879e-06	113.076	1	0	0	1	
65	0.1	0.225126	0	112.87	153.642	3.60154e-05	153.642	3.60154e-05	112.879	1	0	0	1	
65	0.1	0.226633	0	112.667	154.061	2.17822e-05	154.061	2.17822e-05	112.677	1	0	0	1	
65	0.1	0.228141	0	112.46	154.488	3.78647e-05	154.488	3.78647e-05	112.47	1	0	0	1	
65	0.1	0.229648	0	112.247	154.924	4.47847e-05	154.924	4.47847e-05	112.257	1	0	0	1	
65	0.1	0.231156	0	112.029	155.369	1.11844e-06	155.369	1.11844e-06	112.04	1	0	0	1	
65	0.1	0.232663	0	111.806	155.824	2.00385e-05	155.824	2.00385e-05	111.817	1	0	0	1	
65	0.1	0.234171	0	111.578	156.287	1.23297e-05	156.287	1.23297e-05	111.589	1	0	0	1	
65	0.1	0.235678	0	111.344	156.76	3.54998e-06	156.76	3.54998e-06	111.355	1	0	0	1	
65	0.1	0.237186	0	111.105	157.241	3.97924e-06	157.241	3.97924e-06	111.117	1	0	0	1	
65	0.1	0.238693	0	110.862	157.729	2.46331e-05	157.729	2.46331e-05	110.86	1	0	0	1	
65	0.1	0.240201	0	110.612	158.228	4.9093e-06	158.228	4.9093e-06	110.61	1	0	0	1	
65	0.1	0.241709	0	110.356	158.737	4.50751e-06	158.737	4.50751e-06	110.355	1	0	0	1	
65	0.1	0.243216	0	110.095	159.254	7.96161e-06	159.254	7.96161e-06	110.093	1	0	0	1	
65	0.1	0.244724	0	109.828	159.78	7.50145e-07	159.78	7.50145e-07	109.826	1	0	0	1	
65	0.1	0.246231	0	109.555	160.315	3.92328e-05	160.315	3.92328e-05	109.554	1	0	0	1	
65	0.1	0.247739	0	109.277	160.859	4.85267e-06	160.859	4.85267e-06	109.275	1	0	0	1	
65	0.1	0.249246	0	108.992	161.411	2.58782e-05	161.411	2.58782e-05	108.99	1	0	0	1	
65	0.1	0.250754	0	108.701	161.973	5.47447e-06	161.973	5.47447e-06	108.699	1	0	0	1	
65	0.1	0.252261	1	108.405	0	164.638	162.543	0	108.403	1	0	0	1	
65	0.1	0.253769	1	108.102	0	166.078	163.123	0	108.1	1	0	0	1	
65	0.1	0.255276	1	107.793	0	167.509	163.71	0	107.79	1	0	0	1	
65	0.1	0.256784	1	107.477	0	168.931	164.307	0	107.474	1	0	0	1	
65	0.1	0.258291	1	107.155	0	170.345	164.912	0	107.152	1	0	0	1	
65	0.1	0.259799	1	106.826	0	171.75	165.526	0	106.824	1	0	0	1	
65	0.1	0.261307	1	106.491	0	173.147	166.148	0	106.488	1	0	0	1	
65	0.1	0.262814	1	106.149	0	174.537	166.78	0	106.146	1	0	0	1	
65	0.1	0.264322	1	105.8	0	175.919	167.42	0	105.797	1	0	0	1	
65	0.1	0.265829	1	105.444	0	177.293	168.068	0	105.441	1	0	0	1	
65	0.1	0.267337	1	105.081	0	178.661	168.725	0	105.078	1	0	0	1	
65	0.1	0.268844	1	104.711	0	180.021	169.39	0	104.707	1	0	0	1	
65	0.1	0.270352	1	104.334	0	181.375	170.065	0	104.33	1	0	0	1	
65	0.1	0.271859	1	103.949	0	182.723	170.747	0	103.945	1	0	0	1	
65	0.1	0.273367	1	103.556	0	184.064	171.438	0	103.552	1	0	0	1	
65	0.1	0.274874	1	103.156	0	185.398	172.138	0	103.152	1	0	0	1	
65	0.1	0.276382	1	102.748	0	186.727	172.846	0	102.743	1	0	0	1	
65	0.1	0.277889	1	102.332	0	188.05	173.563	0	102.327	1	0	0	1	
65	0.1	0.279397	1	101.908	0	189.368	174.288	0	101.903	1	0	0	1	
65	0.1	0.280905	1	101.476	0	190.68	175.021	0	101.47	1	0	0	1	
65	0.1	0.282412	1	101.035	0	191.986	175.763	0	101.029	1	0	0	1	
65	0.1	0.28392	1	100.586	0	193.288	176.513	0	100.579	1	0	0	1	
65	0.1	0.285427	1	100.128	0	194.584	177.271	0	100.121	1	0	0	1	
65	0.1	0.286935	1	99.6615	0	195.876	178.038	0	99.6537	1	0	0	1	
65	0.1	0.288442	1	99.1856	0	197.163	178.813	0	99.1771	1	0	0	1	
65	0.1	0.28995	1	98.7004	0	198.445	179.596	0	98.6913	1	0	0	1	
65	0.1	0.291457	1	98.2058	0	199.722	180.388	0	98.196	1	0	0	1	
65	0.1	0.292965	1	97.7016	0	200.996	181.188	0	97.6909	1	0	0	1	
65	0.1	0.294472	1	97.1875	0	202.265	181.996	0	97.1759	1	0	0	1	
65	0.1	0.29598	1	96.6634	0	203.53	182.812	0	96.6508	1	0	0	1	
65	0.1	0.297487	1	96.129	0	204.791	183.637	0	96.1152	1	0	0	1	
65	0.1	0.298995	1	95.584	0	206.048	184.47	0	95.5691	1	0	0	1	
65	0.1	0.300503	1	95.0284	0	207.302	185.31	0	95.012	1	0	0	1	
65	0.1	0.30201	1	94.4617	0	208.552	186.16	0	94.4437	1	0	0	1	
65	0.1	0.303518	1	93.88	0	209.799	187.022	0	93.8838	1	0	0	1	
65	0.1	0.305025	1	93.29	0	211.042	187.889	0	93.2942	1	0	0	1	
65	0.1	0.306533	1	92.6854	0	212.283	188.767	0	92.6901	1	0	0	1	
65	0.1	0.30804	1	92.0614	0	213.523	189.664	0	92.0668	1	0	0	1	
65	0.1	0.309548	1	91.4209	0	214.761	190.574	0	91.427	1	0	0	1	
65	0.1	0.311055	1	90.7642	0	215.997	191.497	0	90.7713	1	0	0	1	
65	0.1	0.312563	1	90.0916	0	217.232	192.431	0	90.0996	1	0	0	1	
65	0.1	0.31407	1	89.4029	0	218.464	193.377	0	89.4121	1	0	0	1	
65	0.1	0.315578	1	88.6979	0	219.694	194.333	0	88.7086	1	0	0	1	
65	0.1	0.317085	1	87.9764	0	220.921	195.299	0	87.9887	1	0	0	1	
65	0.1	0.318593	1	87.238	0	222.147	196.275	0	87.2524	1	0	0	1	
65	0.1	0.320101	1	86.4824	0	223.371	197.261	0	86.4994	1	0	0	1	
65	0.1	0.321608	1	85.7093	0	224.593	198.256	0	85.7292	1	0	0	1	
65	0.1	0.323116	1	84.9182	0	225.813	199.261	0	84.9417	1	0	0	1	
65	0.1	0.324623	1	84.1158	0	227.03	200.266	0	84.1085	1	0	0	1	
65	0.1	0.326131	1	83.2888	0	228.246	201.287	0	83.2798	1	0	0	1	
65	0.1	0.327638	1	82.4427	0	229.46	202.316	0	82.4316	1	0	0	1	
65	0.1	0.329146	1	81.5771	0	230.672	203.354	0	81.5632	1	0	0	1	
65	0.1	0.330653	1	80.6915	0	231.883	204.399	0	80.6738	1	0	0	1	
65	0.1	0.332161	1	79.7854	0	233.092	205.451	0	79.7628	1	0	0	1	
65	0.1	0.333668	1	78.8584	0	234.299	206.511	0	78.8291	1	0	0	1	
65	0.1	0.335176	1	77.8978	0	235.507	207.59	0	77.91	1	0	0	1	
65	0.1	0.336683	1	76.9232	0	236.711	208.667	0	76.94	1	0	0	1	
65	0.1	0.338191	1	75.9246	0	237.914	209.751	0	75.9482	1	0	0	1	
65	0.1	0.339698	1	74.9009	0	239.115	210.842	0	74.9349	1	0	0	1	
65	0.1	0.341206	1	73.8692	0	240.311	211.922	0	73.8507	1	0	0	1	
65	0.1	0.342714	1	72.8015	0	241.507	213.018	0	72.7712	1	0	0	1	
65	0.1	0.344221	1	71.689	0	242.706	214.138	0	71.7126	1	0	0	1	
