65	0.1	0.1	1	nan	0	1599.98	1599.98	0	346	1	0	0	1	
65	0.1	0.10303	1	nan	0	1599.98	1599.98	0	346	1	0	0	1	
65	0.1	0.106061	1	nan	0	1599.98	1599.98	0	346	1	0	0	1	
65	0.1	0.109091	1	nan	0	1599.98	1599.98	0	346	1	0	0	1	
65	0.1	0.112121	1	nan	0	1599.98	1599.98	0	346	1	0	0	1	
65	0.1	0.115152	1	nan	0	1599.98	1599.98	0	346	1	0	0	1	
65	0.1	0.118182	1	nan	0	1599.98	1599.98	0	346	1	0	0	1	
65	0.1	0.121212	1	nan	0	1599.98	1599.98	0	346	1	0	0	1	
65	0.1	0.124242	1	nan	0	1599.98	1599.98	0	346	1	0	0	1	
65	0.1	0.127273	1	nan	0	1599.98	1599.98	0	346	1	0	0	1	
65	0.1	0.130303	1	nan	0	1599.98	1599.98	0	346	1	0	0	1	
65	0.1	0.133333	1	nan	0	1599.98	1599.98	0	346	1	0	0	1	
65	0.1	0.136364	1	nan	0	1599.98	1599.98	0	346	1	0	0	1	
65	0.1	0.139394	1	110.081	179.879	179.879	179.879	179.879	346	1	0	0	1	
65	0.1	0.142424	1	110.151	179.71	179.71	179.71	179.71	346	1	0	0	1	
65	0.1	0.145455	1	110.202	179.574	179.574	179.574	179.574	346	1	0	0	1	
65	0.1	0.148485	1	110.235	179.473	179.473	179.473	179.473	346	1	0	0	1	
65	0.1	0.151515	1	110.251	179.405	179.405	179.405	179.405	346	1	0	0	1	
65	0.1	0.154545	1	110.248	179.371	179.371	179.371	179.371	346	1	0	0	1	
65	0.1	0.157576	1	110.228	179.371	179.371	179.371	179.371	346	1	0	0	1	
65	0.1	0.160606	1	110.19	179.404	179.404	179.404	179.404	346	1	0	0	1	
65	0.1	0.163636	1	110.134	179.472	179.472	179.472	179.472	346	1	0	0	1	
65	0.1	0.166667	1	110.06	179.573	179.573	179.573	179.573	346	1	0	0	1	
65	0.1	0.169697	1	109.968	179.708	179.708	179.708	179.708	346	1	0	0	1	
65	0.1	0.172727	1	109.858	179.877	179.877	179.877	179.877	346	1	0	0	1	
65	0.1	0.175758	1	109.729	180.08	180.08	180.08	180.08	346	1	0	0	1	
65	0.1	0.178788	1	109.581	180.318	180.318	180.318	180.318	346	1	0	0	1	
65	0.1	0.181818	1	109.415	180.59	180.59	180.59	180.59	346	1	0	0	1	
65	0.1	0.184848	1	109.23	180.898	180.898	180.898	180.898	346	1	0	0	1	
65	0.1	0.187879	1	109.026	181.239	181.239	181.239	181.239	346	1	0	0	1	
65	0.1	0.190909	1	108.802	181.616	181.616	181.616	181.616	346	1	0	0	1	
65	0.1	0.193939	1	108.559	182.028	182.028	182.028	182.028	346	1	0	0	1	
65	0.1	0.19697	1	108.295	182.475	182.475	182.475	182.475	346	1	0	0	1	
65	0.1	0.2	1	108.011	182.957	182.957	182.957	182.957	346	1	0	0	1	
65	0.1	0.20303	1	107.706	183.475	183.475	183.475	183.475	346	1	0	0	1	
65	0.1	0.206061	1	107.38	184.028	184.028	184.028	184.028	346	1	0	0	1	
65	0.1	0.209091	1	107.032	184.617	184.617	184.617	184.617	346	1	0	0	1	
65	0.1	0.212121	1	106.662	185.242	185.242	185.242	185.242	346	1	0	0	1	
65	0.1	0.215152	1	106.269	185.902	185.902	185.902	185.902	346	1	0	0	1	
65	0.1	0.218182	1	105.854	186.599	186.599	186.599	186.599	346	1	0	0	1	
65	0.1	0.221212	1	105.414	187.333	187.333	187.333	187.333	346	1	0	0	1	
65	0.1	0.224242	1	104.951	188.102	188.102	188.102	188.102	346	1	0	0	1	
65	0.1	0.227273	1	104.462	188.909	188.909	188.909	188.909	346	1	0	0	1	
65	0.1	0.230303	1	103.948	189.752	189.752	189.752	189.752	346	1	0	0	1	
65	0.1	0.233333	1	103.407	190.632	190.632	190.632	190.632	346	1	0	0	1	
65	0.1	0.236364	1	102.839	191.55	191.55	191.55	191.55	346	1	0	0	1	
65	0.1	0.239394	1	102.242	192.505	192.505	192.505	192.505	346	1	0	0	1	
65	0.1	0.242424	1	101.617	193.498	193.498	193.498	193.498	346	1	0	0	1	
65	0.1	0.245455	1	100.961	194.529	194.529	194.529	194.529	346	1	0	0	1	
65	0.1	0.248485	1	100.274	195.598	195.598	195.598	195.598	346	1	0	0	1	
65	0.1	0.251515	1	99.554	196.706	196.706	196.706	196.706	346	1	0	0	1	
65	0.1	0.254545	1	98.8003	197.853	197.853	197.853	197.853	346	1	0	0	1	
65	0.1	0.257576	1	98.0111	199.04	199.04	199.04	199.04	346	1	0	0	1	
65	0.1	0.260606	1	97.185	200.266	200.266	200.266	200.266	346	1	0	0	1	
65	0.1	0.263636	1	96.3201	201.533	201.533	201.533	201.533	346	1	0	0	1	
65	0.1	0.266667	1	95.4146	202.841	202.841	202.841	202.841	346	1	0	0	1	
65	0.1	0.269697	1	94.4662	204.19	204.19	204.19	204.19	346	1	0	0	1	
65	0.1	0.272727	1	93.4727	0	205.582	205.582	0	346	1	0	0	1	
65	0.1	0.275758	1	92.4315	0	207.017	207.017	0	346	1	0	0	1	
65	0.1	0.278788	1	91.3395	0	208.496	208.496	0	346	1	0	0	1	
65	0.1	0.281818	1	90.1937	0	210.019	210.019	0	346	1	0	0	1	
65	0.1	0.284848	1	88.9902	0	211.589	211.589	0	346	1	0	0	1	
65	0.1	0.287879	1	87.725	0	213.207	213.207	0	346	1	0	0	1	
65	0.1	0.290909	1	86.3928	0	214.874	214.874	0	346	1	0	0	1	
65	0.1	0.293939	1	84.9706	0	216.614	216.614	0	346	1	0	0	1	
65	0.1	0.29697	1	83.4521	0	218.427	218.427	0	346	1	0	0	1	
65	0.1	0.3	1	81.835	0	220.309	220.309	0	346	1	0	0	1	
65	0.1	0.30303	1	80.1119	0	222.258	222.258	0	346	1	0	0	1	
65	0.1	0.306061	1	78.2728	0	224.276	224.276	0	346	1	0	0	1	
65	0.1	0.309091	1	76.3047	0	226.367	226.367	0	346	1	0	0	1	
65	0.1	0.312121	1	74.1917	0	228.535	228.535	0	346	1	0	0	1	
65	0.1	0.315152	1	71.9131	0	230.784	230.784	0	346	1	0	0	1	
65	0.1	0.318182	1	69.4423	0	233.123	233.123	0	346	1	0	0	1	
65	0.1	0.321212	1	66.7439	0	235.561	235.561	0	346	1	0	0	1	
65	0.1	0.324242	1	63.7688	0	238.112	238.112	0	346	1	0	0	1	
65	0.1	0.327273	1	60.4458	0	240.797	240.797	0	346	1	0	0	1	
65	0.1	0.330303	1	56.6654	0	243.647	243.647	0	346	1	0	0	1	
65	0.1	0.333333	1	52.2421	0	246.713	246.713	0	346	1	0	0	1	
65	0.1	0.336364	1	46.8145	0	250.093	250.093	0	346	1	0	0	1	
65	0.1	0.339394	1	39.4718	0	254.022	254.022	0	346	1	0	0	1	
65	0.1	0.342424	1	25.4238	0	259.578	259.578	0	346	1	0	0	1	
65	0.1	0.345455	-2	0	0	0	0	0	346	1	0	0	1	
65	0.1	0.348485	-2	0	0	0	0	0	346	1	0	0	1	
65	0.1	0.351515	-2	0	0	0	0	0	346	1	0	0	1	
65	0.1	0.354545	-2	0	0	0	0	0	346	1	0	0	1	
65	0.1	0.357576	-2	0	0	0	0	0	346	1	0	0	1	
65	0.1	0.360606	-2	0	0	0	0	0	346	1	0	0	1	
65	0.1	0.363636	-2	0	0	0	0	0	346	1	0	0	1	
65	0.1	0.366667	-2	0	0	0	0	0	346	1	0	0	1	
65	0.1	0.369697	-2	0	0	0	0	0	346	1	0	0	1	
65	0.1	0.372727	-2	0	0	0	0	0	346	1	0	0	1	
65	0.1	0.375758	-2	0	0	0	0	0	346	1	0	0	1	
65	0.1	0.378788	-2	0	0	0	0	0	346	1	0	0	1	
65	0.1	0.381818	-2	0	0	0	0	0	346	1	0	0	1	
65	0.1	0.384848	-2	0	0	0	0	0	346	1	0	0	1	
65	0.1	0.387879	-2	0	0	0	0	0	346	1	0	0	1	
65	0.1	0.390909	-2	0	0	0	0	0	346	1	0	0	1	
65	0.1	0.393939	-2	0	0	0	0	0	346	1	0	0	1	
65	0.1	0.39697	-2	0	0	0	0	0	346	1	0	0	1	
65	0.1	0.4	-2	0	0	0	0	0	346	1	0	0	1	
