65	0.0634673	0.3	1	28.7803	0	274.179	243.255	0	180.768	1	0	0	1	
65	0.0644221	0.3	1	34.7073	0	271.136	245.478	0	217.937	1	0	0	1	
65	0.0653769	0.3	1	38.8953	0	268.387	246.339	0	244.281	1	0	0	1	
65	0.0663317	0.3	1	42.2252	0	265.808	246.651	0	265.228	1	0	0	1	
65	0.0672864	0.3	1	45.02	0	263.352	246.676	0	282.806	1	0	0	1	
65	0.0682412	0.3	1	47.4413	0	260.996	246.534	0	298.03	1	0	0	1	
65	0.069196	0.3	1	49.5833	0	258.725	246.285	0	311.496	1	0	0	1	
65	0.0701508	0.3	1	51.5069	0	256.527	245.966	0	323.588	1	0	0	1	
65	0.0711055	0.3	1	53.2537	0	254.397	245.6	0	334.569	1	0	0	1	
65	0.0720603	0.3	1	54.854	0	252.328	245.202	0	344.627	1	0	0	1	
65	0.0730151	0.3	1	56.3303	0	250.315	244.781	0	353.906	1	0	0	1	
65	0.0739698	0.3	1	57.7002	0	248.355	244.347	0	362.515	1	0	0	1	
65	0.0749246	0.3	1	58.9774	0	246.444	243.903	0	370.543	1	0	0	1	
65	0.0758794	0.3	1	60.1732	0	244.579	243.454	0	378.057	1	0	0	1	
65	0.0768342	0.3	1	61.2966	0	242.759	243.003	0	385.118	1	0	0	1	
65	0.0777889	0.3	1	62.3555	0	240.98	242.551	0	391.772	1	0	0	1	
65	0.0787437	0.3	1	63.356	0	239.24	242.102	0	398.059	1	0	0	1	
65	0.0796985	0.3	1	64.3039	0	237.539	241.655	0	404.016	1	0	0	1	
65	0.0806533	0.3	1	65.2038	0	235.874	241.213	0	409.671	1	0	0	1	
65	0.081608	0.3	1	66.0598	0	234.243	240.775	0	415.05	1	0	0	1	
65	0.0825628	0.3	1	66.8754	0	232.646	240.343	0	420.175	1	0	0	1	
65	0.0835176	0.3	1	67.6539	0	231.08	239.916	0	425.068	1	0	0	1	
65	0.0844724	0.3	1	68.3981	0	229.546	239.496	0	429.743	1	0	0	1	
65	0.0854271	0.3	1	69.1103	0	228.041	239.082	0	434.22	1	0	0	1	
65	0.0863819	0.3	1	69.7929	0	226.564	238.675	0	438.509	1	0	0	1	
65	0.0873367	0.3	1	70.4479	0	225.115	238.274	0	442.625	1	0	0	1	
65	0.0882915	0.3	1	71.077	0	223.693	237.88	0	446.578	1	0	0	1	
65	0.0892462	0.3	1	71.6819	0	222.297	237.493	0	450.379	1	0	0	1	
65	0.090201	0.3	1	72.2641	0	220.925	237.112	0	454.037	1	0	0	1	
65	0.0911558	0.3	1	72.8249	0	219.577	236.738	0	457.561	1	0	0	1	
65	0.0921106	0.3	1	73.3656	0	218.253	236.371	0	460.958	1	0	0	1	
65	0.0930653	0.3	1	73.8872	0	216.951	236.011	0	464.236	1	0	0	1	
65	0.0940201	0.3	1	74.3909	0	215.671	235.657	0	467.402	1	0	0	1	
65	0.0949749	0.3	1	74.8776	0	214.412	235.309	0	470.46	1	0	0	1	
65	0.0959296	0.3	1	75.3482	0	213.174	234.968	0	473.417	1	0	0	1	
65	0.0968844	0.3	1	75.8035	0	211.956	234.633	0	476.278	1	0	0	1	
65	0.0978392	0.3	1	76.2443	0	210.758	234.304	0	479.048	1	0	0	1	
65	0.098794	0.3	1	76.6712	0	209.578	233.981	0	481.731	1	0	0	1	
65	0.0997487	0.3	1	77.085	0	208.416	233.665	0	484.331	1	0	0	1	
65	0.100704	0.3	1	77.4863	0	207.273	233.354	0	486.852	1	0	0	1	
65	0.101658	0.3	1	77.8755	0	206.147	233.048	0	489.298	1	0	0	1	
65	0.102613	0.3	1	78.2534	0	205.038	232.748	0	491.672	1	0	0	1	
65	0.103568	0.3	1	78.6203	0	203.945	232.454	0	493.978	1	0	0	1	
65	0.104523	0.3	1	78.9768	0	202.868	232.165	0	496.217	1	0	0	1	
65	0.105477	0.3	1	79.3232	0	201.807	231.882	0	498.394	1	0	0	1	
65	0.106432	0.3	1	79.66	0	200.761	231.603	0	500.51	1	0	0	1	
65	0.107387	0.3	1	79.9875	0	199.731	231.33	0	502.569	1	0	0	1	
65	0.108342	0.3	1	80.3063	0	198.714	231.061	0	504.572	1	0	0	1	
65	0.109296	0.3	1	80.6165	0	197.712	230.798	0	506.521	1	0	0	1	
65	0.110251	0.3	1	80.9185	0	196.724	230.539	0	508.419	1	0	0	1	
65	0.111206	0.3	1	81.2127	0	195.749	230.285	0	510.267	1	0	0	1	
65	0.112161	0.3	1	81.4993	0	194.787	230.035	0	512.068	1	0	0	1	
65	0.113116	0.3	1	81.7785	0	193.838	229.79	0	513.823	1	0	0	1	
65	0.11407	0.3	1	82.0507	0	192.902	229.549	0	515.533	1	0	0	1	
65	0.115025	0.3	1	82.3161	0	191.978	229.313	0	517.2	1	0	0	1	
65	0.11598	0.3	1	82.5748	0	191.066	229.081	0	518.826	1	0	0	1	
65	0.116935	0.3	1	82.8272	0	190.166	228.853	0	520.412	1	0	0	1	
65	0.117889	0.3	1	83.0733	0	189.277	228.629	0	521.959	1	0	0	1	
65	0.118844	0.3	1	83.3134	0	188.4	228.409	0	523.467	1	0	0	1	
65	0.119799	0.3	1	83.5477	0	187.533	228.193	0	524.939	1	0	0	1	
65	0.120754	0.3	1	83.7762	0	186.678	227.981	0	526.375	1	0	0	1	
65	0.121709	0.3	1	83.999	0	185.833	227.773	0	527.776	1	0	0	1	
65	0.122663	0.3	1	84.2162	0	184.998	227.57	0	529.14	1	0	0	1	
65	0.123618	0.3	1	84.4272	0	184.175	227.371	0	530.465	1	0	0	1	
65	0.124573	0.3	1	84.6329	0	183.361	227.176	0	531.759	1	0	0	1	
65	0.125528	0.3	1	84.8342	0	182.556	226.984	0	533.023	1	0	0	1	
65	0.126482	0.3	0	85.0315	226.795	2.85774e-05	226.795	2.85774e-05	534.263	1	0	0	1	
65	0.127437	0.3	0	85.2248	226.609	6.53816e-06	226.609	6.53816e-06	535.478	1	0	0	1	
65	0.128392	0.3	0	85.4143	226.425	1.65168e-05	226.425	1.65168e-05	536.668	1	0	0	1	
65	0.129347	0.3	0	85.6001	226.245	3.15276e-05	226.245	3.15276e-05	537.836	1	0	0	1	
65	0.130302	0.3	0	85.7823	226.067	2.61804e-05	226.067	2.61804e-05	538.98	1	0	0	1	
65	0.131256	0.3	0	85.9611	225.891	5.57806e-06	225.891	5.57806e-06	540.104	1	0	0	1	
65	0.132211	0.3	0	86.1364	225.718	2.26756e-05	225.718	2.26756e-05	541.206	1	0	0	1	
65	0.133166	0.3	0	86.3085	225.548	3.719e-06	225.548	3.719e-06	542.287	1	0	0	1	
65	0.134121	0.3	0	86.4775	225.38	4.37102e-05	225.38	4.37102e-05	543.348	1	0	0	1	
65	0.135075	0.3	0	86.6433	225.214	2.42208e-05	225.214	2.42208e-05	544.39	1	0	0	1	
65	0.13603	0.3	0	86.8061	225.051	3.34093e-05	225.051	3.34093e-05	545.414	1	0	0	1	
65	0.136985	0.3	0	86.966	224.89	2.90861e-06	224.89	2.90861e-06	546.418	1	0	0	1	
65	0.13794	0.3	0	87.1231	224.731	2.01777e-05	224.731	2.01777e-05	547.405	1	0	0	1	
65	0.138894	0.3	0	87.2774	224.574	1.30954e-05	224.574	1.30954e-05	548.374	1	0	0	1	
65	0.139849	0.3	0	87.429	224.42	1.54864e-05	224.42	1.54864e-05	549.327	1	0	0	1	
65	0.140804	0.3	0	87.5779	224.267	1.51024e-05	224.267	1.51024e-05	550.263	1	0	0	1	
65	0.141759	0.3	0	87.7244	224.117	1.89005e-05	224.117	1.89005e-05	551.183	1	0	0	1	
65	0.142714	0.3	0	87.8683	223.969	7.29575e-06	223.969	7.29575e-06	552.088	1	0	0	1	
65	0.143668	0.3	0	88.0099	223.823	2.07128e-05	223.823	2.07128e-05	552.977	1	0	0	1	
65	0.144623	0.3	0	88.149	223.678	5.24841e-06	223.678	5.24841e-06	553.851	1	0	0	1	
65	0.145578	0.3	0	88.2859	223.536	6.54994e-08	223.536	6.54994e-08	554.712	1	0	0	1	
65	0.146533	0.3	0	88.4205	223.395	6.94359e-06	223.395	6.94359e-06	555.557	1	0	0	1	
65	0.147487	0.3	0	88.553	223.256	4.41463e-06	223.256	4.41463e-06	556.39	1	0	0	1	
65	0.148442	0.3	0	88.6833	223.119	6.68466e-06	223.119	6.68466e-06	557.209	1	0	0	1	
65	0.149397	0.3	0	88.8116	222.984	9.74985e-06	222.984	9.74985e-06	558.014	1	0	0	1	
65	0.150352	0.3	0	88.9378	222.85	4.39461e-06	222.85	4.39461e-06	558.807	1	0	0	1	
65	0.151307	0.3	0	89.062	222.718	2.63351e-06	222.718	2.63351e-06	559.588	1	0	0	1	
65	0.152261	0.3	0	89.1843	222.588	2.54367e-06	222.588	2.54367e-06	560.356	1	0	0	1	
65	0.153216	0.3	0	89.3047	222.46	3.29894e-06	222.46	3.29894e-06	561.113	1	0	0	1	
65	0.154171	0.3	0	89.4233	222.333	8.70679e-06	222.333	8.70679e-06	561.858	1	0	0	1	
65	0.155126	0.3	0	89.5401	222.207	3.02671e-05	222.207	3.02671e-05	562.591	1	0	0	1	
65	0.15608	0.3	0	89.6551	222.083	3.43442e-06	222.083	3.43442e-06	563.314	1	0	0	1	
65	0.157035	0.3	0	89.7684	221.961	8.84484e-06	221.961	8.84484e-06	564.026	1	0	0	1	
65	0.15799	0.3	0	89.88	221.84	2.45728e-05	221.84	2.45728e-05	564.727	1	0	0	1	
65	0.158945	0.3	0	89.99	221.721	1.47338e-05	221.721	1.47338e-05	565.418	1	0	0	1	
65	0.159899	0.3	0	90.0983	221.603	2.1531e-06	221.603	2.1531e-06	566.099	1	0	0	1	
65	0.160854	0.3	0	90.2051	221.486	2.14901e-07	221.486	2.14901e-07	566.77	1	0	0	1	
65	0.161809	0.3	0	90.3104	221.371	2.6712e-06	221.371	2.6712e-06	567.432	1	0	0	1	
65	0.162764	0.3	0	90.4141	221.257	3.93108e-06	221.257	3.93108e-06	568.084	1	0	0	1	
65	0.163719	0.3	0	90.5164	221.145	7.92247e-06	221.145	7.92247e-06	568.726	1	0	0	1	
65	0.164673	0.3	0	90.6173	221.033	1.8648e-05	221.033	1.8648e-05	569.36	1	0	0	1	
65	0.165628	0.3	0	90.7167	220.924	1.22871e-05	220.924	1.22871e-05	569.985	1	0	0	1	
65	0.166583	0.3	0	90.8148	220.815	1.59363e-05	220.815	1.59363e-05	570.601	1	0	0	1	
65	0.167538	0.3	0	90.9115	220.708	3.06947e-06	220.708	3.06947e-06	571.209	1	0	0	1	
65	0.168492	0.3	0	91.0069	220.601	3.92567e-05	220.601	3.92567e-05	571.808	1	0	0	1	
65	0.169447	0.3	0	91.101	220.496	3.05216e-06	220.496	3.05216e-06	572.399	1	0	0	1	
65	0.170402	0.3	0	91.1939	220.393	1.92554e-05	220.393	1.92554e-05	572.983	1	0	0	1	
65	0.171357	0.3	0	91.2855	220.29	5.18059e-06	220.29	5.18059e-06	573.558	1	0	0	1	
65	0.172312	0.3	0	91.3758	220.188	2.94582e-06	220.188	2.94582e-06	574.126	1	0	0	1	
65	0.173266	0.3	0	91.465	220.088	5.80588e-06	220.088	5.80588e-06	574.687	1	0	0	1	
65	0.174221	0.3	0	91.5531	219.989	5.38941e-06	219.989	5.38941e-06	575.239	1	0	0	1	
65	0.175176	0.3	0	91.6399	219.891	9.89862e-06	219.891	9.89862e-06	575.785	1	0	0	1	
65	0.176131	0.3	0	91.7257	219.793	2.44667e-05	219.793	2.44667e-05	576.324	1	0	0	1	
65	0.177085	0.3	0	91.8103	219.697	9.43383e-07	219.697	9.43383e-07	576.856	1	0	0	1	
65	0.17804	0.3	0	91.8939	219.602	6.68751e-06	219.602	6.68751e-06	577.381	1	0	0	1	
65	0.178995	0.3	0	91.9764	219.508	1.71238e-05	219.508	1.71238e-05	577.9	1	0	0	1	
65	0.17995	0.3	0	92.0579	219.415	5.11741e-06	219.415	5.11741e-06	578.412	1	0	0	1	
65	0.180905	0.3	0	92.1383	219.323	4.84616e-05	219.323	4.84616e-05	578.917	1	0	0	1	
65	0.181859	0.3	0	92.2178	219.232	8.74295e-06	219.232	8.74295e-06	579.416	1	0	0	1	
65	0.182814	0.3	0	92.2963	219.142	2.19362e-05	219.142	2.19362e-05	579.909	1	0	0	1	
65	0.183769	0.3	0	92.3738	219.053	1.49605e-06	219.053	1.49605e-06	580.396	1	0	0	1	
65	0.184724	0.3	0	92.4503	218.965	1.10313e-05	218.965	1.10313e-05	580.877	1	0	0	1	
65	0.185678	0.3	0	92.526	218.877	3.21815e-05	218.877	3.21815e-05	581.353	1	0	0	1	
65	0.186633	0.3	0	92.6007	218.791	1.81718e-05	218.791	1.81718e-05	581.822	1	0	0	1	
65	0.187588	0.3	0	92.6745	218.705	2.26551e-05	218.705	2.26551e-05	582.286	1	0	0	1	
65	0.188543	0.3	0	92.7475	218.621	1.59865e-05	218.621	1.59865e-05	582.745	1	0	0	1	
65	0.189497	0.3	0	92.8196	218.537	1.49901e-05	218.537	1.49901e-05	583.198	1	0	0	1	
65	0.190452	0.3	0	92.8908	218.454	7.78335e-06	218.454	7.78335e-06	583.645	1	0	0	1	
65	0.191407	0.3	0	92.9612	218.372	1.89433e-05	218.372	1.89433e-05	584.087	1	0	0	1	
65	0.192362	0.3	0	93.0308	218.291	6.44118e-06	218.291	6.44118e-06	584.525	1	0	0	1	
65	0.193317	0.3	0	93.0996	218.21	3.59836e-06	218.21	3.59836e-06	584.957	1	0	0	1	
65	0.194271	0.3	0	93.1676	218.13	1.27263e-05	218.13	1.27263e-05	585.384	1	0	0	1	
65	0.195226	0.3	0	93.2349	218.051	3.14039e-05	218.051	3.14039e-05	585.807	1	0	0	1	
65	0.196181	0.3	0	93.3013	217.973	4.58309e-05	217.973	4.58309e-05	586.224	1	0	0	1	
65	0.197136	0.3	0	93.3671	217.896	1.23639e-05	217.896	1.23639e-05	586.638	1	0	0	1	
65	0.19809	0.3	0	93.432	217.819	7.30209e-05	217.819	7.30209e-05	587.046	1	0	0	1	
65	0.199045	0.3	0	93.4963	217.743	1.74897e-06	217.743	1.74897e-06	587.45	1	0	0	1	
65	0.2	0.3	0	93.5599	217.668	1.35616e-05	217.668	1.35616e-05	587.849	1	0	0	1	
