65	0.0615578	0.3	-2	0	0	0	0	0	0	1	0	0	1	
65	0.0625126	0.3	-2	0	0	0	0	0	0	1	0	0	1	
65	0.0634673	0.3	-2	0	0	0	0	0	0	1	0	0	1	
65	0.0644221	0.3	-2	0	0	0	0	0	0	1	0	0	1	
65	0.0653769	0.3	-2	0	0	0	0	0	0	1	0	0	1	
65	0.0663317	0.3	-2	0	0	0	0	0	0	1	0	0	1	
65	0.0672864	0.3	-2	0	0	0	0	0	0	1	0	0	1	
65	0.0682412	0.3	-2	0	0	0	0	0	0	1	0	0	1	
65	0.069196	0.3	-2	0	0	0	0	0	0	1	0	0	1	
65	0.0701508	0.3	-2	0	0	0	0	0	0	1	0	0	1	
65	0.0711055	0.3	-2	0	0	0	0	0	0	1	0	0	1	
65	0.0720603	0.3	-2	0	0	0	0	0	0	1	0	0	1	
65	0.0730151	0.3	-2	0	0	0	0	0	0	1	0	0	1	
65	0.0739698	0.3	-2	0	0	0	0	0	0	1	0	0	1	
65	0.0749246	0.3	-2	0	0	0	0	0	0	1	0	0	1	
65	0.0758794	0.3	-2	0	0	0	0	0	0	1	0	0	1	
65	0.0768342	0.3	-2	0	0	0	0	0	0	1	0	0	1	
65	0.0777889	0.3	-2	0	0	0	0	0	0	1	0	0	1	
65	0.0787437	0.3	-2	0	0	0	0	0	0	1	0	0	1	
65	0.0796985	0.3	-2	0	0	0	0	0	0	1	0	0	1	
65	0.0806533	0.3	-2	0	0	0	0	0	0	1	0	0	1	
65	0.081608	0.3	1	52.21	0	241.718	230.469	0	327.532	1	0	0	1	
65	0.0825628	0.3	1	53.0293	0	240.146	229.912	0	332.693	1	0	0	1	
65	0.0835176	0.3	1	53.7552	0	238.615	229.409	0	338.206	1	0	0	1	
65	0.0844724	0.3	1	54.5766	0	237.087	228.831	0	342.532	1	0	0	1	
65	0.0854271	0.3	1	55.3094	0	235.598	228.306	0	347.206	1	0	0	1	
65	0.0863819	0.3	1	56.0219	0	234.134	227.788	0	351.679	1	0	0	1	
65	0.0873367	0.3	1	56.7142	0	232.695	227.277	0	355.959	1	0	0	1	
65	0.0882915	0.3	1	57.3332	0	231.29	226.815	0	360.589	1	0	0	1	
65	0.0892462	0.3	1	58.0191	0	229.891	226.294	0	364.189	1	0	0	1	
65	0.090201	0.3	1	58.6326	0	228.525	225.823	0	368.169	1	0	0	1	
65	0.0911558	0.3	1	59.2042	0	227.187	225.379	0	372.257	1	0	0	1	
65	0.0921106	0.3	1	59.8193	0	225.858	224.894	0	375.525	1	0	0	1	
65	0.0930653	0.3	1	60.3754	0	224.559	224.451	0	379.109	1	0	0	1	
65	0.0940201	0.3	1	60.9141	0	223.281	224.018	0	382.557	1	0	0	1	
65	0.0949749	0.3	1	61.4129	0	222.028	223.612	0	386.126	1	0	0	1	
65	0.0959296	0.3	1	61.9221	0	220.79	223.193	0	389.267	1	0	0	1	
65	0.0968844	0.3	1	62.4158	0	219.57	222.783	0	392.326	1	0	0	1	
65	0.0978392	0.3	1	62.9148	0	218.366	222.365	0	395.05	1	0	0	1	
65	0.098794	0.3	1	63.3766	0	217.184	221.974	0	397.998	1	0	0	1	
65	0.0997487	0.3	1	63.8262	0	216.021	221.59	0	400.861	1	0	0	1	
65	0.100704	0.3	1	64.2642	0	214.874	221.213	0	403.642	1	0	0	1	
65	0.101658	0.3	1	64.672	0	213.749	220.858	0	406.613	1	0	0	1	
65	0.102613	0.3	1	65.0907	0	212.635	220.492	0	409.204	1	0	0	1	
65	0.103568	0.3	1	65.4982	0	211.538	220.132	0	411.733	1	0	0	1	
65	0.104523	0.3	1	65.8951	0	210.456	219.779	0	414.2	1	0	0	1	
65	0.105477	0.3	1	66.2818	0	209.389	219.433	0	416.607	1	0	0	1	
65	0.106432	0.3	1	66.6587	0	208.338	219.092	0	418.957	1	0	0	1	
65	0.107387	0.3	1	67.0262	0	207.301	218.758	0	421.25	1	0	0	1	
65	0.108342	0.3	1	67.3848	0	206.279	218.43	0	423.489	1	0	0	1	
65	0.109296	0.3	1	67.7483	0	205.267	218.095	0	425.453	1	0	0	1	
65	0.110251	0.3	1	68.0883	0	204.272	217.779	0	427.612	1	0	0	1	
65	0.111206	0.3	1	68.4204	0	203.291	217.469	0	429.718	1	0	0	1	
65	0.112161	0.3	1	68.7449	0	202.323	217.164	0	431.775	1	0	0	1	
65	0.113116	0.3	1	69.0622	0	201.367	216.864	0	433.783	1	0	0	1	
65	0.11407	0.3	0	69.3723	216.569	8.4451e-06	216.569	8.4451e-06	435.745	1	0	0	1	
65	0.115025	0.3	0	69.6756	216.279	3.61871e-06	216.279	3.61871e-06	437.663	1	0	0	1	
65	0.11598	0.3	0	69.9723	215.993	2.26881e-05	215.993	2.26881e-05	439.537	1	0	0	1	
65	0.116935	0.3	0	70.2625	215.713	1.19592e-05	215.713	1.19592e-05	441.371	1	0	0	1	
65	0.117889	0.3	0	70.5466	215.436	7.34724e-06	215.436	7.34724e-06	443.163	1	0	0	1	
65	0.118844	0.3	0	70.8246	215.165	1.6751e-05	215.165	1.6751e-05	444.917	1	0	0	1	
65	0.119799	0.3	0	71.0968	214.897	2.17009e-05	214.897	2.17009e-05	446.635	1	0	0	1	
65	0.120754	0.3	0	71.3634	214.634	1.67622e-05	214.634	1.67622e-05	448.315	1	0	0	1	
65	0.121709	0.3	0	71.6136	214.386	5.34395e-06	214.386	5.34395e-06	450.168	1	0	0	1	
65	0.122663	0.3	0	71.8701	214.13	7.18788e-06	214.13	7.18788e-06	451.767	1	0	0	1	
65	0.123618	0.3	0	72.1214	213.878	2.65949e-06	213.878	2.65949e-06	453.334	1	0	0	1	
65	0.124573	0.3	0	72.3677	213.63	3.02834e-05	213.63	3.02834e-05	454.871	1	0	0	1	
65	0.125528	0.3	0	72.6091	213.386	2.46993e-06	213.386	2.46993e-06	456.377	1	0	0	1	
65	0.126482	0.3	0	72.8457	213.146	3.23963e-06	213.146	3.23963e-06	457.855	1	0	0	1	
65	0.127437	0.3	0	73.0777	212.909	4.13716e-06	212.909	4.13716e-06	459.304	1	0	0	1	
65	0.128392	0.3	0	73.3053	212.676	2.48833e-06	212.676	2.48833e-06	460.726	1	0	0	1	
65	0.129347	0.3	0	73.5285	212.446	5.14538e-05	212.446	5.14538e-05	462.121	1	0	0	1	
65	0.130302	0.3	0	73.7474	212.22	6.64262e-06	212.22	6.64262e-06	463.49	1	0	0	1	
65	0.131256	0.3	0	73.9623	211.997	4.54536e-05	211.997	4.54536e-05	464.834	1	0	0	1	
65	0.132211	0.3	0	74.1732	211.778	3.74322e-06	211.778	3.74322e-06	466.154	1	0	0	1	
65	0.133166	0.3	0	74.3802	211.562	9.36432e-06	211.562	9.36432e-06	467.45	1	0	0	1	
65	0.134121	0.3	0	74.5835	211.348	4.59711e-05	211.348	4.59711e-05	468.722	1	0	0	1	
65	0.135075	0.3	0	74.7831	211.138	2.49591e-06	211.138	2.49591e-06	469.971	1	0	0	1	
65	0.13603	0.3	0	74.9792	210.931	4.51603e-05	210.931	4.51603e-05	471.199	1	0	0	1	
65	0.136985	0.3	0	75.1718	210.727	1.20887e-05	210.727	1.20887e-05	472.405	1	0	0	1	
65	0.13794	0.3	0	75.361	210.525	1.2998e-05	210.525	1.2998e-05	473.59	1	0	0	1	
65	0.138894	0.3	0	75.5469	210.327	3.23697e-06	210.327	3.23697e-06	474.754	1	0	0	1	
65	0.139849	0.3	0	75.7297	210.131	1.07294e-05	210.131	1.07294e-05	475.9	1	0	0	1	
65	0.140804	0.3	0	75.9093	209.938	3.38863e-05	209.938	3.38863e-05	477.025	1	0	0	1	
65	0.141759	0.3	0	76.0859	209.748	1.52733e-05	209.748	1.52733e-05	478.132	1	0	0	1	
65	0.142714	0.3	0	76.2596	209.56	1.3215e-05	209.56	1.3215e-05	479.22	1	0	0	1	
65	0.143668	0.3	0	76.4303	209.374	3.35953e-06	209.374	3.35953e-06	480.29	1	0	0	1	
65	0.144623	0.3	0	76.5982	209.191	8.31182e-06	209.191	8.31182e-06	481.344	1	0	0	1	
65	0.145578	0.3	0	76.7635	209.011	7.86076e-06	209.011	7.86076e-06	482.379	1	0	0	1	
65	0.146533	0.3	0	76.926	208.833	2.19346e-06	208.833	2.19346e-06	483.398	1	0	0	1	
65	0.147487	0.3	0	77.086	208.657	8.06397e-06	208.657	8.06397e-06	484.401	1	0	0	1	
65	0.148442	0.3	0	77.2433	208.484	4.80154e-06	208.484	4.80154e-06	485.388	1	0	0	1	
65	0.149397	0.3	0	77.3982	208.313	3.01827e-06	208.313	3.01827e-06	486.359	1	0	0	1	
65	0.150352	0.3	0	77.5507	208.144	5.19378e-05	208.144	5.19378e-05	487.316	1	0	0	1	
65	0.151307	0.3	0	77.7008	207.977	2.03379e-05	207.977	2.03379e-05	488.258	1	0	0	1	
65	0.152261	0.3	0	77.8487	207.812	6.68587e-06	207.812	6.68587e-06	489.184	1	0	0	1	
65	0.153216	0.3	0	77.9942	207.65	3.44612e-06	207.65	3.44612e-06	490.097	1	0	0	1	
65	0.154171	0.3	0	78.1376	207.489	7.60717e-06	207.489	7.60717e-06	490.996	1	0	0	1	
65	0.155126	0.3	0	78.2787	207.331	9.02869e-06	207.331	9.02869e-06	491.882	1	0	0	1	
65	0.15608	0.3	0	78.4244	207.167	3.12838e-06	207.167	3.12838e-06	492.595	1	0	0	1	
65	0.157035	0.3	0	78.5612	207.012	6.33616e-06	207.012	6.33616e-06	493.459	1	0	0	1	
65	0.15799	0.3	0	78.696	206.86	1.48366e-05	206.86	1.48366e-05	494.31	1	0	0	1	
65	0.158945	0.3	0	78.8289	206.709	2.76522e-05	206.709	2.76522e-05	495.149	1	0	0	1	
65	0.159899	0.3	0	78.9598	206.56	1.13647e-05	206.56	1.13647e-05	495.975	1	0	0	1	
65	0.160854	0.3	0	79.0889	206.413	4.85664e-06	206.413	4.85664e-06	496.789	1	0	0	1	
65	0.161809	0.3	0	79.2161	206.268	1.25708e-06	206.268	1.25708e-06	497.592	1	0	0	1	
65	0.162764	0.3	0	79.3415	206.124	9.22903e-06	206.124	9.22903e-06	498.384	1	0	0	1	
65	0.163719	0.3	0	79.4652	205.982	1.71368e-05	205.982	1.71368e-05	499.163	1	0	0	1	
65	0.164673	0.3	0	79.5871	205.842	1.27232e-05	205.842	1.27232e-05	499.932	1	0	0	1	
65	0.165628	0.3	0	79.7074	205.703	1.80572e-05	205.703	1.80572e-05	500.691	1	0	0	1	
65	0.166583	0.3	0	79.826	205.566	7.41437e-05	205.566	7.41437e-05	501.439	1	0	0	1	
65	0.167538	0.3	0	79.943	205.431	1.76386e-05	205.431	1.76386e-05	502.177	1	0	0	1	
65	0.168492	0.3	0	80.0584	205.297	3.39731e-06	205.297	3.39731e-06	502.904	1	0	0	1	
65	0.169447	0.3	0	80.1723	205.165	7.98903e-06	205.165	7.98903e-06	503.622	1	0	0	1	
65	0.170402	0.3	0	80.2846	205.034	1.26929e-05	205.034	1.26929e-05	504.33	1	0	0	1	
65	0.171357	0.3	0	80.3954	204.904	6.21616e-07	204.904	6.21616e-07	505.029	1	0	0	1	
65	0.172312	0.3	0	80.5048	204.776	4.95179e-05	204.776	4.95179e-05	505.718	1	0	0	1	
65	0.173266	0.3	0	80.6128	204.65	3.26705e-06	204.65	3.26705e-06	506.398	1	0	0	1	
65	0.174221	0.3	0	80.7193	204.525	1.27494e-05	204.525	1.27494e-05	507.07	1	0	0	1	
65	0.175176	0.3	0	80.8245	204.401	7.81905e-05	204.401	7.81905e-05	507.733	1	0	0	1	
65	0.176131	0.3	0	80.9283	204.279	9.04043e-06	204.279	9.04043e-06	508.387	1	0	0	1	
65	0.177085	0.3	0	81.0308	204.158	2.77498e-06	204.158	2.77498e-06	509.033	1	0	0	1	
65	0.17804	0.3	0	81.132	204.038	8.5387e-05	204.038	8.5387e-05	509.671	1	0	0	1	
65	0.178995	0.3	0	81.2319	203.92	1.15216e-05	203.92	1.15216e-05	510.3	1	0	0	1	
65	0.17995	0.3	0	81.3306	203.802	1.73951e-05	203.802	1.73951e-05	510.922	1	0	0	1	
65	0.180905	0.3	0	81.428	203.687	1.72124e-05	203.687	1.72124e-05	511.535	1	0	0	1	
65	0.181859	0.3	0	81.5242	203.572	8.66348e-07	203.572	8.66348e-07	512.142	1	0	0	1	
65	0.182814	0.3	0	81.6193	203.458	1.00289e-05	203.458	1.00289e-05	512.741	1	0	0	1	
65	0.183769	0.3	0	81.7132	203.346	1.44742e-05	203.346	1.44742e-05	513.332	1	0	0	1	
65	0.184724	0.3	0	81.8059	203.235	1.59936e-05	203.235	1.59936e-05	513.916	1	0	0	1	
65	0.185678	0.3	0	81.8976	203.125	3.31656e-05	203.125	3.31656e-05	514.494	1	0	0	1	
65	0.186633	0.3	0	81.9881	203.016	1.63044e-05	203.016	1.63044e-05	515.063	1	0	0	1	
65	0.187588	0.3	0	82.0776	202.909	2.39579e-05	202.909	2.39579e-05	515.627	1	0	0	1	
65	0.188543	0.3	0	82.166	202.802	4.99473e-06	202.802	4.99473e-06	516.184	1	0	0	1	
65	0.189497	0.3	0	82.2534	202.697	1.87432e-05	202.697	1.87432e-05	516.734	1	0	0	1	
65	0.190452	0.3	0	82.3397	202.592	1.06898e-05	202.592	1.06898e-05	517.278	1	0	0	1	
65	0.191407	0.3	0	82.425	202.489	2.05627e-05	202.489	2.05627e-05	517.815	1	0	0	1	
65	0.192362	0.3	0	82.5094	202.386	2.01534e-05	202.386	2.01534e-05	518.346	1	0	0	1	
65	0.193317	0.3	0	82.5928	202.285	1.14562e-06	202.285	1.14562e-06	518.871	1	0	0	1	
65	0.194271	0.3	0	82.6752	202.185	9.85609e-06	202.185	9.85609e-06	519.39	1	0	0	1	
65	0.195226	0.3	0	82.7567	202.085	4.74313e-05	202.085	4.74313e-05	519.903	1	0	0	1	
65	0.196181	0.3	0	82.8373	201.987	1.28963e-05	201.987	1.28963e-05	520.41	1	0	0	1	
65	0.197136	0.3	0	82.917	201.89	1.05389e-05	201.89	1.05389e-05	520.912	1	0	0	1	
65	0.19809	0.3	0	82.9957	201.793	7.14058e-05	201.793	7.14058e-05	521.408	1	0	0	1	
65	0.199045	0.3	0	83.0736	201.698	7.04175e-06	201.698	7.04175e-06	521.898	1	0	0	1	
65	0.2	0.3	0	83.1507	201.603	2.02883e-05	201.603	2.02883e-05	522.383	1	0	0	1	
