65	0.1	0.36	1	49.52294981940889	-247.4497227747907	-1.768821256217519e-06	-1.197259264174022e-05	261.7682974793353	86.5	1	2	0	1	
65	0.1	0.3601278163265306	1	49.21777786258018	-247.5004036995733	-4.420499898147345e-05	1.102955750281084e-05	261.8614470048301	86.5	1	2	0	1	
65	0.1	0.3602556326530612	1	48.90860751710628	-247.5507962781724	4.613383081969458e-06	-1.855960339120638e-05	261.9545690042397	86.5	1	2	0	1	
65	0.1	0.3603834489795918	1	48.59529435936609	-247.6008849900265	9.867693891139201e-06	2.449768133017116e-06	262.0476405976787	86.5	1	2	0	1	
65	0.1	0.3605112653061224	1	48.27768535927272	-247.6506747993247	2.363731906351862e-05	3.352300298036306e-05	262.1407070125007	86.5	1	2	0	1	
65	0.1	0.3606390816326531	1	47.95561815861589	-247.7001602932478	-2.667645483056622e-05	2.277216243597169e-05	262.233753491957	86.5	1	2	0	1	
65	0.1	0.3607668979591837	1	47.62892027107802	-247.749304676274	8.000865024202636e-07	-3.745729057591518e-06	262.326739818682	86.5	1	2	0	1	
65	0.1	0.3608947142857143	1	47.29740819290933	-247.7981344043567	4.946355329895832e-05	2.684030444635721e-05	262.4196877460593	86.5	1	2	0	1	
65	0.1	0.3610225306122449	1	46.96088641162727	-247.8466346067183	3.916781032509142e-06	9.916982893816255e-06	262.5126389440219	86.5	1	2	0	1	
65	0.1	0.3611503469387755	1	46.61914629823976	-247.8947742379862	-1.704699327023662e-05	-1.015338116844289e-05	262.6055595216394	86.5	1	2	0	1	
65	0.1	0.3612781632653061	1	46.2719648664769	-247.9425657339503	-9.991857266050674e-06	-1.955639506136947e-05	262.6984240120514	86.5	1	2	0	1	
65	0.1	0.3614059795918367	1	45.91910337767011	-247.9900247160965	3.095245806095104e-05	-7.982600847784849e-06	262.7912951457647	86.5	1	2	0	1	
65	0.1	0.3615337959183673	1	45.56030577068086	-248.0370894954642	-8.569250508433379e-06	-9.13446512929017e-07	262.8840974816345	86.5	1	2	0	1	
65	0.1	0.361661612244898	1	45.19529689185882	-248.0837735848197	-4.921759456111285e-05	1.501933804975986e-05	262.9768759051992	86.5	1	2	0	1	
65	0.1	0.3617894285714285	1	44.82378047746669	-248.1300829592288	-1.793539355415819e-05	2.337289560955247e-05	263.0696412257395	86.5	1	2	0	1	
65	0.1	0.3619172448979592	1	44.44543685879647	-248.1759938861046	1.131640321160032e-05	4.886135113513213e-06	263.1623734575813	86.5	1	2	0	1	
65	0.1	0.3620450612244898	1	44.05992035366167	-248.2214640609928	-3.580744402742475e-05	2.024333138606407e-05	263.2550766011524	86.5	1	2	0	1	
65	0.1	0.3621728775510204	1	43.66685626835424	-248.2665394650929	3.56924186209473e-06	1.69355013596717e-05	263.3477418351206	86.5	1	2	0	1	
65	0.1	0.362300693877551	1	43.26583743081025	-248.3111668686647	1.769016356734099e-07	2.521112061781849e-06	263.4403721876596	86.5	1	2	0	1	
65	0.1	0.3624285102040816	1	42.85642022021898	-248.3553557207716	-5.097732454717452e-06	3.14343094238792e-05	263.5329710580502	86.5	1	2	0	1	
65	0.1	0.3625563265306123	1	42.4381199040178	-248.3990644380208	-5.025192750582612e-06	-2.298756363374593e-05	263.6255523189085	86.5	1	2	0	1	
65	0.1	0.3626841428571428	1	42.01040524984874	-248.4423098541461	-5.232391489362609e-06	2.125472800373895e-06	263.7180897932215	86.5	1	2	0	1	
65	0.1	0.3628119591836735	1	41.57269214511255	-248.4850240304934	-3.470680133943471e-05	-5.689931841801332e-06	263.8105996037746	86.5	1	2	0	1	
65	0.1	0.3629397755102041	1	41.12433612186525	-248.5272681137637	6.516759492147806e-06	-8.248277307074114e-05	263.9030756683365	86.5	1	2	0	1	
65	0.1	0.3630675918367347	1	40.66462343926509	-248.5689535907973	3.418481602124324e-06	-4.264739024038063e-06	263.9955236854908	86.5	1	2	0	1	
65	0.1	0.3631954081632653	1	40.19276044158646	-248.6100869391849	-3.69847345650931e-05	4.785819092169432e-07	264.0879123700918	86.5	1	2	0	1	
65	0.1	0.3633232244897959	1	39.70786075472374	-248.6506420462449	-3.06963483648337e-06	-2.688382139048873e-05	264.1803019237732	86.5	1	2	0	1	
65	0.1	0.3634510408163265	1	39.20892975094709	-248.6905979592923	1.967128174518162e-06	-1.57744554307726e-06	264.2726005467422	86.5	1	2	0	1	
65	0.1	0.3635788571428571	1	38.69484554954616	-248.7299188542061	-2.814093591582689e-06	-5.129644866865186e-06	264.3649194047925	86.5	1	2	0	1	
65	0.1	0.3637066734693877	1	38.16433557519484	-248.7685877777546	2.267192714344723e-05	3.464291077188639e-05	264.4571697997687	86.5	1	2	0	1	
65	0.1	0.3638344897959184	1	37.61594734566086	-248.8065653473002	2.567064281713827e-06	-2.180883286444224e-05	264.5493820474862	86.5	1	2	0	1	
65	0.1	0.363962306122449	1	37.04801167331591	-248.8438272650797	7.645182936055761e-06	1.699906647956162e-05	264.6415606857273	86.5	1	2	0	1	
65	0.1	0.3640901224489796	1	36.4585957556809	-248.8803095237367	9.198951342867523e-06	3.446779351123919e-05	264.7336713214356	86.5	1	2	0	1	
65	0.1	0.3642179387755102	1	35.84544226505453	-248.9159951566974	1.011462310882591e-06	4.210310610874846e-06	264.8257545074113	86.5	1	2	0	1	
65	0.1	0.3643457551020408	1	35.20589101388741	-248.9508250312143	-9.664602817316403e-06	-8.719447774696576e-06	264.9177867748708	86.5	1	2	0	1	
65	0.1	0.3644735714285715	1	34.53677084894736	-248.9847655353017	-3.124001817920129e-06	5.200649041860184e-05	265.0097412312467	86.5	1	2	0	1	
65	0.1	0.364601387755102	1	33.83426253994924	-249.0176980354398	-6.513255724625161e-06	-1.210378852373184e-05	265.1016335706429	86.5	1	2	0	1	
65	0.1	0.3647292040816327	1	33.09370470520286	-249.0495791818086	-4.751659437806819e-06	1.423632655152274e-05	265.1934526164665	86.5	1	2	0	1	
65	0.1	0.3648570204081633	1	32.30933876753623	-249.0803271907981	8.344933991678654e-05	6.006238448149704e-06	265.2851869206288	86.5	1	2	0	1	
65	0.1	0.3649848367346939	1	31.47385763107683	-249.1098772792166	-1.209151841784521e-05	-1.609672353963809e-06	265.3768231495676	86.5	1	2	0	1	
65	0.1	0.3651126530612245	1	30.5778680148572	-249.1380185315455	-2.627090114769515e-05	-1.911974912788955e-06	265.4683467276789	86.5	1	2	0	1	
65	0.1	0.3652404693877551	1	29.60681565524594	-249.164736873932	3.135845699985355e-05	-1.782234933424276e-05	265.5597389044886	86.5	1	2	0	1	
65	0.1	0.3653682857142857	1	28.54555816438693	-249.189715061524	9.977333280821767e-06	-3.109868974157659e-06	265.6509394882397	86.5	1	2	0	1	
65	0.1	0.3654961020408163	1	27.36812491221157	-249.2127600594638	1.312217534000463e-05	-3.74893548060664e-06	265.7418969927997	86.5	1	2	0	1	
65	0.1	0.3656239183673469	1	26.03470819588741	-249.2335636639664	-1.694857159252258e-05	-3.659165511904136e-05	265.8325552994217	86.5	1	2	0	1	
65	0.1	0.3657517346938776	1	24.48184377363276	-249.2516095636809	-2.644333103905166e-05	2.60579661184159e-05	265.9227247443472	86.5	1	2	0	1	
65	0.1	0.3658795510204081	1	22.58918250209433	-249.2661152377983	2.779500411653757e-05	2.796974045455106e-05	266.0121251733158	86.5	1	2	0	1	
65	0.1	0.3660073673469388	1	20.07927866298513	-249.2757160010814	4.397303027314781e-06	-9.351988824169571e-06	266.1001825133656	86.5	1	2	0	1	
65	0.1	0.3661351836734694	1	15.93859231940013	-249.2765775332282	-1.145273279716592e-05	-8.507256471163363e-06	266.1847082914683	86.5	1	2	0	1	
65	0.1	0.36621	1	6.305690614425774	-249.2635705210126	-2.692198892349004e-05	-7.500400414730754e-05	266.2253054142603	86.5	1	2	0	1	
65	0.1	0.3662100202020202	1	6.276510052041814	-249.2635137386497	2.86307011315959e-05	-1.553409313016779e-06	266.2253154552984	86.5	1	2	0	1	
65	0.1	0.3662100404040404	1	6.246882295808463	-249.2635063947473	-3.793796408393208e-06	-3.495416631343011e-06	266.2253248318337	86.5	1	2	0	1	
65	0.1	0.3662100606060606	1	6.216617115009135	-249.2635088843732	-6.180765789797621e-06	4.54896992252219e-05	266.225315870952	86.5	1	2	0	1	
65	0.1	0.3662100808080808	1	6.185680612882383	-249.2634784811241	-2.841578423224203e-06	1.29292206890742e-05	266.2252963709274	86.5	1	2	0	1	
65	0.1	0.366210101010101	1	6.154035890551034	-249.2634559026367	-1.714570436951463e-05	-9.82427704320399e-06	266.2253158153163	86.5	1	2	0	1	
65	0.1	0.3662101212121212	1	6.121642851338358	-249.2634480072325	2.576752571020052e-07	4.119165692967413e-05	266.225296345267	86.5	1	2	0	1	
65	0.1	0.3662101414141414	1	6.088457486699095	-249.2634313686095	-1.76239810320332e-05	-1.348556922858154e-05	266.2252985438132	86.5	1	2	0	1	
65	0.1	0.3662101616161616	1	6.054431594481972	-249.2633993613192	5.680971459430788e-06	-2.618060758096774e-05	266.2252896090494	86.5	1	2	0	1	
65	0.1	0.3662101818181818	1	6.01951744546809	-249.2633801711417	-7.132400457911811e-06	-1.878386843930525e-05	266.2252798652145	86.5	1	2	0	1	
65	0.1	0.366210202020202	1	5.983577957062984	-249.2633415381424	2.123893908601016e-05	-1.002401527656059e-05	266.225291171375	86.5	1	2	0	1	
65	0.1	0.3662102222222222	1	5.946751402188006	-249.2633293143019	-6.179898860000791e-06	-6.659164554181945e-06	266.2252888668128	86.5	1	2	0	1	
65	0.1	0.3662102424242424	1	5.908772889816051	-249.2633168999477	-5.702372822031718e-06	-1.200412892744397e-05	266.2252852654684	86.5	1	2	0	1	
65	0.1	0.3662102626262626	1	5.869623899872487	-249.2632944649425	4.325414563915596e-06	-3.633309838337214e-05	266.225283155835	86.5	1	2	0	1	
65	0.1	0.3662102828282828	1	5.829213312264429	-249.2632788978854	-9.753848961658934e-06	-2.826558789779667e-05	266.2252994206139	86.5	1	2	0	1	
65	0.1	0.366210303030303	1	5.787438409204468	-249.263250772492	-3.138226649060549e-06	2.202090014568367e-06	266.2252924189394	86.5	1	2	0	1	
65	0.1	0.3662103232323232	1	5.744180972042678	-249.2632250918452	-1.261621726953243e-05	-2.75848687876785e-05	266.2252673929935	86.5	1	2	0	1	
65	0.1	0.3662103434343434	1	5.699309979144957	-249.2632263477327	2.576817688470893e-05	-5.863881782971559e-06	266.2252632307442	86.5	1	2	0	1	
65	0.1	0.3662103636363636	1	5.652756176145149	-249.2631844664869	-1.297367722925148e-05	-4.749386877602509e-06	266.2252724177866	86.5	1	2	0	1	
65	0.1	0.3662103838383838	1	5.60408227996778	-249.2631686902816	4.293664369714779e-05	-7.379370167847531e-06	266.2252735188296	86.5	1	2	0	1	
65	0.1	0.366210404040404	1	5.553335251709669	-249.26312782528	-3.717316593572165e-05	1.956547240527374e-05	266.2252516290943	86.5	1	2	0	1	
65	0.1	0.3662104242424242	1	5.5001809123535	-249.2631020513648	5.921105377769959e-06	1.107962046193942e-05	266.2252503367848	86.5	1	2	0	1	
65	0.1	0.3662104444444444	1	5.444321304247767	-249.2630750950346	1.688416940530619e-06	-4.960543431722453e-07	266.225237336275	86.5	1	2	0	1	
65	0.1	0.3662104646464646	1	5.385393927442358	-249.2630403659317	9.755007345498088e-07	-1.408325286432444e-06	266.2252243903079	86.5	1	2	0	1	
65	0.1	0.3662104848484848	1	5.322951795395132	-249.2630225084284	-8.743480964489882e-06	-1.104685771981617e-05	266.2252424878117	86.5	1	2	0	1	
65	0.1	0.366210505050505	1	5.256429720213291	-249.2629886597817	-9.341149587891937e-07	-1.547709036270809e-05	266.2252226725009	86.5	1	2	0	1	
65	0.1	0.3662105252525252	1	5.185119227638698	-249.2629617846282	-1.190138289330976e-05	1.494193219223456e-05	266.2252238126736	86.5	1	2	0	1	
65	0.1	0.3662105454545455	1	5.107865157895106	-249.2629382313643	-4.152221064847306e-06	-7.238005313174719e-06	266.2251925190936	86.5	1	2	0	1	
65	0.1	0.3662105656565656	1	5.023946735277645	-249.2629041111884	2.207265578612532e-05	1.051282699920947e-05	266.2251876111098	86.5	1	2	0	1	
65	0.1	0.3662105858585858	1	4.930949122838905	-249.2628725189163	-1.964971772551571e-05	-6.1089288087923e-06	266.2251639607834	86.5	1	2	0	1	
65	0.1	0.366210606060606	-2	0	0	0	0	0	86.5	1	2	0	1	
65	0.1	0.3662106262626262	-2	0	0	0	0	0	86.5	1	2	0	1	
65	0.1	0.3662106464646465	-2	0	0	0	0	0	86.5	1	2	0	1	
65	0.1	0.3662106666666666	-2	0	0	0	0	0	86.5	1	2	0	1	
65	0.1	0.3662106868686869	-2	0	0	0	0	0	86.5	1	2	0	1	
65	0.1	0.3662107070707071	-2	0	0	0	0	0	86.5	1	2	0	1	
65	0.1	0.3662107272727272	-2	0	0	0	0	0	86.5	1	2	0	1	
65	0.1	0.3662107474747475	-2	0	0	0	0	0	86.5	1	2	0	1	
65	0.1	0.3662107676767676	-2	0	0	0	0	0	86.5	1	2	0	1	
65	0.1	0.3662107878787879	-2	0	0	0	0	0	86.5	1	2	0	1	
65	0.1	0.3662108080808081	-2	0	0	0	0	0	86.5	1	2	0	1	
65	0.1	0.3662108282828282	-2	0	0	0	0	0	86.5	1	2	0	1	
65	0.1	0.3662108484848485	-2	0	0	0	0	0	86.5	1	2	0	1	
65	0.1	0.3662108686868686	-2	0	0	0	0	0	86.5	1	2	0	1	
65	0.1	0.3662108888888889	-2	0	0	0	0	0	86.5	1	2	0	1	
65	0.1	0.3662109090909091	-2	0	0	0	0	0	86.5	1	2	0	1	
65	0.1	0.3662109292929293	-2	0	0	0	0	0	86.5	1	2	0	1	
65	0.1	0.3662109494949495	-2	0	0	0	0	0	86.5	1	2	0	1	
65	0.1	0.3662109696969697	-2	0	0	0	0	0	86.5	1	2	0	1	
65	0.1	0.3662109898989899	-2	0	0	0	0	0	86.5	1	2	0	1	
65	0.1	0.3662110101010101	-2	0	0	0	0	0	86.5	1	2	0	1	
65	0.1	0.3662110303030303	-2	0	0	0	0	0	86.5	1	2	0	1	
65	0.1	0.3662110505050505	-2	0	0	0	0	0	86.5	1	2	0	1	
65	0.1	0.3662110707070707	-2	0	0	0	0	0	86.5	1	2	0	1	
65	0.1	0.3662110909090909	-2	0	0	0	0	0	86.5	1	2	0	1	
65	0.1	0.3662111111111111	-2	0	0	0	0	0	86.5	1	2	0	1	
65	0.1	0.3662111313131313	-2	0	0	0	0	0	86.5	1	2	0	1	
65	0.1	0.3662111515151515	-2	0	0	0	0	0	86.5	1	2	0	1	
65	0.1	0.3662111717171717	-2	0	0	0	0	0	86.5	1	2	0	1	
65	0.1	0.3662111919191919	-2	0	0	0	0	0	86.5	1	2	0	1	
65	0.1	0.3662112121212121	-2	0	0	0	0	0	86.5	1	2	0	1	
65	0.1	0.3662112323232323	-2	0	0	0	0	0	86.5	1	2	0	1	
65	0.1	0.3662112525252525	-2	0	0	0	0	0	86.5	1	2	0	1	
65	0.1	0.3662112727272727	-2	0	0	0	0	0	86.5	1	2	0	1	
65	0.1	0.3662112929292929	-2	0	0	0	0	0	86.5	1	2	0	1	
65	0.1	0.3662113131313131	-2	0	0	0	0	0	86.5	1	2	0	1	
65	0.1	0.3662113333333333	-2	0	0	0	0	0	86.5	1	2	0	1	
65	0.1	0.3662113535353535	-2	0	0	0	0	0	86.5	1	2	0	1	
65	0.1	0.3662113737373737	-2	0	0	0	0	0	86.5	1	2	0	1	
65	0.1	0.3662113939393939	-2	0	0	0	0	0	86.5	1	2	0	1	
65	0.1	0.3662114141414141	-2	0	0	0	0	0	86.5	1	2	0	1	
65	0.1	0.3662114343434343	-2	0	0	0	0	0	86.5	1	2	0	1	
65	0.1	0.3662114545454545	-2	0	0	0	0	0	86.5	1	2	0	1	
65	0.1	0.3662114747474747	-2	0	0	0	0	0	86.5	1	2	0	1	
65	0.1	0.366211494949495	-2	0	0	0	0	0	86.5	1	2	0	1	
65	0.1	0.3662115151515151	-2	0	0	0	0	0	86.5	1	2	0	1	
65	0.1	0.3662115353535353	-2	0	0	0	0	0	86.5	1	2	0	1	
65	0.1	0.3662115555555555	-2	0	0	0	0	0	86.5	1	2	0	1	
65	0.1	0.3662115757575757	-2	0	0	0	0	0	86.5	1	2	0	1	
65	0.1	0.366211595959596	-2	0	0	0	0	0	86.5	1	2	0	1	
65	0.1	0.3662116161616161	-2	0	0	0	0	0	86.5	1	2	0	1	
65	0.1	0.3662116363636364	-2	0	0	0	0	0	86.5	1	2	0	1	
65	0.1	0.3662116565656566	-2	0	0	0	0	0	86.5	1	2	0	1	
65	0.1	0.3662116767676767	-2	0	0	0	0	0	86.5	1	2	0	1	
65	0.1	0.366211696969697	-2	0	0	0	0	0	86.5	1	2	0	1	
65	0.1	0.3662117171717171	-2	0	0	0	0	0	86.5	1	2	0	1	
65	0.1	0.3662117373737374	-2	0	0	0	0	0	86.5	1	2	0	1	
65	0.1	0.3662117575757576	-2	0	0	0	0	0	86.5	1	2	0	1	
65	0.1	0.3662117777777777	-2	0	0	0	0	0	86.5	1	2	0	1	
65	0.1	0.366211797979798	-2	0	0	0	0	0	86.5	1	2	0	1	
65	0.1	0.3662118181818181	-2	0	0	0	0	0	86.5	1	2	0	1	
65	0.1	0.3662118383838384	-2	0	0	0	0	0	86.5	1	2	0	1	
65	0.1	0.3662118585858586	-2	0	0	0	0	0	86.5	1	2	0	1	
65	0.1	0.3662118787878788	-2	0	0	0	0	0	86.5	1	2	0	1	
65	0.1	0.366211898989899	-2	0	0	0	0	0	86.5	1	2	0	1	
65	0.1	0.3662119191919192	-2	0	0	0	0	0	86.5	1	2	0	1	
65	0.1	0.3662119393939394	-2	0	0	0	0	0	86.5	1	2	0	1	
65	0.1	0.3662119595959596	-2	0	0	0	0	0	86.5	1	2	0	1	
65	0.1	0.3662119797979798	-2	0	0	0	0	0	86.5	1	2	0	1	
65	0.1	0.366212	-2	0	0	0	0	0	86.5	1	2	0	1	
65	0.1	0.366263	-2	0	0	0	0	0	86.5	1	2	0	1	
