65	0.1	0.1	1	nan	0	1599.98	1599.98	0	173	0	0	0	1	
65	0.1	0.101508	1	nan	0	1599.98	1599.98	0	173	0	0	0	1	
65	0.1	0.103015	1	nan	0	1599.98	1599.98	0	173	0	0	0	1	
65	0.1	0.104523	1	nan	0	1599.98	1599.98	0	173	0	0	0	1	
65	0.1	0.10603	1	nan	0	1599.98	1599.98	0	173	0	0	0	1	
65	0.1	0.107538	1	nan	0	1599.98	1599.98	0	173	0	0	0	1	
65	0.1	0.109045	1	nan	0	1599.98	1599.98	0	173	0	0	0	1	
65	0.1	0.110553	1	nan	0	1599.98	1599.98	0	173	0	0	0	1	
65	0.1	0.11206	1	nan	0	1599.98	1599.98	0	173	0	0	0	1	
65	0.1	0.113568	1	nan	0	1599.98	1599.98	0	173	0	0	0	1	
65	0.1	0.115075	1	nan	0	1599.98	1599.98	0	173	0	0	0	1	
65	0.1	0.116583	1	nan	0	1599.98	1599.98	0	173	0	0	0	1	
65	0.1	0.11809	1	nan	0	1599.98	1599.98	0	173	0	0	0	1	
65	0.1	0.119598	1	nan	0	1599.98	1599.98	0	173	0	0	0	1	
65	0.1	0.121106	1	nan	0	1599.98	1599.98	0	173	0	0	0	1	
65	0.1	0.122613	1	nan	0	1599.98	1599.98	0	173	0	0	0	1	
65	0.1	0.124121	1	nan	0	1599.98	1599.98	0	173	0	0	0	1	
65	0.1	0.125628	1	nan	0	1599.98	1599.98	0	173	0	0	0	1	
65	0.1	0.127136	1	nan	0	1599.98	1599.98	0	173	0	0	0	1	
65	0.1	0.128643	1	nan	0	1599.98	1599.98	0	173	0	0	0	1	
65	0.1	0.130151	1	nan	0	1599.98	1599.98	0	173	0	0	0	1	
65	0.1	0.131658	1	nan	0	1599.98	1599.98	0	173	0	0	0	1	
65	0.1	0.133166	1	nan	0	1599.98	1599.98	0	173	0	0	0	1	
65	0.1	0.134673	1	nan	0	1599.98	1599.98	0	173	0	0	0	1	
65	0.1	0.136181	1	nan	0	1599.98	1599.98	0	173	0	0	0	1	
65	0.1	0.137688	1	nan	0	1599.98	1599.98	0	173	0	0	0	1	
65	0.1	0.139196	1	nan	0	1599.98	1599.98	0	173	0	0	0	1	
65	0.1	0.140704	1	107.513	155.101	155.101	155.101	155.101	173	0	0	0	1	
65	0.1	0.142211	1	107.551	155	155	155	155	173	0	0	0	1	
65	0.1	0.143719	1	107.584	154.909	154.909	154.909	154.909	173	0	0	0	1	
65	0.1	0.145226	1	107.613	154.828	154.828	154.828	154.828	173	0	0	0	1	
65	0.1	0.146734	1	107.637	154.757	154.757	154.757	154.757	173	0	0	0	1	
65	0.1	0.148241	1	107.657	154.696	154.696	154.696	154.696	173	0	0	0	1	
65	0.1	0.149749	1	107.672	154.645	154.645	154.645	154.645	173	0	0	0	1	
65	0.1	0.151256	1	107.683	154.603	154.603	154.603	154.603	173	0	0	0	1	
65	0.1	0.152764	1	107.689	154.571	154.571	154.571	154.571	173	0	0	0	1	
65	0.1	0.154271	1	107.691	154.549	154.549	154.549	154.549	173	0	0	0	1	
65	0.1	0.155779	1	107.689	154.536	154.536	154.536	154.536	173	0	0	0	1	
65	0.1	0.157286	1	107.682	154.533	154.533	154.533	154.533	173	0	0	0	1	
65	0.1	0.158794	1	107.67	154.54	154.54	154.54	154.54	173	0	0	0	1	
65	0.1	0.160302	1	107.654	154.556	154.556	154.556	154.556	173	0	0	0	1	
65	0.1	0.161809	1	107.634	154.582	154.582	154.582	154.582	173	0	0	0	1	
65	0.1	0.163317	1	107.61	154.618	154.618	154.618	154.618	173	0	0	0	1	
65	0.1	0.164824	1	107.581	154.663	154.663	154.663	154.663	173	0	0	0	1	
65	0.1	0.166332	1	107.547	154.719	154.719	154.719	154.719	173	0	0	0	1	
65	0.1	0.167839	1	107.509	154.784	154.784	154.784	154.784	173	0	0	0	1	
65	0.1	0.169347	1	107.466	154.858	154.858	154.858	154.858	173	0	0	0	1	
65	0.1	0.170854	1	107.419	154.943	154.943	154.943	154.943	173	0	0	0	1	
65	0.1	0.172362	1	107.368	155.037	155.037	155.037	155.037	173	0	0	0	1	
65	0.1	0.173869	1	107.312	155.141	155.141	155.141	155.141	173	0	0	0	1	
65	0.1	0.175377	1	107.251	155.255	155.255	155.255	155.255	173	0	0	0	1	
65	0.1	0.176884	1	107.186	155.378	155.378	155.378	155.378	173	0	0	0	1	
65	0.1	0.178392	1	107.117	155.512	155.512	155.512	155.512	173	0	0	0	1	
65	0.1	0.179899	1	107.042	155.655	155.655	155.655	155.655	173	0	0	0	1	
65	0.1	0.181407	1	106.963	155.808	155.808	155.808	155.808	173	0	0	0	1	
65	0.1	0.182915	1	106.88	155.971	155.971	155.971	155.971	173	0	0	0	1	
65	0.1	0.184422	1	106.791	156.143	156.143	156.143	156.143	173	0	0	0	1	
65	0.1	0.18593	1	106.698	156.326	156.326	156.326	156.326	173	0	0	0	1	
65	0.1	0.187437	1	106.6	156.518	156.518	156.518	156.518	173	0	0	0	1	
65	0.1	0.188945	1	106.498	156.721	156.721	156.721	156.721	173	0	0	0	1	
65	0.1	0.190452	1	106.39	156.933	156.933	156.933	156.933	173	0	0	0	1	
65	0.1	0.19196	1	106.278	157.155	157.155	157.155	157.155	173	0	0	0	1	
65	0.1	0.193467	1	106.161	157.387	157.387	157.387	157.387	173	0	0	0	1	
65	0.1	0.194975	1	106.039	157.629	157.629	157.629	157.629	173	0	0	0	1	
65	0.1	0.196482	1	105.912	157.881	157.881	157.881	157.881	173	0	0	0	1	
65	0.1	0.19799	1	105.78	158.143	158.143	158.143	158.143	173	0	0	0	1	
65	0.1	0.199497	1	105.643	158.414	158.414	158.414	158.414	173	0	0	0	1	
65	0.1	0.201005	1	105.501	158.696	158.696	158.696	158.696	173	0	0	0	1	
65	0.1	0.202513	1	105.354	158.987	158.987	158.987	158.987	173	0	0	0	1	
65	0.1	0.20402	1	105.201	159.289	159.289	159.289	159.289	173	0	0	0	1	
65	0.1	0.205528	1	105.043	159.6	159.6	159.6	159.6	173	0	0	0	1	
65	0.1	0.207035	1	104.88	159.921	159.921	159.921	159.921	173	0	0	0	1	
65	0.1	0.208543	1	104.712	160.253	160.253	160.253	160.253	173	0	0	0	1	
65	0.1	0.21005	1	104.538	160.594	160.594	160.594	160.594	173	0	0	0	1	
65	0.1	0.211558	1	104.359	160.945	160.945	160.945	160.945	173	0	0	0	1	
65	0.1	0.213065	1	104.175	161.306	161.306	161.306	161.306	173	0	0	0	1	
65	0.1	0.214573	1	103.984	161.677	161.677	161.677	161.677	173	0	0	0	1	
65	0.1	0.21608	1	103.789	162.058	162.058	162.058	162.058	173	0	0	0	1	
65	0.1	0.217588	1	103.587	162.449	162.449	162.449	162.449	173	0	0	0	1	
65	0.1	0.219095	1	103.38	162.85	162.85	162.85	162.85	173	0	0	0	1	
65	0.1	0.220603	1	103.167	163.261	163.261	163.261	163.261	173	0	0	0	1	
65	0.1	0.222111	1	102.947	163.682	163.682	163.682	163.682	173	0	0	0	1	
65	0.1	0.223618	1	102.722	164.113	164.113	164.113	164.113	173	0	0	0	1	
65	0.1	0.225126	1	102.491	164.554	164.554	164.554	164.554	173	0	0	0	1	
65	0.1	0.226633	1	102.254	165.005	165.005	165.005	165.005	173	0	0	0	1	
65	0.1	0.228141	1	102.01	165.466	165.466	165.466	165.466	173	0	0	0	1	
65	0.1	0.229648	1	101.76	165.937	165.937	165.937	165.937	173	0	0	0	1	
65	0.1	0.231156	1	101.504	166.418	166.418	166.418	166.418	173	0	0	0	1	
65	0.1	0.232663	1	101.241	166.909	166.909	166.909	166.909	173	0	0	0	1	
65	0.1	0.234171	1	100.972	167.411	167.411	167.411	167.411	173	0	0	0	1	
65	0.1	0.235678	1	100.696	167.922	167.922	167.922	167.922	173	0	0	0	1	
65	0.1	0.237186	1	100.413	168.443	168.443	168.443	168.443	173	0	0	0	1	
65	0.1	0.238693	1	100.123	168.974	168.974	168.974	168.974	173	0	0	0	1	
65	0.1	0.240201	1	99.8257	169.516	169.516	169.516	169.516	173	0	0	0	1	
65	0.1	0.241709	1	99.5215	170.068	170.068	170.068	170.068	173	0	0	0	1	
65	0.1	0.243216	1	99.21	170.629	170.629	170.629	170.629	173	0	0	0	1	
65	0.1	0.244724	1	98.8911	171.201	171.201	171.201	171.201	173	0	0	0	1	
65	0.1	0.246231	1	98.5646	171.783	171.783	171.783	171.783	173	0	0	0	1	
65	0.1	0.247739	1	98.2303	172.375	172.375	172.375	172.375	173	0	0	0	1	
65	0.1	0.249246	1	97.8882	172.978	172.978	172.978	172.978	173	0	0	0	1	
65	0.1	0.250754	1	97.5381	173.591	173.591	173.591	173.591	173	0	0	0	1	
65	0.1	0.252261	1	97.1798	174.214	174.214	174.214	174.214	173	0	0	0	1	
65	0.1	0.253769	1	96.8132	174.847	174.847	174.847	174.847	173	0	0	0	1	
65	0.1	0.255276	1	96.438	175.491	175.491	175.491	175.491	173	0	0	0	1	
65	0.1	0.256784	1	96.0541	176.145	176.145	176.145	176.145	173	0	0	0	1	
65	0.1	0.258291	1	95.6613	176.809	176.809	176.809	176.809	173	0	0	0	1	
65	0.1	0.259799	1	95.2595	177.484	177.484	177.484	177.484	173	0	0	0	1	
65	0.1	0.261307	1	94.8483	178.169	178.169	178.169	178.169	173	0	0	0	1	
65	0.1	0.262814	1	94.4275	178.865	178.865	178.865	178.865	173	0	0	0	1	
65	0.1	0.264322	1	93.9971	179.572	179.572	179.572	179.572	173	0	0	0	1	
65	0.1	0.265829	1	93.5566	180.289	180.289	180.289	180.289	173	0	0	0	1	
65	0.1	0.267337	1	93.1058	0	181.017	181.017	0	173	0	0	0	1	
65	0.1	0.268844	1	92.6446	0	181.756	181.756	0	173	0	0	0	1	
65	0.1	0.270352	1	92.1725	0	182.529	182.506	0	173	0	0	0	1	
65	0.1	0.271859	1	91.6893	0	183.882	183.267	0	173	0	0	0	1	
65	0.1	0.273367	1	91.1947	0	185.229	184.038	0	173	0	0	0	1	
65	0.1	0.274874	1	90.6884	0	186.571	184.821	0	173	0	0	0	1	
65	0.1	0.276382	1	90.17	0	187.908	185.615	0	173	0	0	0	1	
65	0.1	0.277889	1	89.6391	0	189.239	186.42	0	173	0	0	0	1	
65	0.1	0.279397	1	89.0954	0	190.566	187.237	0	173	0	0	0	1	
65	0.1	0.280905	1	88.5384	0	191.888	188.066	0	173	0	0	0	1	
65	0.1	0.282412	1	87.9677	0	188.906	188.906	0	173	0	0	0	1	
65	0.1	0.28392	1	87.3829	0	189.758	189.758	0	173	0	0	0	1	
65	0.1	0.285427	1	86.7834	0	190.621	190.621	0	173	0	0	0	1	
65	0.1	0.286935	1	86.1687	0	191.498	191.498	0	173	0	0	0	1	
65	0.1	0.288442	1	85.5383	0	192.386	192.386	0	173	0	0	0	1	
65	0.1	0.28995	1	84.8915	0	199.735	193.287	0	173	0	0	0	1	
65	0.1	0.291457	1	84.2277	0	194.2	194.2	0	173	0	0	0	1	
65	0.1	0.292965	1	83.5462	0	195.127	195.127	0	173	0	0	0	1	
65	0.1	0.294472	1	82.8462	0	196.067	196.067	0	173	0	0	0	1	
65	0.1	0.29598	1	82.127	0	197.02	197.02	0	173	0	0	0	1	
65	0.1	0.297487	1	81.3876	0	197.987	197.987	0	173	0	0	0	1	
65	0.1	0.298995	1	80.6272	0	207.463	198.968	0	173	0	0	0	1	
65	0.1	0.300503	1	79.8446	0	208.743	199.963	0	173	0	0	0	1	
65	0.1	0.30201	1	79.0388	0	210.02	200.974	0	173	0	0	0	1	
65	0.1	0.303518	1	78.2085	0	211.296	201.999	0	173	0	0	0	1	
65	0.1	0.305025	1	77.3524	0	212.571	203.04	0	173	0	0	0	1	
65	0.1	0.306533	1	76.469	0	213.844	204.098	0	173	0	0	0	1	
65	0.1	0.30804	1	75.5564	0	215.116	205.172	0	173	0	0	0	1	
65	0.1	0.309548	1	74.6081	0	216.389	206.27	0	173	0	0	0	1	
65	0.1	0.311055	1	73.6188	0	217.664	207.394	0	173	0	0	0	1	
65	0.1	0.312563	1	72.5894	0	218.94	208.543	0	173	0	0	0	1	
65	0.1	0.31407	1	71.518	0	220.217	209.715	0	173	0	0	0	1	
65	0.1	0.315578	1	70.402	0	221.495	210.911	0	173	0	0	0	1	
65	0.1	0.317085	1	69.2383	0	222.775	212.132	0	173	0	0	0	1	
65	0.1	0.318593	1	68.023	0	224.057	213.378	0	173	0	0	0	1	
65	0.1	0.320101	1	66.7517	0	225.341	214.651	0	173	0	0	0	1	
65	0.1	0.321608	1	65.419	0	226.628	215.953	0	173	0	0	0	1	
65	0.1	0.323116	1	64.0185	0	227.919	217.285	0	173	0	0	0	1	
65	0.1	0.324623	1	62.5427	0	229.214	218.649	0	173	0	0	0	1	
65	0.1	0.326131	1	60.982	0	230.514	220.049	0	173	0	0	0	1	
65	0.1	0.327638	1	59.3251	0	231.821	221.488	0	173	0	0	0	1	
65	0.1	0.329146	1	57.5571	0	233.134	222.971	0	173	0	0	0	1	
65	0.1	0.330653	1	55.6594	0	234.457	224.502	0	173	0	0	0	1	
65	0.1	0.332161	1	53.6069	0	235.79	226.09	0	173	0	0	0	1	
65	0.1	0.333668	1	51.3653	0	237.137	227.745	0	173	0	0	0	1	
65	0.1	0.335176	1	48.8854	0	238.501	229.482	0	173	0	0	0	1	
65	0.1	0.336683	1	46.0924	0	239.889	231.321	0	173	0	0	0	1	
65	0.1	0.338191	1	42.8627	0	241.308	233.297	0	173	0	0	0	1	
65	0.1	0.339698	1	38.9659	0	242.775	235.472	0	173	0	0	0	1	
65	0.1	0.341206	1	33.8715	0	244.324	237.979	0	173	0	0	0	1	
65	0.1	0.342714	1	25.614	0	246.068	241.259	0	173	0	0	0	1	
65	0.1	0.344221	-2	0	0	0	0	0	173	0	0	0	1	
65	0.1	0.345729	-2	0	0	0	0	0	173	0	0	0	1	
65	0.1	0.347236	-2	0	0	0	0	0	173	0	0	0	1	
65	0.1	0.348744	-2	0	0	0	0	0	173	0	0	0	1	
65	0.1	0.350251	-2	0	0	0	0	0	173	0	0	0	1	
65	0.1	0.351759	-2	0	0	0	0	0	173	0	0	0	1	
65	0.1	0.353266	-2	0	0	0	0	0	173	0	0	0	1	
65	0.1	0.354774	-2	0	0	0	0	0	173	0	0	0	1	
65	0.1	0.356281	-2	0	0	0	0	0	173	0	0	0	1	
65	0.1	0.357789	-2	0	0	0	0	0	173	0	0	0	1	
65	0.1	0.359296	-2	0	0	0	0	0	173	0	0	0	1	
65	0.1	0.360804	-2	0	0	0	0	0	173	0	0	0	1	
65	0.1	0.362312	-2	0	0	0	0	0	173	0	0	0	1	
65	0.1	0.363819	-2	0	0	0	0	0	173	0	0	0	1	
65	0.1	0.365327	-2	0	0	0	0	0	173	0	0	0	1	
65	0.1	0.366834	-2	0	0	0	0	0	173	0	0	0	1	
65	0.1	0.368342	-2	0	0	0	0	0	173	0	0	0	1	
65	0.1	0.369849	-2	0	0	0	0	0	173	0	0	0	1	
65	0.1	0.371357	-2	0	0	0	0	0	173	0	0	0	1	
65	0.1	0.372864	-2	0	0	0	0	0	173	0	0	0	1	
65	0.1	0.374372	-2	0	0	0	0	0	173	0	0	0	1	
65	0.1	0.375879	-2	0	0	0	0	0	173	0	0	0	1	
65	0.1	0.377387	-2	0	0	0	0	0	173	0	0	0	1	
65	0.1	0.378894	-2	0	0	0	0	0	173	0	0	0	1	
65	0.1	0.380402	-2	0	0	0	0	0	173	0	0	0	1	
65	0.1	0.38191	-2	0	0	0	0	0	173	0	0	0	1	
65	0.1	0.383417	-2	0	0	0	0	0	173	0	0	0	1	
65	0.1	0.384925	-2	0	0	0	0	0	173	0	0	0	1	
65	0.1	0.386432	-2	0	0	0	0	0	173	0	0	0	1	
65	0.1	0.38794	-2	0	0	0	0	0	173	0	0	0	1	
65	0.1	0.389447	-2	0	0	0	0	0	173	0	0	0	1	
65	0.1	0.390955	-2	0	0	0	0	0	173	0	0	0	1	
65	0.1	0.392462	-2	0	0	0	0	0	173	0	0	0	1	
65	0.1	0.39397	-2	0	0	0	0	0	173	0	0	0	1	
65	0.1	0.395477	-2	0	0	0	0	0	173	0	0	0	1	
65	0.1	0.396985	-2	0	0	0	0	0	173	0	0	0	1	
65	0.1	0.398492	-2	0	0	0	0	0	173	0	0	0	1	
65	0.1	0.4	-2	0	0	0	0	0	173	0	0	0	1	
