65	0.01	0.3	-2	0	0	0	0	0	173	1	0	0	1	
65	0.0119192	0.3	-2	0	0	0	0	0	173	1	0	0	1	
65	0.0138384	0.3	-2	0	0	0	0	0	173	1	0	0	1	
65	0.0157576	0.3	-2	0	0	0	0	0	173	1	0	0	1	
65	0.0176768	0.3	-2	0	0	0	0	0	173	1	0	0	1	
65	0.019596	0.3	-2	0	0	0	0	0	173	1	0	0	1	
65	0.0215152	0.3	-2	0	0	0	0	0	173	1	0	0	1	
65	0.0234343	0.3	-2	0	0	0	0	0	173	1	0	0	1	
65	0.0253535	0.3	-2	0	0	0	0	0	173	1	0	0	1	
65	0.0272727	0.3	-2	0	0	0	0	0	173	1	0	0	1	
65	0.0291919	0.3	-2	0	0	0	0	0	173	1	0	0	1	
65	0.0311111	0.3	-2	0	0	0	0	0	173	1	0	0	1	
65	0.0330303	0.3	-2	0	0	0	0	0	173	1	0	0	1	
65	0.0349495	0.3	-2	0	0	0	0	0	173	1	0	0	1	
65	0.0368687	0.3	-2	0	0	0	0	0	173	1	0	0	1	
65	0.0387879	0.3	-2	0	0	0	0	0	173	1	0	0	1	
65	0.0407071	0.3	-2	0	0	0	0	0	173	1	0	0	1	
65	0.0426263	0.3	-2	0	0	0	0	0	173	1	0	0	1	
65	0.0445455	0.3	-2	0	0	0	0	0	173	1	0	0	1	
65	0.0464646	0.3	-2	0	0	0	0	0	173	1	0	0	1	
65	0.0483838	0.3	-2	0	0	0	0	0	173	1	0	0	1	
65	0.050303	0.3	-2	0	0	0	0	0	173	1	0	0	1	
65	0.0522222	0.3	-2	0	0	0	0	0	173	1	0	0	1	
65	0.0541414	0.3	-2	0	0	0	0	0	173	1	0	0	1	
65	0.0560606	0.3	-2	0	0	0	0	0	173	1	0	0	1	
65	0.0579798	0.3	-2	0	0	0	0	0	173	1	0	0	1	
65	0.059899	0.3	-2	0	0	0	0	0	173	1	0	0	1	
65	0.0618182	0.3	1	19.5016	0	278.536	243.092	0	173	1	0	0	1	
65	0.0637374	0.3	1	37.9849	0	272.294	236.023	0	173	1	0	0	1	
65	0.0656566	0.3	1	45.4913	0	267.081	231.754	0	173	1	0	0	1	
65	0.0675758	0.3	1	50.7078	0	262.288	228.277	0	173	1	0	0	1	
65	0.0694949	0.3	1	54.7768	0	257.801	225.261	0	173	1	0	0	1	
65	0.0714141	0.3	1	58.1283	0	222.568	222.568	0	173	1	0	0	1	
65	0.0733333	0.3	1	60.9784	0	220.123	220.123	0	173	1	0	0	1	
65	0.0752525	0.3	1	63.4541	0	217.882	217.882	0	173	1	0	0	1	
65	0.0771717	0.3	1	65.6374	0	215.81	215.81	0	173	1	0	0	1	
65	0.0790909	0.3	1	67.5848	0	213.886	213.886	0	173	1	0	0	1	
65	0.0810101	0.3	1	69.3374	0	212.091	212.091	0	173	1	0	0	1	
65	0.0829293	0.3	1	70.9259	0	210.41	210.41	0	173	1	0	0	1	
65	0.0848485	0.3	1	72.3739	0	208.832	208.832	0	173	1	0	0	1	
65	0.0867677	0.3	1	73.7	0	207.349	207.349	0	173	1	0	0	1	
65	0.0886869	0.3	1	74.9189	0	205.952	205.952	0	173	1	0	0	1	
65	0.0906061	0.3	1	76.042	0	204.636	204.636	0	173	1	0	0	1	
65	0.0925253	0.3	1	77.0756	0	203.399	203.399	0	173	1	0	0	1	
65	0.0944444	0.3	1	78.0294	0	215.172	202.237	0	173	1	0	0	1	
65	0.0963636	0.3	1	78.923	0	212.694	201.129	0	173	1	0	0	1	
65	0.0982828	0.3	1	79.7626	0	210.295	200.07	0	173	1	0	0	1	
65	0.100202	0.3	1	80.5533	0	207.97	199.058	0	173	1	0	0	1	
65	0.102121	0.3	1	81.2996	0	198.089	198.089	0	173	1	0	0	1	
65	0.10404	0.3	1	82.0054	0	197.159	197.159	0	173	1	0	0	1	
65	0.10596	0.3	1	82.674	0	196.267	196.267	0	173	1	0	0	1	
65	0.107879	0.3	1	83.3085	0	195.41	195.41	0	173	1	0	0	1	
65	0.109798	0.3	1	83.9115	0	194.586	194.586	0	173	1	0	0	1	
65	0.111717	0.3	1	84.4855	0	193.793	193.793	0	173	1	0	0	1	
65	0.113636	0.3	1	85.0326	0	193.029	193.029	0	173	1	0	0	1	
65	0.115556	0.3	1	85.5548	0	192.292	192.292	0	173	1	0	0	1	
65	0.117475	0.3	1	86.0537	0	191.581	191.581	0	173	1	0	0	1	
65	0.119394	0.3	1	86.5309	0	190.895	190.895	0	173	1	0	0	1	
65	0.121313	0.3	1	86.9879	0	190.231	190.231	0	173	1	0	0	1	
65	0.123232	0.3	1	87.426	0	189.59	189.59	0	173	1	0	0	1	
65	0.125152	0.3	1	87.8464	0	188.97	188.97	0	173	1	0	0	1	
65	0.127071	0.3	1	88.2501	0	188.369	188.369	0	173	1	0	0	1	
65	0.12899	0.3	1	88.6382	0	187.788	187.788	0	173	1	0	0	1	
65	0.130909	0.3	1	89.0116	0	187.224	187.224	0	173	1	0	0	1	
65	0.132828	0.3	1	89.3711	0	186.677	186.677	0	173	1	0	0	1	
65	0.134747	0.3	1	89.7175	0	186.147	186.147	0	173	1	0	0	1	
65	0.136667	0.3	1	90.0515	0	185.632	185.632	0	173	1	0	0	1	
65	0.138586	0.3	1	90.3738	0	185.132	185.132	0	173	1	0	0	1	
65	0.140505	0.3	1	90.685	184.646	184.646	184.646	184.646	173	1	0	0	1	
65	0.142424	0.3	1	90.9858	184.174	184.174	184.174	184.174	173	1	0	0	1	
65	0.144343	0.3	1	91.2765	183.715	183.715	183.715	183.715	173	1	0	0	1	
65	0.146263	0.3	1	91.5577	183.269	183.269	183.269	183.269	173	1	0	0	1	
65	0.148182	0.3	1	91.83	182.834	182.834	182.834	182.834	173	1	0	0	1	
65	0.150101	0.3	1	92.0937	182.411	182.411	182.411	182.411	173	1	0	0	1	
65	0.15202	0.3	1	92.3492	181.999	181.999	181.999	181.999	173	1	0	0	1	
65	0.153939	0.3	1	92.5969	181.597	181.597	181.597	181.597	173	1	0	0	1	
65	0.155859	0.3	1	92.8371	181.206	181.206	181.206	181.206	173	1	0	0	1	
65	0.157778	0.3	1	93.0703	180.824	180.824	180.824	180.824	173	1	0	0	1	
65	0.159697	0.3	1	93.2967	180.452	180.452	180.452	180.452	173	1	0	0	1	
65	0.161616	0.3	1	93.5166	180.089	180.089	180.089	180.089	173	1	0	0	1	
65	0.163535	0.3	1	93.7303	179.734	179.734	179.734	179.734	173	1	0	0	1	
65	0.165455	0.3	1	93.9381	179.388	179.388	179.388	179.388	173	1	0	0	1	
65	0.167374	0.3	1	94.1401	179.05	179.05	179.05	179.05	173	1	0	0	1	
65	0.169293	0.3	1	94.3367	178.72	178.72	178.72	178.72	173	1	0	0	1	
65	0.171212	0.3	1	94.5281	178.397	178.397	178.397	178.397	173	1	0	0	1	
65	0.173131	0.3	1	94.7144	178.082	178.082	178.082	178.082	173	1	0	0	1	
65	0.175051	0.3	1	94.8959	177.774	177.774	177.774	177.774	173	1	0	0	1	
65	0.17697	0.3	1	95.0728	177.473	177.473	177.473	177.473	173	1	0	0	1	
65	0.178889	0.3	1	95.2452	177.178	177.178	177.178	177.178	173	1	0	0	1	
65	0.180808	0.3	1	95.4133	176.889	176.889	176.889	176.889	173	1	0	0	1	
65	0.182727	0.3	1	95.5772	176.607	176.607	176.607	176.607	173	1	0	0	1	
65	0.184646	0.3	1	95.7372	176.33	176.33	176.33	176.33	173	1	0	0	1	
65	0.186566	0.3	1	95.8933	176.06	176.06	176.06	176.06	173	1	0	0	1	
65	0.188485	0.3	1	96.0457	175.795	175.795	175.795	175.795	173	1	0	0	1	
65	0.190404	0.3	1	96.1946	175.535	175.535	175.535	175.535	173	1	0	0	1	
65	0.192323	0.3	1	96.34	175.281	175.281	175.281	175.281	173	1	0	0	1	
65	0.194242	0.3	1	96.4821	175.032	175.032	175.032	175.032	173	1	0	0	1	
65	0.196162	0.3	1	96.621	174.787	174.787	174.787	174.787	173	1	0	0	1	
65	0.198081	0.3	1	96.7568	174.548	174.548	174.548	174.548	173	1	0	0	1	
65	0.2	0.3	1	96.8895	174.313	174.313	174.313	174.313	173	1	0	0	1	
