65	0.01	0.3	-3	0	0	0	0	0	173	0	0	0	1	
65	0.0119192	0.3	-3	0	0	0	0	0	173	0	0	0	1	
65	0.0138384	0.3	-3	0	0	0	0	0	173	0	0	0	1	
65	0.0157576	0.3	-3	0	0	0	0	0	173	0	0	0	1	
65	0.0176768	0.3	-3	0	0	0	0	0	173	0	0	0	1	
65	0.019596	0.3	-3	0	0	0	0	0	173	0	0	0	1	
65	0.0215152	0.3	-3	0	0	0	0	0	173	0	0	0	1	
65	0.0234343	0.3	-3	0	0	0	0	0	173	0	0	0	1	
65	0.0253535	0.3	-3	0	0	0	0	0	173	0	0	0	1	
65	0.0272727	0.3	-3	0	0	0	0	0	173	0	0	0	1	
65	0.0291919	0.3	-3	0	0	0	0	0	173	0	0	0	1	
65	0.0311111	0.3	-3	0	0	0	0	0	173	0	0	0	1	
65	0.0330303	0.3	-3	0	0	0	0	0	173	0	0	0	1	
65	0.0349495	0.3	-3	0	0	0	0	0	173	0	0	0	1	
65	0.0368687	0.3	-3	0	0	0	0	0	173	0	0	0	1	
65	0.0387879	0.3	-3	0	0	0	0	0	173	0	0	0	1	
65	0.0407071	0.3	-3	0	0	0	0	0	173	0	0	0	1	
65	0.0426263	0.3	-3	0	0	0	0	0	173	0	0	0	1	
65	0.0445455	0.3	-3	0	0	0	0	0	173	0	0	0	1	
65	0.0464646	0.3	-3	0	0	0	0	0	173	0	0	0	1	
65	0.0483838	0.3	3	34.6757	246.739	4.97201e-05	5.12151e-06	319.896	173	0	0	0	1	
65	0.050303	0.3	3	49.2042	244.646	-2.49226e-06	-9.24263e-06	312.811	173	0	0	0	1	
65	0.0522222	0.3	3	57.6401	242.361	3.56703e-06	-2.19634e-05	306.054	173	0	0	0	1	
65	0.0541414	0.3	3	63.8909	240.009	2.1633e-05	3.02693e-06	299.627	173	0	0	0	1	
65	0.0560606	0.3	3	68.9232	237.621	-2.58072e-05	-1.32382e-06	293.507	173	0	0	0	1	
65	0.0579798	0.3	3	73.155	235.152	-3.18059e-06	-9.18634e-06	287.672	173	0	0	0	1	
65	0.059899	0.3	3	76.8167	232.649	1.47561e-05	-4.27723e-06	282.1	173	0	0	0	1	
65	0.0618182	0.3	4	80.032	230.515	-4.62037e-06	-5.46175e-06	276.772	173	0	0	0	1	
65	0.0637374	0.3	4	82.8993	228.438	-3.94969e-06	8.07847e-07	271.666	173	0	0	0	1	
65	0.0656566	0.3	4	85.4747	226.427	1.04301e-05	5.99532e-06	266.768	173	0	0	0	1	
65	0.0675758	0.3	1	87.8088	224.477	-2.38119e-06	-4.71825e-06	262.058	173	0	0	0	1	
65	0.0694949	0.3	1	89.938	-222.589	1.16901e-05	3.50581e-06	257.52	173	0	0	0	1	
65	0.0714141	0.3	1	91.8906	220.761	3.814e-05	8.12234e-06	253.136	173	0	0	0	1	
65	0.0733333	0.3	1	93.6886	218.992	-2.86478e-06	3.57805e-06	248.888	173	0	0	0	1	
65	0.0752525	0.3	1	95.3503	217.282	2.75766e-05	2.34538e-05	244.754	173	0	0	0	1	
65	0.0771717	0.3	1	96.89	215.63	6.73933e-05	-8.09634e-07	240.703	173	0	0	0	1	
65	0.0790909	0.3	1	98.3187	214.035	-2.34868e-05	5.11535e-06	236.682	173	0	0	0	1	
65	0.0810101	0.3	1	99.644	212.503	1.13824e-05	-9.8239e-06	232.532	173	0	0	0	1	
65	0.0829293	0.3	1	100.857	211.052	-4.46604e-05	3.50475e-06	227.584	173	0	0	0	1	
65	0.0848485	0.3	1	101.987	209.659	8.52174e-06	-2.44926e-05	224.586	173	0	0	0	1	
65	0.0867677	0.3	1	103.056	208.301	-2.76497e-05	1.25215e-05	221.707	173	0	0	0	1	
65	0.0886869	0.3	1	104.071	206.976	3.36123e-05	1.09127e-05	218.93	173	0	0	0	1	
65	0.0906061	0.3	1	105.037	205.682	-1.26574e-05	-9.87439e-06	216.247	173	0	0	0	1	
65	0.0925253	0.3	1	105.956	204.418	1.07295e-06	2.169e-05	213.652	173	0	0	0	1	
65	0.0944444	0.3	1	106.834	203.181	-1.03278e-05	-7.76183e-06	211.14	173	0	0	0	1	
65	0.0963636	0.3	1	107.673	201.971	-9.89049e-06	-1.05105e-05	208.707	173	0	0	0	1	
65	0.0982828	0.3	1	108.476	200.787	-9.93216e-06	7.69792e-06	206.347	173	0	0	0	1	
65	0.100202	0.3	1	109.245	199.626	1.03609e-05	2.60391e-05	204.057	173	0	0	0	1	
65	0.102121	0.3	4	109.984	198.488	-7.46886e-06	8.16987e-06	201.834	173	0	0	0	1	
65	0.10404	0.3	3	110.693	197.372	-1.87898e-05	3.21638e-05	199.674	173	0	0	0	1	
65	0.10596	0.3	3	111.376	196.277	-5.05073e-05	2.54464e-06	197.574	173	0	0	0	1	
65	0.107879	0.3	3	112.033	195.201	3.71547e-06	-1.17628e-05	195.531	173	0	0	0	1	
65	0.109798	0.3	3	112.666	194.144	4.0366e-05	-5.06701e-05	193.543	173	0	0	0	1	
65	0.111717	0.3	3	113.278	193.104	2.07336e-05	-2.23664e-05	191.607	173	0	0	0	1	
65	0.113636	0.3	3	113.868	192.081	-8.73835e-06	-1.50709e-05	189.72	173	0	0	0	1	
65	0.115556	0.3	3	114.438	191.074	1.74521e-05	1.90452e-06	187.881	173	0	0	0	1	
65	0.117475	0.3	3	114.99	190.082	-3.76096e-06	4.53364e-06	186.088	173	0	0	0	1	
65	0.119394	0.3	3	115.525	189.104	-8.96012e-06	2.87194e-05	184.338	173	0	0	0	1	
65	0.121313	0.3	3	116.042	188.139	-7.0869e-07	-2.64685e-06	182.629	173	0	0	0	1	
65	0.123232	0.3	3	116.544	187.186	3.31921e-05	2.09775e-05	180.96	173	0	0	0	1	
65	0.125152	0.3	3	117.032	186.244	2.54724e-05	-8.87836e-06	179.33	173	0	0	0	1	
65	0.127071	0.3	3	117.505	185.312	-2.12837e-07	-3.28097e-05	177.737	173	0	0	0	1	
65	0.12899	0.3	3	117.964	184.389	1.60348e-06	-4.27343e-05	176.178	173	0	0	0	1	
65	0.130909	0.3	3	118.412	183.472	9.95927e-06	-1.23e-05	174.654	173	0	0	0	1	
65	0.132828	0.3	3	118.847	182.558	-3.42407e-05	-4.15412e-06	173.162	173	0	0	0	1	
65	0.134747	0.3	3	119.27	181.643	1.52308e-06	1.55804e-05	171.702	173	0	0	0	1	
65	0.136667	0.3	3	119.683	180.719	1.32921e-06	-1.32902e-05	170.272	173	0	0	0	1	
65	0.138586	0.3	3	120.086	179.665	5.55031e-06	1.07604e-05	168.87	173	0	0	0	1	
65	0.140505	0.3	3	120.479	178.827	-1.80155e-05	-1.88572e-05	167.497	173	0	0	0	1	
65	0.142424	0.3	3	120.862	178.012	-7.22381e-06	3.41483e-05	166.151	173	0	0	0	1	
65	0.144343	0.3	3	121.237	177.215	6.50242e-06	-7.06863e-06	164.831	173	0	0	0	1	
65	0.146263	0.3	3	121.602	176.428	2.16704e-05	3.16086e-06	163.536	173	0	0	0	1	
65	0.148182	0.3	3	121.958	175.651	1.27668e-05	-1.57044e-05	162.266	173	0	0	0	1	
65	0.150101	0.3	3	122.307	174.884	-1.41957e-05	-2.06892e-05	161.02	173	0	0	0	1	
65	0.15202	0.3	3	122.647	174.125	1.50228e-05	-1.69688e-05	159.796	173	0	0	0	1	
65	0.153939	0.3	3	122.98	173.374	8.9728e-06	1.66884e-05	158.595	173	0	0	0	1	
65	0.155859	0.3	3	123.305	172.632	2.55721e-05	-2.86472e-05	157.415	173	0	0	0	1	
65	0.157778	0.3	3	123.624	171.897	3.57189e-05	-8.81206e-06	156.255	173	0	0	0	1	
65	0.159697	0.3	3	123.935	171.17	-8.29174e-05	-1.15764e-07	155.116	173	0	0	0	1	
65	0.161616	0.3	3	124.24	170.45	1.34511e-05	-2.92972e-06	153.996	173	0	0	0	1	
65	0.163535	0.3	3	124.539	169.736	-3.71969e-06	1.12794e-05	152.895	173	0	0	0	1	
65	0.165455	0.3	3	124.832	169.03	-3.37401e-05	-5.19538e-06	151.812	173	0	0	0	1	
65	0.167374	0.3	3	125.119	168.329	4.40349e-05	-8.14422e-05	150.747	173	0	0	0	1	
65	0.169293	0.3	3	125.401	167.635	-1.62549e-06	-1.71952e-05	149.699	173	0	0	0	1	
65	0.171212	0.3	3	125.677	166.946	-5.35491e-06	-1.53752e-05	148.668	173	0	0	0	1	
65	0.173131	0.3	3	125.947	166.263	1.29269e-05	1.63288e-05	147.653	173	0	0	0	1	
65	0.175051	0.3	3	126.213	165.584	-1.55791e-05	-2.21577e-05	146.654	173	0	0	0	1	
65	0.17697	0.3	3	126.474	164.911	-8.07057e-06	1.83389e-05	145.67	173	0	0	0	1	
65	0.178889	0.3	3	126.73	164.243	2.20063e-05	1.55251e-05	144.701	173	0	0	0	1	
65	0.180808	0.3	3	126.982	163.579	-1.28394e-05	-1.97327e-05	143.746	173	0	0	0	1	
65	0.182727	0.3	3	127.229	162.92	1.61796e-05	1.64593e-05	142.805	173	0	0	0	1	
65	0.184646	0.3	3	127.472	162.264	-1.25835e-05	-1.8508e-05	141.878	173	0	0	0	1	
65	0.186566	0.3	3	127.711	161.613	-2.58349e-06	-2.55224e-05	140.964	173	0	0	0	1	
65	0.188485	0.3	3	127.946	160.965	-2.02079e-06	-6.18696e-06	140.063	173	0	0	0	1	
65	0.190404	0.3	3	128.177	160.32	-1.23865e-05	-3.72839e-05	139.174	173	0	0	0	1	
65	0.192323	0.3	3	128.404	159.678	3.53778e-06	4.63144e-05	138.298	173	0	0	0	1	
65	0.194242	0.3	3	128.628	159.039	4.31521e-05	1.16509e-05	137.434	173	0	0	0	1	
65	0.196162	0.3	3	128.848	158.402	1.45164e-05	-4.4916e-05	136.581	173	0	0	0	1	
65	0.198081	0.3	3	129.065	157.767	3.25979e-05	-1.40107e-05	135.739	173	0	0	0	1	
65	0.2	0.3	3	129.279	157.135	9.43311e-06	-8.02236e-06	134.909	173	0	0	0	1	
