65	0.1	0.36	1	69.7265	-239.818	9.73375e-06	-1.18641e-05	255.8	346	1	2	0	1	
65	0.1	0.360138	1	69.5538	-239.889	-8.04671e-06	4.63313e-05	255.902	346	1	2	0	1	
65	0.1	0.360276	1	69.3803	-239.96	8.42667e-06	2.72748e-05	256.003	346	1	2	0	1	
65	0.1	0.360415	1	69.206	-240.031	-4.76789e-05	-2.85096e-06	256.104	346	1	2	0	1	
65	0.1	0.360553	1	69.031	-240.102	1.75354e-05	7.22745e-05	256.205	346	1	2	0	1	
65	0.1	0.360691	1	68.8552	-240.173	9.34031e-06	-1.77362e-06	256.306	346	1	2	0	1	
65	0.1	0.360829	1	68.6786	-240.244	8.65053e-06	7.02022e-06	256.406	346	1	2	0	1	
65	0.1	0.360968	1	68.5012	-240.315	3.07002e-06	1.15084e-05	256.507	346	1	2	0	1	
65	0.1	0.361106	1	68.3229	-240.385	3.80342e-05	2.44173e-05	256.608	346	1	2	0	1	
65	0.1	0.361244	1	68.1439	-240.456	1.45985e-05	-2.59818e-06	256.709	346	1	2	0	1	
65	0.1	0.361382	1	67.964	-240.526	4.61964e-05	3.87329e-06	256.809	346	1	2	0	1	
65	0.1	0.36152	1	67.7833	-240.596	-7.18316e-06	-2.01127e-05	256.91	346	1	2	0	1	
65	0.1	0.361659	1	67.6018	-240.666	-1.80298e-05	2.64639e-05	257.011	346	1	2	0	1	
65	0.1	0.361797	1	67.4193	-240.736	2.26035e-05	1.99981e-05	257.111	346	1	2	0	1	
65	0.1	0.361935	1	67.2381	-240.805	2.39057e-05	-1.23786e-06	257.212	346	1	2	0	1	
65	0.1	0.362073	1	67.0538	-240.875	-4.56321e-05	-3.75256e-05	257.312	346	1	2	0	1	
65	0.1	0.362212	1	66.8687	-240.944	-2.59255e-05	-1.02831e-05	257.413	346	1	2	0	1	
65	0.1	0.36235	1	66.6826	-241.014	4.05607e-05	3.40083e-06	257.513	346	1	2	0	1	
65	0.1	0.362488	1	66.4956	-241.083	7.95217e-06	-1.8648e-05	257.613	346	1	2	0	1	
65	0.1	0.362626	1	66.3077	-241.152	2.00908e-05	1.67762e-05	257.714	346	1	2	0	1	
65	0.1	0.362764	1	66.1188	-241.221	-2.95406e-05	1.15812e-05	257.814	346	1	2	0	1	
65	0.1	0.362903	1	65.9289	241.29	5.84821e-05	-2.1172e-05	257.914	346	1	2	0	1	
65	0.1	0.363041	1	65.7381	241.359	1.30989e-05	-2.12703e-05	258.014	346	1	2	0	1	
65	0.1	0.363179	1	65.5463	241.427	-7.20752e-05	-2.39875e-06	258.114	346	1	2	0	1	
65	0.1	0.363317	1	65.3535	241.496	-7.19324e-06	1.58219e-05	258.215	346	1	2	0	1	
65	0.1	0.363456	1	65.1596	241.564	7.86133e-06	-8.25031e-06	258.315	346	1	2	0	1	
65	0.1	0.363594	1	64.9647	241.632	-8.10924e-05	1.56337e-05	258.415	346	1	2	0	1	
65	0.1	0.363732	1	64.7688	241.7	8.04288e-05	2.01676e-05	258.515	346	1	2	0	1	
65	0.1	0.36387	1	64.5718	241.768	-1.77031e-06	5.84447e-06	258.614	346	1	2	0	1	
65	0.1	0.364008	1	64.3737	241.836	-2.27624e-05	1.18831e-05	258.714	346	1	2	0	1	
65	0.1	0.364147	1	64.1745	241.904	-2.77937e-06	-2.14512e-05	258.814	346	1	2	0	1	
65	0.1	0.364285	1	63.9742	241.971	1.30732e-05	-2.42922e-05	258.914	346	1	2	0	1	
65	0.1	0.364423	1	63.7727	242.039	-2.42806e-05	8.07629e-05	259.014	346	1	2	0	1	
65	0.1	0.364561	1	63.5701	242.106	1.38618e-05	-1.86873e-06	259.113	346	1	2	0	1	
65	0.1	0.3647	1	63.3663	242.173	-1.12191e-05	3.87825e-06	259.213	346	1	2	0	1	
65	0.1	0.364838	1	63.1613	242.24	6.28176e-06	2.61144e-06	259.313	346	1	2	0	1	
65	0.1	0.364976	1	62.9552	242.306	1.27068e-05	-1.79107e-05	259.412	346	1	2	0	1	
65	0.1	0.365114	1	62.7478	242.373	-1.61918e-05	-1.64535e-05	259.512	346	1	2	0	1	
65	0.1	0.365252	1	62.5391	242.44	2.94483e-05	2.87535e-05	259.611	346	1	2	0	1	
65	0.1	0.365391	1	62.3292	242.506	4.1227e-05	-8.35521e-05	259.71	346	1	2	0	1	
65	0.1	0.365529	1	62.1179	242.572	4.55626e-05	-1.87165e-05	259.81	346	1	2	0	1	
65	0.1	0.365667	1	61.9054	242.638	9.95742e-06	1.13659e-05	259.909	346	1	2	0	1	
65	0.1	0.365805	1	61.6915	242.704	-2.9831e-05	-6.92872e-05	260.008	346	1	2	0	1	
65	0.1	0.365944	1	61.4763	242.769	-1.05988e-05	5.20871e-05	260.108	346	1	2	0	1	
65	0.1	0.366082	1	61.2597	242.835	2.4057e-05	2.50422e-05	260.207	346	1	2	0	1	
65	0.1	0.36622	1	61.0416	242.9	-1.4167e-05	-1.56758e-05	260.306	346	1	2	0	1	
65	0.1	0.366358	1	60.8221	242.965	-5.47907e-06	-2.36227e-05	260.405	346	1	2	0	1	
65	0.1	0.366496	1	60.6012	243.03	-2.80056e-05	-7.97705e-05	260.504	346	1	2	0	1	
65	0.1	0.366635	1	60.3788	243.095	-1.1634e-06	1.01691e-05	260.603	346	1	2	0	1	
65	0.1	0.366773	1	60.1548	243.16	-1.87803e-05	1.76944e-05	260.702	346	1	2	0	1	
65	0.1	0.366911	1	59.9294	243.224	2.02497e-06	-4.14486e-05	260.801	346	1	2	0	1	
65	0.1	0.367049	1	59.701	243.289	8.5038e-07	2.31779e-05	260.9	346	1	2	0	1	
65	0.1	0.367188	1	59.4736	243.353	9.26076e-06	-1.7543e-05	260.998	346	1	2	0	1	
65	0.1	0.367326	1	59.2433	243.416	-1.71088e-06	-9.39631e-06	261.097	346	1	2	0	1	
65	0.1	0.367464	1	59.0113	243.48	9.5506e-08	-2.31921e-05	261.196	346	1	2	0	1	
65	0.1	0.367602	1	58.7776	243.544	1.31327e-05	2.34573e-05	261.294	346	1	2	0	1	
65	0.1	0.36774	1	58.5422	243.607	-2.59047e-06	-2.17322e-05	261.393	346	1	2	0	1	
65	0.1	0.367879	1	58.305	243.67	7.96885e-05	1.14365e-05	261.491	346	1	2	0	1	
65	0.1	0.368017	1	58.066	243.733	4.9341e-05	-2.96492e-06	261.59	346	1	2	0	1	
65	0.1	0.368155	1	57.8251	243.796	-1.04977e-05	2.05337e-05	261.688	346	1	2	0	1	
65	0.1	0.368293	1	57.5824	243.859	-1.01278e-05	-1.95027e-05	261.787	346	1	2	0	1	
65	0.1	0.368432	1	57.3377	243.921	-2.46941e-06	-1.62569e-05	261.885	346	1	2	0	1	
65	0.1	0.36857	1	57.091	243.983	-3.11728e-05	8.94245e-06	261.983	346	1	2	0	1	
65	0.1	0.368708	1	56.8423	244.045	-2.35104e-05	2.56123e-05	262.081	346	1	2	0	1	
65	0.1	0.368846	1	56.5896	244.107	1.4496e-05	2.16756e-05	262.18	346	1	2	0	1	
65	0.1	0.368984	1	56.3364	244.169	-2.54848e-05	-1.05468e-05	262.278	346	1	2	0	1	
65	0.1	0.369123	1	56.0811	244.23	-3.31981e-06	-2.04788e-05	262.376	346	1	2	0	1	
65	0.1	0.369261	1	55.8235	-244.292	-1.44719e-05	4.88331e-05	262.474	346	1	2	0	1	
65	0.1	0.369399	1	55.5636	-244.353	-2.80832e-06	2.3458e-05	262.572	346	1	2	0	1	
65	0.1	0.369537	1	55.3051	-244.413	4.46424e-05	1.4952e-07	262.669	346	1	2	0	1	
65	0.1	0.369676	1	55.0409	-244.473	-5.0972e-05	1.74967e-06	262.767	346	1	2	0	1	
65	0.1	0.369814	1	54.7742	-244.533	1.33945e-05	7.17624e-06	262.865	346	1	2	0	1	
65	0.1	0.369952	1	54.505	-244.593	1.44439e-05	1.65773e-05	262.963	346	1	2	0	1	
65	0.1	0.37009	1	54.2333	-244.653	-1.92614e-05	-1.41938e-05	263.06	346	1	2	0	1	
65	0.1	0.370228	1	53.9589	-244.713	-1.72276e-06	-2.15209e-05	263.158	346	1	2	0	1	
65	0.1	0.370367	1	53.6818	-244.772	1.50867e-05	1.04887e-05	263.256	346	1	2	0	1	
65	0.1	0.370505	1	53.4019	-244.831	-1.52215e-05	-3.1328e-05	263.353	346	1	2	0	1	
65	0.1	0.370643	1	53.1191	-244.89	7.29615e-05	2.79575e-05	263.45	346	1	2	0	1	
65	0.1	0.370781	1	52.8334	-244.948	1.83395e-05	-7.74413e-06	263.548	346	1	2	0	1	
65	0.1	0.37092	1	52.5447	-245.006	-1.84746e-05	-6.63444e-06	263.645	346	1	2	0	1	
65	0.1	0.371058	1	52.2529	-245.064	1.07174e-05	7.86672e-05	263.742	346	1	2	0	1	
65	0.1	0.371196	1	51.9578	-245.122	-1.23891e-05	-3.28294e-05	263.84	346	1	2	0	1	
65	0.1	0.371334	1	51.6594	-245.18	8.90413e-06	2.26106e-05	263.937	346	1	2	0	1	
65	0.1	0.371472	1	51.3576	-245.237	-7.00955e-06	-1.3862e-05	264.034	346	1	2	0	1	
65	0.1	0.371611	1	51.0523	-245.294	-4.31591e-05	1.0119e-05	264.131	346	1	2	0	1	
65	0.1	0.371749	1	50.7433	-245.35	5.15326e-05	-2.47215e-05	264.228	346	1	2	0	1	
65	0.1	0.371887	1	50.4305	-245.407	-2.22169e-05	2.14261e-05	264.325	346	1	2	0	1	
65	0.1	0.372025	1	50.1139	-245.463	-6.90446e-06	-1.71677e-05	264.421	346	1	2	0	1	
65	0.1	0.372164	1	49.7932	-245.518	1.40967e-05	6.58279e-05	264.518	346	1	2	0	1	
65	0.1	0.372302	1	49.4684	-245.574	-2.03074e-05	1.25644e-05	264.615	346	1	2	0	1	
65	0.1	0.37244	1	49.1393	-245.629	2.53553e-05	2.85195e-05	264.711	346	1	2	0	1	
65	0.1	0.372578	1	48.8056	-245.683	-4.37703e-07	1.55054e-05	264.808	346	1	2	0	1	
65	0.1	0.372716	1	48.4673	-245.738	-4.77672e-05	1.45619e-05	264.904	346	1	2	0	1	
65	0.1	0.372855	1	48.1242	-245.792	1.56443e-05	9.83606e-06	265.001	346	1	2	0	1	
65	0.1	0.372993	1	47.7761	-245.846	3.94204e-05	2.04448e-05	265.097	346	1	2	0	1	
65	0.1	0.373131	1	47.4227	-245.899	-5.06674e-06	-1.26123e-05	265.193	346	1	2	0	1	
65	0.1	0.373269	1	47.0639	-245.952	1.17855e-05	1.42728e-05	265.289	346	1	2	0	1	
65	0.1	0.373408	1	46.6994	-246.004	4.00723e-05	-1.42564e-05	265.385	346	1	2	0	1	
65	0.1	0.373546	1	46.329	-246.057	1.81121e-06	-2.63325e-05	265.481	346	1	2	0	1	
65	0.1	0.373684	1	45.9524	-246.108	-3.2274e-05	4.0994e-05	265.577	346	1	2	0	1	
65	0.1	0.373684	1	45.9524	-246.108	-3.2274e-05	4.0994e-05	265.577	346	1	2	0	1	
65	0.1	0.373737	1	45.8058	-246.128	1.48198e-05	1.16091e-05	265.614	346	1	2	0	1	
65	0.1	0.37379	1	45.6583	-246.148	2.20598e-05	-1.21161e-06	265.651	346	1	2	0	1	
65	0.1	0.373843	1	45.5097	-246.168	1.16013e-05	8.43359e-06	265.688	346	1	2	0	1	
65	0.1	0.373897	1	45.3602	-246.187	4.71483e-05	3.11264e-05	265.725	346	1	2	0	1	
65	0.1	0.37395	1	45.2096	-246.207	3.55899e-06	8.22645e-07	265.761	346	1	2	0	1	
65	0.1	0.374003	1	45.058	-246.226	-3.10463e-06	-2.2015e-05	265.798	346	1	2	0	1	
65	0.1	0.374056	1	44.9053	-246.246	-3.73171e-06	1.38153e-05	265.835	346	1	2	0	1	
65	0.1	0.374109	1	44.7515	-246.265	-2.83699e-05	-2.63426e-05	265.872	346	1	2	0	1	
65	0.1	0.374162	1	44.5966	-246.284	6.47568e-06	-1.1653e-05	265.909	346	1	2	0	1	
65	0.1	0.374216	1	44.4405	-246.304	-1.78198e-05	4.04203e-06	265.945	346	1	2	0	1	
65	0.1	0.374269	1	44.2833	-246.323	-1.36213e-05	3.66567e-05	265.982	346	1	2	0	1	
65	0.1	0.374322	1	44.1249	-246.342	7.62168e-06	1.62481e-05	266.019	346	1	2	0	1	
65	0.1	0.374375	1	43.9653	-246.361	-7.43425e-06	1.20052e-05	266.055	346	1	2	0	1	
65	0.1	0.374428	1	43.8045	-246.38	-2.88489e-05	-1.85531e-05	266.092	346	1	2	0	1	
65	0.1	0.374481	1	43.6424	-246.399	-1.65087e-05	1.06979e-06	266.129	346	1	2	0	1	
65	0.1	0.374535	1	43.4791	-246.418	1.31262e-05	3.05056e-05	266.166	346	1	2	0	1	
65	0.1	0.374588	1	43.3144	-246.436	1.64519e-05	2.18882e-05	266.202	346	1	2	0	1	
65	0.1	0.374641	1	43.1484	-246.455	2.17197e-05	1.36607e-05	266.239	346	1	2	0	1	
65	0.1	0.374694	1	42.981	-246.474	-1.06268e-05	-2.06077e-05	266.275	346	1	2	0	1	
65	0.1	0.374747	1	42.8122	-246.492	-1.79366e-05	1.4013e-05	266.312	346	1	2	0	1	
65	0.1	0.3748	1	42.642	-246.511	-3.64104e-05	5.17863e-05	266.349	346	1	2	0	1	
65	0.1	0.374854	1	42.4704	-246.529	1.80501e-05	-3.14109e-06	266.385	346	1	2	0	1	
65	0.1	0.374907	1	42.2972	-246.547	1.24399e-05	-6.77443e-06	266.422	346	1	2	0	1	
65	0.1	0.37496	1	42.1225	-246.566	1.11437e-05	-2.42459e-05	266.458	346	1	2	0	1	
65	0.1	0.375013	1	41.9462	-246.584	-1.43753e-05	8.0207e-06	266.495	346	1	2	0	1	
65	0.1	0.375066	1	41.7683	-246.602	-1.38454e-05	-4.10379e-05	266.531	346	1	2	0	1	
65	0.1	0.375119	1	41.5888	-246.62	-3.58336e-05	1.12351e-05	266.568	346	1	2	0	1	
65	0.1	0.375173	1	41.4075	-246.638	-1.51363e-05	1.30251e-05	266.604	346	1	2	0	1	
65	0.1	0.375226	1	41.2245	-246.655	-1.14393e-05	-2.05246e-05	266.641	346	1	2	0	1	
65	0.1	0.375279	1	41.0398	-246.673	-2.93989e-05	-2.31601e-05	266.677	346	1	2	0	1	
65	0.1	0.375332	1	40.8532	-246.691	-8.06843e-06	1.84097e-05	266.714	346	1	2	0	1	
65	0.1	0.375385	1	40.6648	-246.708	-2.35762e-05	9.64082e-06	266.75	346	1	2	0	1	
65	0.1	0.375438	1	40.4744	-246.726	-5.35526e-05	-7.16736e-05	266.786	346	1	2	0	1	
65	0.1	0.375491	1	40.282	-246.743	1.56294e-05	8.63214e-06	266.823	346	1	2	0	1	
65	0.1	0.375545	1	40.0876	-246.76	2.78864e-05	4.67505e-06	266.859	346	1	2	0	1	
65	0.1	0.375598	1	39.8911	-246.777	1.33061e-05	-5.92111e-06	266.895	346	1	2	0	1	
65	0.1	0.375651	1	39.6925	-246.794	-2.6742e-05	1.27782e-05	266.932	346	1	2	0	1	
65	0.1	0.375704	1	39.4916	-246.811	-9.35981e-06	1.20606e-05	266.968	346	1	2	0	1	
65	0.1	0.375757	1	39.2875	-246.828	2.04355e-05	-2.75089e-05	267.004	346	1	2	0	1	
65	0.1	0.37581	1	39.0853	-246.845	4.53833e-05	-1.40783e-05	267.04	346	1	2	0	1	
65	0.1	0.375864	1	38.875	-246.862	2.22637e-05	-2.30777e-05	267.077	346	1	2	0	1	
65	0.1	0.375917	1	38.6645	-246.878	-7.12707e-06	-7.29875e-06	267.113	346	1	2	0	1	
65	0.1	0.37597	1	38.4515	-246.895	-1.96289e-05	-7.96345e-05	267.149	346	1	2	0	1	
65	0.1	0.376023	1	38.2358	-246.911	2.36224e-05	-3.02805e-07	267.185	346	1	2	0	1	
65	0.1	0.376076	1	38.0173	-246.927	-7.99213e-05	-1.4144e-05	267.221	346	1	2	0	1	
65	0.1	0.376129	1	37.7943	-246.943	1.1774e-05	-7.58476e-06	267.257	346	1	2	0	1	
65	0.1	0.376183	1	37.5693	-246.96	-2.49098e-05	-1.87868e-05	267.294	346	1	2	0	1	
65	0.1	0.376236	1	37.3442	-246.975	-3.93167e-06	-6.5128e-06	267.33	346	1	2	0	1	
65	0.1	0.376289	1	37.1136	-246.991	-6.07913e-06	2.69557e-05	267.366	346	1	2	0	1	
65	0.1	0.376342	1	36.8797	-247.007	-2.40005e-05	-2.40176e-06	267.402	346	1	2	0	1	
65	0.1	0.376395	1	36.6424	-247.022	1.46902e-05	-8.11386e-05	267.438	346	1	2	0	1	
65	0.1	0.376448	1	36.4015	-247.038	1.47092e-05	1.3377e-06	267.474	346	1	2	0	1	
65	0.1	0.376502	1	36.1569	-247.053	3.50346e-05	2.16416e-05	267.509	346	1	2	0	1	
65	0.1	0.376555	1	35.9084	-247.068	-4.82147e-05	-2.72454e-05	267.545	346	1	2	0	1	
65	0.1	0.376608	1	35.6559	-247.083	-2.12091e-05	1.49315e-05	267.581	346	1	2	0	1	
65	0.1	0.376661	1	35.3991	-247.098	1.57393e-05	-2.08885e-05	267.617	346	1	2	0	1	
65	0.1	0.376714	1	35.138	-247.112	-1.55059e-05	-1.45561e-05	267.653	346	1	2	0	1	
65	0.1	0.376767	1	34.8723	-247.127	-5.15072e-05	7.22529e-05	267.689	346	1	2	0	1	
65	0.1	0.376821	1	34.6017	-247.141	-2.71134e-05	2.28899e-05	267.724	346	1	2	0	1	
65	0.1	0.376874	1	34.3261	-247.155	2.17666e-05	2.35165e-05	267.76	346	1	2	0	1	
65	0.1	0.376927	1	34.0452	-247.17	4.98973e-05	1.77885e-05	267.796	346	1	2	0	1	
65	0.1	0.37698	1	33.7587	-247.183	-1.63773e-05	7.31103e-06	267.831	346	1	2	0	1	
65	0.1	0.377033	1	33.4663	-247.197	2.33179e-06	-1.59204e-05	267.867	346	1	2	0	1	
65	0.1	0.377086	1	33.1677	-247.211	2.39631e-05	-6.97075e-05	267.902	346	1	2	0	1	
65	0.1	0.37714	1	32.8626	-247.224	-1.60027e-05	-2.97586e-05	267.938	346	1	2	0	1	
65	0.1	0.377193	1	32.5505	-247.237	-4.27875e-06	1.75753e-05	267.973	346	1	2	0	1	
65	0.1	0.377246	1	32.2311	-247.25	7.75705e-06	5.59999e-06	268.009	346	1	2	0	1	
65	0.1	0.377299	1	31.9039	-247.263	1.13696e-05	-3.59064e-06	268.044	346	1	2	0	1	
65	0.1	0.377352	1	31.5683	-247.276	-9.71999e-06	-8.87696e-06	268.079	346	1	2	0	1	
65	0.1	0.377405	1	31.2238	-247.288	-2.2977e-06	1.83084e-05	268.114	346	1	2	0	1	
65	0.1	0.377458	1	30.8698	-247.3	1.49259e-05	2.3163e-06	268.15	346	1	2	0	1	
65	0.1	0.377512	1	30.5055	-247.312	1.33815e-05	-4.16972e-06	268.185	346	1	2	0	1	
65	0.1	0.377565	1	30.1302	-247.324	-2.11972e-06	-3.14267e-06	268.22	346	1	2	0	1	
65	0.1	0.377618	1	29.7429	-247.335	5.08687e-05	-2.41531e-05	268.255	346	1	2	0	1	
65	0.1	0.377671	1	29.3406	-247.346	5.1065e-06	-2.89667e-05	268.29	346	1	2	0	1	
65	0.1	0.377724	1	28.9257	-247.357	-2.42809e-05	-1.3728e-05	268.324	346	1	2	0	1	
65	0.1	0.377777	1	28.4953	-247.368	-9.8231e-06	-2.2922e-05	268.359	346	1	2	0	1	
65	0.1	0.377831	1	28.0478	-247.378	-2.37608e-05	6.21334e-05	268.394	346	1	2	0	1	
65	0.1	0.377884	1	27.5816	-247.388	1.53022e-05	-1.48033e-05	268.428	346	1	2	0	1	
65	0.1	0.377937	1	27.0935	-247.398	2.38907e-05	6.47864e-06	268.463	346	1	2	0	1	
65	0.1	0.37799	1	26.582	-247.407	2.89163e-05	2.20454e-05	268.497	346	1	2	0	1	
65	0.1	0.378043	1	26.0435	-247.416	3.12166e-05	-4.65055e-05	268.531	346	1	2	0	1	
65	0.1	0.378096	1	25.4742	-247.425	-3.06694e-05	1.74659e-05	268.565	346	1	2	0	1	
65	0.1	0.37815	1	24.8692	-247.433	-3.92497e-06	1.34568e-05	268.599	346	1	2	0	1	
65	0.1	0.378203	1	24.2223	-247.44	7.54719e-06	3.21221e-06	268.633	346	1	2	0	1	
65	0.1	0.378256	1	23.5258	-247.447	1.37502e-05	2.15946e-05	268.666	346	1	2	0	1	
65	0.1	0.378309	1	22.7684	-247.454	-1.67848e-05	-1.21415e-05	268.699	346	1	2	0	1	
65	0.1	0.378362	1	21.9353	-247.459	-4.44082e-05	1.67702e-05	268.732	346	1	2	0	1	
65	0.1	0.378415	1	21.0045	-247.464	-2.55601e-05	2.28754e-05	268.765	346	1	2	0	1	
65	0.1	0.378469	1	19.9427	-247.469	3.65598e-05	-2.74458e-05	268.797	346	1	2	0	1	
65	0.1	0.378522	1	18.6915	-247.472	-3.96965e-07	5.9229e-06	268.829	346	1	2	0	1	
65	0.1	0.378575	1	17.1407	-247.473	-1.16044e-05	-3.52763e-05	268.859	346	1	2	0	1	
65	0.1	0.378628	1	15.021	-247.473	-1.15469e-05	-4.24908e-05	268.889	346	1	2	0	1	
65	0.1	0.378681	1	11.1735	-247.47	-1.80455e-05	-2.96655e-05	268.916	346	1	2	0	1	
65	0.1	0.378734	-2	0	0	0	0	0	346	1	2	0	1	
65	0.1	0.378788	-2	0	0	0	0	0	346	1	2	0	1	
65	0.1	0.378841	-2	0	0	0	0	0	346	1	2	0	1	
65	0.1	0.378894	-2	0	0	0	0	0	346	1	2	0	1	
65	0.1	0.378947	-2	0	0	0	0	0	346	1	2	0	1	
65	0.1	0.378681	1	11.1965	-247.47	-1.80445e-05	-3.99598e-05	268.916	346	1	2	0	1	
65	0.1	0.378681	1	11.1675	-247.47	-1.80435e-05	-5.6455e-05	268.916	346	1	2	0	1	
65	0.1	0.378681	1	11.1382	-247.47	-1.80444e-05	1.25751e-05	268.916	346	1	2	0	1	
65	0.1	0.378682	1	11.1087	-247.47	-2.09056e-05	-2.05487e-05	268.917	346	1	2	0	1	
65	0.1	0.378682	1	11.0789	-247.47	1.70029e-05	-6.68538e-06	268.917	346	1	2	0	1	
65	0.1	0.378682	1	11.0489	-247.47	1.70027e-05	1.85581e-05	268.917	346	1	2	0	1	
65	0.1	0.378682	1	11.0187	-247.47	1.70042e-05	-1.70407e-05	268.917	346	1	2	0	1	
65	0.1	0.378683	1	10.9882	-247.47	1.70031e-05	-1.01884e-05	268.917	346	1	2	0	1	
65	0.1	0.378683	1	10.9574	-247.47	1.70027e-05	-5.59181e-06	268.917	346	1	2	0	1	
65	0.1	0.378683	1	10.9263	-247.47	1.5513e-05	-7.39151e-07	268.917	346	1	2	0	1	
65	0.1	0.378683	1	10.895	-247.47	-1.15478e-05	-2.50916e-05	268.917	346	1	2	0	1	
65	0.1	0.378684	1	10.8634	-247.47	-1.1548e-05	-5.04357e-06	268.918	346	1	2	0	1	
65	0.1	0.378684	1	10.8315	-247.47	-1.15479e-05	-1.14166e-05	268.918	346	1	2	0	1	
65	0.1	0.378684	1	10.7994	-247.47	8.89676e-06	4.16141e-06	268.918	346	1	2	0	1	
65	0.1	0.378684	1	10.7669	-247.47	-1.95051e-05	-1.18244e-05	268.918	346	1	2	0	1	
65	0.1	0.378685	1	10.7341	-247.47	-6.21323e-06	-2.60392e-05	268.918	346	1	2	0	1	
65	0.1	0.378685	1	10.701	-247.47	2.09367e-05	-1.84064e-06	268.918	346	1	2	0	1	
65	0.1	0.378685	1	10.6676	-247.47	2.09367e-05	1.07958e-05	268.918	346	1	2	0	1	
65	0.1	0.378685	1	10.6338	-247.47	2.09368e-05	9.29778e-06	268.918	346	1	2	0	1	
65	0.1	0.378686	1	10.5998	-247.47	2.09366e-05	-3.20544e-05	268.918	346	1	2	0	1	
65	0.1	0.378686	1	10.5653	-247.47	-3.44957e-05	-1.10725e-06	268.919	346	1	2	0	1	
65	0.1	0.378686	1	10.5305	-247.47	-1.20843e-05	-8.55635e-06	268.919	346	1	2	0	1	
65	0.1	0.378686	1	10.4954	-247.47	-1.20845e-05	4.88979e-05	268.919	346	1	2	0	1	
65	0.1	0.378687	1	10.4599	-247.47	-1.20845e-05	6.07832e-06	268.919	346	1	2	0	1	
65	0.1	0.378687	1	10.424	-247.47	-1.20833e-05	-3.55697e-05	268.919	346	1	2	0	1	
65	0.1	0.378687	1	10.3878	-247.469	-1.20834e-05	2.00493e-05	268.919	346	1	2	0	1	
65	0.1	0.378687	1	10.3511	-247.469	-1.20844e-05	-1.80914e-05	268.919	346	1	2	0	1	
65	0.1	0.378688	1	10.314	-247.469	-1.20845e-05	-1.51892e-05	268.919	346	1	2	0	1	
65	0.1	0.378688	1	10.2765	-247.469	-1.20844e-05	-3.56899e-05	268.919	346	1	2	0	1	
65	0.1	0.378688	1	10.2386	-247.469	-5.11852e-05	1.3539e-05	268.92	346	1	2	0	1	
65	0.1	0.378688	1	10.2002	-247.469	-5.11851e-05	1.22268e-05	268.92	346	1	2	0	1	
65	0.1	0.378689	1	10.1614	-247.469	-5.11863e-05	-1.35609e-05	268.92	346	1	2	0	1	
65	0.1	0.378689	1	10.1221	-247.469	-5.11863e-05	-3.93831e-05	268.92	346	1	2	0	1	
65	0.1	0.378689	1	10.0824	-247.469	-5.11864e-05	1.82016e-05	268.92	346	1	2	0	1	
65	0.1	0.378689	1	10.0421	-247.469	-5.11841e-05	-6.8623e-06	268.92	346	1	2	0	1	
65	0.1	0.378689	1	10.0013	-247.469	-5.11853e-05	1.96509e-07	268.92	346	1	2	0	1	
65	0.1	0.37869	1	9.96004	-247.469	-5.11853e-05	4.0079e-05	268.92	346	1	2	0	1	
65	0.1	0.37869	1	9.91821	-247.469	-5.11865e-05	1.03062e-05	268.92	346	1	2	0	1	
65	0.1	0.37869	1	9.87582	-247.469	-5.11865e-05	-9.61972e-06	268.921	346	1	2	0	1	
65	0.1	0.37869	1	9.83286	-247.469	-5.11854e-05	1.43929e-06	268.921	346	1	2	0	1	
65	0.1	0.378691	1	9.78928	-247.469	-5.11854e-05	7.19363e-06	268.921	346	1	2	0	1	
65	0.1	0.378691	1	9.74511	-247.469	-1.20848e-05	4.06914e-05	268.921	346	1	2	0	1	
65	0.1	0.378691	1	9.7003	-247.469	-1.20837e-05	-2.95598e-05	268.921	346	1	2	0	1	
65	0.1	0.378691	1	9.65483	-247.469	-1.20859e-05	-7.4255e-08	268.921	346	1	2	0	1	
65	0.1	0.378692	1	9.6087	-247.469	-1.20838e-05	2.04922e-05	268.921	346	1	2	0	1	
65	0.1	0.378692	1	9.56184	-247.469	-1.20838e-05	1.65684e-05	268.921	346	1	2	0	1	
65	0.1	0.378692	1	9.51426	-247.469	-1.2085e-05	-2.25579e-05	268.921	346	1	2	0	1	
65	0.1	0.378692	1	9.46593	-247.469	-3.44951e-05	2.18709e-05	268.921	346	1	2	0	1	
65	0.1	0.378693	1	9.4168	-247.469	2.09372e-05	1.78688e-05	268.922	346	1	2	0	1	
65	0.1	0.378693	1	9.36687	-247.469	2.0936e-05	1.11533e-05	268.922	346	1	2	0	1	
65	0.1	0.378693	1	9.31607	-247.469	-6.21384e-06	-4.90593e-06	268.922	346	1	2	0	1	
65	0.1	0.378693	1	9.26442	-247.469	8.89696e-06	3.79159e-05	268.922	346	1	2	0	1	
65	0.1	0.378694	1	9.21181	-247.469	-1.15486e-05	1.67276e-05	268.922	346	1	2	0	1	
65	0.1	0.378694	1	9.15827	-247.468	1.55119e-05	4.38546e-05	268.922	346	1	2	0	1	
65	0.1	0.378694	1	9.10372	-247.468	1.70018e-05	4.25169e-05	268.922	346	1	2	0	1	
65	0.1	0.378694	1	9.04813	-247.468	1.70009e-05	2.33799e-05	268.922	346	1	2	0	1	
65	0.1	0.378695	1	8.99145	-247.468	-1.80457e-05	1.8184e-05	268.922	346	1	2	0	1	
65	0.1	0.378695	1	8.93359	-247.468	-1.80454e-05	1.11173e-05	268.923	346	1	2	0	1	
65	0.1	0.378695	1	8.87455	-247.468	-4.63461e-06	2.1835e-05	268.923	346	1	2	0	1	
65	0.1	0.378695	1	8.81424	-247.468	-2.16816e-05	9.54952e-06	268.923	346	1	2	0	1	
65	0.1	0.378696	1	8.7526	-247.468	3.88866e-06	-1.11097e-05	268.923	346	1	2	0	1	
65	0.1	0.378696	1	8.68956	-247.468	-3.50108e-06	7.23108e-05	268.923	346	1	2	0	1	
65	0.1	0.378696	1	8.62504	-247.468	8.6568e-06	-2.5886e-05	268.923	346	1	2	0	1	
65	0.1	0.378696	1	8.55896	-247.468	-3.54505e-05	-2.73287e-05	268.923	346	1	2	0	1	
65	0.1	0.378697	1	8.4912	-247.468	1.02069e-05	-1.93821e-05	268.923	346	1	2	0	1	
65	0.1	0.378697	1	8.4217	-247.468	1.50576e-06	2.69585e-05	268.923	346	1	2	0	1	
65	0.1	0.378697	1	8.35035	-247.468	-9.47811e-06	2.66667e-07	268.923	346	1	2	0	1	
65	0.1	0.378697	1	8.27685	-247.468	7.38718e-08	-1.41506e-05	268.924	346	1	2	0	1	
65	0.1	0.378697	1	8.20133	-247.468	-1.61375e-05	-1.66648e-05	268.924	346	1	2	0	1	
65	0.1	0.378698	1	8.12417	-247.468	7.70432e-06	4.91145e-06	268.924	346	1	2	0	1	
65	0.1	0.378698	1	8.04407	-247.468	-2.31043e-06	-1.66113e-05	268.924	346	1	2	0	1	
65	0.1	0.378698	1	7.96135	-247.468	2.70161e-05	7.26608e-06	268.924	346	1	2	0	1	
65	0.1	0.378698	1	7.8758	-247.468	-4.03638e-07	-1.04563e-05	268.924	346	1	2	0	1	
65	0.1	0.378699	1	7.78719	-247.468	-9.71643e-06	-1.44587e-05	268.924	346	1	2	0	1	
65	0.1	0.378699	1	7.69526	-247.468	2.04054e-06	1.44641e-05	268.924	346	1	2	0	1	
65	0.1	0.378699	1	7.59972	-247.467	-2.1146e-05	1.19679e-05	268.924	346	1	2	0	1	
65	0.1	0.378699	1	7.50017	-247.467	2.63007e-05	3.64429e-06	268.924	346	1	2	0	1	
65	0.1	0.3787	1	7.39618	-247.467	-4.88029e-05	1.13707e-05	268.925	346	1	2	0	1	
65	0.1	0.3787	1	7.28734	-247.467	1.2231e-05	3.11542e-05	268.925	346	1	2	0	1	
65	0.1	0.3787	1	7.17306	-247.467	2.70146e-05	-7.97777e-06	268.925	346	1	2	0	1	
65	0.1	0.3787	1	7.05265	-247.467	-9.9395e-06	2.91993e-06	268.925	346	1	2	0	1	
65	0.1	0.378701	1	6.92515	-247.467	1.19935e-05	-3.70478e-06	268.925	346	1	2	0	1	
65	0.1	0.378701	1	6.78974	-247.467	-5.33315e-05	1.38574e-05	268.925	346	1	2	0	1	
65	0.1	0.378701	1	6.64504	-247.467	-1.08938e-05	-1.22442e-05	268.925	346	1	2	0	1	
65	0.1	0.378701	1	6.48941	-247.467	1.44392e-06	-9.47128e-06	268.925	346	1	2	0	1	
65	0.1	0.378702	1	6.32064	-247.467	2.17675e-05	2.38685e-05	268.925	346	1	2	0	1	
65	0.1	0.378702	1	6.13598	-247.467	3.94112e-05	-1.53996e-05	268.925	346	1	2	0	1	
65	0.1	0.378702	1	5.93136	-247.467	-3.74196e-06	2.34125e-05	268.925	346	1	2	0	1	
65	0.1	0.378702	1	5.70058	-247.467	8.89412e-06	-2.38339e-06	268.925	346	1	2	0	1	
65	0.1	0.378703	1	5.43472	-247.467	-1.23253e-05	-1.27e-05	268.926	346	1	2	0	1	
65	0.1	0.378703	1	5.11756	-247.466	-1.06267e-05	2.01932e-06	268.926	346	1	2	0	1	
65	0.1	0.378703	1	4.71819	-247.466	-2.40061e-05	1.86656e-06	268.926	346	1	2	0	1	
65	0.1	0.378703	1	4.15774	-247.466	3.03539e-05	1.39272e-05	268.926	346	1	2	0	1	
65	0.1	0.378704	1	3.04869	-247.466	-4.45525e-06	8.7172e-06	268.926	346	1	2	0	1	
65	0.1	0.378704	-2	0	0	0	0	0	346	1	2	0	1	
65	0.1	0.378704	-2	0	0	0	0	0	346	1	2	0	1	
65	0.1	0.378704	-2	0	0	0	0	0	346	1	2	0	1	
65	0.1	0.378705	-2	0	0	0	0	0	346	1	2	0	1	
65	0.1	0.378705	-2	0	0	0	0	0	346	1	2	0	1	
65	0.1	0.378705	-2	0	0	0	0	0	346	1	2	0	1	
