65	0.01	0.3	-2	0	0	0	0	0	86.5	1	0	0	1	
65	0.0119192	0.3	-2	0	0	0	0	0	86.5	1	0	0	1	
65	0.0138384	0.3	-2	0	0	0	0	0	86.5	1	0	0	1	
65	0.0157576	0.3	-2	0	0	0	0	0	86.5	1	0	0	1	
65	0.0176768	0.3	-2	0	0	0	0	0	86.5	1	0	0	1	
65	0.019596	0.3	-2	0	0	0	0	0	86.5	1	0	0	1	
65	0.0215152	0.3	-2	0	0	0	0	0	86.5	1	0	0	1	
65	0.0234343	0.3	-2	0	0	0	0	0	86.5	1	0	0	1	
65	0.0253535	0.3	-2	0	0	0	0	0	86.5	1	0	0	1	
65	0.0272727	0.3	-2	0	0	0	0	0	86.5	1	0	0	1	
65	0.0291919	0.3	-2	0	0	0	0	0	86.5	1	0	0	1	
65	0.0311111	0.3	-2	0	0	0	0	0	86.5	1	0	0	1	
65	0.0330303	0.3	-2	0	0	0	0	0	86.5	1	0	0	1	
65	0.0349495	0.3	-2	0	0	0	0	0	86.5	1	0	0	1	
65	0.0368687	0.3	-2	0	0	0	0	0	86.5	1	0	0	1	
65	0.0387879	0.3	-2	0	0	0	0	0	86.5	1	0	0	1	
65	0.0407071	0.3	-2	0	0	0	0	0	86.5	1	0	0	1	
65	0.0426263	0.3	-2	0	0	0	0	0	86.5	1	0	0	1	
65	0.0445455	0.3	-2	0	0	0	0	0	86.5	1	0	0	1	
65	0.0464646	0.3	-2	0	0	0	0	0	86.5	1	0	0	1	
65	0.0483838	0.3	-2	0	0	0	0	0	86.5	1	0	0	1	
65	0.050303	0.3	1	25.1651	0	241.428	241.428	0	86.5	1	0	0	1	
65	0.0522222	0.3	1	44.0973	0	232.611	232.611	0	86.5	1	0	0	1	
65	0.0541414	0.3	1	52.6883	0	226.843	226.843	0	86.5	1	0	0	1	
65	0.0560606	0.3	1	58.7122	0	222.079	222.079	0	86.5	1	0	0	1	
65	0.0579798	0.3	1	63.4107	0	217.922	217.922	0	86.5	1	0	0	1	
65	0.059899	0.3	1	67.2682	0	214.204	214.204	0	86.5	1	0	0	1	
65	0.0618182	0.3	1	70.5338	0	269.661	210.829	0	86.5	1	0	0	1	
65	0.0637374	0.3	1	73.356	0	207.737	207.737	0	86.5	1	0	0	1	
65	0.0656566	0.3	1	75.8316	0	204.884	204.884	0	86.5	1	0	0	1	
65	0.0675758	0.3	1	78.028	0	202.239	202.239	0	86.5	1	0	0	1	
65	0.0694949	0.3	1	79.9945	0	199.775	199.775	0	86.5	1	0	0	1	
65	0.0714141	0.3	1	81.768	0	197.473	197.473	0	86.5	1	0	0	1	
65	0.0733333	0.3	1	83.3773	0	195.316	195.316	0	86.5	1	0	0	1	
65	0.0752525	0.3	1	84.8453	0	193.291	193.291	0	86.5	1	0	0	1	
65	0.0771717	0.3	1	86.1903	0	191.385	191.385	0	86.5	1	0	0	1	
65	0.0790909	0.3	1	87.4273	0	189.588	189.588	0	86.5	1	0	0	1	
65	0.0810101	0.3	1	88.5688	0	187.892	187.892	0	86.5	1	0	0	1	
65	0.0829293	0.3	1	89.6252	0	186.288	186.288	0	86.5	1	0	0	1	
65	0.0848485	0.3	1	90.6053	0	184.771	184.771	0	86.5	1	0	0	1	
65	0.0867677	0.3	1	91.5162	0	183.335	183.335	0	86.5	1	0	0	1	
65	0.0886869	0.3	1	92.3642	0	181.974	181.974	0	86.5	1	0	0	1	
65	0.0906061	0.3	1	93.1537	0	180.687	180.687	0	86.5	1	0	0	1	
65	0.0925253	0.3	1	93.8867	0	179.474	179.474	0	86.5	1	0	0	1	
65	0.0944444	0.3	1	94.5661	0	178.333	178.333	0	86.5	1	0	0	1	
65	0.0963636	0.3	1	95.2085	0	177.24	177.24	0	86.5	1	0	0	1	
65	0.0982828	0.3	1	95.8172	0	176.192	176.192	0	86.5	1	0	0	1	
65	0.100202	0.3	1	96.3948	0	175.185	175.185	0	86.5	1	0	0	1	
65	0.102121	0.3	1	96.9438	0	174.217	174.217	0	86.5	1	0	0	1	
65	0.10404	0.3	1	97.4663	0	173.285	173.285	0	86.5	1	0	0	1	
65	0.10596	0.3	1	97.9642	0	172.388	172.388	0	86.5	1	0	0	1	
65	0.107879	0.3	1	98.4393	0	171.523	171.523	0	86.5	1	0	0	1	
65	0.109798	0.3	1	98.8932	0	170.689	170.689	0	86.5	1	0	0	1	
65	0.111717	0.3	1	99.3273	0	169.883	169.883	0	86.5	1	0	0	1	
65	0.113636	0.3	1	99.7429	0	169.106	169.106	0	86.5	1	0	0	1	
65	0.115556	0.3	1	100.141	0	168.354	168.354	0	86.5	1	0	0	1	
65	0.117475	0.3	1	100.523	0	167.626	167.626	0	86.5	1	0	0	1	
65	0.119394	0.3	1	100.89	0	166.923	166.923	0	86.5	1	0	0	1	
65	0.121313	0.3	1	101.242	0	166.241	166.241	0	86.5	1	0	0	1	
65	0.123232	0.3	1	101.581	0	165.581	165.581	0	86.5	1	0	0	1	
65	0.125152	0.3	1	101.908	0	164.941	164.941	0	86.5	1	0	0	1	
65	0.127071	0.3	1	102.222	0	164.32	164.32	0	86.5	1	0	0	1	
65	0.12899	0.3	1	102.525	0	163.717	163.717	0	86.5	1	0	0	1	
65	0.130909	0.3	1	102.817	0	163.132	163.132	0	86.5	1	0	0	1	
65	0.132828	0.3	1	103.099	0	162.564	162.564	0	86.5	1	0	0	1	
65	0.134747	0.3	1	103.371	0	162.012	162.012	0	86.5	1	0	0	1	
65	0.136667	0.3	1	103.634	1.26816e-05	169.294	1.26816e-05	169.294	86.5	1	0	0	1	
65	0.138586	0.3	1	103.889	2.37787e-05	167.911	2.37787e-05	167.911	86.5	1	0	0	1	
65	0.140505	0.3	1	104.135	2.00288e-05	166.556	2.00288e-05	166.556	86.5	1	0	0	1	
65	0.142424	0.3	1	104.374	5.35251e-06	165.229	5.35251e-06	165.229	86.5	1	0	0	1	
65	0.144343	0.3	1	104.605	5.69186e-06	163.929	5.69186e-06	163.929	86.5	1	0	0	1	
65	0.146263	0.3	1	104.828	2.67521e-05	162.655	2.67521e-05	162.655	86.5	1	0	0	1	
65	0.148182	0.3	1	105.046	2.00989e-05	161.405	2.00989e-05	161.405	86.5	1	0	0	1	
65	0.150101	0.3	1	105.256	2.32336e-05	160.179	2.32336e-05	160.179	86.5	1	0	0	1	
65	0.15202	0.3	1	105.46	1.42866e-05	158.977	1.42866e-05	158.977	86.5	1	0	0	1	
65	0.153939	0.3	1	105.659	1.32535e-05	157.796	1.32535e-05	157.796	86.5	1	0	0	1	
65	0.155859	0.3	1	105.852	3.89536e-05	156.638	3.89536e-05	156.638	86.5	1	0	0	1	
65	0.157778	0.3	1	106.039	7.20901e-06	155.501	7.20901e-06	155.501	86.5	1	0	0	1	
65	0.159697	0.3	1	106.221	1.32565e-05	154.384	1.32565e-05	154.384	86.5	1	0	0	1	
65	0.161616	0.3	1	106.398	1.09905e-05	153.286	1.09905e-05	153.286	86.5	1	0	0	1	
65	0.163535	0.3	1	106.571	1.064e-05	152.208	1.064e-05	152.208	86.5	1	0	0	1	
65	0.165455	0.3	1	106.738	1.67543e-06	151.149	1.67543e-06	151.149	86.5	1	0	0	1	
65	0.167374	0.3	1	106.902	1.2056e-05	150.107	1.2056e-05	150.107	86.5	1	0	0	1	
65	0.169293	0.3	1	107.061	2.0254e-06	149.083	2.0254e-06	149.083	86.5	1	0	0	1	
65	0.171212	0.3	1	107.216	2.21164e-06	148.076	2.21164e-06	148.076	86.5	1	0	0	1	
65	0.173131	0.3	1	107.367	1.85071e-05	147.085	1.85071e-05	147.085	86.5	1	0	0	1	
65	0.175051	0.3	1	107.514	1.20916e-06	146.111	1.20916e-06	146.111	86.5	1	0	0	1	
65	0.17697	0.3	1	107.658	4.7069e-06	145.152	4.7069e-06	145.152	86.5	1	0	0	1	
65	0.178889	0.3	1	107.798	6.67802e-06	144.208	6.67802e-06	144.208	86.5	1	0	0	1	
65	0.180808	0.3	1	107.935	2.20541e-05	143.279	2.20541e-05	143.279	86.5	1	0	0	1	
65	0.182727	0.3	1	108.069	1.59995e-05	142.364	1.59995e-05	142.364	86.5	1	0	0	1	
65	0.184646	0.3	1	108.199	5.2566e-06	141.463	5.2566e-06	141.463	86.5	1	0	0	1	
65	0.186566	0.3	1	108.327	18.1029	139.635	18.1029	139.635	86.5	1	0	0	1	
65	0.188485	0.3	1	108.452	52.9533	131.472	52.9533	131.472	86.5	1	0	0	1	
65	0.190404	0.3	1	108.573	68.6338	124.762	68.6338	124.762	86.5	1	0	0	1	
65	0.192323	0.3	1	108.692	78.8997	119.106	78.8997	119.106	86.5	1	0	0	1	
65	0.194242	0.3	1	108.809	86.3521	114.251	86.3521	114.251	86.5	1	0	0	1	
65	0.196162	0.3	1	108.923	92.0642	110.022	92.0642	110.022	86.5	1	0	0	1	
65	0.198081	0.3	1	109.034	96.6218	106.279	96.6218	106.279	86.5	1	0	0	1	
65	0.2	0.3	1	109.143	100.334	102.946	100.334	102.946	86.5	1	0	0	1	
