65	0.1	0.1	1	169.73	38.6658	-3.83961e-06	6.17366e-06	1.10842e-05	346	1	1	0	1	
65	0.1	0.101508	1	169.716	38.663	8.57117e-06	4.99761e-06	1.42347e-05	346	1	1	0	1	
65	0.1	0.103015	1	169.701	38.6602	1.58145e-06	4.53954e-06	1.61623e-05	346	1	1	0	1	
65	0.1	0.104523	1	169.687	38.6575	1.63109e-05	4.5419e-07	8.49922e-06	346	1	1	0	1	
65	0.1	0.10603	1	169.672	38.6549	1.96785e-05	7.02173e-06	7.17744e-06	346	1	1	0	1	
65	0.1	0.107538	1	169.657	38.6524	-1.97417e-05	-1.86911e-05	6.63005e-06	346	1	1	0	1	
65	0.1	0.109045	1	169.642	38.6499	-6.90762e-06	-4.37995e-06	-1.02911e-05	346	1	1	0	1	
65	0.1	0.110553	1	169.627	38.6475	8.43576e-06	8.16742e-06	1.09148e-05	346	1	1	0	1	
65	0.1	0.11206	1	169.612	38.6452	1.29406e-06	-2.99129e-06	1.04864e-05	346	1	1	0	1	
65	0.1	0.113568	1	169.597	38.6429	-4.83049e-06	-2.93731e-06	-1.32064e-05	346	1	1	0	1	
65	0.1	0.115075	1	169.582	38.6408	4.83023e-06	8.40936e-06	2.35801e-05	346	1	1	0	1	
65	0.1	0.116583	1	169.567	38.6388	-4.25909e-06	-5.44882e-06	-1.71148e-05	346	1	1	0	1	
65	0.1	0.11809	1	169.551	38.6367	-1.23955e-05	2.63524e-05	-1.34482e-06	346	1	1	0	1	
65	0.1	0.119598	1	169.536	38.6349	-1.12354e-05	2.42061e-06	-4.09895e-06	346	1	1	0	1	
65	0.1	0.121106	1	169.52	38.6331	1.25899e-05	1.884e-05	3.7588e-06	346	1	1	0	1	
65	0.1	0.122613	1	169.505	38.6314	-7.28542e-06	-9.30665e-06	-1.17164e-05	346	1	1	0	1	
65	0.1	0.124121	1	169.489	38.6297	1.04992e-05	1.39753e-05	-2.45693e-05	346	1	1	0	1	
65	0.1	0.125628	1	169.473	38.628	9.775e-06	-6.1636e-06	1.87932e-07	346	1	1	0	1	
65	0.1	0.127136	1	169.457	38.6264	3.03474e-06	5.37735e-06	2.41856e-05	346	1	1	0	1	
65	0.1	0.128643	1	169.441	38.6249	1.42336e-05	-2.4464e-05	-1.21786e-05	346	1	1	0	1	
65	0.1	0.130151	1	169.425	38.6233	-1.40344e-05	8.70395e-06	1.71378e-05	346	1	1	0	1	
65	0.1	0.131658	1	169.409	38.6215	1.31809e-05	-1.25625e-05	-1.83687e-05	346	1	1	0	1	
65	0.1	0.133166	1	169.393	38.6196	-1.06786e-06	-5.9578e-06	1.45177e-05	346	1	1	0	1	
65	0.1	0.134673	1	169.376	38.6169	-1.47368e-05	3.41174e-06	6.88892e-06	346	1	1	0	1	
65	0.1	0.136181	1	169.36	38.6132	-5.62266e-06	-1.39673e-05	-1.76461e-05	346	1	1	0	1	
65	0.1	0.137688	1	169.344	38.6066	-4.72174e-06	6.48442e-06	2.25099e-06	346	1	1	0	1	
65	0.1	0.139196	1	169.328	38.5893	9.46836e-06	-1.10287e-07	-7.01552e-06	346	1	1	0	1	
65	0.1	0.140704	1	169.313	38.5648	1.50508e-06	9.42979e-06	8.02934e-06	346	1	1	0	1	
65	0.1	0.142211	1	169.295	38.6206	1.23637e-05	1.95827e-07	-8.5246e-07	346	1	1	0	1	
65	0.1	0.143719	1	169.276	38.6994	-1.80184e-06	1.24872e-05	-1.48197e-05	346	1	1	0	1	
65	0.1	0.145226	1	169.257	38.6654	1.30151e-05	4.73683e-07	1.05614e-05	346	1	1	0	1	
65	0.1	0.146734	1	169.239	38.6578	3.0476e-06	3.05134e-06	1.08645e-05	346	1	1	0	1	
65	0.1	0.148241	1	169.221	38.6555	-1.07495e-05	-1.35518e-06	-1.32237e-05	346	1	1	0	1	
65	0.1	0.149749	1	169.202	38.6555	-3.27625e-06	-2.84107e-06	3.32213e-06	346	1	1	0	1	
65	0.1	0.151256	1	169.183	38.6569	-2.9857e-07	-7.91944e-06	2.70668e-05	346	1	1	0	1	
65	0.1	0.152764	1	169.165	38.6593	2.15426e-06	4.86304e-06	7.20403e-06	346	1	1	0	1	
65	0.1	0.154271	1	169.146	38.6625	1.26161e-05	-9.07186e-06	-1.15262e-05	346	1	1	0	1	
65	0.1	0.155779	1	169.126	38.6663	4.05279e-06	6.85416e-06	1.88127e-05	346	1	1	0	1	
65	0.1	0.157286	1	169.107	38.6711	-4.21806e-05	-9.31383e-06	9.73689e-06	346	1	1	0	1	
65	0.1	0.158794	1	169.087	38.6764	-2.9795e-06	2.03051e-05	-1.90893e-05	346	1	1	0	1	
65	0.1	0.160302	1	169.068	38.6824	-2.22962e-05	-2.21142e-05	4.64779e-05	346	1	1	0	1	
65	0.1	0.161809	1	169.047	38.6894	-4.93093e-07	-1.87728e-05	1.76862e-05	346	1	1	0	1	
65	0.1	0.163317	1	169.027	38.6971	1.79949e-05	7.28033e-07	1.09298e-05	346	1	1	0	1	
65	0.1	0.164824	1	169.006	38.7059	-1.36807e-06	3.37329e-06	1.47814e-05	346	1	1	0	1	
65	0.1	0.166332	1	168.985	38.7156	-6.30941e-06	8.38288e-07	1.80056e-05	346	1	1	0	1	
65	0.1	0.167839	1	168.964	38.7263	3.43951e-06	4.14566e-06	-4.81812e-06	346	1	1	0	1	
65	0.1	0.169347	1	168.943	38.7384	1.05709e-05	2.82265e-06	2.11829e-05	346	1	1	0	1	
65	0.1	0.170854	1	168.921	38.752	-2.63291e-05	-6.55365e-06	3.18047e-05	346	1	1	0	1	
65	0.1	0.172362	1	168.898	38.7671	-1.21053e-05	1.02886e-05	4.04847e-05	346	1	1	0	1	
65	0.1	0.173869	1	168.875	38.7843	2.34145e-05	8.96614e-06	-1.13052e-05	346	1	1	0	1	
65	0.1	0.175377	1	168.852	38.8034	-5.15473e-07	-2.64213e-07	1.36535e-05	346	1	1	0	1	
65	0.1	0.176884	1	168.828	38.8252	-3.05853e-05	-7.89379e-06	-5.33999e-05	346	1	1	0	1	
65	0.1	0.178392	1	168.804	38.8499	-2.06463e-05	4.63895e-06	6.87392e-05	346	1	1	0	1	
65	0.1	0.179899	1	168.778	38.9073	2.12546e-05	2.72225e-06	-3.51347e-05	346	1	1	0	1	
65	0.1	0.181407	1	168.739	39.3132	-4.03807e-06	5.03208e-06	15.581	346	1	1	0	1	
65	0.1	0.182915	1	168.585	42.6208	-1.54094e-05	1.5863e-05	28.2657	346	1	1	0	1	
65	0.1	0.184422	1	168.331	47.2458	0.000128969	-1.86482e-05	36.7661	346	1	1	0	1	
65	0.1	0.18593	1	168.01	52.0558	1.6941e-06	-1.40742e-05	43.6147	346	1	1	0	1	
65	0.1	0.187437	1	167.658	56.5543	1.03161e-05	-1.70688e-06	49.4868	346	1	1	0	1	
65	0.1	0.188945	1	167.275	60.8289	5.36159e-05	3.21672e-06	54.7137	346	1	1	0	1	
65	0.1	0.190452	1	166.872	64.8698	2.98454e-06	-1.63463e-05	59.4688	346	1	1	0	1	
65	0.1	0.19196	1	166.452	68.6953	-1.17795e-05	3.02094e-06	63.8621	346	1	1	0	1	
65	0.1	0.193467	1	166.018	72.3289	3.52404e-05	6.24457e-06	67.9699	346	1	1	0	1	
65	0.1	0.194975	1	165.574	75.7932	6.32382e-05	1.41565e-05	71.8558	346	1	1	0	1	
65	0.1	0.196482	1	165.119	79.1121	4.42678e-05	-4.30299e-05	75.7127	346	1	1	0	1	
65	0.1	0.19799	1	164.655	82.2929	-4.65293e-05	2.78991e-05	78.9503	346	1	1	0	1	
65	0.1	0.199497	1	164.185	85.3459	-4.97675e-05	-1.74448e-05	82.2124	346	1	1	0	1	
65	0.1	0.201005	1	163.709	88.2882	-6.34427e-05	-1.60307e-06	85.3653	346	1	1	0	1	
65	0.1	0.202513	1	163.226	91.1311	-2.33139e-05	5.59125e-06	88.4112	346	1	1	0	1	
65	0.1	0.20402	1	162.737	93.8843	9.86626e-05	2.34074e-05	91.3578	346	1	1	0	1	
65	0.1	0.205528	1	162.243	96.5555	-1.9873e-05	-3.65945e-06	94.2138	346	1	1	0	1	
65	0.1	0.207035	1	161.743	99.1517	-6.10097e-05	-2.59098e-05	96.9869	346	1	1	0	1	
65	0.1	0.208543	1	161.238	101.679	1.52651e-05	8.17455e-06	99.684	346	1	1	0	1	
65	0.1	0.21005	1	160.728	104.142	-3.52299e-05	-1.71801e-05	102.311	346	1	1	0	1	
65	0.1	0.211558	1	160.213	106.545	-9.90961e-06	1.8135e-05	104.874	346	1	1	0	1	
65	0.1	0.213065	1	159.694	108.894	-2.9459e-05	-3.88711e-07	107.377	346	1	1	0	1	
65	0.1	0.214573	1	159.169	111.19	-2.23066e-05	4.56969e-06	109.824	346	1	1	0	1	
65	0.1	0.21608	1	158.64	113.438	6.43746e-07	-1.01805e-05	112.219	346	1	1	0	1	
65	0.1	0.217588	1	158.106	115.641	5.87455e-06	5.11114e-06	114.567	346	1	1	0	1	
65	0.1	0.219095	1	157.568	117.801	-1.17641e-05	2.08141e-05	116.869	346	1	1	0	1	
65	0.1	0.220603	1	157.025	119.921	-2.85205e-05	-3.5487e-06	119.128	346	1	1	0	1	
65	0.1	0.222111	1	156.478	122.003	5.25651e-06	1.18678e-06	121.347	346	1	1	0	1	
65	0.1	0.223618	1	155.926	124.049	-1.39378e-05	3.00315e-05	123.528	346	1	1	0	1	
65	0.1	0.225126	1	155.37	126.06	-6.85873e-05	-9.47773e-06	125.674	346	1	1	0	1	
65	0.1	0.226633	1	154.809	128.04	3.34752e-05	1.16466e-05	127.786	346	1	1	0	1	
65	0.1	0.228141	1	154.244	129.99	1.85262e-05	9.50056e-06	129.865	346	1	1	0	1	
65	0.1	0.229648	1	153.674	131.911	3.56759e-07	-1.16956e-05	131.915	346	1	1	0	1	
65	0.1	0.231156	1	153.1	133.805	3.98163e-05	5.20919e-06	133.935	346	1	1	0	1	
65	0.1	0.232663	1	152.522	135.676	2.21641e-05	3.87364e-05	135.927	346	1	1	0	1	
65	0.1	0.234171	1	151.938	137.526	3.62862e-05	3.79816e-05	137.893	346	1	1	0	1	
65	0.1	0.235678	1	151.351	139.364	-6.08809e-05	-6.30798e-06	139.833	346	1	1	0	1	
65	0.1	0.237186	1	150.759	141.227	2.73596e-05	-1.17052e-05	141.749	346	1	1	0	1	
65	0.1	0.238693	1	150.164	142.962	2.50206e-05	2.67292e-05	143.642	346	1	1	0	1	
65	0.1	0.240201	1	149.562	144.6	-1.37337e-05	-1.58933e-05	145.513	346	1	1	0	1	
65	0.1	0.241709	1	148.955	146.266	-4.58388e-05	1.16403e-05	147.363	346	1	1	0	1	
65	0.1	0.243216	1	148.343	147.928	1.9726e-05	-1.69413e-05	149.192	346	1	1	0	1	
65	0.1	0.244724	1	147.725	149.579	-3.81455e-05	-3.72874e-05	151.002	346	1	1	0	1	
65	0.1	0.246231	1	147.103	151.217	-4.69714e-05	-7.18929e-07	152.793	346	1	1	0	1	
65	0.1	0.247739	1	146.475	152.839	2.26778e-05	9.97475e-06	154.566	346	1	1	0	1	
65	0.1	0.249246	1	145.841	154.446	2.13025e-05	-1.05911e-05	156.321	346	1	1	0	1	
65	0.1	0.250754	1	145.203	156.038	2.19842e-05	5.78828e-07	158.059	346	1	1	0	1	
65	0.1	0.252261	1	144.559	157.615	4.42138e-05	-1.39589e-06	159.781	346	1	1	0	1	
65	0.1	0.253769	1	143.91	159.176	1.67382e-05	-1.87975e-05	161.487	346	1	1	0	1	
65	0.1	0.255276	1	143.255	160.724	2.44608e-05	1.60078e-05	163.177	346	1	1	0	1	
65	0.1	0.256784	1	142.595	162.257	2.19444e-05	-2.80986e-05	164.853	346	1	1	0	1	
65	0.1	0.258291	1	141.929	163.778	2.53947e-05	2.87889e-05	166.514	346	1	1	0	1	
65	0.1	0.259799	1	141.258	165.293	3.1375e-05	4.7482e-07	168.161	346	1	1	0	1	
65	0.1	0.261307	1	140.58	166.771	2.23652e-05	2.52487e-05	169.794	346	1	1	0	1	
65	0.1	0.262814	1	139.897	168.239	3.21337e-06	-7.02281e-06	171.415	346	1	1	0	1	
65	0.1	0.264322	1	139.207	169.698	1.2961e-05	-1.78808e-05	173.022	346	1	1	0	1	
65	0.1	0.265829	1	138.512	171.144	-4.18453e-05	-1.5654e-05	174.617	346	1	1	0	1	
65	0.1	0.267337	1	137.81	172.579	-1.19841e-05	3.62699e-05	176.2	346	1	1	0	1	
65	0.1	0.268844	1	137.102	174.001	-8.18807e-05	4.46873e-05	177.771	346	1	1	0	1	
65	0.1	0.270352	1	136.387	175.412	1.95612e-05	-1.28554e-05	179.33	346	1	1	0	1	
65	0.1	0.271859	1	135.666	176.811	7.70165e-06	1.67694e-05	180.878	346	1	1	0	1	
65	0.1	0.273367	1	134.938	178.199	-3.7294e-05	8.55664e-05	182.416	346	1	1	0	1	
65	0.1	0.274874	1	134.203	179.576	8.1867e-05	-1.88952e-05	183.943	346	1	1	0	1	
65	0.1	0.276382	1	133.461	180.941	-3.12258e-05	4.09657e-05	185.459	346	1	1	0	1	
65	0.1	0.277889	1	132.711	182.296	-2.25922e-05	-1.72179e-05	186.965	346	1	1	0	1	
65	0.1	0.279397	1	131.955	183.64	4.98804e-06	-2.34593e-05	188.461	346	1	1	0	1	
65	0.1	0.280905	1	131.191	184.974	-3.93575e-05	-1.53886e-05	189.948	346	1	1	0	1	
65	0.1	0.282412	1	130.419	186.297	1.42319e-05	1.63485e-05	191.425	346	1	1	0	1	
65	0.1	0.28392	1	129.64	187.611	-1.16366e-06	8.70704e-06	192.893	346	1	1	0	1	
65	0.1	0.285427	1	128.853	188.914	-9.92083e-06	-1.05838e-05	194.352	346	1	1	0	1	
65	0.1	0.286935	1	128.057	190.207	1.13197e-05	-8.42355e-06	195.802	346	1	1	0	1	
65	0.1	0.288442	1	127.253	191.491	-2.63149e-05	1.71895e-05	197.244	346	1	1	0	1	
65	0.1	0.28995	1	126.44	192.765	-7.01383e-05	-3.86482e-05	198.677	346	1	1	0	1	
65	0.1	0.291457	1	125.619	194.03	2.32585e-05	1.38663e-05	200.102	346	1	1	0	1	
65	0.1	0.292965	1	124.788	195.286	-1.56235e-05	2.42436e-06	201.519	346	1	1	0	1	
65	0.1	0.294472	1	123.948	196.533	2.3284e-05	1.07809e-05	202.928	346	1	1	0	1	
65	0.1	0.29598	1	123.099	197.771	5.05676e-06	7.40493e-05	204.33	346	1	1	0	1	
65	0.1	0.297487	1	122.24	198.999	1.0187e-05	1.95419e-05	205.724	346	1	1	0	1	
65	0.1	0.298995	1	121.37	200.219	2.0007e-05	-1.95136e-05	207.112	346	1	1	0	1	
65	0.1	0.300503	1	120.49	201.431	-8.94321e-06	-3.53741e-05	208.495	346	1	1	0	1	
65	0.1	0.30201	1	119.6	202.634	1.34164e-05	-2.31489e-05	209.88	346	1	1	0	1	
65	0.1	0.303518	1	118.698	203.829	-1.43107e-05	1.97196e-05	211.237	346	1	1	0	1	
65	0.1	0.305025	1	117.785	205.015	-2.5242e-05	2.0676e-05	212.575	346	1	1	0	1	
65	0.1	0.306533	1	116.86	206.192	-5.17322e-05	-2.45904e-05	213.914	346	1	1	0	1	
65	0.1	0.30804	1	115.924	207.361	1.78368e-05	-2.05828e-05	215.249	346	1	1	0	1	
65	0.1	0.309548	1	114.975	208.522	2.37667e-05	-2.36362e-05	216.579	346	1	1	0	1	
65	0.1	0.311055	1	114.013	209.674	8.35665e-06	1.31446e-05	217.903	346	1	1	0	1	
65	0.1	0.312563	1	113.038	210.818	4.59655e-06	1.10009e-05	219.221	346	1	1	0	1	
65	0.1	0.31407	1	112.05	211.954	3.46208e-05	3.90229e-05	220.532	346	1	1	0	1	
65	0.1	0.315578	1	111.047	213.082	1.19898e-06	3.01289e-05	221.838	346	1	1	0	1	
65	0.1	0.317085	1	110.029	214.202	3.1735e-06	-2.1172e-05	223.138	346	1	1	0	1	
65	0.1	0.318593	1	108.995	215.314	-6.87587e-06	1.7521e-05	224.431	346	1	1	0	1	
65	0.1	0.320101	1	107.946	-216.418	1.0217e-05	-1.05833e-05	225.719	346	1	1	0	1	
65	0.1	0.321608	1	106.88	-217.514	-2.03925e-05	1.42488e-05	227.001	346	1	1	0	1	
65	0.1	0.323116	1	105.797	-218.602	-1.13388e-05	-4.64487e-05	228.277	346	1	1	0	1	
65	0.1	0.324623	1	104.695	-219.682	-1.21805e-05	-1.27928e-05	229.546	346	1	1	0	1	
65	0.1	0.326131	1	103.575	-220.754	-1.4062e-05	-6.39651e-05	230.811	346	1	1	0	1	
65	0.1	0.327638	1	102.435	-221.817	-7.06272e-06	-8.8464e-06	232.069	346	1	1	0	1	
65	0.1	0.329146	1	101.274	-222.873	-2.66709e-05	1.26223e-06	233.321	346	1	1	0	1	
65	0.1	0.330653	1	100.091	-223.921	-2.65504e-06	-9.7197e-06	234.568	346	1	1	0	1	
65	0.1	0.332161	1	98.885	-224.96	3.46563e-05	-1.1314e-05	235.81	346	1	1	0	1	
65	0.1	0.333668	1	97.6551	-225.991	7.24461e-05	-1.87561e-05	237.045	346	1	1	0	1	
65	0.1	0.335176	1	96.3999	-227.014	2.55694e-05	-1.23629e-05	238.275	346	1	1	0	1	
65	0.1	0.336683	1	95.1144	-228.03	2.6839e-05	4.45286e-05	239.501	346	1	1	0	1	
65	0.1	0.338191	1	93.8022	-229.037	1.99441e-05	-1.86572e-05	240.72	346	1	1	0	1	
65	0.1	0.339698	1	92.4664	-230.03	1.17958e-05	2.88769e-05	241.933	346	1	1	0	1	
65	0.1	0.341206	1	91.0934	-231.018	-1.4615e-05	1.49742e-05	243.141	346	1	1	0	1	
65	0.1	0.342714	1	89.6862	-231.997	1.75334e-05	1.76533e-05	244.343	346	1	1	0	1	
65	0.1	0.344221	1	88.2422	-232.966	1.46407e-06	1.13897e-07	245.54	346	1	1	0	1	
65	0.1	0.345729	1	86.7587	-233.926	7.47873e-06	2.01188e-05	246.732	346	1	1	0	1	
65	0.1	0.347236	1	85.2298	-234.878	1.75138e-05	-1.68554e-05	247.919	346	1	1	0	1	
65	0.1	0.348744	1	83.6571	-235.818	1.01291e-05	-5.48498e-07	249.1	346	1	1	0	1	
65	0.1	0.350251	1	82.0344	-236.747	-1.47548e-05	-1.97972e-06	250.275	346	1	1	0	1	
65	0.1	0.351759	1	80.3594	-237.664	1.45529e-05	-2.1631e-05	251.444	346	1	1	0	1	
65	0.1	0.353266	1	78.6251	-238.57	1.62878e-05	2.24264e-05	252.608	346	1	1	0	1	
65	0.1	0.354774	1	76.822	-239.465	-3.40877e-07	-2.23434e-05	253.767	346	1	1	0	1	
65	0.1	0.356281	1	74.945	-240.347	-2.45169e-05	-1.49273e-05	254.92	346	1	1	0	1	
65	0.1	0.357789	1	72.9852	-241.215	8.38298e-06	1.87409e-05	256.067	346	1	1	0	1	
65	0.1	0.359296	1	70.9315	-242.069	4.7666e-05	3.57123e-06	257.208	346	1	1	0	1	
65	0.1	0.360804	1	68.7701	-242.908	-4.82444e-06	4.09166e-06	258.344	346	1	1	0	1	
65	0.1	0.362312	1	66.4839	-243.73	-7.02772e-05	-2.56223e-05	259.473	346	1	1	0	1	
65	0.1	0.363819	1	64.0504	-244.533	-2.73393e-05	-1.095e-05	260.596	346	1	1	0	1	
65	0.1	0.365327	1	61.437	-245.316	-1.99602e-05	4.8963e-05	261.712	346	1	1	0	1	
65	0.1	0.366834	1	58.6101	-246.073	-3.45111e-05	1.96876e-05	262.821	346	1	1	0	1	
65	0.1	0.368342	1	55.5017	-246.805	-1.31484e-05	1.37136e-05	263.922	346	1	1	0	1	
65	0.1	0.369849	1	52.0213	-247.503	-1.29361e-05	4.03714e-05	265.015	346	1	1	0	1	
65	0.1	0.371357	1	48.0115	-248.162	3.89563e-05	2.10014e-05	266.098	346	1	1	0	1	
65	0.1	0.372864	1	43.1655	-248.766	3.53642e-05	1.3364e-05	267.169	346	1	1	0	1	
65	0.1	0.374372	1	36.7147	249.29	2.41489e-05	-1.77815e-05	268.221	346	1	1	0	1	
65	0.1	0.375879	1	24.7435	249.651	-1.33935e-06	1.38607e-05	269.232	346	1	1	0	1	
65	0.1	0.377387	-2	0	0	0	0	0	346	1	1	0	1	
65	0.1	0.378894	-2	0	0	0	0	0	346	1	1	0	1	
65	0.1	0.380402	-2	0	0	0	0	0	346	1	1	0	1	
65	0.1	0.38191	-2	0	0	0	0	0	346	1	1	0	1	
65	0.1	0.383417	-2	0	0	0	0	0	346	1	1	0	1	
65	0.1	0.384925	-2	0	0	0	0	0	346	1	1	0	1	
65	0.1	0.386432	-2	0	0	0	0	0	346	1	1	0	1	
65	0.1	0.38794	-2	0	0	0	0	0	346	1	1	0	1	
65	0.1	0.389447	-2	0	0	0	0	0	346	1	1	0	1	
65	0.1	0.390955	-2	0	0	0	0	0	346	1	1	0	1	
65	0.1	0.392462	-2	0	0	0	0	0	346	1	1	0	1	
65	0.1	0.39397	-2	0	0	0	0	0	346	1	1	0	1	
65	0.1	0.395477	-2	0	0	0	0	0	346	1	1	0	1	
65	0.1	0.396985	-2	0	0	0	0	0	346	1	1	0	1	
65	0.1	0.398492	-2	0	0	0	0	0	346	1	1	0	1	
65	0.1	0.4	-2	0	0	0	0	0	346	1	1	0	1	
