65	0.1	0.1	1	166.174	42.4534	5.32035e-06	-2.61541e-05	9.92308e-06	1044.1	1	2	0	1	
65	0.1	0.101508	1	166.161	42.4507	7.39981e-06	2.02142e-05	1.79989e-05	1044.01	1	2	0	1	
65	0.1	0.103015	1	166.147	42.4482	-1.38978e-05	6.22651e-06	-4.04203e-07	1043.93	1	2	0	1	
65	0.1	0.104523	1	166.134	42.4455	7.89783e-06	2.19988e-05	6.72077e-06	1043.85	1	2	0	1	
65	0.1	0.10603	1	166.12	42.443	-4.82993e-06	-7.99404e-06	-6.36571e-06	1043.76	1	2	0	1	
65	0.1	0.107538	1	166.107	42.4405	1.33304e-05	-1.267e-05	1.43722e-05	1043.68	1	2	0	1	
65	0.1	0.109045	1	166.093	42.4381	2.60652e-06	1.92025e-05	-7.29143e-06	1043.59	1	2	0	1	
65	0.1	0.110553	1	166.08	42.4359	7.61294e-06	-2.20662e-06	1.15327e-05	1043.51	1	2	0	1	
65	0.1	0.11206	1	166.066	42.4337	-1.90439e-05	-1.89358e-05	-1.1052e-05	1043.42	1	2	0	1	
65	0.1	0.113568	1	166.052	42.4315	2.32409e-05	-1.63336e-05	-9.45871e-06	1043.34	1	2	0	1	
65	0.1	0.115075	1	166.038	42.4294	-3.22622e-06	-7.89533e-06	-4.0616e-06	1043.25	1	2	0	1	
65	0.1	0.116583	1	166.024	42.4275	1.0337e-05	2.21547e-05	1.55963e-05	1043.16	1	2	0	1	
65	0.1	0.11809	1	166.01	42.4257	-1.91785e-06	1.62196e-05	1.02024e-05	1043.07	1	2	0	1	
65	0.1	0.119598	1	165.996	42.4239	-5.40877e-06	-2.33403e-07	5.8479e-07	1042.98	1	2	0	1	
65	0.1	0.121106	1	165.982	42.4222	-9.94198e-07	-2.42934e-05	5.25613e-06	1042.9	1	2	0	1	
65	0.1	0.122613	1	165.968	42.4205	-1.84378e-05	1.16033e-05	2.61914e-05	1042.8	1	2	0	1	
65	0.1	0.124121	1	165.953	42.4191	-2.85761e-06	-1.03134e-06	-6.93442e-06	1042.71	1	2	0	1	
65	0.1	0.125628	1	165.939	42.4176	6.559e-06	-4.68467e-06	7.93964e-06	1042.63	1	2	0	1	
65	0.1	0.127136	1	165.924	42.4164	-2.25796e-06	1.01155e-05	4.86201e-06	1042.53	1	2	0	1	
65	0.1	0.128643	1	165.91	42.415	-5.62394e-06	1.45557e-05	-5.97304e-06	1042.44	1	2	0	1	
65	0.1	0.130151	1	165.895	42.4139	6.7543e-06	-2.83835e-06	-2.3777e-05	1042.35	1	2	0	1	
65	0.1	0.131658	1	165.88	42.4128	-1.02363e-05	-9.60673e-06	1.42448e-05	1042.25	1	2	0	1	
65	0.1	0.133166	1	165.865	42.4115	7.71322e-07	-1.96383e-05	7.57204e-06	1042.16	1	2	0	1	
65	0.1	0.134673	1	165.85	42.4106	-3.43204e-06	-7.82221e-06	1.2175e-05	1042.07	1	2	0	1	
65	0.1	0.136181	1	165.835	42.4101	-9.92204e-06	-7.51446e-06	-8.68236e-06	1041.97	1	2	0	1	
65	0.1	0.137688	1	165.82	42.4076	-7.71737e-06	1.24535e-05	-9.87379e-06	1041.88	1	2	0	1	
65	0.1	0.139196	1	165.805	42.4049	-1.15276e-05	-2.07851e-05	3.17297e-05	1041.78	1	2	0	1	
65	0.1	0.140704	1	165.79	42.4105	-5.96527e-06	-1.79524e-05	-2.3507e-06	1041.68	1	2	0	1	
65	0.1	0.142211	1	165.775	42.3985	-7.89895e-06	-2.37542e-06	-7.74576e-06	1041.6	1	2	0	1	
65	0.1	0.143719	1	165.76	42.3655	1.76807e-05	-1.17582e-05	-6.47814e-06	1041.5	1	2	0	1	
65	0.1	0.145226	1	165.746	42.3356	-5.47268e-06	1.29477e-05	1.6042e-05	1041.41	1	2	0	1	
65	0.1	0.146734	1	165.729	42.4741	1.3938e-05	-2.76631e-05	-1.83352e-06	1041.31	1	2	0	1	
65	0.1	0.148241	1	165.712	42.3267	6.55599e-06	7.15462e-06	2.52376e-05	1041.2	1	2	0	1	
65	0.1	0.149749	1	165.695	42.6792	1.08219e-05	7.8231e-06	2.69583e-05	1041.09	1	2	0	1	
65	0.1	0.151256	1	165.678	42.3587	2.71731e-07	-9.47738e-06	2.27883e-05	1040.99	1	2	0	1	
65	0.1	0.152764	1	165.661	42.4878	6.74651e-06	1.65253e-05	-2.09211e-05	1040.88	1	2	0	1	
65	0.1	0.154271	1	165.644	42.4606	8.24381e-07	-1.5645e-05	-4.88661e-06	1040.77	1	2	0	1	
65	0.1	0.155779	1	165.627	42.4419	-3.98738e-06	-3.08417e-06	9.00653e-06	1040.66	1	2	0	1	
65	0.1	0.157286	1	165.609	42.4566	-2.05926e-05	8.20416e-06	2.07942e-05	1040.55	1	2	0	1	
65	0.1	0.158794	1	165.592	42.4604	1.69781e-06	-1.82814e-06	2.8239e-05	1040.44	1	2	0	1	
65	0.1	0.160302	1	165.574	42.4624	-2.52871e-05	-4.27568e-06	-4.37744e-06	1040.33	1	2	0	1	
65	0.1	0.161809	1	165.556	42.4684	-1.28758e-05	-1.28413e-05	-2.54317e-05	1040.22	1	2	0	1	
65	0.1	0.163317	1	165.538	42.4746	-4.98453e-06	1.32359e-05	-4.64493e-06	1040.11	1	2	0	1	
65	0.1	0.164824	1	165.519	42.4811	2.50488e-06	-2.01592e-05	-9.63405e-06	1039.99	1	2	0	1	
65	0.1	0.166332	1	165.501	42.4888	-2.12876e-05	-1.06011e-05	-3.26485e-05	1039.87	1	2	0	1	
65	0.1	0.167839	1	165.482	42.4972	-1.83197e-05	-2.58292e-05	-5.40292e-06	1039.75	1	2	0	1	
65	0.1	0.169347	1	165.463	42.5067	1.32577e-05	-3.69295e-06	1.9923e-05	1039.63	1	2	0	1	
65	0.1	0.170854	1	165.444	42.5172	9.27722e-06	-4.53566e-06	-1.61615e-05	1039.51	1	2	0	1	
65	0.1	0.172362	1	165.424	42.5289	9.56856e-06	-1.49264e-05	-1.96764e-05	1039.39	1	2	0	1	
65	0.1	0.173869	1	165.404	42.5419	-1.94269e-06	7.28194e-06	-2.71515e-05	1039.26	1	2	0	1	
65	0.1	0.176884	1	165.363	42.5724	-3.49e-06	-3.22381e-06	4.35555e-05	1039.01	1	2	0	1	
65	0.1	0.178392	1	165.342	42.5904	1.78271e-05	1.34575e-05	-8.65624e-06	1038.87	1	2	0	1	
65	0.1	0.179899	1	165.321	42.6106	3.62002e-05	1.46423e-05	6.02606e-05	1038.74	1	2	0	1	
65	0.1	0.181407	1	165.298	42.6644	-8.31725e-05	1.51148e-05	-7.93437e-05	1038.6	1	2	0	1	
65	0.1	0.182915	1	165.263	43.04	-6.35126e-05	7.66405e-06	16.1945	1038.38	1	2	0	1	
65	0.1	0.184422	1	165.135	45.7407	-1.12227e-05	5.04777e-06	28.2292	1037.57	1	2	0	1	
65	0.1	0.18593	1	164.924	49.6609	2.1391e-05	1.69391e-05	36.4749	1036.24	1	2	0	1	
65	0.1	0.187437	1	164.647	54.0107	6.98132e-05	5.17887e-06	43.1741	1034.51	1	2	0	1	
65	0.1	0.188945	1	164.345	58.0734	2.1911e-05	1.11953e-05	48.9334	1032.6	1	2	0	1	
65	0.1	0.190452	1	164.011	62.011	4.21429e-05	7.89975e-06	54.0751	1030.51	1	2	0	1	
65	0.1	0.19196	1	163.654	65.7826	1.02337e-05	-3.68762e-06	58.7632	1028.26	1	2	0	1	
65	0.1	0.193467	1	163.279	69.3828	2.67628e-06	6.23146e-06	63.1068	1025.91	1	2	0	1	
65	0.1	0.194975	1	162.889	72.8231	-5.10401e-05	2.2926e-05	67.2198	1023.46	1	2	0	1	
65	0.1	0.196482	1	162.487	76.1222	-4.83677e-05	2.5958e-05	71.1492	1020.92	1	2	0	1	
65	0.1	0.19799	1	162.074	79.2827	-2.68622e-05	-1.05778e-05	74.5549	1018.33	1	2	0	1	
65	0.1	0.199497	1	161.652	82.3167	-3.41207e-07	-1.58257e-05	77.9437	1015.68	1	2	0	1	
65	0.1	0.201005	1	161.223	85.2402	9.44966e-05	6.18205e-07	81.1955	1012.99	1	2	0	1	
65	0.1	0.202513	1	160.786	88.0641	8.74756e-05	6.83383e-06	84.3279	1010.24	1	2	0	1	
65	0.1	0.20402	1	160.342	90.7975	3.01046e-05	-9.06774e-06	87.3503	1007.45	1	2	0	1	
65	0.1	0.205528	1	159.891	93.4484	6.98159e-05	1.87273e-05	90.2726	1004.62	1	2	0	1	
65	0.1	0.207035	1	159.435	96.0234	1.19271e-05	2.27452e-05	93.104	1001.75	1	2	0	1	
65	0.1	0.208543	1	158.972	98.5286	-5.21533e-05	5.82744e-06	95.8525	998.844	1	2	0	1	
65	0.1	0.21005	1	158.504	100.969	3.74666e-05	5.12794e-06	98.5251	995.904	1	2	0	1	
65	0.1	0.211558	1	158.031	103.35	4.26928e-05	7.27546e-06	101.128	992.932	1	2	0	1	
65	0.1	0.213065	1	157.553	105.675	-0.000100003	-1.61675e-05	103.667	989.922	1	2	0	1	
65	0.1	0.214573	1	157.069	107.947	-4.16762e-06	-9.4411e-06	106.146	986.887	1	2	0	1	
65	0.1	0.21608	1	156.581	110.171	-3.78547e-05	-5.29908e-06	108.57	983.815	1	2	0	1	
65	0.1	0.217588	1	156.087	112.349	5.20666e-05	-4.32296e-06	110.942	980.717	1	2	0	1	
65	0.1	0.219095	1	155.59	114.483	-2.96362e-05	4.4824e-05	113.267	977.588	1	2	0	1	
65	0.1	0.220603	1	155.087	116.577	-3.98609e-05	-1.23348e-05	115.546	974.428	1	2	0	1	
65	0.1	0.222111	1	154.58	118.633	-7.9425e-06	2.48177e-07	117.783	971.242	1	2	0	1	
65	0.1	0.223618	1	154.068	120.652	3.49488e-05	1.75546e-05	119.979	968.025	1	2	0	1	
65	0.1	0.225126	1	153.552	122.636	-1.20627e-05	1.58652e-05	122.139	964.783	1	2	0	1	
65	0.1	0.226633	1	153.031	124.588	1.33168e-05	4.48248e-06	124.262	961.51	1	2	0	1	
65	0.1	0.228141	1	152.505	126.508	1.79899e-05	-1.73278e-05	126.352	958.211	1	2	0	1	
65	0.1	0.229648	1	151.976	128.399	-8.6104e-06	-3.36791e-05	128.41	954.881	1	2	0	1	
65	0.1	0.231156	1	151.442	130.256	2.14225e-05	-2.17721e-06	130.438	951.526	1	2	0	1	
65	0.1	0.232663	1	150.903	132.254	-2.93054e-05	7.3765e-06	132.437	948.139	1	2	0	1	
65	0.1	0.234171	1	150.36	133.898	1.48506e-05	4.2722e-06	134.408	944.727	1	2	0	1	
65	0.1	0.235678	1	149.812	135.693	-5.309e-06	1.55057e-05	136.353	941.284	1	2	0	1	
65	0.1	0.237186	1	149.26	137.458	-1.17534e-05	2.12468e-06	138.273	937.816	1	2	0	1	
65	0.1	0.238693	1	148.704	139.209	1.7714e-05	-5.04385e-06	140.169	934.322	1	2	0	1	
65	0.1	0.240201	1	148.143	140.925	-4.41814e-06	5.47902e-06	142.041	930.797	1	2	0	1	
65	0.1	0.241709	1	147.577	142.877	-8.18556e-05	1.49512e-05	143.892	927.241	1	2	0	1	
65	0.1	0.243216	1	147.007	144.278	-4.07383e-06	7.48662e-06	145.721	923.66	1	2	0	1	
65	0.1	0.244724	1	146.432	145.904	-9.06595e-06	-2.08646e-05	147.53	920.059	1	2	0	1	
65	0.1	0.246231	1	145.852	147.517	2.55671e-05	1.14833e-05	149.32	916.415	1	2	0	1	
65	0.1	0.247739	1	145.267	149.116	-2.78086e-06	-3.08548e-05	151.091	912.739	1	2	0	1	
65	0.1	0.249246	1	144.677	150.701	8.52531e-05	1.86724e-05	152.844	909.032	1	2	0	1	
65	0.1	0.250754	1	144.082	152.271	-2.49864e-05	1.43995e-06	154.579	905.294	1	2	0	1	
65	0.1	0.252261	1	143.482	153.825	-1.39858e-05	8.94535e-06	156.298	901.524	1	2	0	1	
65	0.1	0.253769	1	142.877	155.363	-8.64795e-07	7.40662e-06	158	897.723	1	2	0	1	
65	0.1	0.255276	1	142.267	156.892	-6.51916e-06	2.58172e-05	159.687	893.89	1	2	0	1	
65	0.1	0.256784	1	141.652	158.402	-3.93614e-05	1.64069e-05	161.358	890.019	1	2	0	1	
65	0.1	0.258291	1	141.031	159.883	2.27654e-05	1.2102e-05	163.015	886.124	1	2	0	1	
65	0.1	0.259799	1	140.405	161.36	8.33228e-06	-2.31881e-05	164.657	882.191	1	2	0	1	
65	0.1	0.261307	1	139.774	162.852	4.99528e-06	-2.65952e-06	166.286	878.22	1	2	0	1	
65	0.1	0.262814	1	139.137	164.288	1.80053e-05	2.33707e-05	167.901	874.224	1	2	0	1	
65	0.1	0.264322	1	138.494	165.727	-1.73068e-06	2.30885e-05	169.504	870.183	1	2	0	1	
65	0.1	0.265829	1	137.846	167.152	-4.61932e-05	3.33604e-06	171.093	866.112	1	2	0	1	
65	0.1	0.267337	1	137.192	168.565	-2.03296e-06	8.11074e-06	172.671	862.003	1	2	0	1	
65	0.1	0.268844	1	136.532	169.966	1.21002e-05	2.17736e-05	174.237	857.856	1	2	0	1	
65	0.1	0.270352	1	135.866	171.356	2.27913e-05	5.62686e-06	175.791	853.671	1	2	0	1	
65	0.1	0.271859	1	135.193	172.733	-1.49636e-05	-5.45601e-06	177.334	849.443	1	2	0	1	
65	0.1	0.273367	1	134.515	174.1	8.53242e-06	-1.75459e-06	178.866	845.183	1	2	0	1	
65	0.1	0.274874	1	133.83	175.455	-2.22435e-06	2.0603e-06	180.388	840.879	1	2	0	1	
65	0.1	0.276382	1	133.139	176.8	8.29329e-06	-1.97506e-06	181.899	836.537	1	2	0	1	
65	0.1	0.277889	1	132.441	178.134	-2.59218e-05	1.27646e-05	183.4	832.151	1	2	0	1	
65	0.1	0.279397	1	131.737	179.458	-4.78933e-06	3.60407e-06	184.892	827.728	1	2	0	1	
65	0.1	0.280905	1	131.025	180.771	6.77957e-06	3.0106e-06	186.374	823.254	1	2	0	1	
65	0.1	0.282412	1	130.307	182.074	9.88487e-06	1.9681e-05	187.847	818.743	1	2	0	1	
65	0.1	0.28392	1	129.581	183.368	2.67867e-05	-3.02376e-05	189.311	814.181	1	2	0	1	
65	0.1	0.285427	1	128.848	184.652	-2.16909e-06	1.51813e-05	190.767	809.576	1	2	0	1	
65	0.1	0.286935	1	128.107	185.926	-4.00684e-05	4.91223e-05	192.215	804.92	1	2	0	1	
65	0.1	0.288442	1	127.358	187.191	-2.64867e-05	1.93917e-07	193.656	800.214	1	2	0	1	
65	0.1	0.28995	1	126.602	188.447	1.06297e-05	-6.38626e-06	195.094	795.464	1	2	0	1	
65	0.1	0.291457	1	125.837	189.695	8.21741e-06	-2.34452e-06	196.629	790.657	1	2	0	1	
65	0.1	0.292965	1	125.064	190.933	-4.74664e-06	1.34426e-05	197.911	785.8	1	2	0	1	
65	0.1	0.294472	1	124.283	192.162	-5.94375e-06	1.02953e-05	199.311	780.887	1	2	0	1	
65	0.1	0.29598	1	123.493	193.383	-3.11179e-05	-1.28441e-05	200.702	775.923	1	2	0	1	
65	0.1	0.297487	1	122.694	194.595	2.62093e-05	5.93108e-06	202.087	770.903	1	2	0	1	
65	0.1	0.298995	1	121.885	195.799	4.66814e-05	7.15177e-06	203.466	765.826	1	2	0	1	
65	0.1	0.300503	1	121.068	196.994	3.27379e-05	-2.45246e-06	204.838	760.686	1	2	0	1	
65	0.1	0.30201	1	120.24	198.181	1.32737e-05	1.7465e-05	206.204	755.49	1	2	0	1	
65	0.1	0.303518	1	119.403	199.361	1.19732e-05	-3.45361e-06	207.563	750.225	1	2	0	1	
65	0.1	0.305025	1	118.555	200.532	-2.50935e-05	2.85961e-06	208.915	744.897	1	2	0	1	
65	0.1	0.306533	1	117.696	201.696	8.00606e-06	-2.61831e-05	210.261	739.506	1	2	0	1	
65	0.1	0.30804	1	116.826	202.852	-2.67278e-05	3.21164e-06	211.601	734.039	1	2	0	1	
65	0.1	0.309548	1	115.945	204	4.58752e-06	1.25144e-05	212.935	728.504	1	2	0	1	
65	0.1	0.311055	1	115.059	205.133	3.31983e-05	8.18073e-06	214.261	722.937	1	2	0	1	
65	0.1	0.312563	1	114.147	206.275	4.26057e-05	-1.31118e-05	215.584	717.207	1	2	0	1	
65	0.1	0.31407	1	113.229	207.401	-2.10419e-05	-5.23553e-06	216.9	711.439	1	2	0	1	
65	0.1	0.315578	1	112.299	208.52	-1.64001e-05	2.44494e-05	218.21	705.589	1	2	0	1	
65	0.1	0.317085	1	111.354	209.632	-4.8821e-05	5.20423e-06	219.514	699.658	1	2	0	1	
65	0.1	0.318593	1	110.395	210.736	-2.43584e-05	1.86263e-05	220.813	693.632	1	2	0	1	
65	0.1	0.320101	1	109.422	211.834	2.82916e-05	-1.83459e-05	222.106	687.519	1	2	0	1	
65	0.1	0.321608	1	108.433	212.924	9.42765e-07	3.76691e-06	223.394	681.305	1	2	0	1	
65	0.1	0.323116	1	107.429	-214.008	-1.98853e-05	-2.64692e-06	224.677	674.99	1	2	0	1	
65	0.1	0.324623	1	106.408	215.085	-1.02706e-05	-1.23669e-05	225.955	668.575	1	2	0	1	
65	0.1	0.326131	1	105.369	-216.154	-5.2515e-06	-3.93499e-06	227.227	662.053	1	2	0	1	
65	0.1	0.327638	1	104.313	217.217	2.69619e-06	-2.37555e-05	228.495	655.412	1	2	0	1	
65	0.1	0.329146	1	103.237	218.273	-9.78504e-06	-2.25518e-05	229.757	648.651	1	2	0	1	
65	0.1	0.330653	1	102.141	219.322	4.27256e-06	-1.73115e-05	231.015	641.765	1	2	0	1	
65	0.1	0.332161	1	101.024	220.365	9.3153e-07	-5.38671e-06	232.268	634.753	1	2	0	1	
65	0.1	0.333668	1	99.8857	221.4	1.71334e-05	-1.0529e-05	233.517	627.595	1	2	0	1	
65	0.1	0.335176	1	98.7236	222.429	-5.9771e-05	-3.91098e-06	234.761	620.292	1	2	0	1	
65	0.1	0.336683	1	97.5369	223.451	-3.64869e-06	1.5098e-05	236.001	612.835	1	2	0	1	
65	0.1	0.338191	1	96.324	224.466	2.44138e-06	-2.30714e-05	237.237	605.214	1	2	0	1	
65	0.1	0.339698	1	95.0833	225.475	2.66108e-05	-4.07963e-05	238.468	597.418	1	2	0	1	
65	0.1	0.341206	1	93.8098	226.479	4.47415e-05	4.68644e-05	239.696	589.415	1	2	0	1	
65	0.1	0.342714	1	92.5064	227.475	4.07886e-05	4.80764e-05	240.92	581.225	1	2	0	1	
65	0.1	0.344221	1	91.1758	228.46	-2.61597e-06	2.20029e-05	242.139	572.862	1	2	0	1	
65	0.1	0.345729	1	89.8038	229.441	-1.48166e-05	-1.53716e-05	243.355	564.241	1	2	0	1	
65	0.1	0.347236	1	88.3926	230.415	5.17e-05	-6.14769e-06	244.568	555.371	1	2	0	1	
65	0.1	0.348744	1	86.9388	231.382	4.40529e-06	-2.47911e-05	245.777	546.235	1	2	0	1	
65	0.1	0.350251	1	85.4387	232.343	-3.41069e-05	-2.26741e-05	246.984	536.806	1	2	0	1	
65	0.1	0.351759	1	83.8878	233.296	1.03611e-05	-1.72403e-05	248.187	527.058	1	2	0	1	
65	0.1	0.353266	1	82.2809	234.242	1.8733e-05	-2.38986e-05	249.388	516.957	1	2	0	1	
65	0.1	0.354774	1	80.609	235.182	-4.13477e-06	-1.33073e-05	250.588	506.446	1	2	0	1	
65	0.1	0.356281	1	78.8704	236.114	9.33346e-07	2.11509e-05	251.785	495.515	1	2	0	1	
65	0.1	0.357789	1	77.0536	237.038	-8.86791e-06	1.42165e-05	252.98	484.091	1	2	0	1	
65	0.1	0.359296	1	75.1477	237.954	3.93741e-06	3.35145e-05	254.175	472.102	1	2	0	1	
65	0.1	0.360804	1	73.1405	238.863	-2.62397e-05	4.57676e-05	255.37	459.546	1	2	0	1	
65	0.1	0.362312	1	71.0117	239.764	4.46239e-05	1.93117e-05	256.565	446.166	1	2	0	1	
65	0.1	0.363819	1	68.7387	240.658	-6.74431e-06	4.90572e-06	257.763	431.879	1	2	0	1	
65	0.1	0.365327	1	66.289	241.545	5.01802e-07	-1.81344e-05	258.965	416.476	1	2	0	1	
65	0.1	0.366834	1	63.616	242.425	-1.93646e-05	-1.14513e-06	260.175	399.661	1	2	0	1	
65	0.1	0.368342	1	60.642	243.301	-1.94929e-05	-2.9675e-05	261.396	380.934	1	2	0	1	
65	0.1	0.369849	1	57.2497	244.175	-6.69263e-06	-1.625e-05	262.636	359.668	1	2	0	1	
65	0.1	0.371357	1	53.1814	245.056	1.11026e-05	-1.77606e-05	263.913	334.007	1	2	0	1	
65	0.1	0.372864	1	47.7831	245.967	6.4e-06	1.70258e-05	265.272	300.081	1	2	0	1	
