65	0.1	0.1	0	118.931	108.073	3.73745e-05	108.073	3.73745e-05	86.5	1	0	0	1	
65	0.1	0.101508	0	118.922	108.074	1.22166e-05	108.074	1.22166e-05	86.5	1	0	0	1	
65	0.1	0.103015	0	118.914	108.075	2.20297e-06	108.075	2.20297e-06	86.5	1	0	0	1	
65	0.1	0.104523	0	118.905	108.077	1.8301e-05	108.077	1.8301e-05	86.5	1	0	0	1	
65	0.1	0.10603	0	118.896	108.079	1.67811e-05	108.079	1.67811e-05	86.5	1	0	0	1	
65	0.1	0.107538	0	118.887	108.081	5.67494e-06	108.081	5.67494e-06	86.5	1	0	0	1	
65	0.1	0.109045	0	118.878	108.084	2.5692e-05	108.084	2.5692e-05	86.5	1	0	0	1	
65	0.1	0.110553	0	118.869	108.086	1.16849e-05	108.086	1.16849e-05	86.5	1	0	0	1	
65	0.1	0.11206	0	118.86	108.089	1.32942e-05	108.089	1.32942e-05	86.5	1	0	0	1	
65	0.1	0.113568	0	118.851	108.092	1.62558e-05	108.092	1.62558e-05	86.5	1	0	0	1	
65	0.1	0.115075	0	118.842	108.095	3.14277e-06	108.095	3.14277e-06	86.5	1	0	0	1	
65	0.1	0.116583	0	118.833	108.099	1.48253e-05	108.099	1.48253e-05	86.5	1	0	0	1	
65	0.1	0.11809	0	118.823	108.103	9.34166e-06	108.103	9.34166e-06	86.5	1	0	0	1	
65	0.1	0.119598	0	118.814	108.107	1.87917e-05	108.107	1.87917e-05	86.5	1	0	0	1	
65	0.1	0.121106	0	118.804	108.111	5.61911e-06	108.111	5.61911e-06	86.5	1	0	0	1	
65	0.1	0.122613	0	118.795	108.116	1.14876e-06	108.116	1.14876e-06	86.5	1	0	0	1	
65	0.1	0.124121	0	118.785	108.12	1.29503e-06	108.12	1.29503e-06	86.5	1	0	0	1	
65	0.1	0.125628	0	118.775	108.126	8.0629e-06	108.126	8.0629e-06	86.5	1	0	0	1	
65	0.1	0.127136	0	118.766	108.131	1.5779e-05	108.131	1.5779e-05	86.5	1	0	0	1	
65	0.1	0.128643	0	118.756	108.137	1.11027e-05	108.137	1.11027e-05	86.5	1	0	0	1	
65	0.1	0.130151	0	118.746	108.143	4.8117e-06	108.143	4.8117e-06	86.5	1	0	0	1	
65	0.1	0.131658	0	118.736	108.15	6.63239e-06	108.15	6.63239e-06	86.5	1	0	0	1	
65	0.1	0.133166	0	118.725	108.157	8.92442e-06	108.157	8.92442e-06	86.5	1	0	0	1	
65	0.1	0.134673	0	118.715	108.165	3.34067e-06	108.165	3.34067e-06	86.5	1	0	0	1	
65	0.1	0.136181	0	118.704	108.173	2.35858e-05	108.173	2.35858e-05	86.5	1	0	0	1	
65	0.1	0.137688	0	118.694	108.182	1.91751e-05	108.182	1.91751e-05	86.5	1	0	0	1	
65	0.1	0.139196	0	118.683	108.191	1.21694e-06	108.191	1.21694e-06	86.5	1	0	0	1	
65	0.1	0.140704	0	118.671	108.202	1.02191e-05	108.202	1.02191e-05	86.5	1	0	0	1	
65	0.1	0.142211	0	118.726	108	4.65137e-05	108	4.65137e-05	86.5	1	0	0	1	
65	0.1	0.143719	0	118.778	107.806	3.13489e-06	107.806	3.13489e-06	86.5	1	0	0	1	
65	0.1	0.145226	0	118.824	107.629	7.99777e-06	107.629	7.99777e-06	86.5	1	0	0	1	
65	0.1	0.146734	0	118.865	107.469	1.16337e-05	107.469	1.16337e-05	86.5	1	0	0	1	
65	0.1	0.148241	0	118.901	107.325	1.21116e-05	107.325	1.21116e-05	86.5	1	0	0	1	
65	0.1	0.149749	0	118.932	107.198	8.54105e-06	107.198	8.54105e-06	86.5	1	0	0	1	
65	0.1	0.151256	0	118.958	107.088	7.50062e-06	107.088	7.50062e-06	86.5	1	0	0	1	
65	0.1	0.152764	0	118.979	106.994	1.53638e-05	106.994	1.53638e-05	86.5	1	0	0	1	
65	0.1	0.154271	0	118.994	106.917	1.21808e-05	106.917	1.21808e-05	86.5	1	0	0	1	
65	0.1	0.155779	0	119.005	106.857	4.83932e-05	106.857	4.83932e-05	86.5	1	0	0	1	
65	0.1	0.157286	0	119.01	106.813	1.18075e-05	106.813	1.18075e-05	86.5	1	0	0	1	
65	0.1	0.158794	0	119.01	106.786	8.79014e-05	106.786	8.79014e-05	86.5	1	0	0	1	
65	0.1	0.160302	0	119.006	106.775	3.6864e-06	106.775	3.6864e-06	86.5	1	0	0	1	
65	0.1	0.161809	0	118.996	106.781	1.79069e-05	106.781	1.79069e-05	86.5	1	0	0	1	
65	0.1	0.163317	0	118.981	106.804	1.80943e-05	106.804	1.80943e-05	86.5	1	0	0	1	
65	0.1	0.164824	0	118.961	106.844	3.40698e-06	106.844	3.40698e-06	86.5	1	0	0	1	
65	0.1	0.166332	0	118.936	106.9	1.48602e-05	106.9	1.48602e-05	86.5	1	0	0	1	
65	0.1	0.167839	0	118.905	106.974	1.22241e-05	106.974	1.22241e-05	86.5	1	0	0	1	
65	0.1	0.169347	0	118.87	107.064	1.78072e-05	107.064	1.78072e-05	86.5	1	0	0	1	
65	0.1	0.170854	0	118.829	107.171	5.21804e-07	107.171	5.21804e-07	86.5	1	0	0	1	
65	0.1	0.172362	0	118.784	107.294	2.05417e-06	107.294	2.05417e-06	86.5	1	0	0	1	
65	0.1	0.173869	0	118.733	107.435	7.2654e-06	107.435	7.2654e-06	86.5	1	0	0	1	
65	0.1	0.175377	0	118.677	107.592	1.57941e-05	107.592	1.57941e-05	86.5	1	0	0	1	
65	0.1	0.176884	0	118.615	107.767	1.08148e-05	107.767	1.08148e-05	86.5	1	0	0	1	
65	0.1	0.178392	0	118.549	107.958	1.8352e-05	107.958	1.8352e-05	86.5	1	0	0	1	
65	0.1	0.179899	0	118.477	108.165	1.03245e-06	108.165	1.03245e-06	86.5	1	0	0	1	
65	0.1	0.181407	0	118.399	108.39	2.8852e-05	108.39	2.8852e-05	86.5	1	0	0	1	
65	0.1	0.182915	0	118.317	108.631	9.94333e-07	108.631	9.94333e-07	86.5	1	0	0	1	
65	0.1	0.184422	0	118.228	108.889	8.47575e-05	108.889	8.47575e-05	86.5	1	0	0	1	
65	0.1	0.18593	0	118.135	109.163	1.40313e-05	109.163	1.40313e-05	86.5	1	0	0	1	
65	0.1	0.187437	0	118.036	109.455	1.25253e-05	109.455	1.25253e-05	86.5	1	0	0	1	
65	0.1	0.188945	0	117.931	109.762	2.89907e-06	109.762	2.89907e-06	86.5	1	0	0	1	
65	0.1	0.190452	0	117.821	110.086	1.8341e-05	110.086	1.8341e-05	86.5	1	0	0	1	
65	0.1	0.19196	0	117.706	110.427	1.76518e-05	110.427	1.76518e-05	86.5	1	0	0	1	
65	0.1	0.193467	0	117.585	110.784	7.82962e-05	110.784	7.82962e-05	86.5	1	0	0	1	
65	0.1	0.194975	0	117.458	111.157	2.16773e-05	111.157	2.16773e-05	86.5	1	0	0	1	
65	0.1	0.196482	0	117.325	111.547	2.82826e-05	111.547	2.82826e-05	86.5	1	0	0	1	
65	0.1	0.19799	0	117.187	111.953	3.02946e-06	111.953	3.02946e-06	86.5	1	0	0	1	
65	0.1	0.199497	0	117.042	112.375	2.17033e-06	112.375	2.17033e-06	86.5	1	0	0	1	
65	0.1	0.201005	0	116.892	112.813	2.65794e-05	112.813	2.65794e-05	86.5	1	0	0	1	
65	0.1	0.202513	0	116.736	113.267	3.79387e-06	113.267	3.79387e-06	86.5	1	0	0	1	
65	0.1	0.20402	0	116.574	113.737	1.40762e-05	113.737	1.40762e-05	86.5	1	0	0	1	
65	0.1	0.205528	0	116.406	114.222	1.80484e-05	114.222	1.80484e-05	86.5	1	0	0	1	
65	0.1	0.207035	0	116.232	114.724	4.31865e-05	114.724	4.31865e-05	86.5	1	0	0	1	
65	0.1	0.208543	0	116.051	115.241	4.48659e-08	115.241	4.48659e-08	86.5	1	0	0	1	
65	0.1	0.21005	0	115.864	115.773	7.89193e-06	115.773	7.89193e-06	86.5	1	0	0	1	
65	0.1	0.211558	0	115.671	116.321	7.31936e-06	116.321	7.31936e-06	86.5	1	0	0	1	
65	0.1	0.213065	0	115.472	116.885	5.26422e-06	116.885	5.26422e-06	86.5	1	0	0	1	
65	0.1	0.214573	0	115.266	117.463	2.27118e-06	117.463	2.27118e-06	86.5	1	0	0	1	
65	0.1	0.21608	0	115.054	117.011	17.8102	117.011	17.8102	86.5	1	0	0	1	
65	0.1	0.217588	0	114.835	113.5	39.2014	113.5	39.2014	86.5	1	0	0	1	
65	0.1	0.219095	0	114.609	109.308	53.8894	109.308	53.8894	86.5	1	0	0	1	
65	0.1	0.220603	0	114.376	104.198	66.7565	104.198	66.7565	86.5	1	0	0	1	
65	0.1	0.222111	0	114.137	97.8106	79.0202	97.8106	79.0202	86.5	1	0	0	1	
65	0.1	0.223618	0	113.89	89.5131	91.3348	89.5131	91.3348	86.5	1	0	0	1	
65	0.1	0.225126	0	113.637	78.1292	104.193	78.1292	104.193	86.5	1	0	0	1	
65	0.1	0.226633	0	113.376	60.8562	118.105	60.8562	118.105	86.5	1	0	0	1	
65	0.1	0.228141	0	113.108	24.2439	133.717	24.2439	133.717	86.5	1	0	0	1	
65	0.1	0.229648	0	112.832	5.7399e-06	137.86	5.7399e-06	137.86	86.5	1	0	0	1	
65	0.1	0.231156	0	112.55	4.60457e-05	139.543	4.60457e-05	139.543	86.5	1	0	0	1	
65	0.1	0.232663	0	112.259	4.52048e-06	141.212	4.52048e-06	141.212	86.5	1	0	0	1	
65	0.1	0.234171	0	111.96	2.27002e-05	142.865	2.27002e-05	142.865	86.5	1	0	0	1	
65	0.1	0.235678	0	111.654	1.55791e-05	144.505	1.55791e-05	144.505	86.5	1	0	0	1	
65	0.1	0.237186	0	111.34	1.96897e-05	146.13	1.96897e-05	146.13	86.5	1	0	0	1	
65	0.1	0.238693	0	111.017	3.18167e-05	147.743	3.18167e-05	147.743	86.5	1	0	0	1	
65	0.1	0.240201	0	110.687	5.1334e-06	149.343	5.1334e-06	149.343	86.5	1	0	0	1	
65	0.1	0.241709	0	110.348	3.25314e-05	150.931	3.25314e-05	150.931	86.5	1	0	0	1	
65	0.1	0.243216	0	110	4.17373e-06	152.508	4.17373e-06	152.508	86.5	1	0	0	1	
65	0.1	0.244724	0	109.643	2.65221e-06	154.073	2.65221e-06	154.073	86.5	1	0	0	1	
65	0.1	0.246231	0	109.278	1.06789e-05	155.627	1.06789e-05	155.627	86.5	1	0	0	1	
65	0.1	0.247739	0	108.903	2.6792e-05	157.171	2.6792e-05	157.171	86.5	1	0	0	1	
65	0.1	0.249246	0	108.519	4.43595e-06	158.705	4.43595e-06	158.705	86.5	1	0	0	1	
65	0.1	0.250754	0	108.126	4.64036e-06	160.23	4.64036e-06	160.23	86.5	1	0	0	1	
65	0.1	0.252261	0	107.722	1.86548e-05	161.745	1.86548e-05	161.745	86.5	1	0	0	1	
65	0.1	0.253769	0	107.309	2.37646e-05	163.251	2.37646e-05	163.251	86.5	1	0	0	1	
65	0.1	0.255276	0	106.886	1.19922e-05	164.749	1.19922e-05	164.749	86.5	1	0	0	1	
65	0.1	0.256784	0	106.453	1.74031e-05	166.238	1.74031e-05	166.238	86.5	1	0	0	1	
65	0.1	0.258291	0	106.009	4.06571e-06	167.719	4.06571e-06	167.719	86.5	1	0	0	1	
65	0.1	0.259799	0	105.554	1.18934e-06	169.193	1.18934e-06	169.193	86.5	1	0	0	1	
65	0.1	0.261307	0	105.088	2.16298e-06	170.659	2.16298e-06	170.659	86.5	1	0	0	1	
65	0.1	0.262814	0	104.611	2.8911e-06	172.118	2.8911e-06	172.118	86.5	1	0	0	1	
65	0.1	0.264322	0	104.122	2.22196e-05	173.571	2.22196e-05	173.571	86.5	1	0	0	1	
65	0.1	0.265829	0	103.621	5.19762e-06	175.017	5.19762e-06	175.017	86.5	1	0	0	1	
65	0.1	0.267337	0	103.108	1.01059e-05	176.456	1.01059e-05	176.456	86.5	1	0	0	1	
65	0.1	0.268844	0	102.582	1.67937e-06	177.89	1.67937e-06	177.89	86.5	1	0	0	1	
65	0.1	0.270352	0	102.044	1.49077e-05	179.317	1.49077e-05	179.317	86.5	1	0	0	1	
65	0.1	0.271859	0	101.492	2.13901e-05	180.739	2.13901e-05	180.739	86.5	1	0	0	1	
65	0.1	0.273367	0	100.926	5.52273e-06	182.156	5.52273e-06	182.156	86.5	1	0	0	1	
65	0.1	0.274874	0	100.347	1.6944e-05	183.568	1.6944e-05	183.568	86.5	1	0	0	1	
65	0.1	0.276382	0	99.7526	3.92454e-06	184.975	3.92454e-06	184.975	86.5	1	0	0	1	
65	0.1	0.277889	0	99.1435	1.56373e-05	186.377	1.56373e-05	186.377	86.5	1	0	0	1	
65	0.1	0.279397	0	98.5189	2.07636e-05	187.776	2.07636e-05	187.776	86.5	1	0	0	1	
65	0.1	0.280905	0	97.8783	1.87168e-05	189.169	1.87168e-05	189.169	86.5	1	0	0	1	
65	0.1	0.282412	0	97.2213	3.53248e-05	190.559	3.53248e-05	190.559	86.5	1	0	0	1	
65	0.1	0.28392	0	96.5471	5.49023e-06	191.945	5.49023e-06	191.945	86.5	1	0	0	1	
65	0.1	0.285427	0	95.8553	4.4005e-06	193.328	4.4005e-06	193.328	86.5	1	0	0	1	
65	0.1	0.286935	0	95.145	1.35e-05	194.708	1.35e-05	194.708	86.5	1	0	0	1	
65	0.1	0.288442	0	94.4157	2.42945e-05	196.084	2.42945e-05	196.084	86.5	1	0	0	1	
65	0.1	0.28995	0	93.6666	2.9966e-06	197.457	2.9966e-06	197.457	86.5	1	0	0	1	
65	0.1	0.291457	0	92.8969	7.67307e-06	198.828	7.67307e-06	198.828	86.5	1	0	0	1	
65	0.1	0.292965	1	92.1057	0	200.197	166.929	0	86.5	1	0	0	1	
65	0.1	0.294472	1	91.292	0	201.563	168.248	0	86.5	1	0	0	1	
65	0.1	0.29598	1	90.4549	0	202.928	169.583	0	86.5	1	0	0	1	
65	0.1	0.297487	1	89.5932	0	204.291	170.934	0	86.5	1	0	0	1	
65	0.1	0.298995	1	88.7059	0	205.652	172.302	0	86.5	1	0	0	1	
65	0.1	0.300503	1	87.7915	0	207.012	173.686	0	86.5	1	0	0	1	
65	0.1	0.30201	1	86.8487	0	208.371	175.088	0	86.5	1	0	0	1	
65	0.1	0.303518	1	85.8759	0	209.73	176.508	0	86.5	1	0	0	1	
65	0.1	0.305025	1	84.8714	0	211.088	177.945	0	86.5	1	0	0	1	
65	0.1	0.306533	1	83.8333	0	212.446	179.402	0	86.5	1	0	0	1	
65	0.1	0.30804	1	82.7596	0	213.804	180.878	0	86.5	1	0	0	1	
65	0.1	0.309548	1	81.6478	0	215.163	182.375	0	86.5	1	0	0	1	
65	0.1	0.311055	1	80.4955	0	216.522	183.893	0	86.5	1	0	0	1	
65	0.1	0.312563	1	79.2997	0	217.883	185.433	0	86.5	1	0	0	1	
65	0.1	0.31407	1	78.057	0	219.246	186.997	0	86.5	1	0	0	1	
65	0.1	0.315578	1	76.7637	0	220.61	188.585	0	86.5	1	0	0	1	
65	0.1	0.317085	1	75.4154	0	221.978	190.199	0	86.5	1	0	0	1	
65	0.1	0.318593	1	74.007	0	223.348	191.841	0	86.5	1	0	0	1	
65	0.1	0.320101	1	72.5284	0	224.723	193.517	0	86.5	1	0	0	1	
65	0.1	0.321608	1	70.9636	0	226.106	195.24	0	86.5	1	0	0	1	
65	0.1	0.323116	1	69.3093	0	227.497	197.006	0	86.5	1	0	0	1	
65	0.1	0.324623	1	67.5566	0	228.895	198.815	0	86.5	1	0	0	1	
65	0.1	0.326131	1	65.6935	0	230.301	200.67	0	86.5	1	0	0	1	
65	0.1	0.327638	1	63.7043	0	231.717	202.577	0	86.5	1	0	0	1	
65	0.1	0.329146	1	61.5686	0	233.145	204.54	0	86.5	1	0	0	1	
65	0.1	0.330653	1	59.2593	0	234.587	206.569	0	86.5	1	0	0	1	
65	0.1	0.332161	1	56.7388	0	236.045	208.674	0	86.5	1	0	0	1	
65	0.1	0.333668	1	53.9535	0	237.524	210.872	0	86.5	1	0	0	1	
65	0.1	0.335176	1	50.8219	0	239.031	213.187	0	86.5	1	0	0	1	
65	0.1	0.336683	1	47.2091	0	240.576	215.658	0	86.5	1	0	0	1	
65	0.1	0.338191	1	42.8635	0	242.176	218.358	0	86.5	1	0	0	1	
65	0.1	0.339698	1	37.2027	0	243.873	221.443	0	86.5	1	0	0	1	
65	0.1	0.341206	1	28.0219	0	245.803	225.457	0	86.5	1	0	0	1	
65	0.1	0.342714	-2	0	0	0	0	0	86.5	1	0	0	1	
65	0.1	0.344221	-2	0	0	0	0	0	86.5	1	0	0	1	
65	0.1	0.345729	-2	0	0	0	0	0	86.5	1	0	0	1	
65	0.1	0.347236	-2	0	0	0	0	0	86.5	1	0	0	1	
65	0.1	0.348744	-2	0	0	0	0	0	86.5	1	0	0	1	
65	0.1	0.350251	-2	0	0	0	0	0	86.5	1	0	0	1	
65	0.1	0.351759	-2	0	0	0	0	0	86.5	1	0	0	1	
65	0.1	0.353266	-2	0	0	0	0	0	86.5	1	0	0	1	
65	0.1	0.354774	-2	0	0	0	0	0	86.5	1	0	0	1	
65	0.1	0.356281	-2	0	0	0	0	0	86.5	1	0	0	1	
65	0.1	0.357789	-2	0	0	0	0	0	86.5	1	0	0	1	
65	0.1	0.359296	-2	0	0	0	0	0	86.5	1	0	0	1	
65	0.1	0.360804	-2	0	0	0	0	0	86.5	1	0	0	1	
65	0.1	0.362312	-2	0	0	0	0	0	86.5	1	0	0	1	
65	0.1	0.363819	-2	0	0	0	0	0	86.5	1	0	0	1	
65	0.1	0.365327	-2	0	0	0	0	0	86.5	1	0	0	1	
65	0.1	0.366834	-2	0	0	0	0	0	86.5	1	0	0	1	
65	0.1	0.368342	-2	0	0	0	0	0	86.5	1	0	0	1	
65	0.1	0.369849	-2	0	0	0	0	0	86.5	1	0	0	1	
65	0.1	0.371357	-2	0	0	0	0	0	86.5	1	0	0	1	
65	0.1	0.372864	-2	0	0	0	0	0	86.5	1	0	0	1	
65	0.1	0.374372	-2	0	0	0	0	0	86.5	1	0	0	1	
65	0.1	0.375879	-2	0	0	0	0	0	86.5	1	0	0	1	
65	0.1	0.377387	-2	0	0	0	0	0	86.5	1	0	0	1	
65	0.1	0.378894	-2	0	0	0	0	0	86.5	1	0	0	1	
65	0.1	0.380402	-2	0	0	0	0	0	86.5	1	0	0	1	
65	0.1	0.38191	-2	0	0	0	0	0	86.5	1	0	0	1	
65	0.1	0.383417	-2	0	0	0	0	0	86.5	1	0	0	1	
65	0.1	0.384925	-2	0	0	0	0	0	86.5	1	0	0	1	
65	0.1	0.386432	-2	0	0	0	0	0	86.5	1	0	0	1	
65	0.1	0.38794	-2	0	0	0	0	0	86.5	1	0	0	1	
65	0.1	0.389447	-2	0	0	0	0	0	86.5	1	0	0	1	
65	0.1	0.390955	-2	0	0	0	0	0	86.5	1	0	0	1	
65	0.1	0.392462	-2	0	0	0	0	0	86.5	1	0	0	1	
65	0.1	0.39397	-2	0	0	0	0	0	86.5	1	0	0	1	
65	0.1	0.395477	-2	0	0	0	0	0	86.5	1	0	0	1	
65	0.1	0.396985	-2	0	0	0	0	0	86.5	1	0	0	1	
65	0.1	0.398492	-2	0	0	0	0	0	86.5	1	0	0	1	
65	0.1	0.4	-2	0	0	0	0	0	86.5	1	0	0	1	
