65	0.01	0.3	-3	0	0	0	0	0	173	1	2	0	1	
65	0.0109548	0.3	-3	0	0	0	0	0	173	1	2	0	1	
65	0.0119095	0.3	-3	0	0	0	0	0	173	1	2	0	1	
65	0.0128643	0.3	-3	0	0	0	0	0	173	1	2	0	1	
65	0.0138191	0.3	-3	0	0	0	0	0	173	1	2	0	1	
65	0.0147739	0.3	-3	0	0	0	0	0	173	1	2	0	1	
65	0.0157286	0.3	-3	0	0	0	0	0	173	1	2	0	1	
65	0.0166834	0.3	-3	0	0	0	0	0	173	1	2	0	1	
65	0.0176382	0.3	-3	0	0	0	0	0	173	1	2	0	1	
65	0.018593	0.3	-3	0	0	0	0	0	173	1	2	0	1	
65	0.0195477	0.3	-3	0	0	0	0	0	173	1	2	0	1	
65	0.0205025	0.3	-3	0	0	0	0	0	173	1	2	0	1	
65	0.0214573	0.3	-3	0	0	0	0	0	173	1	2	0	1	
65	0.0224121	0.3	-3	0	0	0	0	0	173	1	2	0	1	
65	0.0233668	0.3	-2	0	0	0	0	0	173	1	2	0	1	
65	0.0243216	0.3	-3	0	0	0	0	0	173	1	2	0	1	
65	0.0252764	0.3	-2	0	0	0	0	0	173	1	2	0	1	
65	0.0262312	0.3	-3	0	0	0	0	0	173	1	2	0	1	
65	0.0271859	0.3	-2	0	0	0	0	0	173	1	2	0	1	
65	0.0281407	0.3	-3	0	0	0	0	0	173	1	2	0	1	
65	0.0290955	0.3	-2	0	0	0	0	0	173	1	2	0	1	
65	0.0300503	0.3	-2	0	0	0	0	0	173	1	2	0	1	
65	0.031005	0.3	-2	0	0	0	0	0	173	1	2	0	1	
65	0.0319598	0.3	-2	0	0	0	0	0	173	1	2	0	1	
65	0.0329146	0.3	-2	0	0	0	0	0	173	1	2	0	1	
65	0.0338693	0.3	-2	0	0	0	0	0	173	1	2	0	1	
65	0.0348241	0.3	-2	0	0	0	0	0	173	1	2	0	1	
65	0.0357789	0.3	-2	0	0	0	0	0	173	1	2	0	1	
65	0.0367337	0.3	-2	0	0	0	0	0	173	1	2	0	1	
65	0.0376884	0.3	-2	0	0	0	0	0	173	1	2	0	1	
65	0.0386432	0.3	-2	0	0	0	0	0	173	1	2	0	1	
65	0.039598	0.3	-2	0	0	0	0	0	173	1	2	0	1	
65	0.0405528	0.3	-2	0	0	0	0	0	173	1	2	0	1	
65	0.0415075	0.3	-2	0	0	0	0	0	173	1	2	0	1	
65	0.0424623	0.3	-2	0	0	0	0	0	173	1	2	0	1	
65	0.0434171	0.3	-2	0	0	0	0	0	173	1	2	0	1	
65	0.0443719	0.3	-2	0	0	0	0	0	173	1	2	0	1	
65	0.0453266	0.3	-2	0	0	0	0	0	173	1	2	0	1	
65	0.0462814	0.3	-2	0	0	0	0	0	173	1	2	0	1	
65	0.0472362	0.3	1	26.2819	247.423	-3.06998e-06	2.18431e-06	322.695	173	1	2	0	1	
65	0.048191	0.3	1	40.3867	246.804	-2.26877e-05	9.28556e-06	319.167	173	1	2	0	1	
65	0.0491457	0.3	1	47.746	245.976	-2.64633e-05	-5.36517e-06	315.691	173	1	2	0	1	
65	0.0501005	0.3	1	53.1519	245.064	2.70416e-05	-7.82893e-06	312.298	173	1	2	0	1	
65	0.0510553	0.3	1	57.528	244.107	1.1485e-05	1.69778e-05	308.993	173	1	2	0	1	
65	0.0520101	0.3	1	61.2521	243.124	-1.23103e-05	3.08759e-06	305.773	173	1	2	0	1	
65	0.0529648	0.3	1	64.5081	242.128	-3.82217e-05	-1.07235e-05	302.638	173	1	2	0	1	
65	0.0539196	0.3	1	67.4121	241.128	-3.92279e-06	4.98522e-07	299.584	173	1	2	0	1	
65	0.0548744	0.3	1	70.0383	240.127	8.49282e-06	2.89106e-05	296.608	173	1	2	0	1	
65	0.0558291	0.3	1	72.4383	239.129	4.98762e-06	4.29691e-06	293.709	173	1	2	0	1	
65	0.0567839	0.3	1	74.6495	238.137	-2.91191e-05	-6.06059e-06	290.883	173	1	2	0	1	
65	0.0577387	0.3	1	76.7003	237.153	-5.55477e-06	-1.13834e-05	288.127	173	1	2	0	1	
65	0.0586935	0.3	1	78.6127	236.177	3.97431e-06	-6.42555e-06	285.439	173	1	2	0	1	
65	0.0596482	0.3	1	80.4041	235.211	2.87192e-05	7.0024e-06	282.816	173	1	2	0	1	
65	0.060603	0.3	1	82.0888	234.256	3.68062e-06	-2.02142e-05	280.256	173	1	2	0	1	
65	0.0615578	0.3	1	83.6743	233.314	-7.06767e-06	1.70179e-05	277.757	173	1	2	0	1	
65	0.0625126	0.3	1	85.1796	232.38	-2.51425e-06	-7.34732e-06	275.315	173	1	2	0	1	
65	0.0634673	0.3	1	86.6079	231.458	6.68805e-06	-6.24031e-06	272.93	173	1	2	0	1	
65	0.0644221	0.3	1	87.9685	230.546	2.3387e-05	-9.09868e-06	270.598	173	1	2	0	1	
65	0.0653769	0.3	1	89.2626	229.648	2.17362e-05	-1.10063e-05	268.318	173	1	2	0	1	
65	0.0663317	0.3	1	90.4984	228.761	2.46486e-05	3.57719e-07	266.089	173	1	2	0	1	
65	0.0672864	0.3	1	91.6805	227.886	1.35169e-06	1.40347e-05	263.909	173	1	2	0	1	
65	0.0682412	0.3	1	92.813	-227.022	4.38077e-05	-1.96989e-05	261.775	173	1	2	0	1	
65	0.069196	0.3	1	93.8953	-226.174	-3.67661e-06	-5.13632e-06	259.687	173	1	2	0	1	
65	0.0701508	0.3	1	94.9406	-225.332	-1.21695e-05	2.4244e-05	257.642	173	1	2	0	1	
65	0.0711055	0.3	1	95.9477	224.5	2.38162e-05	2.25169e-07	255.639	173	1	2	0	1	
65	0.0720603	0.3	1	96.9148	223.681	-2.48241e-05	-5.58557e-06	253.677	173	1	2	0	1	
65	0.0730151	0.3	1	97.8472	222.872	1.06553e-05	-9.69898e-06	251.755	173	1	2	0	1	
65	0.0739698	0.3	1	98.747	222.075	2.86514e-06	2.18737e-05	249.871	173	1	2	0	1	
65	0.0749246	0.3	1	99.6162	221.288	-2.94967e-06	-8.79412e-06	248.024	173	1	2	0	1	
65	0.0758794	0.3	1	100.457	220.511	1.63166e-05	-4.14487e-05	246.213	173	1	2	0	1	
65	0.0768342	0.3	1	101.27	219.744	-2.98615e-05	-8.15867e-07	244.437	173	1	2	0	1	
65	0.0777889	0.3	1	102.057	218.986	2.5253e-06	-3.86711e-06	242.694	173	1	2	0	1	
65	0.0787437	0.3	1	102.821	218.239	-1.84829e-05	-6.40167e-06	240.984	173	1	2	0	1	
65	0.0796985	0.3	1	103.561	217.501	2.52404e-06	4.26206e-05	239.306	173	1	2	0	1	
65	0.0806533	0.3	1	104.279	216.771	9.02429e-06	-1.0043e-06	237.659	173	1	2	0	1	
65	0.081608	0.3	1	104.977	216.051	1.12385e-05	1.91655e-06	236.042	173	1	2	0	1	
65	0.0825628	0.3	1	105.655	215.34	2.45564e-05	3.91043e-06	234.455	173	1	2	0	1	
65	0.0835176	0.3	1	106.314	-214.638	-5.87934e-06	-2.01639e-05	232.897	173	1	2	0	1	
65	0.0844724	0.3	1	106.956	213.943	-1.92908e-05	6.00115e-06	231.368	173	1	2	0	1	
65	0.0854271	0.3	1	107.58	213.257	1.12216e-05	1.3363e-05	229.845	173	1	2	0	1	
65	0.0863819	0.3	1	108.189	212.579	7.13429e-06	3.97732e-06	228.383	173	1	2	0	1	
65	0.0873367	0.3	1	108.781	211.909	-3.00155e-05	-2.548e-05	226.916	173	1	2	0	1	
65	0.0882915	0.3	1	109.359	211.247	-1.04018e-05	-4.93128e-06	225.476	173	1	2	0	1	
65	0.0892462	0.3	1	109.922	210.593	-3.74004e-06	2.82922e-05	224.062	173	1	2	0	1	
65	0.090201	0.3	1	110.472	209.946	-3.52073e-07	-6.38501e-06	222.671	173	1	2	0	1	
65	0.0911558	0.3	1	111.008	209.306	-4.51104e-06	-2.33129e-06	221.304	173	1	2	0	1	
65	0.0921106	0.3	1	111.532	208.674	1.34855e-05	-7.82235e-07	219.958	173	1	2	0	1	
65	0.0930653	0.3	1	112.043	208.049	7.73206e-06	1.31447e-05	218.634	173	1	2	0	1	
65	0.0940201	0.3	1	112.543	207.43	2.14435e-05	-4.06679e-05	217.33	173	1	2	0	1	
65	0.0949749	0.3	1	113.032	206.819	-2.67244e-05	3.85478e-06	216.047	173	1	2	0	1	
65	0.0959296	0.3	1	113.51	206.214	1.67387e-05	-1.20072e-05	214.783	173	1	2	0	1	
65	0.0968844	0.3	1	113.978	205.615	-1.47302e-05	1.93226e-06	213.539	173	1	2	0	1	
65	0.0978392	0.3	1	114.439	205.018	1.18015e-05	1.2593e-05	212.312	173	1	2	0	1	
65	0.098794	0.3	1	114.883	204.437	-1.43002e-05	3.73845e-06	211.105	173	1	2	0	1	
65	0.0997487	0.3	1	115.322	203.857	-3.73521e-05	-1.61348e-06	209.915	173	1	2	0	1	
65	0.100704	0.3	1	115.752	203.283	-6.31848e-06	-1.81463e-05	208.743	173	1	2	0	1	
65	0.101658	0.3	1	116.173	202.715	-5.82513e-06	-1.43727e-05	207.587	173	1	2	0	1	
65	0.102613	0.3	1	116.585	202.152	-2.7212e-06	-8.96153e-06	206.448	173	1	2	0	1	
65	0.103568	0.3	1	116.99	201.596	1.72556e-05	-2.97541e-06	205.325	173	1	2	0	1	
65	0.104523	0.3	1	117.386	201.044	-1.65651e-05	-4.30919e-07	204.217	173	1	2	0	1	
65	0.105477	0.3	1	117.776	200.499	-1.08211e-05	-2.60763e-05	203.125	173	1	2	0	1	
65	0.106432	0.3	1	118.157	199.958	8.45193e-08	-3.23458e-06	202.048	173	1	2	0	1	
65	0.107387	0.3	1	118.532	199.423	1.39738e-05	4.16716e-06	200.986	173	1	2	0	1	
65	0.108342	0.3	1	118.9	198.892	1.64824e-05	-1.68582e-05	199.938	173	1	2	0	1	
65	0.109296	0.3	1	119.261	198.367	-3.30233e-06	3.85007e-05	198.904	173	1	2	0	1	
65	0.110251	0.3	1	119.616	197.847	8.96182e-06	4.52766e-06	197.883	173	1	2	0	1	
65	0.111206	0.3	1	119.965	197.331	3.94912e-05	-1.3488e-06	196.876	173	1	2	0	1	
65	0.112161	0.3	1	120.307	196.821	-1.93622e-05	-1.09501e-06	195.882	173	1	2	0	1	
65	0.113116	0.3	1	120.643	196.314	1.28684e-05	2.58453e-05	194.901	173	1	2	0	1	
65	0.11407	0.3	1	120.974	195.813	8.53132e-06	1.15446e-05	193.932	173	1	2	0	1	
65	0.115025	0.3	1	121.299	195.316	1.30159e-05	-5.19979e-06	192.976	173	1	2	0	1	
65	0.11598	0.3	1	121.619	194.823	1.16686e-05	6.93324e-06	192.031	173	1	2	0	1	
65	0.116935	0.3	1	121.934	194.335	4.96429e-06	-8.21216e-06	191.098	173	1	2	0	1	
65	0.117889	0.3	1	122.243	193.851	1.21357e-05	2.49212e-05	190.177	173	1	2	0	1	
65	0.118844	0.3	1	122.548	193.371	-3.23134e-05	1.5738e-05	189.267	173	1	2	0	1	
65	0.119799	0.3	1	122.847	192.895	-2.89429e-06	7.59472e-05	188.368	173	1	2	0	1	
65	0.120754	0.3	1	123.142	192.423	1.04092e-05	-4.9738e-05	187.48	173	1	2	0	1	
65	0.121709	0.3	1	123.432	191.955	7.14953e-06	7.8837e-06	186.602	173	1	2	0	1	
65	0.122663	0.3	1	123.718	191.491	1.75257e-05	5.00923e-06	185.735	173	1	2	0	1	
65	0.123618	0.3	1	124	191.031	-3.52267e-06	-6.74663e-06	184.878	173	1	2	0	1	
65	0.124573	0.3	1	124.277	190.574	-1.17457e-05	-2.37075e-05	184.031	173	1	2	0	1	
65	0.125528	0.3	1	124.55	190.121	-1.66083e-05	1.05034e-06	183.194	173	1	2	0	1	
65	0.126482	0.3	1	124.819	189.672	-5.97504e-06	-4.58212e-06	182.366	173	1	2	0	1	
65	0.127437	0.3	1	125.084	189.227	8.47839e-06	-3.57741e-05	181.547	173	1	2	0	1	
65	0.128392	0.3	1	125.346	188.785	1.86041e-05	2.00647e-05	180.738	173	1	2	0	1	
65	0.129347	0.3	1	125.603	188.346	1.15509e-05	-4.77359e-05	179.938	173	1	2	0	1	
65	0.130302	0.3	1	125.857	187.911	3.88329e-05	5.00854e-06	179.147	173	1	2	0	1	
65	0.131256	0.3	1	126.108	187.479	2.63215e-05	-3.04826e-05	178.364	173	1	2	0	1	
65	0.132211	0.3	1	126.355	187.051	-3.82119e-05	-2.76293e-06	177.59	173	1	2	0	1	
65	0.133166	0.3	1	126.598	186.625	3.94541e-05	1.89883e-05	176.825	173	1	2	0	1	
65	0.134121	0.3	1	126.838	186.203	5.21891e-06	1.01567e-05	176.067	173	1	2	0	1	
65	0.135075	0.3	1	127.075	185.784	2.56396e-06	2.71666e-06	175.318	173	1	2	0	1	
65	0.13603	0.3	1	127.309	185.369	-1.96652e-05	-4.85081e-05	174.576	173	1	2	0	1	
65	0.136985	0.3	1	127.54	184.956	4.84172e-05	4.58118e-05	173.843	173	1	2	0	1	
65	0.13794	0.3	1	127.768	184.546	1.21307e-06	-1.34335e-05	173.117	173	1	2	0	1	
65	0.138894	0.3	1	127.993	184.139	-4.01992e-05	4.05673e-05	172.398	173	1	2	0	1	
65	0.139849	0.3	1	128.214	183.735	2.31978e-05	3.48746e-05	171.687	173	1	2	0	1	
65	0.140804	0.3	1	128.433	183.334	-3.04192e-05	-7.73615e-06	170.983	173	1	2	0	1	
65	0.141759	0.3	1	128.65	182.936	2.03928e-05	-9.56539e-06	170.287	173	1	2	0	1	
65	0.142714	0.3	1	128.863	182.541	-1.98058e-05	3.05197e-05	169.597	173	1	2	0	1	
65	0.143668	0.3	1	129.074	182.148	1.61242e-05	-8.35097e-06	168.914	173	1	2	0	1	
65	0.144623	0.3	1	129.283	181.759	-9.95142e-06	1.45112e-05	168.238	173	1	2	0	1	
65	0.145578	0.3	1	129.488	181.373	2.49777e-05	-2.12886e-05	167.568	173	1	2	0	1	
65	0.146533	0.3	1	129.692	180.987	-2.26398e-05	1.10203e-05	166.905	173	1	2	0	1	
65	0.147487	0.3	1	129.893	180.604	-5.50204e-06	-6.2563e-06	166.249	173	1	2	0	1	
65	0.148442	0.3	1	130.091	180.229	3.77062e-05	5.08085e-06	165.599	173	1	2	0	1	
65	0.149397	0.3	1	130.287	179.863	-4.76759e-06	1.10454e-06	164.955	173	1	2	0	1	
65	0.150352	0.3	1	130.481	179.478	7.0914e-06	-2.39926e-05	164.317	173	1	2	0	1	
65	0.151307	0.3	1	130.673	179.105	-2.40864e-05	-5.14886e-06	163.685	173	1	2	0	1	
65	0.152261	0.3	1	130.862	178.742	-1.94337e-05	8.61723e-06	163.059	173	1	2	0	1	
65	0.153216	0.3	1	131.049	178.356	3.3106e-06	1.70103e-05	162.439	173	1	2	0	1	
65	0.154171	0.3	1	131.234	178.002	4.82196e-06	3.19842e-06	161.825	173	1	2	0	1	
65	0.155126	0.3	1	131.417	177.64	1.30183e-05	-1.00631e-05	161.216	173	1	2	0	1	
65	0.15608	0.3	1	131.598	177.272	-5.26896e-06	-1.11439e-05	160.613	173	1	2	0	1	
65	0.157035	0.3	1	131.777	176.912	-1.56207e-06	-1.7897e-06	160.015	173	1	2	0	1	
65	0.15799	0.3	1	131.954	176.551	2.85203e-05	-2.45191e-05	159.422	173	1	2	0	1	
65	0.158945	0.3	1	132.13	176.192	-4.94464e-06	-1.02787e-05	158.835	173	1	2	0	1	
65	0.159899	0.3	1	132.297	175.887	1.31921e-05	7.08543e-05	158.255	173	1	2	0	1	
65	0.160854	0.3	1	132.474	175.436	-1.11662e-05	1.40141e-05	157.677	173	1	2	0	1	
65	0.161809	0.3	1	132.638	175.264	1.93082e-05	-1.12613e-06	157.106	173	1	2	0	1	
65	0.162764	0.3	1	132.812	174.773	6.80432e-05	9.86765e-06	156.538	173	1	2	0	1	
65	0.163719	0.3	1	132.978	174.47	-6.81865e-05	2.82269e-06	155.976	173	1	2	0	1	
65	0.164673	0.3	1	133.142	174.109	-3.83477e-06	3.76414e-06	155.419	173	1	2	0	1	
65	0.165628	0.3	1	133.305	173.766	1.79743e-05	8.24743e-06	154.867	173	1	2	0	1	
65	0.166583	0.3	1	133.466	173.431	4.10108e-05	-3.67502e-05	154.32	173	1	2	0	1	
65	0.167538	0.3	1	133.625	173.093	-2.92389e-05	5.02259e-06	153.777	173	1	2	0	1	
65	0.168492	0.3	1	133.783	172.758	2.8968e-06	2.29076e-06	153.238	173	1	2	0	1	
65	0.169447	0.3	1	133.939	172.425	-2.21046e-05	-1.85831e-05	152.704	173	1	2	0	1	
65	0.170402	0.3	1	134.094	172.094	-4.3986e-05	4.50319e-05	152.175	173	1	2	0	1	
65	0.171357	0.3	1	134.247	171.764	2.16863e-06	4.20822e-06	151.65	173	1	2	0	1	
65	0.172312	0.3	1	134.399	171.436	1.51113e-05	9.83764e-06	151.129	173	1	2	0	1	
65	0.173266	0.3	1	134.549	171.11	-3.45425e-05	-7.64019e-06	150.612	173	1	2	0	1	
65	0.174221	0.3	1	134.697	170.786	9.33432e-06	-4.45203e-06	150.1	173	1	2	0	1	
65	0.175176	0.3	1	134.845	170.464	1.56727e-05	1.35067e-05	149.591	173	1	2	0	1	
65	0.176131	0.3	1	134.991	170.143	-2.111e-05	2.6046e-06	149.087	173	1	2	0	1	
65	0.177085	0.3	1	135.135	169.824	2.47227e-06	-9.65121e-06	148.586	173	1	2	0	1	
65	0.17804	0.3	1	135.278	169.507	1.85821e-05	-1.23602e-05	148.09	173	1	2	0	1	
65	0.178995	0.3	1	135.42	169.191	-4.74361e-06	-1.55766e-05	147.598	173	1	2	0	1	
65	0.17995	0.3	1	135.561	168.877	1.08088e-05	-5.67055e-07	147.109	173	1	2	0	1	
65	0.180905	0.3	1	135.7	168.565	3.32218e-05	7.26258e-06	146.624	173	1	2	0	1	
65	0.181859	0.3	1	135.838	168.254	1.67266e-05	-1.20115e-05	146.143	173	1	2	0	1	
65	0.182814	0.3	1	135.974	167.945	-1.67264e-05	-3.67741e-06	145.665	173	1	2	0	1	
65	0.183769	0.3	1	136.11	167.638	7.52598e-06	-8.48728e-06	145.191	173	1	2	0	1	
65	0.184724	0.3	1	136.244	167.332	1.92165e-05	1.12025e-05	144.721	173	1	2	0	1	
65	0.185678	0.3	1	136.377	167.027	-1.20449e-05	-4.72592e-05	144.254	173	1	2	0	1	
65	0.186633	0.3	1	136.509	166.723	-1.35544e-06	4.24212e-05	143.791	173	1	2	0	1	
65	0.187588	0.3	1	136.64	166.423	1.17133e-05	1.61142e-05	143.331	173	1	2	0	1	
65	0.188543	0.3	1	136.769	166.123	-1.1337e-05	-2.28057e-05	142.875	173	1	2	0	1	
65	0.189497	0.3	1	136.898	165.819	2.19716e-05	8.18096e-06	142.422	173	1	2	0	1	
65	0.190452	0.3	1	137.025	165.526	-3.78507e-05	1.58463e-05	141.972	173	1	2	0	1	
65	0.191407	0.3	1	137.149	165.259	-9.97221e-06	-1.03078e-05	141.526	173	1	2	0	1	
65	0.192362	0.3	1	137.277	164.908	3.00696e-05	-1.12066e-05	141.082	173	1	2	0	1	
65	0.193317	0.3	1	137.399	164.696	-1.2504e-05	5.08123e-06	140.642	173	1	2	0	1	
65	0.194271	0.3	1	137.524	164.314	-3.19649e-05	7.73178e-05	140.205	173	1	2	0	1	
65	0.195226	0.3	1	137.646	164.063	1.48412e-05	1.82905e-05	139.771	173	1	2	0	1	
65	0.196181	0.3	1	137.765	163.788	-1.98787e-05	-7.02269e-05	139.341	173	1	2	0	1	
65	0.197136	0.3	1	137.887	163.483	-7.62358e-06	-3.53754e-05	138.912	173	1	2	0	1	
65	0.19809	0.3	1	138.006	163.197	-6.02067e-05	8.0153e-06	138.487	173	1	2	0	1	
65	0.199045	0.3	1	138.125	162.915	-3.37232e-05	-2.1088e-05	138.065	173	1	2	0	1	
65	0.2	0.3	1	138.242	162.631	4.76415e-06	-1.53099e-05	137.646	173	1	2	0	1	
