65	0.04800159489633173	0.3	-2	0	0	0	0	0	86.5	1	2	0	1	
65	0.04800159489633173	0.3	-2	0	0	0	0	0	86.5	1	2	0	1	
65	0.04800199872193492	0.3	-2	0	0	0	0	0	86.5	1	2	0	1	
65	0.04800240254753811	0.3	-2	0	0	0	0	0	86.5	1	2	0	1	
65	0.0480028063731413	0.3	-2	0	0	0	0	0	86.5	1	2	0	1	
65	0.04800321019874448	0.3	-2	0	0	0	0	0	86.5	1	2	0	1	
65	0.04800361402434767	0.3	-2	0	0	0	0	0	86.5	1	2	0	1	
65	0.04800401784995086	0.3	-2	0	0	0	0	0	86.5	1	2	0	1	
65	0.04800442167555405	0.3	-2	0	0	0	0	0	86.5	1	2	0	1	
65	0.04800482550115723	0.3	-2	0	0	0	0	0	86.5	1	2	0	1	
65	0.04800522932676042	0.3	-2	0	0	0	0	0	86.5	1	2	0	1	
65	0.04800563315236361	0.3	-2	0	0	0	0	0	86.5	1	2	0	1	
65	0.0480060369779668	0.3	-2	0	0	0	0	0	86.5	1	2	0	1	
65	0.04800644080356999	0.3	1	6.2619322792253	-249.2699102276021	2.715572881153766e-05	1.497134778506221e-05	319.8334171519143	86.5	1	2	0	1	
65	0.04800684462917317	0.3	1	7.17755179599121	-249.270539101454	2.839026893353244e-06	5.086038084413727e-06	319.8325895301958	86.5	1	2	0	1	
65	0.04800724845477636	0.3	1	7.785934642609096	-249.2710653398017	4.508474733143137e-06	-1.28782128305388e-05	319.8316058063144	86.5	1	2	0	1	
65	0.04800765228037955	0.3	1	8.255969186333285	-249.2715299326938	-2.41022308452602e-05	-4.202944982791695e-07	319.8306435875066	86.5	1	2	0	1	
65	0.04800805610598274	0.3	1	8.64470257036462	-249.2719355160354	-5.742344973402594e-06	-2.42454498165204e-06	319.8295766839253	86.5	1	2	0	1	
65	0.04800845993158592	0.3	1	8.97911505260787	-249.2723198705648	-1.927188653389768e-06	-1.736167601849327e-05	319.8285005420136	86.5	1	2	0	1	
65	0.04800886375718912	0.3	1	9.27429509863825	-249.2726979246694	1.57162726798499e-05	1.040644974149749e-05	319.8274511286605	86.5	1	2	0	1	
65	0.0480092675827923	0.3	1	9.539627779156124	-249.2730334682618	-8.535872551091654e-07	-1.178332639045071e-05	319.8263375454316	86.5	1	2	0	1	
65	0.04800967140839549	0.3	1	9.781190448166997	-249.2733557542726	-6.456065138452202e-06	-1.111684027432867e-05	319.8252098823057	86.5	1	2	0	1	
65	0.04801007523399867	0.3	1	10.00390683579642	-249.2736638095161	6.895705086557764e-06	-4.301833174819025e-06	319.8240891467037	86.5	1	2	0	1	
65	0.04801047905960187	0.3	1	10.21062868928504	-249.2739570963964	-6.455451133028563e-06	5.487278219036551e-06	319.8229247265263	86.5	1	2	0	1	
65	0.04801088288520505	0.3	1	10.40385362799532	-249.2742388752095	6.061789576879703e-06	7.396585204121064e-06	319.821794859084	86.5	1	2	0	1	
65	0.04801128671080824	0.3	1	10.58550441459962	-249.2745096916105	6.658019647476073e-06	8.123637791021023e-06	319.8206372392442	86.5	1	2	0	1	
65	0.04801169053641142	0.3	1	10.75710031636736	-249.2747742956531	1.57182268759989e-05	2.69855256858361e-05	319.8194845215303	86.5	1	2	0	1	
65	0.04801209436201462	0.3	1	10.91985621124507	-249.2750312898185	-2.219000090179177e-05	-7.804001167337205e-06	319.8182997520445	86.5	1	2	0	1	
65	0.0480124981876178	0.3	1	11.07480631865978	-249.2752544659958	-1.924311687329528e-06	-1.168970985907306e-05	319.8171161181299	86.5	1	2	0	1	
65	0.04801290201322099	0.3	1	11.22310059146754	-249.2755131434798	-2.981782320345696e-05	1.81219421055175e-05	319.8159443397132	86.5	1	2	0	1	
65	0.04801330583882418	0.3	1	11.36442288678563	-249.2757191433407	-4.308100084128614e-06	1.310271924709339e-06	319.814726521684	86.5	1	2	0	1	
65	0.04801370966442737	0.3	1	11.50039731455529	-249.2759343438935	-5.738761468981082e-06	-1.554993614732991e-06	319.813549153496	86.5	1	2	0	1	
65	0.04801411349003055	0.3	1	11.63119473401684	-249.2761551696948	-2.123545325321972e-05	-1.252128863719589e-05	319.8123592032453	86.5	1	2	0	1	
65	0.04801451731563374	0.3	1	11.75725860397866	-249.2763754474848	9.343024758300853e-06	-1.220750629263209e-05	319.8111264851474	86.5	1	2	0	1	
65	0.04801492114123693	0.3	1	11.87897535012727	-249.2765851067205	-3.732764484519374e-07	5.872879436485522e-06	319.8099164390569	86.5	1	2	0	1	
65	0.04801532496684012	0.3	1	11.9966839329299	-249.2767976178945	2.50184770090801e-05	2.448217222974479e-06	319.8086890007039	86.5	1	2	0	1	
65	0.04801572879244331	0.3	1	12.11068346621589	-249.2769695303958	1.635097447899353e-07	-3.389778824070872e-06	319.8074802945455	86.5	1	2	0	1	
65	0.04801613261804649	0.3	1	12.22123934868109	-249.2771668995996	3.527031143451618e-05	3.974958948625249e-06	319.8062409576142	86.5	1	2	0	1	
65	0.04801653644364968	0.3	1	12.32858824756093	-249.2773382008689	-3.816307527387681e-05	-1.852715976733588e-05	319.8050310821283	86.5	1	2	0	1	
65	0.04801694026925287	0.3	1	12.43294218389519	-249.2775281971987	-2.290300959903226e-05	-7.04465750969393e-06	319.8038022976825	86.5	1	2	0	1	
65	0.04801734409485606	0.3	1	12.5344919067599	-249.2776926894393	3.978552116533016e-06	-2.138163825244482e-05	319.8025447328756	86.5	1	2	0	1	
65	0.04801774792045924	0.3	1	12.63340970389024	-249.2778669666889	2.38855176147037e-05	-4.318445471093724e-06	319.8012979490697	86.5	1	2	0	1	
65	0.04801815174606243	0.3	1	12.72985175900179	-249.2780340823245	3.026446866826469e-05	-2.294369103644084e-05	319.80006046263	86.5	1	2	0	1	
65	0.04801855557166562	0.3	1	12.82396013744162	-249.2781973332542	6.422739070503352e-06	-4.497572583451906e-07	319.7988384159873	86.5	1	2	0	1	
65	0.04801895939726881	0.3	1	12.91586447319855	-249.2783626244681	-1.283374166925302e-05	8.24708589965145e-06	319.7975894000927	86.5	1	2	0	1	
65	0.04801936322287199	0.3	1	13.00568340765776	-249.2785189161517	-9.020174971923958e-06	5.202170025336199e-07	319.7963297197858	86.5	1	2	0	1	
65	0.04801976704847518	0.3	1	13.0935258243828	-249.2786687439295	2.442026393364287e-05	1.216951938036177e-05	319.7950731303667	86.5	1	2	0	1	
65	0.04802017087407837	0.3	1	13.17949191230256	-249.2788205936384	2.001420822875336e-05	1.552898184009621e-05	319.7938053705291	86.5	1	2	0	1	
65	0.04802057469968156	0.3	1	13.26367408676622	-249.2789616005813	1.154970862001176e-05	-6.432632179642784e-06	319.7925410147153	86.5	1	2	0	1	
65	0.04802097852528475	0.3	1	13.34615779036764	-249.2790965337895	1.077497124209442e-05	4.186118573242073e-05	319.7912866701617	86.5	1	2	0	1	
65	0.04802138235088793	0.3	1	13.42702219050527	-249.2792494652775	1.655597366936807e-05	1.942294872381289e-06	319.7899974387473	86.5	1	2	0	1	
65	0.04802178617649112	0.3	1	13.50634079562666	-249.2793866420253	-1.89082972444672e-05	-3.668408889091757e-05	319.788750566423	86.5	1	2	0	1	
65	0.04802219000209431	0.3	1	13.58418198842437	-249.2795088763279	-2.838492689986747e-05	-6.036288512857927e-06	319.7874547591579	86.5	1	2	0	1	
65	0.0480225938276975	0.3	1	13.66060950648115	-249.2796516603145	-1.050424225755575e-05	7.087763376066591e-06	319.7862128302615	86.5	1	2	0	1	
65	0.04802299765330068	0.3	1	13.7356828589901	-249.2797697053545	-2.290837345728623e-06	-2.70606892742338e-05	319.7849420881061	86.5	1	2	0	1	
65	0.04802340147890388	0.3	1	13.80945770189909	-249.279891444987	2.007398324772045e-05	-4.24412938248226e-05	319.7836465674786	86.5	1	2	0	1	
65	0.04802380530450706	0.3	1	13.88198617092414	-249.2800093385952	4.194856017828135e-05	6.030826944732059e-06	319.7823334287285	86.5	1	2	0	1	
65	0.04802420913011025	0.3	1	13.95408386829568	-249.280136999956	4.385556429637312e-05	-6.912116752613549e-06	319.7810561681502	86.5	1	2	0	1	
65	0.04802461295571343	0.3	1	14.02418592140024	-249.2802587676333	-3.946821729707613e-06	-3.761995929991708e-06	319.7797655238568	86.5	1	2	0	1	
65	0.04802501678131663	0.3	1	14.09316489855465	-249.2803699027668	2.287536309768129e-05	-2.37134769276112e-05	319.7785115212719	86.5	1	2	0	1	
65	0.04802542060691981	0.3	1	14.161088239217	-249.2804933881669	-2.254262934188033e-05	3.727941219207678e-05	319.7772026597467	86.5	1	2	0	1	
65	0.048025824432523	0.3	1	14.22799403180081	-249.2805896989834	8.332491697241029e-06	-1.833791140746133e-05	319.7759077903165	86.5	1	2	0	1	
65	0.04802622825812618	0.3	1	14.29391677501905	-249.2807091908647	2.335247580157861e-05	-8.042374783859968e-06	319.7746013648414	86.5	1	2	0	1	
65	0.04802663208372938	0.3	1	14.35888928928122	-249.2808154304347	-2.147656587453179e-05	3.50006028178914e-06	319.7733688345256	86.5	1	2	0	1	
65	0.04802703590933256	0.3	1	14.42294280699699	-249.2809261059139	2.526049760319773e-05	8.436335891936347e-07	319.7720394674153	86.5	1	2	0	1	
65	0.04802743973493575	0.3	1	14.48610706254875	-249.2810072831494	6.478501689482981e-06	-2.070643614873052e-06	319.7707340302686	86.5	1	2	0	1	
65	0.04802784356053894	0.3	1	14.54841037480716	-249.2811146733666	-4.065310055984884e-06	-9.076623606353411e-06	319.7694454835229	86.5	1	2	0	1	
65	0.04802824738614213	0.3	1	14.60987972983294	-249.2812093322157	-1.121614578953592e-05	1.464298988779374e-05	319.768129130322	86.5	1	2	0	1	
65	0.04802865121174531	0.3	1	14.67054085114191	-249.2813098628486	-7.794101012190705e-07	-1.873230020724061e-05	319.7668425688724	86.5	1	2	0	1	
65	0.0480290550373485	0.3	1	14.7304182809582	-249.2813938583062	-1.813228764801632e-05	1.66724816142768e-05	319.7655336761488	86.5	1	2	0	1	
65	0.04802945886295169	0.3	1	14.78953544171099	-249.281510496061	4.994926986659654e-06	-1.668440797688783e-05	319.764214803281	86.5	1	2	0	1	
65	0.04802986268855488	0.3	1	14.84791470183749	-249.2815959401334	1.696837816918198e-05	1.05778208072593e-05	319.7629030295044	86.5	1	2	0	1	
65	0.04803026651415807	0.3	1	14.90557743519702	-249.2816486719514	-3.052983219037092e-05	9.829891281420457e-06	319.7616090319678	86.5	1	2	0	1	
65	0.04803067033976125	0.3	1	14.96245494164124	-249.2817516826464	1.810874281842415e-05	1.361504638376903e-05	319.7602664005696	86.5	1	2	0	1	
65	0.04803107416536444	0.3	1	15.01955070391874	-249.2818502309159	-9.547728356415486e-06	-2.398462281108342e-05	319.7589822155841	86.5	1	2	0	1	
65	0.04803147799096763	0.3	1	15.07509382077809	-249.2819113187496	-7.256044166143371e-07	-2.434742600794385e-06	319.7576551514272	86.5	1	2	0	1	
65	0.04803188181657081	0.3	1	15.13000761449042	-249.2820116993525	2.484373951451959e-05	-1.498509153597446e-05	319.7563355135097	86.5	1	2	0	1	
65	0.04803188181657082	0.3	1	15.13000761449008	-249.2820116993525	2.484373951451959e-05	-1.495065108481856e-05	319.7563355361185	86.5	1	2	0	1	
65	0.048032285642174	0.3	1	15.18430805259483	-249.2820642524586	-7.254552750218151e-07	-8.679528872533593e-07	319.7550344128753	86.5	1	2	0	1	
65	0.04803268946777719	0.3	1	15.23801053728846	-249.282139452342	-7.276265109219804e-07	-5.027769860755336e-06	319.7537243235426	86.5	1	2	0	1	
65	0.04803309329338038	0.3	1	15.29112990638074	-249.2822346969759	3.62529974229928e-06	-7.284401770112574e-06	319.752402093261	86.5	1	2	0	1	
65	0.04803349711898357	0.3	1	15.34368048825286	-249.2823081649537	3.459261320648208e-07	-9.065455091095825e-06	319.7510517457221	86.5	1	2	0	1	
65	0.04803390094458675	0.3	1	15.3956761013197	-249.2823869647859	-2.767140661551291e-06	-1.416354112000317e-05	319.7497448932619	86.5	1	2	0	1	
65	0.04803430477018994	0.3	1	15.44713008126301	-249.2824322833985	-7.268287634674053e-07	-2.306691480838396e-06	319.7484124005738	86.5	1	2	0	1	
65	0.04803470859579313	0.3	1	15.49805529935802	-249.2825311314808	-5.312613630004755e-05	1.190313210775416e-05	319.7470883657716	86.5	1	2	0	1	
65	0.04803511242139632	0.3	1	15.54846418447296	-249.2826117330553	-2.189280184216634e-05	-4.482454685022369e-06	319.7457571365384	86.5	1	2	0	1	
65	0.0480355162469995	0.3	1	15.59836873773219	-249.2826663559397	-2.141534023983901e-05	2.784573380343419e-05	319.7444355511824	86.5	1	2	0	1	
65	0.04803592007260269	0.3	1	15.64778055260518	-249.2827132554572	-7.259397517496479e-07	3.438534080053434e-06	319.743123365817	86.5	1	2	0	1	
65	0.04803632389820588	0.3	1	15.69671083097649	-249.2828041848553	-2.289944114943268e-05	-3.814245488006565e-06	319.7417724169778	86.5	1	2	0	1	
65	0.04803672772380907	0.3	1	15.74517039896127	-249.2828523730668	1.697005124894508e-05	-1.137455856213276e-05	319.7404570711963	86.5	1	2	0	1	
65	0.04803713154941226	0.3	1	15.79316972464684	-249.2828915726352	-3.052741366912773e-05	-4.905472583531967e-06	319.739116626305	86.5	1	2	0	1	
65	0.04803753537501544	0.3	1	15.84071892560351	-249.2829683493748	-4.220057070755223e-06	1.663563961111847e-05	319.7377836724261	86.5	1	2	0	1	
65	0.04803793920061863	0.3	1	15.88782779330556	-249.2830426009018	2.364398960945456e-05	-1.134710862106883e-06	319.7364483249548	86.5	1	2	0	1	
65	0.04803834302622182	0.3	1	15.9345057987785	-249.283064572622	-2.713850701536384e-05	1.852691769612186e-05	319.7351244422785	86.5	1	2	0	1	
65	0.04803874685182501	0.3	1	15.98076211000033	-249.2831426965768	4.332074981233141e-06	-9.645235116928266e-06	319.733784287727	86.5	1	2	0	1	
65	0.04803915067742819	0.3	1	16.02660559947165	-249.2832043881375	-3.950501906021262e-06	-2.009587171442062e-05	319.7324522617702	86.5	1	2	0	1	
65	0.04803955450303139	0.3	1	16.07204486158934	-249.2832482290121	-4.065022877253568e-06	-6.839736792513956e-07	319.7310854731484	86.5	1	2	0	1	
65	0.04803995832863457	0.3	1	16.11708821856995	-249.2832817391242	2.740878208703135e-05	-3.496981995983021e-05	319.7297595527996	86.5	1	2	0	1	
65	0.04804036215423776	0.3	1	16.16174373548152	-249.2833609603916	2.526057637778332e-05	-2.116508721812342e-05	319.7284107032392	86.5	1	2	0	1	
65	0.04804076597984094	0.3	1	16.2060192275487	-249.2833784951617	4.093206265235865e-06	8.642615840891849e-07	319.7271060833878	86.5	1	2	0	1	
65	0.04804116980544414	0.3	1	16.24992227123516	-249.2834454259017	-1.851234085275882e-06	5.292350854595e-06	319.7257569768024	86.5	1	2	0	1	
65	0.04804157363104732	0.3	1	16.29346021406952	-249.2834819848251	8.33597248447429e-06	5.293988507905703e-06	319.724393074325	86.5	1	2	0	1	
65	0.04806216873680988	0.3	1	18.15169780254976	-249.2845294915402	-1.593393869813516e-05	4.552508413580014e-06	319.6549381823585	86.5	1	2	0	1	
65	0.04809245565704896	0.3	1	20.13527861440048	-249.2827141742014	1.331595922549056e-05	-3.56562302296741e-05	319.5503947071111	86.5	1	2	0	1	
65	0.04812274257728803	0.3	1	21.66583111957523	-249.2782540980829	1.26900097072169e-06	-2.123464904087158e-05	319.4442431951842	86.5	1	2	0	1	
65	0.0481530294975271	0.3	1	22.93356508474339	-249.2718828315087	2.219209499887409e-06	2.395176786634898e-05	319.3370623228738	86.5	1	2	0	1	
65	0.04818331641776617	0.3	1	24.02745875786064	-249.2640027326738	-1.605346311456841e-05	3.585790491900153e-05	319.2292233385924	86.5	1	2	0	1	
65	0.04821360333800525	0.3	1	24.99598556659395	-249.2548892712441	7.291999091758525e-06	-1.687548506749265e-05	319.1208782815314	86.5	1	2	0	1	
65	0.04824389025824432	0.3	1	25.86938203011608	-249.2447234960152	6.792153100163012e-06	-5.898877816548674e-06	319.0122013047296	86.5	1	2	0	1	
65	0.0482741771784834	0.3	1	26.66804689790839	-249.2336311441797	-4.597443749091573e-06	2.389183918564172e-05	318.9032277409461	86.5	1	2	0	1	
65	0.04830446409872247	0.3	1	27.40583376509009	-249.2217332516581	7.165621759397389e-06	-1.715369003870489e-05	318.7940814553615	86.5	1	2	0	1	
65	0.04833475101896154	0.3	1	28.09310840047561	-249.2091219112097	6.377490421614895e-06	5.183487892635548e-06	318.6847501222509	86.5	1	2	0	1	
65	0.04836503793920061	0.3	1	28.7376686780446	-249.1958247050615	2.931417918486265e-05	-4.970167133365146e-06	318.5753257037166	86.5	1	2	0	1	
65	0.04839532485943969	0.3	1	29.34555636315702	-249.1819647215036	6.182611025457556e-06	-2.496142050031208e-05	318.4658037238297	86.5	1	2	0	1	
65	0.04842561177967876	0.3	1	29.92268795607393	-249.1674775448767	-9.792907103606993e-06	8.333559345194263e-06	318.3562111013405	86.5	1	2	0	1	
65	0.04845589869991784	0.3	1	30.47100318876893	-249.1524898274586	4.866258118596447e-06	-1.923459058926144e-05	318.2465795545263	86.5	1	2	0	1	
65	0.04848618562015691	0.3	1	30.99405377983675	-249.1370343291024	-3.300789146073492e-06	-1.644268349886013e-05	318.1369225635378	86.5	1	2	0	1	
65	0.04851647254039598	0.3	1	31.49474699839499	-249.1211466006905	3.312911820521104e-06	-2.19834507739769e-05	318.0272780382013	86.5	1	2	0	1	
65	0.04854675946063505	0.3	1	31.9754221719289	-249.1048293261977	-1.934510415208592e-06	-1.55153784119344e-05	317.9176495787385	86.5	1	2	0	1	
65	0.04857704638087413	0.3	1	32.43801313676249	-249.0881309980276	-1.60050317359614e-05	2.035868108606412e-05	317.8079721880236	86.5	1	2	0	1	
65	0.0486073333011132	0.3	1	32.88415141980575	-249.0710197855266	-1.076488664870923e-05	1.160570761777821e-05	317.6983394425519	86.5	1	2	0	1	
65	0.04863762022135228	0.3	1	33.31523498803567	-249.0535921326373	-8.138073901483439e-06	1.786557911997999e-05	317.5887613720107	86.5	1	2	0	1	
65	0.04866790714159135	0.3	1	33.7324760527769	-249.0357827465244	3.898144171066154e-06	-2.735748455220781e-06	317.4791702364493	86.5	1	2	0	1	
65	0.04869819406183042	0.3	1	34.13693574517437	-249.0176509816677	-1.244126763899622e-05	2.317332313073531e-05	317.3696522808095	86.5	1	2	0	1	
65	0.04872848098206949	0.3	1	34.52955008394375	-248.9992355029037	3.205741203034587e-05	-4.111226543598205e-05	317.2601681376232	86.5	1	2	0	1	
65	0.04875876790230857	0.3	1	34.91115001952708	-248.9805258190189	-4.852786256794289e-05	-4.076310143773937e-06	317.1507106142471	86.5	1	2	0	1	
65	0.04878905482254764	0.3	1	35.28247727180687	-248.9615266752066	2.428960983935635e-05	3.689867528928331e-06	317.0413224787072	86.5	1	2	0	1	
65	0.04881934174278672	0.3	1	35.64419709797103	-248.9422476857898	-7.069972877812815e-05	2.958824936502569e-05	316.9319772023321	86.5	1	2	0	1	
65	0.04884962866302579	0.3	1	35.99690752162918	-248.9227149524377	1.391335308975616e-05	-1.917085810981822e-05	316.8226814770356	86.5	1	2	0	1	
65	0.04887991558326486	0.3	1	36.34115179955297	-248.9029280104168	-3.963835495099377e-06	-6.025838607801037e-06	316.7134632041138	86.5	1	2	0	1	
65	0.04891020250350393	0.3	1	36.6774224952358	-248.8828991757557	-1.599768602814078e-05	-1.026810861014249e-05	316.6043065151043	86.5	1	2	0	1	
65	0.04894048942374301	0.3	1	37.00616662216115	-248.8626534766053	2.271677548862372e-06	-1.355014533133136e-06	316.4952044923369	86.5	1	2	0	1	
65	0.04897077634398208	0.3	1	37.32779111530133	-248.8421617684298	1.927438327981035e-05	1.282786802628711e-06	316.3861876459767	86.5	1	2	0	1	
65	0.04900106326422116	0.3	1	37.64267438247365	-248.8214860766645	-1.124414880569746e-05	1.134372769484755e-05	316.277202491203	86.5	1	2	0	1	
65	0.04903135018446023	0.3	1	37.95115754163561	-248.8005746772536	2.803119546834765e-05	-3.270408871724334e-06	316.168328428425	86.5	1	2	0	1	
65	0.0490616371046993	0.3	1	38.25355764655671	-248.7794800161982	1.874218512331466e-05	2.105465347066078e-05	316.0594982373247	86.5	1	2	0	1	
65	0.04909192402493837	0.3	1	38.55016647774067	-248.7581713185467	-1.281307726776898e-06	-1.406136439644629e-05	315.9507628881059	86.5	1	2	0	1	
65	0.04912221094517745	0.3	1	38.84125511162127	-248.7367162587908	-3.417967446879555e-05	4.422189138938472e-06	315.8420748094962	86.5	1	2	0	1	
65	0.04915249786541652	0.3	1	39.1270740781593	-248.7150571709839	-2.534487476424027e-05	-7.090898217806111e-06	315.7334601512276	86.5	1	2	0	1	
65	0.0491827847856556	0.3	1	39.40785622866108	-248.6931983683425	-1.914151182012477e-05	-4.022543887515677e-05	315.624941581843	86.5	1	2	0	1	
65	0.04921307170589467	0.3	1	39.68213711139671	-248.6713418869964	1.691777076412437e-05	1.549099374209204e-05	315.5165590450402	86.5	1	2	0	1	
65	0.04924335862613374	0.3	1	39.95516056427383	-248.6490234864886	3.38248312720113e-06	-8.495371181395373e-06	315.4081069727664	86.5	1	2	0	1	
65	0.04927364554637281	0.3	1	40.22207691276816	-248.6266792990676	-8.111923445830449e-05	8.258388695201596e-07	315.2998532914978	86.5	1	2	0	1	
65	0.04930393246661189	0.3	1	40.48474045512346	-248.6041962753932	1.457850847719211e-05	-2.163346713357581e-05	315.1916305219237	86.5	1	2	0	1	
65	0.04933421938685096	0.3	1	40.74331701665838	-248.5815594727698	-2.761874742929216e-05	-2.121739460458905e-06	315.0834939510825	86.5	1	2	0	1	
65	0.04936450630709004	0.3	1	40.99796219294477	-248.5587436234231	-1.4239020303548e-05	1.333711927130994e-05	314.9754576246475	86.5	1	2	0	1	
65	0.04939479322732911	0.3	1	41.24882221040592	-248.5358151937558	-1.036463078739076e-05	4.369943456850782e-05	314.8674946928794	86.5	1	2	0	1	
65	0.04942508014756818	0.3	1	41.49703480730857	-248.5126425227125	-1.984452864323138e-05	-9.933650242825026e-06	314.7595673956259	86.5	1	2	0	1	
65	0.04945536706780725	0.3	1	41.7397282827272	-248.4895208990561	-3.659436068031985e-05	-4.030504667584811e-05	314.6517965851475	86.5	1	2	0	1	
65	0.04948565398804633	0.3	1	41.98002859706979	-248.4661672112231	-2.288717452125777e-05	5.314831542646559e-06	314.5440730746309	86.5	1	2	0	1	
65	0.0495159409082854	0.3	1	42.2170480981984	-248.4427054270225	7.088441582928789e-06	-9.074419103638487e-06	314.4364471324272	86.5	1	2	0	1	
65	0.04954622782852448	0.3	1	42.4508972917392	-248.419109064031	3.966127730549728e-05	-4.48022016281361e-06	314.3289063081151	86.5	1	2	0	1	
65	0.04957651474876355	0.3	1	42.68167983142666	-248.3953858259308	-1.356101423710676e-06	1.63143554039475e-05	314.2214551028316	86.5	1	2	0	1	
65	0.04960680166900262	0.3	1	42.90949400127903	-248.3715194279509	7.920820873918988e-06	4.336647709173372e-06	314.1140611711427	86.5	1	2	0	1	
65	0.04963708858924169	0.3	1	43.1344331054141	-248.3475645999968	2.256801104107142e-05	-8.29845175472424e-06	314.0067942531546	86.5	1	2	0	1	
65	0.04966737550948077	0.3	1	43.35658573355138	-248.3234924647952	1.276460271353724e-05	-9.566153922911224e-06	313.8995794456708	86.5	1	2	0	1	
65	0.04969766242971984	0.3	1	43.57603625603753	-248.2992906047843	-2.97038133174176e-05	2.913652854885391e-06	313.7924427465738	86.5	1	2	0	1	
65	0.04972794934995892	0.3	1	43.79286483051768	-248.274985529797	-1.421322338559725e-05	-5.315720863839635e-06	313.6854073656905	86.5	1	2	0	1	
65	0.04975823627019799	0.3	1	44.00714799044434	-248.250575208421	-1.598298485802965e-05	7.608556542946371e-06	313.5784786997131	86.5	1	2	0	1	
65	0.04978852319043706	0.3	1	44.21895862005815	-248.2260857699139	4.340891281612248e-05	3.200638655054266e-06	313.4716129911326	86.5	1	2	0	1	
65	0.04981881011067613	0.3	1	44.42836634470379	-248.2014707168194	3.389596716775467e-05	1.486023242980306e-05	313.3648545603737	86.5	1	2	0	1	
65	0.04984909703091521	0.3	1	44.63543751236872	-248.176764930398	1.054943994092949e-05	-9.599055632694524e-06	313.2581931313176	86.5	1	2	0	1	
65	0.04987938395115428	0.3	1	44.84023578276304	-248.1519508696034	-2.002121088372113e-05	-3.620398469411298e-06	313.1515972319325	86.5	1	2	0	1	
65	0.04990967087139336	0.3	1	45.0428218953277	-248.127031346153	-2.752466440203698e-06	1.922503272639205e-05	313.0450788744693	86.5	1	2	0	1	
65	0.04993995779163243	0.3	1	45.24325403719661	-248.1020559960635	-5.060682134945538e-05	4.913856865981434e-07	312.938634762411	86.5	1	2	0	1	
65	0.0499702447118715	0.3	1	45.44158800537785	-248.0769561074272	-1.162767465479053e-05	1.668908050100892e-05	312.8323048400558	86.5	1	2	0	1	
65	0.05000053163211057	0.3	1	45.63787709504384	-248.0517898763639	-1.62446517270598e-05	1.56621804559044e-05	312.7260864068734	86.5	1	2	0	1	
65	0.05003081855234965	0.3	1	45.83217271383643	-248.0265128622808	-1.887965612512588e-06	-1.224331151030832e-05	312.6199020451135	86.5	1	2	0	1	
65	0.05006110547258872	0.3	1	46.02452402755648	-248.0011829401101	-2.158560380681462e-07	-1.389774798412962e-05	312.5138482612294	86.5	1	2	0	1	
65	0.0500913923928278	0.3	1	46.21497830450419	-247.9757302419889	1.11706186826108e-05	-1.815062493667064e-05	312.4078683167215	86.5	1	2	0	1	
65	0.05012167931306687	0.3	1	46.40358101389625	-247.9502214219464	-4.712825662410436e-06	3.442871394311944e-06	312.301986677458	86.5	1	2	0	1	
65	0.05015196623330594	0.3	1	46.59037575453272	-247.9246304003276	-6.312201036196008e-06	-4.806386890042133e-06	312.196163043585	86.5	1	2	0	1	
65	0.05018225315354501	0.3	1	46.77540456509234	-247.8989526748845	-1.465864448759509e-05	3.605113758583557e-06	312.0904496665186	86.5	1	2	0	1	
65	0.05021254007378409	0.3	1	46.95870799751749	-247.8732047124474	6.94944004416562e-05	-5.252059468467338e-07	311.9848423613888	86.5	1	2	0	1	
65	0.05024282699402316	0.3	1	47.14032503569489	-247.8473802383576	5.486554617500602e-06	-1.027743554815608e-05	311.8793006489553	86.5	1	2	0	1	
65	0.05027311391426224	0.3	1	47.32029316281199	-247.8214857352504	-1.646873093505766e-05	6.878842824083187e-06	311.7738701246574	86.5	1	2	0	1	
65	0.05030340083450131	0.3	1	47.49864864802242	-247.7955152668362	-8.173457046423138e-05	1.566338667456646e-05	311.668485804318	86.5	1	2	0	1	
65	0.05033368775474038	0.3	1	47.67542640813065	-247.7694768814796	-5.58767148383342e-06	-1.041410136595798e-05	311.5631991391119	86.5	1	2	0	1	
65	0.05036397467497945	0.3	1	47.85066027054371	-247.7433400339503	1.47453892492699e-05	2.039981266893903e-05	311.4580509168962	86.5	1	2	0	1	
65	0.05039426159521853	0.3	1	48.02438268466645	-247.7171703809852	4.945964841489812e-06	-1.440741749146428e-05	311.3529457046917	86.5	1	2	0	1	
65	0.0504245485154576	0.3	1	48.19662520665391	-247.6909234399787	-1.770272805129425e-05	-2.956494069547566e-06	311.2479438365826	86.5	1	2	0	1	
65	0.05045483543569668	0.3	1	48.36741822661419	-247.6646053032503	-9.416667005963855e-07	9.959531272214078e-06	311.1430377635043	86.5	1	2	0	1	
65	0.05048512235593575	0.3	1	48.53679114909952	-247.6382276785443	4.939633937361618e-06	3.292021034093096e-06	311.0382317797281	86.5	1	2	0	1	
65	0.05051540927617482	0.3	1	48.70477244811681	-247.611790515212	-5.276320574481316e-06	-9.624522409847763e-06	310.9334795511758	86.5	1	2	0	1	
65	0.05054569619641389	0.3	1	48.87138960857541	-247.5852814142247	-2.517698509443052e-05	-8.464221833745511e-06	310.8288273412311	86.5	1	2	0	1	
65	0.05057598311665297	0.3	1	49.0366693064888	-247.5587188707605	-3.89116976336353e-06	2.274010716299402e-06	310.7241958330324	86.5	1	2	0	1	
65	0.05060627003689204	0.3	1	49.20063734396783	-247.5320943795685	2.17965606503015e-06	-5.812753159681328e-06	310.6197888071727	86.5	1	2	0	1	
65	0.05063655695713112	0.3	1	49.36331876491919	-247.5054015963044	4.493788771577079e-05	-1.291345805198851e-05	310.5154381261541	86.5	1	2	0	1	
65	0.05066684387737019	0.3	1	49.52473780094073	-247.4786665564968	-1.859227247235512e-05	-3.745833664491049e-05	310.4111218573007	86.5	1	2	0	1	
65	0.05069713079760926	0.3	1	49.68491796511819	-247.4518680928207	4.597705866662115e-06	-9.490320244553985e-06	310.3069130848581	86.5	1	2	0	1	
65	0.05072741771784833	0.3	1	49.84388202296756	-247.425024358681	2.731929555847834e-05	-1.883234946184476e-05	310.2028176711162	86.5	1	2	0	1	
65	0.05075770463808741	0.3	1	50.00165213345552	-247.398118587654	-2.225162590699005e-06	-2.085117484532106e-05	310.0987981715658	86.5	1	2	0	1	
65	0.05078799155832648	0.3	1	50.15824976432947	-247.3711535612099	4.071291414004728e-06	-7.199810146372998e-06	309.994844426937	86.5	1	2	0	1	
65	0.05081827847856556	0.3	1	50.31369575758666	-247.3441386088951	1.724549721830032e-05	1.035424665304929e-05	309.8910062489077	86.5	1	2	0	1	
65	0.05084856539880463	0.3	1	50.46801038226489	-247.3170798161995	-2.693864018307838e-05	-4.229631348799104e-06	309.787243218759	86.5	1	2	0	1	
65	0.0508788523190437	0.3	1	50.62121327877765	-247.2899727680253	-4.181910980990966e-06	1.314121122095516e-06	309.6835958175955	86.5	1	2	0	1	
65	0.05090913923928278	0.3	1	50.77332361342968	-247.2628111982562	7.849123704118006e-06	-2.096253587657859e-06	309.5800086822717	86.5	1	2	0	1	
65	0.05093942615952185	0.3	1	50.92435993788119	-247.2355912146582	5.69484580251559e-06	-9.957707033630969e-06	309.4765033614032	86.5	1	2	0	1	
65	0.05096971307976092	0.3	1	51.07434036203353	-247.208351914847	3.501420565242639e-05	-1.102866952473725e-05	309.3731024211491	86.5	1	2	0	1	
65	0.051	0.3	1	51.22328246512209	-247.1810378766822	2.022062995870634e-06	1.778633097854199e-05	309.2698036650287	86.5	1	2	0	1	
