65	0.01	0.3	-2	0	0	0	0	0	173	1	0	0	1	
65	0.0119192	0.3	-2	0	0	0	0	0	173	1	0	0	1	
65	0.0138384	0.3	-2	0	0	0	0	0	173	1	0	0	1	
65	0.0157576	0.3	-2	0	0	0	0	0	173	1	0	0	1	
65	0.0176768	0.3	-2	0	0	0	0	0	173	1	0	0	1	
65	0.019596	0.3	-2	0	0	0	0	0	173	1	0	0	1	
65	0.0215152	0.3	-2	0	0	0	0	0	173	1	0	0	1	
65	0.0234343	0.3	-2	0	0	0	0	0	173	1	0	0	1	
65	0.0253535	0.3	-2	0	0	0	0	0	173	1	0	0	1	
65	0.0272727	0.3	-2	0	0	0	0	0	173	1	0	0	1	
65	0.0291919	0.3	-2	0	0	0	0	0	173	1	0	0	1	
65	0.0311111	0.3	-2	0	0	0	0	0	173	1	0	0	1	
65	0.0330303	0.3	-2	0	0	0	0	0	173	1	0	0	1	
65	0.0349495	0.3	-2	0	0	0	0	0	173	1	0	0	1	
65	0.0368687	0.3	-2	0	0	0	0	0	173	1	0	0	1	
65	0.0387879	0.3	-2	0	0	0	0	0	173	1	0	0	1	
65	0.0407071	0.3	-2	0	0	0	0	0	173	1	0	0	1	
65	0.0426263	0.3	-2	0	0	0	0	0	173	1	0	0	1	
65	0.0445455	0.3	-2	0	0	0	0	0	173	1	0	0	1	
65	0.0464646	0.3	-2	0	0	0	0	0	173	1	0	0	1	
65	0.0483838	0.3	-2	0	0	0	0	0	173	1	0	0	1	
65	0.050303	0.3	-2	0	0	0	0	0	173	1	0	0	1	
65	0.0522222	0.3	-2	0	0	0	0	0	173	1	0	0	1	
65	0.0541414	0.3	-2	0	0	0	0	0	173	1	0	0	1	
65	0.0560606	0.3	-2	0	0	0	0	0	173	1	0	0	1	
65	0.0579798	0.3	-2	0	0	0	0	0	173	1	0	0	1	
65	0.059899	0.3	-2	0	0	0	0	0	173	1	0	0	1	
65	0.0618182	0.3	1	19.3123	0	278.559	243.144	0	173	1	0	0	1	
65	0.0637374	0.3	1	37.9527	0	272.308	236.044	0	173	1	0	0	1	
65	0.0656566	0.3	1	45.4704	0	267.094	231.771	0	173	1	0	0	1	
65	0.0675758	0.3	1	50.6917	0	262.3	228.293	0	173	1	0	0	1	
65	0.0694949	0.3	1	54.7635	0	257.813	225.275	0	173	1	0	0	1	
65	0.0714141	0.3	1	58.1168	0	222.581	222.581	0	173	1	0	0	1	
65	0.0733333	0.3	1	60.9683	0	220.137	220.137	0	173	1	0	0	1	
65	0.0752525	0.3	1	63.445	0	217.894	217.894	0	173	1	0	0	1	
65	0.0771717	0.3	1	65.6291	0	215.823	215.823	0	173	1	0	0	1	
65	0.0790909	0.3	1	67.5773	0	213.898	213.898	0	173	1	0	0	1	
65	0.0810101	0.3	1	69.3305	0	212.102	212.102	0	173	1	0	0	1	
65	0.0829293	0.3	1	70.9194	0	210.421	210.421	0	173	1	0	0	1	
65	0.0848485	0.3	1	72.3678	0	208.843	208.843	0	173	1	0	0	1	
65	0.0867677	0.3	1	73.6943	0	207.359	207.359	0	173	1	0	0	1	
65	0.0886869	0.3	1	74.9135	0	205.962	205.962	0	173	1	0	0	1	
65	0.0906061	0.3	1	76.037	0	204.645	204.645	0	173	1	0	0	1	
65	0.0925253	0.3	1	77.0709	0	203.409	203.409	0	173	1	0	0	1	
65	0.0944444	0.3	1	78.0249	0	215.181	202.246	0	173	1	0	0	1	
65	0.0963636	0.3	1	78.9187	0	212.703	201.138	0	173	1	0	0	1	
65	0.0982828	0.3	1	79.7585	0	210.304	200.079	0	173	1	0	0	1	
65	0.100202	0.3	1	80.5494	0	207.979	199.067	0	173	1	0	0	1	
65	0.102121	0.3	1	81.2959	0	198.097	198.097	0	173	1	0	0	1	
65	0.10404	0.3	1	82.0018	0	197.168	197.168	0	173	1	0	0	1	
65	0.10596	0.3	1	82.6705	0	196.276	196.276	0	173	1	0	0	1	
65	0.107879	0.3	1	83.3052	0	195.418	195.418	0	173	1	0	0	1	
65	0.109798	0.3	1	83.9083	0	194.594	194.594	0	173	1	0	0	1	
65	0.111717	0.3	1	84.4824	0	193.801	193.801	0	173	1	0	0	1	
65	0.113636	0.3	1	85.0296	0	193.037	193.037	0	173	1	0	0	1	
65	0.115556	0.3	1	85.5519	0	192.3	192.3	0	173	1	0	0	1	
65	0.117475	0.3	1	86.0508	0	191.589	191.589	0	173	1	0	0	1	
65	0.119394	0.3	1	86.5282	0	190.902	190.902	0	173	1	0	0	1	
65	0.121313	0.3	1	86.9853	0	190.239	190.239	0	173	1	0	0	1	
65	0.123232	0.3	1	87.4234	0	189.598	189.598	0	173	1	0	0	1	
65	0.125152	0.3	1	87.8439	0	188.977	188.977	0	173	1	0	0	1	
65	0.127071	0.3	1	88.2477	0	188.377	188.377	0	173	1	0	0	1	
65	0.12899	0.3	1	88.6359	0	187.795	187.795	0	173	1	0	0	1	
65	0.130909	0.3	1	89.0093	0	187.231	187.231	0	173	1	0	0	1	
65	0.132828	0.3	1	89.3689	0	186.684	186.684	0	173	1	0	0	1	
65	0.134747	0.3	1	89.7153	0	186.154	186.154	0	173	1	0	0	1	
65	0.136667	0.3	1	90.0494	0	185.639	185.639	0	173	1	0	0	1	
65	0.138586	0.3	1	90.3718	0	185.139	185.139	0	173	1	0	0	1	
65	0.140505	0.3	1	90.683	184.653	184.653	184.653	184.653	173	1	0	0	1	
65	0.142424	0.3	1	90.9838	184.181	184.181	184.181	184.181	173	1	0	0	1	
65	0.144343	0.3	1	91.2746	183.722	183.722	183.722	183.722	173	1	0	0	1	
65	0.146263	0.3	1	91.5559	183.275	183.275	183.275	183.275	173	1	0	0	1	
65	0.148182	0.3	1	91.8282	182.841	182.841	182.841	182.841	173	1	0	0	1	
65	0.150101	0.3	1	92.0919	182.417	182.417	182.417	182.417	173	1	0	0	1	
65	0.15202	0.3	1	92.3474	182.005	182.005	182.005	182.005	173	1	0	0	1	
65	0.153939	0.3	1	92.5952	181.603	181.603	181.603	181.603	173	1	0	0	1	
65	0.155859	0.3	1	92.8355	181.212	181.212	181.212	181.212	173	1	0	0	1	
65	0.157778	0.3	1	93.0687	180.83	180.83	180.83	180.83	173	1	0	0	1	
65	0.159697	0.3	1	93.2951	180.458	180.458	180.458	180.458	173	1	0	0	1	
65	0.161616	0.3	1	93.5151	180.095	180.095	180.095	180.095	173	1	0	0	1	
65	0.163535	0.3	1	93.7288	179.74	179.74	179.74	179.74	173	1	0	0	1	
65	0.165455	0.3	1	93.9366	179.394	179.394	179.394	179.394	173	1	0	0	1	
65	0.167374	0.3	1	94.1387	179.056	179.056	179.056	179.056	173	1	0	0	1	
65	0.169293	0.3	1	94.3353	178.726	178.726	178.726	178.726	173	1	0	0	1	
65	0.171212	0.3	1	94.5267	178.403	178.403	178.403	178.403	173	1	0	0	1	
65	0.173131	0.3	1	94.7131	178.088	178.088	178.088	178.088	173	1	0	0	1	
65	0.175051	0.3	1	94.8946	177.78	177.78	177.78	177.78	173	1	0	0	1	
65	0.17697	0.3	1	95.0715	177.478	177.478	177.478	177.478	173	1	0	0	1	
65	0.178889	0.3	1	95.2439	177.183	177.183	177.183	177.183	173	1	0	0	1	
65	0.180808	0.3	1	95.412	176.895	176.895	176.895	176.895	173	1	0	0	1	
65	0.182727	0.3	1	95.576	176.613	176.613	176.613	176.613	173	1	0	0	1	
65	0.184646	0.3	1	95.736	176.336	176.336	176.336	176.336	173	1	0	0	1	
65	0.186566	0.3	1	95.8921	176.066	176.066	176.066	176.066	173	1	0	0	1	
65	0.188485	0.3	1	96.0446	175.8	175.8	175.8	175.8	173	1	0	0	1	
65	0.190404	0.3	1	96.1935	175.541	175.541	175.541	175.541	173	1	0	0	1	
65	0.192323	0.3	1	96.3389	175.286	175.286	175.286	175.286	173	1	0	0	1	
65	0.194242	0.3	1	96.481	175.037	175.037	175.037	175.037	173	1	0	0	1	
65	0.196162	0.3	1	96.6199	174.793	174.793	174.793	174.793	173	1	0	0	1	
65	0.198081	0.3	1	96.7557	174.553	174.553	174.553	174.553	173	1	0	0	1	
65	0.2	0.3	1	96.8885	174.318	174.318	174.318	174.318	173	1	0	0	1	
