65	0.01	0.3	-3	0	0	0	0	0	173	1	1	0	1	
65	0.0109548	0.3	-3	0	0	0	0	0	173	1	1	0	1	
65	0.0119095	0.3	-2	0	0	0	0	0	173	1	1	0	1	
65	0.0128643	0.3	-2	0	0	0	0	0	173	1	1	0	1	
65	0.0138191	0.3	-2	0	0	0	0	0	173	1	1	0	1	
65	0.0147739	0.3	-2	0	0	0	0	0	173	1	1	0	1	
65	0.0157286	0.3	-2	0	0	0	0	0	173	1	1	0	1	
65	0.0166834	0.3	-2	0	0	0	0	0	173	1	1	0	1	
65	0.0176382	0.3	-2	0	0	0	0	0	173	1	1	0	1	
65	0.018593	0.3	-2	0	0	0	0	0	173	1	1	0	1	
65	0.0195477	0.3	-2	0	0	0	0	0	173	1	1	0	1	
65	0.0205025	0.3	-2	0	0	0	0	0	173	1	1	0	1	
65	0.0214573	0.3	-2	0	0	0	0	0	173	1	1	0	1	
65	0.0224121	0.3	-2	0	0	0	0	0	173	1	1	0	1	
65	0.0233668	0.3	-2	0	0	0	0	0	173	1	1	0	1	
65	0.0243216	0.3	-2	0	0	0	0	0	173	1	1	0	1	
65	0.0252764	0.3	-2	0	0	0	0	0	173	1	1	0	1	
65	0.0262312	0.3	-2	0	0	0	0	0	173	1	1	0	1	
65	0.0271859	0.3	-2	0	0	0	0	0	173	1	1	0	1	
65	0.0281407	0.3	-2	0	0	0	0	0	173	1	1	0	1	
65	0.0290955	0.3	-2	0	0	0	0	0	173	1	1	0	1	
65	0.0300503	0.3	-2	0	0	0	0	0	173	1	1	0	1	
65	0.031005	0.3	-2	0	0	0	0	0	173	1	1	0	1	
65	0.0319598	0.3	-2	0	0	0	0	0	173	1	1	0	1	
65	0.0329146	0.3	-2	0	0	0	0	0	173	1	1	0	1	
65	0.0338693	0.3	-2	0	0	0	0	0	173	1	1	0	1	
65	0.0348241	0.3	-2	0	0	0	0	0	173	1	1	0	1	
65	0.0357789	0.3	-2	0	0	0	0	0	173	1	1	0	1	
65	0.0367337	0.3	-2	0	0	0	0	0	173	1	1	0	1	
65	0.0376884	0.3	-2	0	0	0	0	0	173	1	1	0	1	
65	0.0386432	0.3	-2	0	0	0	0	0	173	1	1	0	1	
65	0.039598	0.3	-2	0	0	0	0	0	173	1	1	0	1	
65	0.0405528	0.3	-2	0	0	0	0	0	173	1	1	0	1	
65	0.0415075	0.3	-2	0	0	0	0	0	173	1	1	0	1	
65	0.0424623	0.3	-2	0	0	0	0	0	173	1	1	0	1	
65	0.0434171	0.3	-2	0	0	0	0	0	173	1	1	0	1	
65	0.0443719	0.3	-2	0	0	0	0	0	173	1	1	0	1	
65	0.0453266	0.3	-2	0	0	0	0	0	173	1	1	0	1	
65	0.0462814	0.3	-2	0	0	0	0	0	173	1	1	0	1	
65	0.0472362	0.3	-2	0	0	0	0	0	173	1	1	0	1	
65	0.048191	0.3	1	30.2868	-247.372	4.6737e-06	6.76692e-06	319.393	173	1	1	0	1	
65	0.0491457	0.3	1	41.6689	-246.607	-1.76212e-05	8.22535e-06	315.881	173	1	1	0	1	
65	0.0501005	0.3	1	48.4079	-245.692	6.80468e-07	-1.39568e-05	312.439	173	1	1	0	1	
65	0.0510553	0.3	1	53.4892	-244.71	-4.91963e-05	-1.43945e-05	309.083	173	1	1	0	1	
65	0.0520101	0.3	1	57.6529	-243.693	1.39079e-05	-1.87629e-05	305.814	173	1	1	0	1	
65	0.0529648	0.3	1	61.2149	-242.658	4.24864e-06	-1.23998e-06	302.631	173	1	1	0	1	
65	0.0539196	0.3	1	64.3443	-241.615	-9.75781e-06	2.301e-06	299.531	173	1	1	0	1	
65	0.0548744	0.3	1	67.1435	240.57	3.91657e-05	-1.67549e-05	296.512	173	1	1	0	1	
65	0.0558291	0.3	1	69.6803	-239.527	4.5825e-05	1.36286e-05	293.57	173	1	1	0	1	
65	0.0567839	0.3	1	72.0024	-238.49	8.49719e-06	-2.72177e-05	290.703	173	1	1	0	1	
65	0.0577387	0.3	1	74.1446	-237.46	-2.66022e-05	-1.9656e-05	287.908	173	1	1	0	1	
65	0.0586935	0.3	1	76.1334	-236.44	-1.04954e-05	1.00088e-05	285.183	173	1	1	0	1	
65	0.0596482	0.3	1	77.9895	-235.429	-3.20777e-05	-2.00753e-05	282.524	173	1	1	0	1	
65	0.060603	0.3	1	79.7295	-234.43	-1.39019e-05	1.0006e-05	279.929	173	1	1	0	1	
65	0.0615578	0.3	1	81.3669	-233.443	7.38481e-06	1.02487e-05	277.395	173	1	1	0	1	
65	0.0625126	0.3	1	82.9086	-232.47	-3.98041e-05	1.65666e-05	274.922	173	1	1	0	1	
65	0.0634673	0.3	1	84.3732	-231.506	-6.80836e-06	-4.34674e-05	272.505	173	1	1	0	1	
65	0.0644221	0.3	1	85.7633	-230.555	1.39557e-05	-1.74426e-05	270.144	173	1	1	0	1	
65	0.0653769	0.3	1	87.0879	-229.615	-1.24929e-05	2.38022e-05	267.835	173	1	1	0	1	
65	0.0663317	0.3	1	88.3483	-228.689	-9.92396e-06	-1.19205e-05	265.578	173	1	1	0	1	
65	0.0672864	0.3	1	89.5522	-227.775	3.78073e-06	-2.77355e-05	263.371	173	1	1	0	1	
65	0.0682412	0.3	1	90.7041	-226.874	-4.44277e-06	-2.45435e-05	261.211	173	1	1	0	1	
65	0.069196	0.3	1	91.8034	-225.988	1.74034e-05	-1.11863e-05	259.098	173	1	1	0	1	
65	0.0701508	0.3	1	92.8643	-225.11	2.36624e-05	1.07291e-05	257.029	173	1	1	0	1	
65	0.0711055	0.3	1	93.8853	-224.242	1.04067e-05	4.49234e-05	255.002	173	1	1	0	1	
65	0.0720603	0.3	1	94.8647	-223.388	-3.65538e-05	-2.33923e-05	253.018	173	1	1	0	1	
65	0.0730151	0.3	1	95.8081	-222.546	4.43361e-05	2.01986e-06	251.074	173	1	1	0	1	
65	0.0739698	0.3	1	96.7177	221.715	2.88133e-05	1.11069e-05	249.168	173	1	1	0	1	
65	0.0749246	0.3	1	97.5958	220.895	-4.07634e-06	-1.89422e-05	247.301	173	1	1	0	1	
65	0.0758794	0.3	1	98.444	220.086	2.75661e-05	-2.0453e-05	245.47	173	1	1	0	1	
65	0.0768342	0.3	1	99.2643	-219.287	-3.32805e-05	-1.78167e-05	243.674	173	1	1	0	1	
65	0.0777889	0.3	1	100.058	-218.499	-2.71818e-05	-1.47031e-06	241.913	173	1	1	0	1	
65	0.0787437	0.3	1	100.827	-217.721	6.85608e-08	1.24351e-05	240.185	173	1	1	0	1	
65	0.0796985	0.3	1	101.572	216.953	6.92847e-06	-8.15536e-06	238.489	173	1	1	0	1	
65	0.0806533	0.3	1	102.295	216.194	-1.13253e-05	-1.07763e-05	236.824	173	1	1	0	1	
65	0.081608	0.3	1	102.997	215.445	-4.57717e-06	1.96875e-05	235.191	173	1	1	0	1	
65	0.0825628	0.3	1	103.678	-214.706	-5.10864e-05	-1.41507e-05	233.587	173	1	1	0	1	
65	0.0835176	0.3	1	104.341	213.975	-1.88934e-05	-2.0139e-05	232.012	173	1	1	0	1	
65	0.0844724	0.3	1	104.985	213.254	-9.87242e-06	3.15344e-05	230.467	173	1	1	0	1	
65	0.0854271	0.3	1	105.612	212.541	2.37668e-05	-3.46976e-06	228.952	173	1	1	0	1	
65	0.0863819	0.3	1	106.222	211.836	1.95228e-06	1.46617e-05	227.487	173	1	1	0	1	
65	0.0873367	0.3	1	106.816	211.14	-2.53289e-05	-2.19774e-05	225.986	173	1	1	0	1	
65	0.0882915	0.3	1	107.395	210.452	-2.7401e-05	-7.21969e-06	224.528	173	1	1	0	1	
65	0.0892462	0.3	1	107.96	209.773	1.86349e-05	-7.19029e-06	223.098	173	1	1	0	1	
65	0.090201	0.3	1	108.51	209.101	2.40524e-05	1.84003e-05	221.693	173	1	1	0	1	
65	0.0911558	0.3	1	109.048	208.437	4.92428e-05	-1.83833e-05	220.312	173	1	1	0	1	
65	0.0921106	0.3	1	109.572	207.781	4.35616e-05	1.44353e-05	218.953	173	1	1	0	1	
65	0.0930653	0.3	1	110.084	207.132	1.44958e-05	3.86522e-05	217.616	173	1	1	0	1	
65	0.0940201	0.3	1	110.584	206.49	-4.14731e-05	1.43946e-05	216.3	173	1	1	0	1	
65	0.0949749	0.3	1	111.073	205.855	1.98525e-05	2.18007e-05	215.005	173	1	1	0	1	
65	0.0959296	0.3	1	111.551	205.228	1.58311e-05	1.23901e-05	213.73	173	1	1	0	1	
65	0.0968844	0.3	1	112.018	204.607	1.71247e-05	-4.95845e-06	212.474	173	1	1	0	1	
65	0.0978392	0.3	1	112.476	203.993	-1.56675e-05	5.59103e-06	211.237	173	1	1	0	1	
65	0.098794	0.3	1	112.923	203.385	2.65536e-06	-1.38975e-05	210.018	173	1	1	0	1	
65	0.0997487	0.3	1	113.361	202.784	-5.50903e-06	1.27118e-05	208.818	173	1	1	0	1	
65	0.100704	0.3	1	113.79	202.188	1.93105e-05	1.26658e-05	207.635	173	1	1	0	1	
65	0.101658	0.3	1	114.211	201.6	1.30665e-05	-2.32479e-06	206.469	173	1	1	0	1	
65	0.102613	0.3	1	114.622	201.017	-2.76841e-05	-1.15881e-05	205.32	173	1	1	0	1	
65	0.103568	0.3	1	115.026	200.44	8.82666e-06	7.86505e-05	204.187	173	1	1	0	1	
65	0.104523	0.3	1	115.422	199.868	-2.05465e-06	3.64425e-05	203.07	173	1	1	0	1	
65	0.105477	0.3	1	115.81	199.303	-6.9453e-05	-1.04478e-05	201.969	173	1	1	0	1	
65	0.106432	0.3	1	116.191	198.743	-1.31763e-05	-5.19484e-05	200.882	173	1	1	0	1	
65	0.107387	0.3	1	116.564	198.188	3.34238e-05	-1.03454e-05	199.811	173	1	1	0	1	
65	0.108342	0.3	1	116.931	197.639	6.63548e-06	4.94917e-07	198.754	173	1	1	0	1	
65	0.109296	0.3	1	117.291	197.095	1.75573e-05	-1.7894e-05	197.711	173	1	1	0	1	
65	0.110251	0.3	1	117.645	196.556	6.22857e-06	2.90538e-05	196.682	173	1	1	0	1	
65	0.111206	0.3	1	117.992	196.022	2.16554e-05	2.66227e-05	195.667	173	1	1	0	1	
65	0.112161	0.3	1	118.333	195.493	-8.39578e-05	2.06461e-05	194.665	173	1	1	0	1	
65	0.113116	0.3	1	118.668	194.969	-2.36598e-05	3.09317e-06	193.676	173	1	1	0	1	
65	0.11407	0.3	1	118.997	194.45	-1.74386e-05	-4.56039e-06	192.699	173	1	1	0	1	
65	0.115025	0.3	1	119.321	193.935	-2.53482e-06	-1.90432e-05	191.735	173	1	1	0	1	
65	0.11598	0.3	1	119.64	193.425	9.57808e-06	7.92394e-05	190.783	173	1	1	0	1	
65	0.116935	0.3	1	119.953	192.92	1.48817e-05	-9.35129e-06	189.842	173	1	1	0	1	
65	0.117889	0.3	1	120.261	192.418	-1.21067e-05	-1.88463e-05	188.914	173	1	1	0	1	
65	0.118844	0.3	1	120.564	191.922	-5.65035e-06	-2.71665e-05	187.996	173	1	1	0	1	
65	0.119799	0.3	1	120.862	191.429	7.2793e-05	1.33343e-05	187.09	173	1	1	0	1	
65	0.120754	0.3	1	121.155	190.941	-2.85272e-05	2.04922e-05	186.195	173	1	1	0	1	
65	0.121709	0.3	1	121.444	190.457	4.81241e-06	1.12081e-05	185.311	173	1	1	0	1	
65	0.122663	0.3	1	121.728	189.976	1.87953e-05	1.29937e-05	184.436	173	1	1	0	1	
65	0.123618	0.3	1	122.008	189.5	-9.88273e-06	2.35636e-05	183.573	173	1	1	0	1	
65	0.124573	0.3	1	122.284	189.028	1.03832e-06	-1.74847e-05	182.719	173	1	1	0	1	
65	0.125528	0.3	1	122.556	188.559	-3.52353e-05	-8.36105e-05	181.875	173	1	1	0	1	
65	0.126482	0.3	1	122.823	188.095	-3.16971e-05	5.29948e-06	181.041	173	1	1	0	1	
65	0.127437	0.3	1	123.087	187.634	-3.20967e-05	-5.50812e-06	180.216	173	1	1	0	1	
65	0.128392	0.3	1	123.347	187.176	4.14061e-05	-6.76408e-06	179.401	173	1	1	0	1	
65	0.129347	0.3	1	123.603	186.723	3.52905e-05	-9.58164e-07	178.594	173	1	1	0	1	
65	0.130302	0.3	1	123.855	186.273	4.53978e-06	1.36668e-05	177.797	173	1	1	0	1	
65	0.131256	0.3	1	124.104	185.826	2.90515e-05	-2.85812e-05	177.008	173	1	1	0	1	
65	0.132211	0.3	1	124.35	185.383	8.59581e-06	-2.16337e-05	176.228	173	1	1	0	1	
65	0.133166	0.3	1	124.592	184.943	1.61942e-05	5.71531e-05	175.457	173	1	1	0	1	
65	0.134121	0.3	1	124.83	184.506	-7.71121e-05	-1.66419e-05	174.693	173	1	1	0	1	
65	0.135075	0.3	1	125.066	184.073	2.35825e-05	-5.03099e-05	173.938	173	1	1	0	1	
65	0.13603	0.3	1	125.298	183.643	1.97743e-07	-8.44604e-06	173.191	173	1	1	0	1	
65	0.136985	0.3	1	125.527	183.216	-2.05929e-05	-2.32856e-05	172.452	173	1	1	0	1	
65	0.13794	0.3	1	125.754	182.792	-8.01019e-05	-2.11553e-05	171.72	173	1	1	0	1	
65	0.138894	0.3	1	125.977	182.372	-2.76201e-05	-2.18595e-05	170.996	173	1	1	0	1	
65	0.139849	0.3	1	126.197	181.955	1.76179e-06	-2.25121e-05	170.279	173	1	1	0	1	
65	0.140804	0.3	1	126.415	181.54	8.21553e-05	-2.64744e-05	169.57	173	1	1	0	1	
65	0.141759	0.3	1	126.63	181.129	-2.025e-05	1.56032e-05	168.868	173	1	1	0	1	
65	0.142714	0.3	1	126.842	180.721	6.49904e-05	2.25297e-05	168.173	173	1	1	0	1	
65	0.143668	0.3	1	127.051	180.316	2.53459e-05	2.04685e-05	167.485	173	1	1	0	1	
65	0.144623	0.3	1	127.258	179.915	-2.1139e-05	1.23766e-05	166.803	173	1	1	0	1	
65	0.145578	0.3	1	127.462	179.519	-2.03635e-05	6.66225e-05	166.129	173	1	1	0	1	
65	0.146533	0.3	1	127.664	179.132	-1.73826e-05	4.38134e-05	165.461	173	1	1	0	1	
65	0.147487	0.3	1	127.864	178.728	6.1065e-07	2.65267e-05	164.799	173	1	1	0	1	
65	0.148442	0.3	1	128.061	178.328	1.06022e-05	3.14605e-06	164.144	173	1	1	0	1	
65	0.149397	0.3	1	128.255	177.934	-2.18482e-05	7.74175e-06	163.495	173	1	1	0	1	
65	0.150352	0.3	1	128.448	177.543	4.50054e-05	-7.63126e-05	162.852	173	1	1	0	1	
65	0.151307	0.3	1	128.638	177.155	4.75653e-05	6.54293e-05	162.215	173	1	1	0	1	
65	0.152261	0.3	1	128.826	176.77	3.20112e-05	1.87476e-05	161.584	173	1	1	0	1	
65	0.153216	0.3	1	129.012	176.388	-7.19947e-05	-1.51857e-05	160.959	173	1	1	0	1	
65	0.154171	0.3	1	129.196	176.008	7.57881e-05	2.32689e-05	160.34	173	1	1	0	1	
65	0.155126	0.3	1	129.378	175.631	-3.87885e-05	-1.91944e-05	159.726	173	1	1	0	1	
65	0.15608	0.3	1	129.558	175.256	8.67625e-06	2.28133e-05	159.118	173	1	1	0	1	
65	0.157035	0.3	1	129.735	174.883	-5.50021e-06	6.83248e-05	158.516	173	1	1	0	1	
65	0.15799	0.3	1	129.911	174.513	3.02753e-05	4.03241e-06	157.919	173	1	1	0	1	
65	0.158945	0.3	1	130.085	174.145	-1.04222e-05	1.80362e-05	157.327	173	1	1	0	1	
65	0.159899	0.3	1	130.257	173.779	3.84009e-05	2.01768e-05	156.74	173	1	1	0	1	
65	0.160854	0.3	1	130.427	173.416	-1.24816e-05	5.70458e-06	156.159	173	1	1	0	1	
65	0.161809	0.3	1	130.596	173.054	5.38011e-06	-1.24141e-05	155.583	173	1	1	0	1	
65	0.162764	0.3	1	130.762	172.695	2.09421e-05	-3.659e-05	155.011	173	1	1	0	1	
65	0.163719	0.3	1	130.927	172.338	9.40605e-05	8.16168e-05	154.445	173	1	1	0	1	
65	0.164673	0.3	1	131.09	171.983	8.92434e-06	-4.35624e-05	153.883	173	1	1	0	1	
65	0.165628	0.3	1	131.252	171.629	1.66453e-05	2.20497e-05	153.326	173	1	1	0	1	
65	0.166583	0.3	1	131.412	171.278	-3.16084e-06	2.69589e-05	152.774	173	1	1	0	1	
65	0.167538	0.3	1	131.57	170.929	-8.43477e-05	5.67474e-06	152.227	173	1	1	0	1	
65	0.168492	0.3	1	131.727	170.582	1.57087e-05	4.95278e-05	151.684	173	1	1	0	1	
65	0.169447	0.3	1	131.882	170.237	1.64269e-05	1.00425e-05	151.146	173	1	1	0	1	
65	0.170402	0.3	1	132.035	169.893	-3.85923e-06	-5.16961e-05	150.612	173	1	1	0	1	
65	0.171357	0.3	1	132.187	169.552	-2.54703e-05	-2.87476e-05	150.082	173	1	1	0	1	
65	0.172312	0.3	1	132.338	169.212	1.497e-05	2.47619e-06	149.557	173	1	1	0	1	
65	0.173266	0.3	1	132.487	168.874	-9.18066e-05	-1.63133e-05	149.036	173	1	1	0	1	
65	0.174221	0.3	1	132.635	168.538	1.87563e-05	2.66444e-05	148.519	173	1	1	0	1	
65	0.175176	0.3	1	132.781	168.204	7.92244e-06	-4.42322e-06	148.006	173	1	1	0	1	
65	0.176131	0.3	1	132.926	167.871	-4.35963e-05	-4.85819e-05	147.497	173	1	1	0	1	
65	0.177085	0.3	1	133.07	167.54	2.13008e-05	1.66425e-06	146.993	173	1	1	0	1	
65	0.17804	0.3	1	133.212	167.211	4.15492e-06	-8.36133e-06	146.492	173	1	1	0	1	
65	0.178995	0.3	1	133.353	166.884	-6.1632e-05	1.32732e-05	145.995	173	1	1	0	1	
65	0.17995	0.3	1	133.492	166.558	2.47338e-05	6.92217e-06	145.502	173	1	1	0	1	
65	0.180905	0.3	1	133.631	166.234	2.75069e-05	4.39085e-06	145.013	173	1	1	0	1	
65	0.181859	0.3	1	133.768	165.911	-2.9698e-06	-2.18996e-06	144.527	173	1	1	0	1	
65	0.182814	0.3	1	133.903	165.59	5.55807e-05	1.04198e-05	144.045	173	1	1	0	1	
65	0.183769	0.3	1	134.038	165.271	4.80733e-05	6.38302e-07	143.567	173	1	1	0	1	
65	0.184724	0.3	1	134.171	164.953	-5.89794e-05	4.01611e-05	143.093	173	1	1	0	1	
65	0.185678	0.3	1	134.304	164.637	-1.35037e-05	-6.91028e-06	142.622	173	1	1	0	1	
65	0.186633	0.3	1	134.435	164.323	-4.66315e-06	5.73022e-05	142.154	173	1	1	0	1	
65	0.187588	0.3	1	134.565	164.009	-9.62987e-06	4.80574e-05	141.69	173	1	1	0	1	
65	0.188543	0.3	1	134.693	163.698	4.26893e-05	1.66588e-05	141.229	173	1	1	0	1	
65	0.189497	0.3	1	134.821	163.388	-1.80186e-05	6.82424e-05	140.772	173	1	1	0	1	
65	0.190452	0.3	1	134.948	163.079	-1.19627e-05	-5.90971e-06	140.318	173	1	1	0	1	
65	0.191407	0.3	1	135.073	162.772	6.75834e-05	2.31967e-05	139.867	173	1	1	0	1	
65	0.192362	0.3	1	135.198	162.466	-1.01466e-06	-6.18156e-06	139.419	173	1	1	0	1	
65	0.193317	0.3	1	135.321	162.162	5.29487e-05	1.53054e-06	138.975	173	1	1	0	1	
65	0.194271	0.3	1	135.443	161.859	-1.39993e-05	-2.18845e-05	138.534	173	1	1	0	1	
65	0.195226	0.3	1	135.565	161.557	-1.72039e-05	2.35652e-05	138.095	173	1	1	0	1	
65	0.196181	0.3	1	135.685	161.257	6.90966e-06	-2.787e-05	137.66	173	1	1	0	1	
65	0.197136	0.3	1	135.805	160.958	1.86955e-05	-9.60484e-06	137.228	173	1	1	0	1	
65	0.19809	0.3	1	135.923	160.66	1.97611e-05	1.43302e-05	136.799	173	1	1	0	1	
65	0.199045	0.3	1	136.04	160.364	-5.27103e-05	-1.65032e-05	136.373	173	1	1	0	1	
65	0.2	0.3	1	136.157	160.069	4.23381e-05	-6.71154e-05	135.95	173	1	1	0	1	
