65	0.1	0.1	1	nan	0	1599.98	1599.98	0	86.5	0	0	0	1	
65	0.1	0.10303	1	nan	0	1599.98	1599.98	0	86.5	0	0	0	1	
65	0.1	0.106061	1	nan	0	1599.98	1599.98	0	86.5	0	0	0	1	
65	0.1	0.109091	1	nan	0	1599.98	1599.98	0	86.5	0	0	0	1	
65	0.1	0.112121	1	nan	0	1599.98	1599.98	0	86.5	0	0	0	1	
65	0.1	0.115152	1	nan	0	1599.98	1599.98	0	86.5	0	0	0	1	
65	0.1	0.118182	1	nan	0	1599.98	1599.98	0	86.5	0	0	0	1	
65	0.1	0.121212	1	nan	0	1599.98	1599.98	0	86.5	0	0	0	1	
65	0.1	0.124242	1	nan	0	1599.98	1599.98	0	86.5	0	0	0	1	
65	0.1	0.127273	1	nan	0	1599.98	1599.98	0	86.5	0	0	0	1	
65	0.1	0.130303	1	nan	0	1599.98	1599.98	0	86.5	0	0	0	1	
65	0.1	0.133333	1	nan	0	1599.98	1599.98	0	86.5	0	0	0	1	
65	0.1	0.136364	1	nan	0	1599.98	1599.98	0	86.5	0	0	0	1	
65	0.1	0.139394	1	nan	0	1599.98	1599.98	0	86.5	0	0	0	1	
65	0.1	0.142424	1	115.939	140.534	140.534	140.534	140.534	86.5	0	0	0	1	
65	0.1	0.145455	1	116.02	140.284	140.284	140.284	140.284	86.5	0	0	0	1	
65	0.1	0.148485	1	116.085	140.077	140.077	140.077	140.077	86.5	0	0	0	1	
65	0.1	0.151515	1	116.134	139.91	139.91	139.91	139.91	86.5	0	0	0	1	
65	0.1	0.154545	1	116.167	139.784	139.784	139.784	139.784	86.5	0	0	0	1	
65	0.1	0.157576	1	116.183	139.696	139.696	139.696	139.696	86.5	0	0	0	1	
65	0.1	0.160606	1	116.184	139.649	139.649	139.649	139.649	86.5	0	0	0	1	
65	0.1	0.163636	1	116.17	139.641	139.641	139.641	139.641	86.5	0	0	0	1	
65	0.1	0.166667	1	116.139	139.673	139.673	139.673	139.673	86.5	0	0	0	1	
65	0.1	0.169697	1	116.093	139.745	139.745	139.745	139.745	86.5	0	0	0	1	
65	0.1	0.172727	1	116.031	139.856	139.856	139.856	139.856	86.5	0	0	0	1	
65	0.1	0.175758	1	115.952	140.008	140.008	140.008	140.008	86.5	0	0	0	1	
65	0.1	0.178788	1	115.858	140.199	140.199	140.199	140.199	86.5	0	0	0	1	
65	0.1	0.181818	1	115.748	140.431	140.431	140.431	140.431	86.5	0	0	0	1	
65	0.1	0.184848	1	115.621	140.703	140.703	140.703	140.703	86.5	0	0	0	1	
65	0.1	0.187879	1	115.479	141.014	141.014	141.014	141.014	86.5	0	0	0	1	
65	0.1	0.190909	1	115.319	141.366	141.366	141.366	141.366	86.5	0	0	0	1	
65	0.1	0.193939	1	115.143	141.758	141.758	141.758	141.758	86.5	0	0	0	1	
65	0.1	0.19697	1	114.95	142.19	142.19	142.19	142.19	86.5	0	0	0	1	
65	0.1	0.2	1	114.739	142.663	142.663	142.663	142.663	86.5	0	0	0	1	
65	0.1	0.20303	1	114.512	143.175	143.175	143.175	143.175	86.5	0	0	0	1	
65	0.1	0.206061	1	114.266	143.727	143.727	143.727	143.727	86.5	0	0	0	1	
65	0.1	0.209091	1	114.003	144.319	144.319	144.319	144.319	86.5	0	0	0	1	
65	0.1	0.212121	1	113.722	144.951	144.951	144.951	144.951	86.5	0	0	0	1	
65	0.1	0.215152	1	113.422	145.623	145.623	145.623	145.623	86.5	0	0	0	1	
65	0.1	0.218182	1	113.104	146.335	146.335	146.335	146.335	86.5	0	0	0	1	
65	0.1	0.221212	1	112.766	147.086	147.086	147.086	147.086	86.5	0	0	0	1	
65	0.1	0.224242	1	112.409	147.877	147.877	147.877	147.877	86.5	0	0	0	1	
65	0.1	0.227273	1	112.031	148.707	148.707	148.707	148.707	86.5	0	0	0	1	
65	0.1	0.230303	1	111.634	149.576	149.576	149.576	149.576	86.5	0	0	0	1	
65	0.1	0.233333	1	111.215	150.485	150.485	150.485	150.485	86.5	0	0	0	1	
65	0.1	0.236364	1	110.776	151.433	151.433	151.433	151.433	86.5	0	0	0	1	
65	0.1	0.239394	1	110.314	152.42	152.42	152.42	152.42	86.5	0	0	0	1	
65	0.1	0.242424	1	109.83	153.446	153.446	153.446	153.446	86.5	0	0	0	1	
65	0.1	0.245455	1	109.323	154.51	154.51	154.51	154.51	86.5	0	0	0	1	
65	0.1	0.248485	1	108.793	155.614	155.614	155.614	155.614	86.5	0	0	0	1	
65	0.1	0.251515	1	108.237	0	156.872	156.757	0	86.5	0	0	0	1	
65	0.1	0.254545	1	107.657	0	159.792	157.938	0	86.5	0	0	0	1	
65	0.1	0.257576	1	107.051	0	162.673	159.158	0	86.5	0	0	0	1	
65	0.1	0.260606	1	106.418	0	165.518	160.417	0	86.5	0	0	0	1	
65	0.1	0.263636	1	105.758	0	168.33	161.714	0	86.5	0	0	0	1	
65	0.1	0.266667	1	105.068	0	171.109	163.05	0	86.5	0	0	0	1	
65	0.1	0.269697	1	104.349	0	173.859	164.426	0	86.5	0	0	0	1	
65	0.1	0.272727	1	103.599	0	176.581	165.84	0	86.5	0	0	0	1	
65	0.1	0.275758	1	102.817	0	167.294	167.294	0	86.5	0	0	0	1	
65	0.1	0.278788	1	102.001	0	168.787	168.787	0	86.5	0	0	0	1	
65	0.1	0.281818	1	101.15	0	170.32	170.32	0	86.5	0	0	0	1	
65	0.1	0.284848	1	100.262	0	171.892	171.892	0	86.5	0	0	0	1	
65	0.1	0.287879	1	99.3355	0	173.505	173.505	0	86.5	0	0	0	1	
65	0.1	0.290909	1	98.3684	0	175.16	175.16	0	86.5	0	0	0	1	
65	0.1	0.293939	1	97.3587	0	176.855	176.855	0	86.5	0	0	0	1	
65	0.1	0.29697	1	96.3038	0	178.592	178.592	0	86.5	0	0	0	1	
65	0.1	0.3	1	95.201	0	200.078	180.373	0	86.5	0	0	0	1	
65	0.1	0.30303	1	94.0473	0	202.604	182.197	0	86.5	0	0	0	1	
65	0.1	0.306061	1	92.8391	0	205.118	184.066	0	86.5	0	0	0	1	
65	0.1	0.309091	1	91.5562	0	207.626	186.006	0	86.5	0	0	0	1	
65	0.1	0.312121	1	90.1919	0	188.02	188.02	0	86.5	0	0	0	1	
65	0.1	0.315152	1	88.7474	0	190.099	190.099	0	86.5	0	0	0	1	
65	0.1	0.318182	1	87.2186	0	192.241	192.241	0	86.5	0	0	0	1	
65	0.1	0.321212	1	85.5996	0	194.446	194.446	0	86.5	0	0	0	1	
65	0.1	0.324242	1	83.8828	0	196.714	196.714	0	86.5	0	0	0	1	
65	0.1	0.327273	1	82.0589	0	199.048	199.048	0	86.5	0	0	0	1	
65	0.1	0.330303	1	80.1169	0	201.45	201.45	0	86.5	0	0	0	1	
65	0.1	0.333333	1	78.0427	0	203.924	203.924	0	86.5	0	0	0	1	
65	0.1	0.336364	1	75.8191	0	206.475	206.475	0	86.5	0	0	0	1	
65	0.1	0.339394	1	73.4242	0	209.108	209.108	0	86.5	0	0	0	1	
65	0.1	0.342424	1	70.8294	0	211.832	211.832	0	86.5	0	0	0	1	
65	0.1	0.345455	1	67.9968	0	214.66	214.66	0	86.5	0	0	0	1	
65	0.1	0.348485	1	64.8732	0	217.606	217.606	0	86.5	0	0	0	1	
65	0.1	0.351515	1	61.3813	0	220.694	220.694	0	86.5	0	0	0	1	
65	0.1	0.354545	1	57.4002	0	245.379	223.962	0	86.5	0	0	0	1	
65	0.1	0.357576	1	52.7221	0	248.045	227.472	0	86.5	0	0	0	1	
65	0.1	0.360606	1	46.9296	0	250.799	231.343	0	86.5	0	0	0	1	
65	0.1	0.363636	1	38.9075	0	253.722	235.882	0	86.5	0	0	0	1	
65	0.1	0.366667	1	20.5119	0	257.303	242.917	0	86.5	0	0	0	1	
65	0.1	0.369697	-2	0	0	0	0	0	86.5	0	0	0	1	
65	0.1	0.372727	-2	0	0	0	0	0	86.5	0	0	0	1	
65	0.1	0.375758	-2	0	0	0	0	0	86.5	0	0	0	1	
65	0.1	0.378788	-2	0	0	0	0	0	86.5	0	0	0	1	
65	0.1	0.381818	-2	0	0	0	0	0	86.5	0	0	0	1	
65	0.1	0.384848	-2	0	0	0	0	0	86.5	0	0	0	1	
65	0.1	0.387879	-2	0	0	0	0	0	86.5	0	0	0	1	
65	0.1	0.390909	-2	0	0	0	0	0	86.5	0	0	0	1	
65	0.1	0.393939	-2	0	0	0	0	0	86.5	0	0	0	1	
65	0.1	0.39697	-2	0	0	0	0	0	86.5	0	0	0	1	
65	0.1	0.4	-2	0	0	0	0	0	86.5	0	0	0	1	
