65	0.01	0.3	-3	0	0	0	0	0	346	1	1	0	1	
65	0.0109548	0.3	-3	0	0	0	0	0	346	1	1	0	1	
65	0.0119095	0.3	-3	0	0	0	0	0	346	1	1	0	1	
65	0.0128643	0.3	-2	0	0	0	0	0	346	1	1	0	1	
65	0.0138191	0.3	-2	0	0	0	0	0	346	1	1	0	1	
65	0.0147739	0.3	-2	0	0	0	0	0	346	1	1	0	1	
65	0.0157286	0.3	-2	0	0	0	0	0	346	1	1	0	1	
65	0.0166834	0.3	-2	0	0	0	0	0	346	1	1	0	1	
65	0.0176382	0.3	-2	0	0	0	0	0	346	1	1	0	1	
65	0.018593	0.3	-2	0	0	0	0	0	346	1	1	0	1	
65	0.0195477	0.3	-2	0	0	0	0	0	346	1	1	0	1	
65	0.0205025	0.3	-2	0	0	0	0	0	346	1	1	0	1	
65	0.0214573	0.3	-2	0	0	0	0	0	346	1	1	0	1	
65	0.0224121	0.3	-2	0	0	0	0	0	346	1	1	0	1	
65	0.0233668	0.3	-2	0	0	0	0	0	346	1	1	0	1	
65	0.0243216	0.3	-2	0	0	0	0	0	346	1	1	0	1	
65	0.0252764	0.3	-2	0	0	0	0	0	346	1	1	0	1	
65	0.0262312	0.3	-2	0	0	0	0	0	346	1	1	0	1	
65	0.0271859	0.3	-2	0	0	0	0	0	346	1	1	0	1	
65	0.0281407	0.3	-2	0	0	0	0	0	346	1	1	0	1	
65	0.0290955	0.3	-2	0	0	0	0	0	346	1	1	0	1	
65	0.0300503	0.3	-2	0	0	0	0	0	346	1	1	0	1	
65	0.031005	0.3	-2	0	0	0	0	0	346	1	1	0	1	
65	0.0319598	0.3	-2	0	0	0	0	0	346	1	1	0	1	
65	0.0329146	0.3	-2	0	0	0	0	0	346	1	1	0	1	
65	0.0338693	0.3	-2	0	0	0	0	0	346	1	1	0	1	
65	0.0348241	0.3	-2	0	0	0	0	0	346	1	1	0	1	
65	0.0357789	0.3	-2	0	0	0	0	0	346	1	1	0	1	
65	0.0367337	0.3	-2	0	0	0	0	0	346	1	1	0	1	
65	0.0376884	0.3	-2	0	0	0	0	0	346	1	1	0	1	
65	0.0386432	0.3	-2	0	0	0	0	0	346	1	1	0	1	
65	0.039598	0.3	-2	0	0	0	0	0	346	1	1	0	1	
65	0.0405528	0.3	-2	0	0	0	0	0	346	1	1	0	1	
65	0.0415075	0.3	-2	0	0	0	0	0	346	1	1	0	1	
65	0.0424623	0.3	-2	0	0	0	0	0	346	1	1	0	1	
65	0.0434171	0.3	-2	0	0	0	0	0	346	1	1	0	1	
65	0.0443719	0.3	-2	0	0	0	0	0	346	1	1	0	1	
65	0.0453266	0.3	-2	0	0	0	0	0	346	1	1	0	1	
65	0.0462814	0.3	-2	0	0	0	0	0	346	1	1	0	1	
65	0.0472362	0.3	1	38.8324	-249.155	-1.60459e-05	-7.51749e-06	323.246	346	1	1	0	1	
65	0.048191	0.3	1	47.4851	-248.254	6.01649e-05	-7.21861e-06	319.636	346	1	1	0	1	
65	0.0491457	0.3	1	53.5546	-247.238	-1.64379e-05	3.67718e-06	316.098	346	1	1	0	1	
65	0.0501005	0.3	1	58.3847	-246.167	-2.0211e-05	-2.08706e-05	312.645	346	1	1	0	1	
65	0.0510553	0.3	1	62.4522	-245.068	-1.79524e-05	1.72922e-05	309.279	346	1	1	0	1	
65	0.0520101	0.3	1	65.9905	-243.954	-1.20809e-05	8.89509e-06	306	346	1	1	0	1	
65	0.0529648	0.3	1	69.1342	-242.835	2.32688e-06	-2.76572e-05	302.805	346	1	1	0	1	
65	0.0539196	0.3	1	71.9692	-241.716	-1.45071e-05	9.48904e-06	299.693	346	1	1	0	1	
65	0.0548744	0.3	1	74.5543	-240.603	1.27504e-05	-3.11647e-06	296.66	346	1	1	0	1	
65	0.0558291	0.3	1	76.9319	-239.496	-1.90904e-06	5.65134e-06	293.704	346	1	1	0	1	
65	0.0567839	0.3	1	79.1338	-238.4	-1.94771e-05	-1.2698e-05	290.823	346	1	1	0	1	
65	0.0577387	0.3	1	81.1846	-237.314	-1.19511e-05	1.47812e-05	288.013	346	1	1	0	1	
65	0.0586935	0.3	1	83.1036	-236.241	4.40541e-05	2.01841e-06	285.272	346	1	1	0	1	
65	0.0596482	0.3	1	84.9066	-235.18	9.27469e-06	-1.74129e-05	282.597	346	1	1	0	1	
65	0.060603	0.3	1	86.6014	-234.135	2.02681e-05	2.555e-05	279.987	346	1	1	0	1	
65	0.0615578	0.3	1	88.2101	-233.1	-1.37936e-05	1.04954e-05	277.438	346	1	1	0	1	
65	0.0625126	0.3	1	89.7353	-232.079	-1.76969e-05	-1.81765e-05	274.948	346	1	1	0	1	
65	0.0634673	0.3	1	91.1871	-231.07	-1.07601e-05	-9.48361e-06	272.515	346	1	1	0	1	
65	0.0644221	0.3	1	92.5671	-230.077	6.14986e-05	-6.7533e-06	270.137	346	1	1	0	1	
65	0.0653769	0.3	1	93.8842	-229.098	-1.1671e-05	-1.18058e-05	267.813	346	1	1	0	1	
65	0.0663317	0.3	1	95.1381	-228.136	-1.8853e-05	4.8667e-05	265.541	346	1	1	0	1	
65	0.0672864	0.3	1	96.3459	-227.182	5.20159e-06	-2.22978e-05	263.318	346	1	1	0	1	
65	0.0682412	0.3	1	97.5054	-226.24	1.77567e-05	6.40134e-05	261.142	346	1	1	0	1	
65	0.069196	0.3	1	98.6159	-225.314	-1.59194e-05	-1.61493e-05	259.012	346	1	1	0	1	
65	0.0701508	0.3	1	99.6837	-224.4	-1.51235e-05	6.28668e-06	256.928	346	1	1	0	1	
65	0.0711055	0.3	1	100.712	-223.5	-1.48658e-05	-1.02814e-05	254.886	346	1	1	0	1	
65	0.0720603	0.3	1	101.702	-222.611	-1.5909e-06	5.15428e-05	252.887	346	1	1	0	1	
65	0.0730151	0.3	1	102.658	-221.735	-4.7713e-07	2.02832e-05	250.927	346	1	1	0	1	
65	0.0739698	0.3	1	103.581	-220.87	4.34972e-05	-4.94154e-06	249.007	346	1	1	0	1	
65	0.0749246	0.3	1	104.473	-220.017	1.11092e-05	-1.28024e-05	247.124	346	1	1	0	1	
65	0.0758794	0.3	1	105.335	219.176	-2.52433e-05	-2.74982e-05	245.279	346	1	1	0	1	
65	0.0768342	0.3	1	106.171	-218.346	-1.72643e-05	4.80915e-06	243.468	346	1	1	0	1	
65	0.0777889	0.3	1	106.98	-217.526	-1.26472e-05	-1.39384e-05	241.692	346	1	1	0	1	
65	0.0787437	0.3	1	107.765	-216.717	-7.09362e-06	-1.21329e-05	239.949	346	1	1	0	1	
65	0.0796985	0.3	1	108.526	-215.919	-6.81899e-06	2.94466e-05	238.238	346	1	1	0	1	
65	0.0806533	0.3	1	109.266	215.131	-1.4197e-05	4.33736e-05	236.559	346	1	1	0	1	
65	0.081608	0.3	1	109.984	214.353	1.832e-05	-1.61427e-06	234.91	346	1	1	0	1	
65	0.0825628	0.3	1	110.682	213.584	-7.30213e-06	1.30356e-06	233.291	346	1	1	0	1	
65	0.0835176	0.3	1	111.361	-212.825	1.46638e-05	-1.33569e-05	231.7	346	1	1	0	1	
65	0.0844724	0.3	1	112.022	212.076	1.09731e-05	1.72542e-05	230.137	346	1	1	0	1	
65	0.0854271	0.3	1	112.666	211.335	3.33667e-06	1.23765e-05	228.601	346	1	1	0	1	
65	0.0863819	0.3	1	113.293	210.604	1.28681e-05	9.97604e-06	227.092	346	1	1	0	1	
65	0.0873367	0.3	1	113.904	209.881	2.3954e-05	-8.31997e-05	225.608	346	1	1	0	1	
65	0.0882915	0.3	1	114.5	209.166	-3.91758e-05	-1.29062e-05	224.149	346	1	1	0	1	
65	0.0892462	0.3	1	115.081	208.46	2.2062e-05	-5.10273e-05	222.714	346	1	1	0	1	
65	0.090201	0.3	1	115.648	207.762	-3.8766e-05	-3.73753e-05	221.303	346	1	1	0	1	
65	0.0911558	0.3	1	116.202	207.072	-5.49468e-05	1.55791e-05	219.915	346	1	1	0	1	
65	0.0921106	0.3	1	116.744	206.39	-2.0282e-06	2.34431e-05	218.549	346	1	1	0	1	
65	0.0930653	0.3	1	117.272	205.716	1.634e-05	1.40074e-05	217.206	346	1	1	0	1	
65	0.0940201	0.3	1	117.789	205.048	2.7941e-05	-2.66762e-05	215.884	346	1	1	0	1	
65	0.0949749	0.3	1	118.295	204.388	-1.96201e-07	1.19013e-05	214.585	346	1	1	0	1	
65	0.0959296	0.3	1	118.79	203.736	-2.00837e-05	3.4143e-05	213.308	346	1	1	0	1	
65	0.0968844	0.3	1	119.274	203.09	4.8206e-06	5.50964e-06	212.059	346	1	1	0	1	
65	0.0978392	0.3	1	119.748	202.45	-3.10032e-05	-1.4889e-05	210.813	346	1	1	0	1	
65	0.098794	0.3	1	120.212	201.817	-1.01885e-05	3.2361e-06	209.569	346	1	1	0	1	
65	0.0997487	0.3	1	120.667	201.192	1.33003e-05	5.38362e-05	208.351	346	1	1	0	1	
65	0.100704	0.3	1	121.112	200.572	-7.47964e-06	-2.50351e-06	207.154	346	1	1	0	1	
65	0.101658	0.3	1	121.548	199.959	1.78405e-05	-2.7113e-05	205.975	346	1	1	0	1	
65	0.102613	0.3	1	121.976	199.353	-7.81537e-06	3.61991e-05	204.813	346	1	1	0	1	
65	0.103568	0.3	1	122.396	198.752	1.44201e-06	1.44517e-05	203.668	346	1	1	0	1	
65	0.104523	0.3	1	122.807	198.157	-4.11741e-06	1.65248e-05	202.54	346	1	1	0	1	
65	0.105477	0.3	1	123.211	197.568	-4.67015e-05	-1.81128e-05	201.427	346	1	1	0	1	
65	0.106432	0.3	1	123.607	196.985	3.2244e-05	1.11576e-05	200.33	346	1	1	0	1	
65	0.107387	0.3	1	123.996	196.407	1.39587e-05	-9.77108e-06	199.247	346	1	1	0	1	
65	0.108342	0.3	1	124.378	195.835	9.8888e-06	-1.68365e-05	198.18	346	1	1	0	1	
65	0.109296	0.3	1	124.753	195.268	-2.42378e-05	6.7541e-06	197.126	346	1	1	0	1	
65	0.110251	0.3	1	125.122	194.707	4.00838e-05	-3.83506e-06	196.087	346	1	1	0	1	
65	0.111206	0.3	1	125.484	194.15	-4.59194e-06	-9.41085e-07	195.061	346	1	1	0	1	
65	0.112161	0.3	1	125.839	193.599	-4.94671e-06	-1.58019e-05	194.048	346	1	1	0	1	
65	0.113116	0.3	1	126.189	193.053	2.37398e-05	-1.41233e-05	193.049	346	1	1	0	1	
65	0.11407	0.3	1	126.533	192.511	-1.08692e-05	-1.24552e-05	192.062	346	1	1	0	1	
65	0.115025	0.3	1	126.871	191.975	-1.22341e-05	1.86721e-05	191.088	346	1	1	0	1	
65	0.11598	0.3	1	127.204	191.443	-8.85442e-05	-2.08876e-05	190.125	346	1	1	0	1	
65	0.116935	0.3	1	127.531	190.915	-3.64997e-05	-1.7456e-05	189.175	346	1	1	0	1	
65	0.117889	0.3	1	127.853	190.392	-4.46002e-05	-1.95401e-05	188.237	346	1	1	0	1	
65	0.118844	0.3	1	128.17	189.874	-9.1868e-06	-2.29253e-05	187.31	346	1	1	0	1	
65	0.119799	0.3	1	128.482	189.36	2.07206e-05	-2.4696e-05	186.394	346	1	1	0	1	
65	0.120754	0.3	1	128.789	188.85	-3.98096e-05	-3.56227e-06	185.489	346	1	1	0	1	
65	0.121709	0.3	1	129.091	188.345	-1.09667e-05	1.76574e-05	184.595	346	1	1	0	1	
65	0.122663	0.3	1	129.389	187.843	3.76352e-06	-1.00811e-05	183.711	346	1	1	0	1	
65	0.123618	0.3	1	129.682	187.346	1.75713e-05	2.01187e-05	182.838	346	1	1	0	1	
65	0.124573	0.3	1	129.971	186.853	-2.81685e-06	-3.394e-05	181.974	346	1	1	0	1	
65	0.125528	0.3	1	130.256	186.363	1.09752e-05	-1.2074e-05	181.121	346	1	1	0	1	
65	0.126482	0.3	1	130.537	185.878	-2.10385e-05	-8.47223e-05	180.277	346	1	1	0	1	
65	0.127437	0.3	1	130.813	185.396	-3.07155e-05	-3.72344e-05	179.443	346	1	1	0	1	
65	0.128392	0.3	1	131.086	184.918	2.98016e-05	1.02563e-05	178.618	346	1	1	0	1	
65	0.129347	0.3	1	131.355	184.444	1.26863e-05	-1.12141e-05	177.802	346	1	1	0	1	
65	0.130302	0.3	1	131.62	183.973	-7.44205e-06	-9.75356e-06	176.996	346	1	1	0	1	
65	0.131256	0.3	1	131.881	183.506	2.55386e-05	-3.04553e-06	176.198	346	1	1	0	1	
65	0.132211	0.3	1	132.139	183.043	1.90818e-05	-1.72392e-05	175.408	346	1	1	0	1	
65	0.133166	0.3	1	132.393	182.582	-6.1749e-05	-2.31871e-05	174.628	346	1	1	0	1	
65	0.134121	0.3	1	132.644	182.126	2.89575e-05	1.81137e-05	173.855	346	1	1	0	1	
65	0.135075	0.3	1	132.892	181.672	2.78603e-05	-1.9442e-06	173.091	346	1	1	0	1	
65	0.13603	0.3	1	133.136	181.223	1.72384e-05	-2.27885e-05	172.334	346	1	1	0	1	
65	0.136985	0.3	1	133.378	180.776	-7.83744e-05	1.50401e-05	171.586	346	1	1	0	1	
65	0.13794	0.3	1	133.616	180.333	-2.7081e-05	4.20213e-06	170.845	346	1	1	0	1	
65	0.138894	0.3	1	133.851	179.893	-1.03531e-05	2.31135e-05	170.112	346	1	1	0	1	
65	0.139849	0.3	1	134.083	179.456	-3.25951e-06	-3.43905e-06	169.386	346	1	1	0	1	
65	0.140804	0.3	1	134.312	179.023	-6.88421e-06	-2.16591e-05	168.668	346	1	1	0	1	
65	0.141759	0.3	1	134.538	178.593	-7.41532e-06	1.31204e-05	167.957	346	1	1	0	1	
65	0.142714	0.3	1	134.762	178.169	2.44132e-05	-3.74688e-05	167.253	346	1	1	0	1	
65	0.143668	0.3	1	134.983	177.753	1.85805e-05	-2.35076e-05	166.556	346	1	1	0	1	
65	0.144623	0.3	1	135.201	177.324	1.30182e-05	3.70877e-07	165.865	346	1	1	0	1	
65	0.145578	0.3	1	135.417	176.896	-1.9029e-05	2.74553e-05	165.182	346	1	1	0	1	
65	0.146533	0.3	1	135.63	176.474	-3.04719e-05	-8.43214e-05	164.505	346	1	1	0	1	
65	0.147487	0.3	1	135.84	176.055	1.7651e-05	7.80453e-06	163.834	346	1	1	0	1	
65	0.148442	0.3	1	136.048	175.64	2.19059e-05	5.6486e-06	163.17	346	1	1	0	1	
65	0.149397	0.3	1	136.254	175.228	3.36668e-05	4.11219e-05	162.512	346	1	1	0	1	
65	0.150352	0.3	1	136.457	174.819	3.58106e-05	-1.96174e-05	161.86	346	1	1	0	1	
65	0.151307	0.3	1	136.658	174.412	-4.49906e-06	-2.37324e-05	161.214	346	1	1	0	1	
65	0.152261	0.3	1	136.857	174.008	1.69365e-05	-1.98748e-05	160.575	346	1	1	0	1	
65	0.153216	0.3	1	137.054	173.607	-1.35386e-06	-2.92122e-05	159.941	346	1	1	0	1	
65	0.154171	0.3	1	137.248	173.208	4.78119e-06	-1.30798e-05	159.312	346	1	1	0	1	
65	0.155126	0.3	1	137.441	172.811	-2.52715e-05	4.66292e-05	158.69	346	1	1	0	1	
65	0.15608	0.3	1	137.631	172.417	-3.68613e-05	-4.99289e-06	158.073	346	1	1	0	1	
65	0.157035	0.3	1	137.819	172.025	-7.46295e-05	1.36982e-05	157.462	346	1	1	0	1	
65	0.15799	0.3	1	138.005	171.636	8.22194e-06	5.16279e-05	156.856	346	1	1	0	1	
65	0.158945	0.3	1	138.189	171.249	-8.44718e-05	2.32128e-05	156.255	346	1	1	0	1	
65	0.159899	0.3	1	138.372	170.864	3.84791e-05	1.92673e-05	155.659	346	1	1	0	1	
65	0.160854	0.3	1	138.552	170.481	1.16168e-05	-1.75368e-05	155.069	346	1	1	0	1	
65	0.161809	0.3	1	138.73	170.1	-2.14164e-05	7.83662e-05	154.484	346	1	1	0	1	
65	0.162764	0.3	1	138.907	169.722	4.04963e-05	2.31904e-05	153.904	346	1	1	0	1	
65	0.163719	0.3	1	139.082	169.346	6.10883e-06	-1.38636e-05	153.328	346	1	1	0	1	
65	0.164673	0.3	1	139.255	168.971	-5.88196e-06	-2.04301e-05	152.758	346	1	1	0	1	
65	0.165628	0.3	1	139.426	168.599	-4.78306e-05	-7.14552e-06	152.192	346	1	1	0	1	
65	0.166583	0.3	1	139.596	168.229	2.03742e-06	-2.5885e-06	151.631	346	1	1	0	1	
65	0.167538	0.3	1	139.764	167.861	-4.00215e-05	1.4535e-05	151.075	346	1	1	0	1	
65	0.168492	0.3	1	139.93	167.495	-1.97585e-05	-2.02108e-05	150.523	346	1	1	0	1	
65	0.169447	0.3	1	140.095	167.13	8.62211e-05	1.93745e-05	149.976	346	1	1	0	1	
65	0.170402	0.3	1	140.258	166.768	4.92913e-05	1.20465e-05	149.433	346	1	1	0	1	
65	0.171357	0.3	1	140.42	166.407	1.34468e-05	-7.99879e-06	148.895	346	1	1	0	1	
65	0.172312	0.3	1	140.58	166.049	-1.37868e-05	2.14746e-05	148.36	346	1	1	0	1	
65	0.173266	0.3	1	140.738	165.692	-2.22295e-05	1.36181e-05	147.83	346	1	1	0	1	
65	0.174221	0.3	1	140.895	165.337	5.33372e-05	1.0209e-06	147.305	346	1	1	0	1	
65	0.175176	0.3	1	141.051	164.984	4.24543e-05	-4.0875e-06	146.783	346	1	1	0	1	
65	0.176131	0.3	1	141.205	164.632	2.87303e-05	2.1154e-05	146.265	346	1	1	0	1	
65	0.177085	0.3	1	141.358	164.283	-3.44603e-05	2.0246e-05	145.752	346	1	1	0	1	
65	0.17804	0.3	1	141.509	163.935	2.66895e-05	-1.06276e-05	145.242	346	1	1	0	1	
65	0.178995	0.3	1	141.659	163.588	2.42458e-06	7.22543e-06	144.736	346	1	1	0	1	
65	0.17995	0.3	1	141.808	163.244	-2.63332e-05	1.39004e-05	144.234	346	1	1	0	1	
65	0.180905	0.3	1	141.955	162.901	2.38597e-05	-7.0772e-05	143.736	346	1	1	0	1	
65	0.181859	0.3	1	142.101	162.56	-2.93301e-05	-2.77422e-05	143.242	346	1	1	0	1	
65	0.182814	0.3	1	142.246	162.22	-1.29028e-05	-8.15099e-05	142.751	346	1	1	0	1	
65	0.183769	0.3	1	142.389	161.882	8.64367e-05	5.29055e-05	142.264	346	1	1	0	1	
65	0.184724	0.3	1	142.531	161.545	-1.86518e-05	1.05142e-06	141.78	346	1	1	0	1	
65	0.185678	0.3	1	142.672	161.211	2.43168e-05	1.14787e-06	141.3	346	1	1	0	1	
65	0.186633	0.3	1	142.812	160.877	-4.44082e-05	-2.68757e-05	140.824	346	1	1	0	1	
65	0.187588	0.3	1	142.951	160.545	-1.51378e-05	-1.01003e-05	140.351	346	1	1	0	1	
65	0.188543	0.3	1	143.088	160.215	-3.17285e-05	2.29444e-05	139.881	346	1	1	0	1	
65	0.189497	0.3	1	143.225	159.886	9.55293e-06	-9.19068e-06	139.415	346	1	1	0	1	
65	0.190452	0.3	1	143.36	159.559	2.27653e-05	1.69064e-05	138.952	346	1	1	0	1	
65	0.191407	0.3	1	143.494	159.233	-2.91457e-05	5.97762e-05	138.492	346	1	1	0	1	
65	0.192362	0.3	1	143.627	158.908	-2.53723e-06	2.57159e-05	138.035	346	1	1	0	1	
65	0.193317	0.3	1	143.759	158.585	-4.50972e-05	3.75612e-06	137.582	346	1	1	0	1	
65	0.194271	0.3	1	143.889	158.264	7.51929e-05	-2.2326e-05	137.131	346	1	1	0	1	
65	0.195226	0.3	1	144.019	157.944	-2.11754e-05	2.87423e-05	136.684	346	1	1	0	1	
65	0.196181	0.3	1	144.148	157.625	-8.80172e-05	1.65141e-06	136.24	346	1	1	0	1	
65	0.197136	0.3	1	144.275	157.307	2.7455e-05	-1.17529e-05	135.799	346	1	1	0	1	
65	0.19809	0.3	1	144.402	156.991	2.44619e-05	-1.99157e-05	135.361	346	1	1	0	1	
65	0.199045	0.3	1	144.528	156.676	-3.76858e-06	1.98945e-06	134.925	346	1	1	0	1	
65	0.2	0.3	1	144.652	156.363	-6.36711e-06	-1.33099e-05	134.493	346	1	1	0	1	
