65	0.01	0.3	-2	0	0	0	0	0	346	0	0	0	1	
65	0.0119192	0.3	-2	0	0	0	0	0	346	0	0	0	1	
65	0.0138384	0.3	-2	0	0	0	0	0	346	0	0	0	1	
65	0.0157576	0.3	-2	0	0	0	0	0	346	0	0	0	1	
65	0.0176768	0.3	-2	0	0	0	0	0	346	0	0	0	1	
65	0.019596	0.3	-2	0	0	0	0	0	346	0	0	0	1	
65	0.0215152	0.3	-2	0	0	0	0	0	346	0	0	0	1	
65	0.0234343	0.3	-2	0	0	0	0	0	346	0	0	0	1	
65	0.0253535	0.3	-2	0	0	0	0	0	346	0	0	0	1	
65	0.0272727	0.3	-2	0	0	0	0	0	346	0	0	0	1	
65	0.0291919	0.3	-2	0	0	0	0	0	346	0	0	0	1	
65	0.0311111	0.3	-2	0	0	0	0	0	346	0	0	0	1	
65	0.0330303	0.3	-2	0	0	0	0	0	346	0	0	0	1	
65	0.0349495	0.3	-2	0	0	0	0	0	346	0	0	0	1	
65	0.0368687	0.3	-2	0	0	0	0	0	346	0	0	0	1	
65	0.0387879	0.3	-2	0	0	0	0	0	346	0	0	0	1	
65	0.0407071	0.3	-2	0	0	0	0	0	346	0	0	0	1	
65	0.0426263	0.3	-2	0	0	0	0	0	346	0	0	0	1	
65	0.0445455	0.3	-2	0	0	0	0	0	346	0	0	0	1	
65	0.0464646	0.3	-2	0	0	0	0	0	346	0	0	0	1	
65	0.0483838	0.3	-2	0	0	0	0	0	346	0	0	0	1	
65	0.050303	0.3	-2	0	0	0	0	0	346	0	0	0	1	
65	0.0522222	0.3	-2	0	0	0	0	0	346	0	0	0	1	
65	0.0541414	0.3	-2	0	0	0	0	0	346	0	0	0	1	
65	0.0560606	0.3	-2	0	0	0	0	0	346	0	0	0	1	
65	0.0579798	0.3	-2	0	0	0	0	0	346	0	0	0	1	
65	0.059899	0.3	-2	0	0	0	0	0	346	0	0	0	1	
65	0.0618182	0.3	-2	0	0	0	0	0	346	0	0	0	1	
65	0.0637374	0.3	-2	0	0	0	0	0	346	0	0	0	1	
65	0.0656566	0.3	-2	0	0	0	0	0	346	0	0	0	1	
65	0.0675758	0.3	-2	0	0	0	0	0	346	0	0	0	1	
65	0.0694949	0.3	-2	0	0	0	0	0	346	0	0	0	1	
65	0.0714141	0.3	-2	0	0	0	0	0	346	0	0	0	1	
65	0.0733333	0.3	-2	0	0	0	0	0	346	0	0	0	1	
65	0.0752525	0.3	-2	0	0	0	0	0	346	0	0	0	1	
65	0.0771717	0.3	-2	0	0	0	0	0	346	0	0	0	1	
65	0.0790909	0.3	-2	0	0	0	0	0	346	0	0	0	1	
65	0.0810101	0.3	-2	0	0	0	0	0	346	0	0	0	1	
65	0.0829293	0.3	1	28.7231	0	240.37	240.37	0	346	0	0	0	1	
65	0.0848485	0.3	1	35.782	0	237.45	237.45	0	346	0	0	0	1	
65	0.0867677	0.3	1	40.346	0	235.198	235.198	0	346	0	0	0	1	
65	0.0886869	0.3	1	43.8194	0	233.286	233.286	0	346	0	0	0	1	
65	0.0906061	0.3	1	46.6489	0	231.598	231.598	0	346	0	0	0	1	
65	0.0925253	0.3	1	49.0413	0	230.079	230.079	0	346	0	0	0	1	
65	0.0944444	0.3	1	51.1065	0	228.697	228.697	0	346	0	0	0	1	
65	0.0963636	0.3	1	52.9262	0	227.426	227.426	0	346	0	0	0	1	
65	0.0982828	0.3	1	54.5588	0	226.24	226.24	0	346	0	0	0	1	
65	0.100202	0.3	1	56.0382	0	225.13	225.13	0	346	0	0	0	1	
65	0.102121	0.3	1	57.3894	0	224.084	224.084	0	346	0	0	0	1	
65	0.10404	0.3	1	58.6315	0	223.097	223.097	0	346	0	0	0	1	
65	0.10596	0.3	1	59.7797	0	222.161	222.161	0	346	0	0	0	1	
65	0.107879	0.3	1	60.8458	0	221.272	221.272	0	346	0	0	0	1	
65	0.109798	0.3	1	61.8399	220.426	220.426	220.426	220.426	346	0	0	0	1	
65	0.111717	0.3	1	62.7699	219.619	219.619	219.619	219.619	346	0	0	0	1	
65	0.113636	0.3	1	63.6427	218.848	218.848	218.848	218.848	346	0	0	0	1	
65	0.115556	0.3	1	64.4641	218.111	218.111	218.111	218.111	346	0	0	0	1	
65	0.117475	0.3	1	65.239	217.403	217.403	217.403	217.403	346	0	0	0	1	
65	0.119394	0.3	1	65.9717	216.725	216.725	216.725	216.725	346	0	0	0	1	
65	0.121313	0.3	1	66.666	216.073	216.073	216.073	216.073	346	0	0	0	1	
65	0.123232	0.3	1	67.325	215.446	215.446	215.446	215.446	346	0	0	0	1	
65	0.125152	0.3	1	67.9516	214.842	214.842	214.842	214.842	346	0	0	0	1	
65	0.127071	0.3	1	68.5484	214.26	214.26	214.26	214.26	346	0	0	0	1	
65	0.12899	0.3	1	69.1176	213.699	213.699	213.699	213.699	346	0	0	0	1	
65	0.130909	0.3	1	69.6613	213.158	213.158	213.158	213.158	346	0	0	0	1	
65	0.132828	0.3	1	70.1812	212.634	212.634	212.634	212.634	346	0	0	0	1	
65	0.134747	0.3	1	70.6789	212.129	212.129	212.129	212.129	346	0	0	0	1	
65	0.136667	0.3	1	71.1561	211.639	211.639	211.639	211.639	346	0	0	0	1	
65	0.138586	0.3	1	71.6139	211.166	211.166	211.166	211.166	346	0	0	0	1	
65	0.140505	0.3	1	72.0536	210.707	210.707	210.707	210.707	346	0	0	0	1	
65	0.142424	0.3	1	72.4764	210.262	210.262	210.262	210.262	346	0	0	0	1	
65	0.144343	0.3	1	72.8832	209.831	209.831	209.831	209.831	346	0	0	0	1	
65	0.146263	0.3	1	73.275	209.412	209.412	209.412	209.412	346	0	0	0	1	
65	0.148182	0.3	1	73.6526	209.006	209.006	209.006	209.006	346	0	0	0	1	
65	0.150101	0.3	1	74.0168	208.611	208.611	208.611	208.611	346	0	0	0	1	
65	0.15202	0.3	1	74.3685	208.228	208.228	208.228	208.228	346	0	0	0	1	
65	0.153939	0.3	1	74.7081	207.855	207.855	207.855	207.855	346	0	0	0	1	
65	0.155859	0.3	1	75.0364	207.492	207.492	207.492	207.492	346	0	0	0	1	
65	0.157778	0.3	1	75.354	207.139	207.139	207.139	207.139	346	0	0	0	1	
65	0.159697	0.3	1	75.6613	206.796	206.796	206.796	206.796	346	0	0	0	1	
65	0.161616	0.3	1	75.9589	206.461	206.461	206.461	206.461	346	0	0	0	1	
65	0.163535	0.3	1	76.2473	206.135	206.135	206.135	206.135	346	0	0	0	1	
65	0.165455	0.3	1	76.5269	205.817	205.817	205.817	205.817	346	0	0	0	1	
65	0.167374	0.3	1	76.7981	205.507	205.507	205.507	205.507	346	0	0	0	1	
65	0.169293	0.3	1	77.0613	205.205	205.205	205.205	205.205	346	0	0	0	1	
65	0.171212	0.3	1	77.3168	204.911	204.911	204.911	204.911	346	0	0	0	1	
65	0.173131	0.3	1	77.565	204.623	204.623	204.623	204.623	346	0	0	0	1	
65	0.175051	0.3	1	77.8063	204.342	204.342	204.342	204.342	346	0	0	0	1	
65	0.17697	0.3	1	78.0408	204.068	204.068	204.068	204.068	346	0	0	0	1	
65	0.178889	0.3	1	78.2689	203.8	203.8	203.8	203.8	346	0	0	0	1	
65	0.180808	0.3	1	78.4909	203.538	203.538	203.538	203.538	346	0	0	0	1	
65	0.182727	0.3	1	78.707	203.282	203.282	203.282	203.282	346	0	0	0	1	
65	0.184646	0.3	1	78.9175	203.032	203.032	203.032	203.032	346	0	0	0	1	
65	0.186566	0.3	1	79.1225	202.787	202.787	202.787	202.787	346	0	0	0	1	
65	0.188485	0.3	1	79.3223	202.548	202.548	202.548	202.548	346	0	0	0	1	
65	0.190404	0.3	1	79.5171	202.314	202.314	202.314	202.314	346	0	0	0	1	
65	0.192323	0.3	1	79.7071	202.085	202.085	202.085	202.085	346	0	0	0	1	
65	0.194242	0.3	1	79.8924	201.86	201.86	201.86	201.86	346	0	0	0	1	
65	0.196162	0.3	1	80.0732	201.641	201.641	201.641	201.641	346	0	0	0	1	
65	0.198081	0.3	1	80.2498	201.426	201.426	201.426	201.426	346	0	0	0	1	
65	0.2	0.3	1	80.4222	201.215	201.215	201.215	201.215	346	0	0	0	1	
