65	0.01	0.3	-2	0	0	0	0	0	346	0	2	0	1	
65	0.0119192	0.3	-2	0	0	0	0	0	346	0	2	0	1	
65	0.0138384	0.3	-2	0	0	0	0	0	346	0	2	0	1	
65	0.0157576	0.3	-2	0	0	0	0	0	346	0	2	0	1	
65	0.0176768	0.3	-2	0	0	0	0	0	346	0	2	0	1	
65	0.019596	0.3	-2	0	0	0	0	0	346	0	2	0	1	
65	0.0215152	0.3	-2	0	0	0	0	0	346	0	2	0	1	
65	0.0234343	0.3	-2	0	0	0	0	0	346	0	2	0	1	
65	0.0253535	0.3	-2	0	0	0	0	0	346	0	2	0	1	
65	0.0272727	0.3	-2	0	0	0	0	0	346	0	2	0	1	
65	0.0291919	0.3	-2	0	0	0	0	0	346	0	2	0	1	
65	0.0311111	0.3	-2	0	0	0	0	0	346	0	2	0	1	
65	0.0330303	0.3	-2	0	0	0	0	0	346	0	2	0	1	
65	0.0349495	0.3	-2	0	0	0	0	0	346	0	2	0	1	
65	0.0368687	0.3	-2	0	0	0	0	0	346	0	2	0	1	
65	0.0387879	0.3	-2	0	0	0	0	0	346	0	2	0	1	
65	0.0407071	0.3	-2	0	0	0	0	0	346	0	2	0	1	
65	0.0426263	0.3	-2	0	0	0	0	0	346	0	2	0	1	
65	0.0445455	0.3	-2	0	0	0	0	0	346	0	2	0	1	
65	0.0464646	0.3	-2	0	0	0	0	0	346	0	2	0	1	
65	0.0483838	0.3	-2	0	0	0	0	0	346	0	2	0	1	
65	0.050303	0.3	1	28.0578	0	275.73	275.73	0	346	0	2	0	1	
65	0.0522222	0.3	1	44.3668	0	298.591	268.426	0	346	0	2	0	1	
65	0.0541414	0.3	1	52.383	0	291.644	263.519	0	346	0	2	0	1	
65	0.0560606	0.3	1	58.0671	0	259.48	259.48	0	346	0	2	0	1	
65	0.0579798	0.3	1	62.5266	0	255.969	255.969	0	346	0	2	0	1	
65	0.059899	0.3	1	66.2046	0	273.865	252.838	0	346	0	2	0	1	
65	0.0618182	0.3	1	69.331	0	268.663	250.002	0	346	0	2	0	1	
65	0.0637374	0.3	1	72.0436	0	263.747	247.408	0	346	0	2	0	1	
65	0.0656566	0.3	1	74.4323	0	259.089	245.017	0	346	0	2	0	1	
65	0.0675758	0.3	1	76.5601	0	242.801	242.801	0	346	0	2	0	1	
65	0.0694949	0.3	1	78.4727	0	240.737	240.737	0	346	0	2	0	1	
65	0.0714141	0.3	1	80.2049	0	246.427	238.808	0	346	0	2	0	1	
65	0.0733333	0.3	1	81.7833	0	242.584	237	0	346	0	2	0	1	
65	0.0752525	0.3	1	83.2294	0	235.3	235.3	0	346	0	2	0	1	
65	0.0771717	0.3	1	84.5605	0	233.698	233.698	0	346	0	2	0	1	
65	0.0790909	0.3	1	85.7905	0	232.184	232.184	0	346	0	2	0	1	
65	0.0810101	0.3	1	86.9315	0	230.752	230.752	0	346	0	2	0	1	
65	0.0829293	0.3	1	87.9931	0	229.394	229.394	0	346	0	2	0	1	
65	0.0848485	0.3	1	88.9838	0	228.104	228.104	0	346	0	2	0	1	
65	0.0867677	0.3	1	89.9109	0	226.877	226.877	0	346	0	2	0	1	
65	0.0886869	0.3	1	90.7804	0	225.709	225.709	0	346	0	2	0	1	
65	0.0906061	0.3	1	91.5978	0	224.595	224.595	0	346	0	2	0	1	
65	0.0925253	0.3	1	92.3678	0	223.531	223.531	0	346	0	2	0	1	
65	0.0944444	0.3	1	93.0945	0	222.514	222.514	0	346	0	2	0	1	
65	0.0963636	0.3	1	93.7816	0	221.541	221.541	0	346	0	2	0	1	
65	0.0982828	0.3	1	94.4324	0	220.609	220.609	0	346	0	2	0	1	
65	0.100202	0.3	1	95.0496	0	219.715	219.715	0	346	0	2	0	1	
65	0.102121	0.3	1	95.6358	0	218.858	218.858	0	346	0	2	0	1	
65	0.10404	0.3	1	96.1935	0	218.034	218.034	0	346	0	2	0	1	
65	0.10596	0.3	1	96.7248	0	217.241	217.241	0	346	0	2	0	1	
65	0.107879	0.3	1	97.2313	0	216.479	216.479	0	346	0	2	0	1	
65	0.109798	0.3	1	97.7147	0	215.745	215.745	0	346	0	2	0	1	
65	0.111717	0.3	1	98.1768	0	215.038	215.038	0	346	0	2	0	1	
65	0.113636	0.3	1	98.6187	0	214.357	214.357	0	346	0	2	0	1	
65	0.115556	0.3	1	99.0419	0	213.699	213.699	0	346	0	2	0	1	
65	0.117475	0.3	1	99.4475	0	213.064	213.064	0	346	0	2	0	1	
65	0.119394	0.3	1	99.8367	0	212.451	212.451	0	346	0	2	0	1	
65	0.121313	0.3	1	100.21	0	211.858	211.858	0	346	0	2	0	1	
65	0.123232	0.3	1	100.569	0	211.285	211.285	0	346	0	2	0	1	
65	0.125152	0.3	1	100.915	0	210.73	210.73	0	346	0	2	0	1	
65	0.127071	0.3	1	101.247	0	210.193	210.193	0	346	0	2	0	1	
65	0.12899	0.3	1	101.567	0	209.672	209.672	0	346	0	2	0	1	
65	0.130909	0.3	1	101.876	0	209.168	209.168	0	346	0	2	0	1	
65	0.132828	0.3	1	102.173	0	208.679	208.679	0	346	0	2	0	1	
65	0.134747	0.3	1	102.46	0	208.205	208.205	0	346	0	2	0	1	
65	0.136667	0.3	1	102.738	0	207.744	207.744	0	346	0	2	0	1	
65	0.138586	0.3	1	103.006	0	207.297	207.297	0	346	0	2	0	1	
65	0.140505	0.3	1	103.265	0	206.863	206.863	0	346	0	2	0	1	
65	0.142424	0.3	1	103.515	0	206.441	206.441	0	346	0	2	0	1	
65	0.144343	0.3	1	103.758	0	206.031	206.031	0	346	0	2	0	1	
65	0.146263	0.3	1	103.992	0	205.632	205.632	0	346	0	2	0	1	
65	0.148182	0.3	1	104.22	0	205.244	205.244	0	346	0	2	0	1	
65	0.150101	0.3	1	104.441	0	204.867	204.867	0	346	0	2	0	1	
65	0.15202	0.3	1	104.654	0	204.499	204.499	0	346	0	2	0	1	
65	0.153939	0.3	1	104.862	0	204.141	204.141	0	346	0	2	0	1	
65	0.155859	0.3	1	105.063	0	203.792	203.792	0	346	0	2	0	1	
65	0.157778	0.3	1	105.259	0	203.452	203.452	0	346	0	2	0	1	
65	0.159697	0.3	1	105.449	0	203.121	203.121	0	346	0	2	0	1	
65	0.161616	0.3	1	105.634	0	202.797	202.797	0	346	0	2	0	1	
65	0.163535	0.3	1	105.813	0	202.482	202.482	0	346	0	2	0	1	
65	0.165455	0.3	1	105.988	0	202.175	202.175	0	346	0	2	0	1	
65	0.167374	0.3	1	106.158	0	201.874	201.874	0	346	0	2	0	1	
65	0.169293	0.3	1	106.323	0	201.581	201.581	0	346	0	2	0	1	
65	0.171212	0.3	1	106.484	0	201.295	201.295	0	346	0	2	0	1	
65	0.173131	0.3	1	106.641	0	201.015	201.015	0	346	0	2	0	1	
65	0.175051	0.3	1	106.794	0	200.742	200.742	0	346	0	2	0	1	
65	0.17697	0.3	1	106.943	0	200.475	200.475	0	346	0	2	0	1	
65	0.178889	0.3	1	107.088	0	200.214	200.214	0	346	0	2	0	1	
65	0.180808	0.3	1	107.229	0	199.959	199.959	0	346	0	2	0	1	
65	0.182727	0.3	1	107.368	0	199.709	199.709	0	346	0	2	0	1	
65	0.184646	0.3	1	107.502	0	199.465	199.465	0	346	0	2	0	1	
65	0.186566	0.3	1	107.634	0	199.226	199.226	0	346	0	2	0	1	
65	0.188485	0.3	1	107.762	0	198.992	198.992	0	346	0	2	0	1	
65	0.190404	0.3	1	107.888	0	198.763	198.763	0	346	0	2	0	1	
65	0.192323	0.3	1	108.01	0	198.539	198.539	0	346	0	2	0	1	
65	0.194242	0.3	1	108.13	0	198.319	198.319	0	346	0	2	0	1	
65	0.196162	0.3	1	108.247	0	198.104	198.104	0	346	0	2	0	1	
65	0.198081	0.3	1	108.362	0	197.894	197.894	0	346	0	2	0	1	
65	0.2	0.3	1	108.474	0	197.687	197.687	0	346	0	2	0	1	
