65	0.1	0.1	1	nan	0	1599.98	1599.98	0	173	1	0	0	1	
65	0.1	0.10303	1	nan	0	1599.98	1599.98	0	173	1	0	0	1	
65	0.1	0.106061	1	nan	0	1599.98	1599.98	0	173	1	0	0	1	
65	0.1	0.109091	1	nan	0	1599.98	1599.98	0	173	1	0	0	1	
65	0.1	0.112121	1	nan	0	1599.98	1599.98	0	173	1	0	0	1	
65	0.1	0.115152	1	nan	0	1599.98	1599.98	0	173	1	0	0	1	
65	0.1	0.118182	1	nan	0	1599.98	1599.98	0	173	1	0	0	1	
65	0.1	0.121212	1	nan	0	1599.98	1599.98	0	173	1	0	0	1	
65	0.1	0.124242	1	nan	0	1599.98	1599.98	0	173	1	0	0	1	
65	0.1	0.127273	1	nan	0	1599.98	1599.98	0	173	1	0	0	1	
65	0.1	0.130303	1	nan	0	1599.98	1599.98	0	173	1	0	0	1	
65	0.1	0.133333	1	nan	0	1599.98	1599.98	0	173	1	0	0	1	
65	0.1	0.136364	1	nan	0	1599.98	1599.98	0	173	1	0	0	1	
65	0.1	0.139394	1	112.353	155.497	155.497	155.497	155.497	173	1	0	0	1	
65	0.1	0.142424	1	112.428	155.296	155.296	155.296	155.296	173	1	0	0	1	
65	0.1	0.145455	1	112.485	155.136	155.136	155.136	155.136	173	1	0	0	1	
65	0.1	0.148485	1	112.523	155.015	155.015	155.015	155.015	173	1	0	0	1	
65	0.1	0.151515	1	112.542	154.933	154.933	154.933	154.933	173	1	0	0	1	
65	0.1	0.154545	1	112.543	154.89	154.89	154.89	154.89	173	1	0	0	1	
65	0.1	0.157576	1	112.526	154.886	154.886	154.886	154.886	173	1	0	0	1	
65	0.1	0.160606	1	112.49	154.922	154.922	154.922	154.922	173	1	0	0	1	
65	0.1	0.163636	1	112.436	154.997	154.997	154.997	154.997	173	1	0	0	1	
65	0.1	0.166667	1	112.364	155.111	155.111	155.111	155.111	173	1	0	0	1	
65	0.1	0.169697	1	112.273	155.265	155.265	155.265	155.265	173	1	0	0	1	
65	0.1	0.172727	1	112.163	155.459	155.459	155.459	155.459	173	1	0	0	1	
65	0.1	0.175758	1	112.034	155.692	155.692	155.692	155.692	173	1	0	0	1	
65	0.1	0.178788	1	111.886	155.965	155.965	155.965	155.965	173	1	0	0	1	
65	0.1	0.181818	1	111.719	156.278	156.278	156.278	156.278	173	1	0	0	1	
65	0.1	0.184848	1	111.533	156.632	156.632	156.632	156.632	173	1	0	0	1	
65	0.1	0.187879	1	111.327	157.025	157.025	157.025	157.025	173	1	0	0	1	
65	0.1	0.190909	1	111.1	157.459	157.459	157.459	157.459	173	1	0	0	1	
65	0.1	0.193939	1	110.853	157.933	157.933	157.933	157.933	173	1	0	0	1	
65	0.1	0.19697	1	110.586	158.447	158.447	158.447	158.447	173	1	0	0	1	
65	0.1	0.2	1	110.298	159.002	159.002	159.002	159.002	173	1	0	0	1	
65	0.1	0.20303	1	109.988	159.597	159.597	159.597	159.597	173	1	0	0	1	
65	0.1	0.206061	1	109.656	160.233	160.233	160.233	160.233	173	1	0	0	1	
65	0.1	0.209091	1	109.303	160.91	160.91	160.91	160.91	173	1	0	0	1	
65	0.1	0.212121	1	108.926	161.627	161.627	161.627	161.627	173	1	0	0	1	
65	0.1	0.215152	1	108.526	162.385	162.385	162.385	162.385	173	1	0	0	1	
65	0.1	0.218182	1	108.103	163.183	163.183	163.183	163.183	173	1	0	0	1	
65	0.1	0.221212	1	107.655	164.023	164.023	164.023	164.023	173	1	0	0	1	
65	0.1	0.224242	1	107.182	164.903	164.903	164.903	164.903	173	1	0	0	1	
65	0.1	0.227273	1	106.684	165.824	165.824	165.824	165.824	173	1	0	0	1	
65	0.1	0.230303	1	106.159	166.787	166.787	166.787	166.787	173	1	0	0	1	
65	0.1	0.233333	1	105.606	167.79	167.79	167.79	167.79	173	1	0	0	1	
65	0.1	0.236364	1	105.026	168.835	168.835	168.835	168.835	173	1	0	0	1	
65	0.1	0.239394	1	104.417	169.92	169.92	169.92	169.92	173	1	0	0	1	
65	0.1	0.242424	1	103.778	171.048	171.048	171.048	171.048	173	1	0	0	1	
65	0.1	0.245455	1	103.107	172.216	172.216	172.216	172.216	173	1	0	0	1	
65	0.1	0.248485	1	102.405	173.427	173.427	173.427	173.427	173	1	0	0	1	
65	0.1	0.251515	1	101.669	174.679	174.679	174.679	174.679	173	1	0	0	1	
65	0.1	0.254545	1	100.898	175.974	175.974	175.974	175.974	173	1	0	0	1	
65	0.1	0.257576	1	100.091	177.311	177.311	177.311	177.311	173	1	0	0	1	
65	0.1	0.260606	1	99.2457	178.691	178.691	178.691	178.691	173	1	0	0	1	
65	0.1	0.263636	1	98.3609	0	180.114	180.114	0	173	1	0	0	1	
65	0.1	0.266667	1	97.4344	0	181.581	181.581	0	173	1	0	0	1	
65	0.1	0.269697	1	96.4641	0	183.883	183.091	0	173	1	0	0	1	
65	0.1	0.272727	1	95.4475	0	186.631	184.647	0	173	1	0	0	1	
65	0.1	0.275758	1	94.3821	0	189.358	186.247	0	173	1	0	0	1	
65	0.1	0.278788	1	93.265	0	187.894	187.894	0	173	1	0	0	1	
65	0.1	0.281818	1	92.0928	0	189.587	189.587	0	173	1	0	0	1	
65	0.1	0.284848	1	90.8618	0	191.329	191.329	0	173	1	0	0	1	
65	0.1	0.287879	1	89.568	0	193.12	193.12	0	173	1	0	0	1	
65	0.1	0.290909	1	88.2065	0	194.961	194.961	0	173	1	0	0	1	
65	0.1	0.293939	1	86.7719	0	196.854	196.854	0	173	1	0	0	1	
65	0.1	0.29697	1	85.258	0	198.801	198.801	0	173	1	0	0	1	
65	0.1	0.3	1	83.6574	0	210.597	200.805	0	173	1	0	0	1	
65	0.1	0.30303	1	81.9614	0	213.203	202.867	0	173	1	0	0	1	
65	0.1	0.306061	1	80.1571	0	215.805	204.995	0	173	1	0	0	1	
65	0.1	0.309091	1	78.208	0	218.41	207.219	0	173	1	0	0	1	
65	0.1	0.312121	1	76.1068	0	221.02	209.533	0	173	1	0	0	1	
65	0.1	0.315152	1	73.8379	0	223.634	211.935	0	173	1	0	0	1	
65	0.1	0.318182	1	71.3777	0	226.254	214.431	0	173	1	0	0	1	
65	0.1	0.321212	1	68.6939	0	228.885	217.028	0	173	1	0	0	1	
65	0.1	0.324242	1	65.7421	0	231.53	219.739	0	173	1	0	0	1	
65	0.1	0.327273	1	62.4586	0	234.194	222.582	0	173	1	0	0	1	
65	0.1	0.330303	1	58.7472	0	236.886	225.582	0	173	1	0	0	1	
65	0.1	0.333333	1	54.4506	0	239.619	228.785	0	173	1	0	0	1	
65	0.1	0.336364	1	49.2789	0	242.414	232.269	0	173	1	0	0	1	
65	0.1	0.339394	1	42.5747	0	245.321	236.208	0	173	1	0	0	1	
65	0.1	0.342424	1	31.9575	0	248.497	241.18	0	173	1	0	0	1	
65	0.1	0.345455	-2	0	0	0	0	0	173	1	0	0	1	
65	0.1	0.348485	-2	0	0	0	0	0	173	1	0	0	1	
65	0.1	0.351515	-2	0	0	0	0	0	173	1	0	0	1	
65	0.1	0.354545	-2	0	0	0	0	0	173	1	0	0	1	
65	0.1	0.357576	-2	0	0	0	0	0	173	1	0	0	1	
65	0.1	0.360606	-2	0	0	0	0	0	173	1	0	0	1	
65	0.1	0.363636	-2	0	0	0	0	0	173	1	0	0	1	
65	0.1	0.366667	-2	0	0	0	0	0	173	1	0	0	1	
65	0.1	0.369697	-2	0	0	0	0	0	173	1	0	0	1	
65	0.1	0.372727	-2	0	0	0	0	0	173	1	0	0	1	
65	0.1	0.375758	-2	0	0	0	0	0	173	1	0	0	1	
65	0.1	0.378788	-2	0	0	0	0	0	173	1	0	0	1	
65	0.1	0.381818	-2	0	0	0	0	0	173	1	0	0	1	
65	0.1	0.384848	-2	0	0	0	0	0	173	1	0	0	1	
65	0.1	0.387879	-2	0	0	0	0	0	173	1	0	0	1	
65	0.1	0.390909	-2	0	0	0	0	0	173	1	0	0	1	
65	0.1	0.393939	-2	0	0	0	0	0	173	1	0	0	1	
65	0.1	0.39697	-2	0	0	0	0	0	173	1	0	0	1	
65	0.1	0.4	-2	0	0	0	0	0	173	1	0	0	1	
