65	0.1	0.1	1	nan	0	1599.98	1599.98	0	86.5	0	0	0	1	
65	0.1	0.10303	1	nan	0	1599.98	1599.98	0	86.5	0	0	0	1	
65	0.1	0.106061	1	nan	0	1599.98	1599.98	0	86.5	0	0	0	1	
65	0.1	0.109091	1	nan	0	1599.98	1599.98	0	86.5	0	0	0	1	
65	0.1	0.112121	1	nan	0	1599.98	1599.98	0	86.5	0	0	0	1	
65	0.1	0.115152	1	nan	0	1599.98	1599.98	0	86.5	0	0	0	1	
65	0.1	0.118182	1	nan	0	1599.98	1599.98	0	86.5	0	0	0	1	
65	0.1	0.121212	1	nan	0	1599.98	1599.98	0	86.5	0	0	0	1	
65	0.1	0.124242	1	nan	0	1599.98	1599.98	0	86.5	0	0	0	1	
65	0.1	0.127273	1	nan	0	1599.98	1599.98	0	86.5	0	0	0	1	
65	0.1	0.130303	1	nan	0	1599.98	1599.98	0	86.5	0	0	0	1	
65	0.1	0.133333	1	nan	0	1599.98	1599.98	0	86.5	0	0	0	1	
65	0.1	0.136364	1	nan	0	1599.98	1599.98	0	86.5	0	0	0	1	
65	0.1	0.139394	1	124.222	0	136.914	136.914	0	86.5	0	0	0	1	
65	0.1	0.142424	1	124.307	0	136.659	136.659	0	86.5	0	0	0	1	
65	0.1	0.145455	1	124.376	0	136.445	136.445	0	86.5	0	0	0	1	
65	0.1	0.148485	1	124.428	0	136.269	136.269	0	86.5	0	0	0	1	
65	0.1	0.151515	1	124.463	0	136.133	136.133	0	86.5	0	0	0	1	
65	0.1	0.154545	1	124.483	0	136.035	136.035	0	86.5	0	0	0	1	
65	0.1	0.157576	1	124.487	0	135.976	135.976	0	86.5	0	0	0	1	
65	0.1	0.160606	1	124.474	0	135.956	135.956	0	86.5	0	0	0	1	
65	0.1	0.163636	1	124.446	0	135.975	135.975	0	86.5	0	0	0	1	
65	0.1	0.166667	1	124.401	0	136.033	136.033	0	86.5	0	0	0	1	
65	0.1	0.169697	1	124.34	0	136.13	136.13	0	86.5	0	0	0	1	
65	0.1	0.172727	1	124.263	0	136.266	136.266	0	86.5	0	0	0	1	
65	0.1	0.175758	1	124.169	0	136.441	136.441	0	86.5	0	0	0	1	
65	0.1	0.178788	1	124.059	0	136.656	136.656	0	86.5	0	0	0	1	
65	0.1	0.181818	1	123.933	0	136.91	136.91	0	86.5	0	0	0	1	
65	0.1	0.184848	1	123.789	0	137.204	137.204	0	86.5	0	0	0	1	
65	0.1	0.187879	1	123.629	0	137.537	137.537	0	86.5	0	0	0	1	
65	0.1	0.190909	1	123.452	0	137.91	137.91	0	86.5	0	0	0	1	
65	0.1	0.193939	1	123.257	0	138.323	138.323	0	86.5	0	0	0	1	
65	0.1	0.19697	1	123.044	0	138.775	138.775	0	86.5	0	0	0	1	
65	0.1	0.2	1	122.814	0	139.267	139.267	0	86.5	0	0	0	1	
65	0.1	0.20303	1	122.566	0	139.798	139.798	0	86.5	0	0	0	1	
65	0.1	0.206061	1	122.299	0	140.369	140.369	0	86.5	0	0	0	1	
65	0.1	0.209091	1	122.014	0	140.98	140.98	0	86.5	0	0	0	1	
65	0.1	0.212121	1	121.71	0	141.63	141.63	0	86.5	0	0	0	1	
65	0.1	0.215152	1	121.387	0	142.32	142.32	0	86.5	0	0	0	1	
65	0.1	0.218182	1	121.044	0	143.049	143.049	0	86.5	0	0	0	1	
65	0.1	0.221212	1	120.681	0	143.817	143.817	0	86.5	0	0	0	1	
65	0.1	0.224242	1	120.297	0	144.625	144.625	0	86.5	0	0	0	1	
65	0.1	0.227273	1	119.893	0	145.472	145.472	0	86.5	0	0	0	1	
65	0.1	0.230303	1	119.467	0	146.358	146.358	0	86.5	0	0	0	1	
65	0.1	0.233333	1	119.019	0	147.283	147.283	0	86.5	0	0	0	1	
65	0.1	0.236364	1	118.549	0	148.246	148.246	0	86.5	0	0	0	1	
65	0.1	0.239394	1	118.056	0	149.249	149.249	0	86.5	0	0	0	1	
65	0.1	0.242424	1	117.54	0	150.291	150.291	0	86.5	0	0	0	1	
65	0.1	0.245455	1	116.999	0	151.371	151.371	0	86.5	0	0	0	1	
65	0.1	0.248485	1	116.433	0	152.49	152.49	0	86.5	0	0	0	1	
65	0.1	0.251515	1	115.842	0	153.648	153.648	0	86.5	0	0	0	1	
65	0.1	0.254545	1	115.224	0	154.845	154.845	0	86.5	0	0	0	1	
65	0.1	0.257576	1	114.578	0	166.31	156.08	0	86.5	0	0	0	1	
65	0.1	0.260606	1	113.905	0	157.353	157.353	0	86.5	0	0	0	1	
65	0.1	0.263636	1	113.202	0	158.666	158.666	0	86.5	0	0	0	1	
65	0.1	0.266667	1	112.469	0	160.017	160.017	0	86.5	0	0	0	1	
65	0.1	0.269697	1	111.705	0	161.407	161.407	0	86.5	0	0	0	1	
65	0.1	0.272727	1	110.907	0	162.836	162.836	0	86.5	0	0	0	1	
65	0.1	0.275758	1	110.076	0	164.304	164.304	0	86.5	0	0	0	1	
65	0.1	0.278788	1	109.209	0	165.812	165.812	0	86.5	0	0	0	1	
65	0.1	0.281818	1	108.306	0	167.359	167.359	0	86.5	0	0	0	1	
65	0.1	0.284848	1	107.363	0	168.946	168.946	0	86.5	0	0	0	1	
65	0.1	0.287879	1	106.38	0	170.573	170.573	0	86.5	0	0	0	1	
65	0.1	0.290909	1	105.354	0	172.24	172.24	0	86.5	0	0	0	1	
65	0.1	0.293939	1	104.283	0	173.949	173.949	0	86.5	0	0	0	1	
65	0.1	0.29697	1	103.165	0	175.699	175.699	0	86.5	0	0	0	1	
65	0.1	0.3	1	101.997	0	177.492	177.492	0	86.5	0	0	0	1	
65	0.1	0.30303	1	100.775	0	179.327	179.327	0	86.5	0	0	0	1	
65	0.1	0.306061	1	99.4968	0	181.207	181.207	0	86.5	0	0	0	1	
65	0.1	0.309091	1	98.1581	0	183.131	183.131	0	86.5	0	0	0	1	
65	0.1	0.312121	1	96.7548	0	185.101	185.101	0	86.5	0	0	0	1	
65	0.1	0.315152	1	95.2817	0	187.119	187.119	0	86.5	0	0	0	1	
65	0.1	0.318182	1	93.7334	0	189.186	189.186	0	86.5	0	0	0	1	
65	0.1	0.321212	1	92.0966	0	191.313	191.313	0	86.5	0	0	0	1	
65	0.1	0.324242	1	90.3415	0	193.529	193.529	0	86.5	0	0	0	1	
65	0.1	0.327273	1	88.4699	0	195.821	195.821	0	86.5	0	0	0	1	
65	0.1	0.330303	1	86.4746	0	198.185	198.185	0	86.5	0	0	0	1	
65	0.1	0.333333	1	84.3443	0	200.623	200.623	0	86.5	0	0	0	1	
65	0.1	0.336364	1	82.0639	0	203.136	203.136	0	86.5	0	0	0	1	
65	0.1	0.339394	1	79.6144	0	205.728	205.728	0	86.5	0	0	0	1	
65	0.1	0.342424	1	76.9712	0	208.404	208.404	0	86.5	0	0	0	1	
65	0.1	0.345455	1	74.1021	0	211.174	211.174	0	86.5	0	0	0	1	
65	0.1	0.348485	1	70.9636	0	214.046	214.046	0	86.5	0	0	0	1	
65	0.1	0.351515	1	67.4947	0	217.038	217.038	0	86.5	0	0	0	1	
65	0.1	0.354545	1	63.6055	0	220.172	220.172	0	86.5	0	0	0	1	
65	0.1	0.357576	1	59.1529	0	223.485	223.485	0	86.5	0	0	0	1	
65	0.1	0.360606	1	53.8845	0	227.043	227.043	0	86.5	0	0	0	1	
65	0.1	0.363636	1	47.2698	0	230.978	230.978	0	86.5	0	0	0	1	
65	0.1	0.366667	1	37.7255	0	235.665	235.665	0	86.5	0	0	0	1	
65	0.1	0.369697	-2	0	0	0	0	0	86.5	0	0	0	1	
65	0.1	0.372727	-2	0	0	0	0	0	86.5	0	0	0	1	
65	0.1	0.375758	-2	0	0	0	0	0	86.5	0	0	0	1	
65	0.1	0.378788	-2	0	0	0	0	0	86.5	0	0	0	1	
65	0.1	0.381818	-2	0	0	0	0	0	86.5	0	0	0	1	
65	0.1	0.384848	-2	0	0	0	0	0	86.5	0	0	0	1	
65	0.1	0.387879	-2	0	0	0	0	0	86.5	0	0	0	1	
65	0.1	0.390909	-2	0	0	0	0	0	86.5	0	0	0	1	
65	0.1	0.393939	-2	0	0	0	0	0	86.5	0	0	0	1	
65	0.1	0.39697	-2	0	0	0	0	0	86.5	0	0	0	1	
65	0.1	0.4	-2	0	0	0	0	0	86.5	0	0	0	1	
