65	0.1	0.1	1	151.766	83.3043	3.36637e-06	-8.48441e-06	8.85723e-06	86.5	0	0	0	1	
65	0.1	0.10303	1	151.746	83.2914	1.39233e-05	-6.99006e-06	-1.31016e-05	86.5	0	0	0	1	
65	0.1	0.106061	1	151.726	83.2795	-4.90033e-06	-4.09053e-06	-5.3115e-06	86.5	0	0	0	1	
65	0.1	0.109091	1	151.706	83.2684	-2.29211e-05	4.62961e-06	-6.80943e-06	86.5	0	0	0	1	
65	0.1	0.112121	1	151.685	83.2584	4.80168e-06	7.52126e-06	1.35954e-06	86.5	0	0	0	1	
65	0.1	0.115152	1	151.664	83.2493	1.96535e-05	-4.54774e-06	4.42291e-06	86.5	0	0	0	1	
65	0.1	0.118182	1	151.643	83.2414	4.59674e-06	-9.95926e-06	7.36216e-06	86.5	0	0	0	1	
65	0.1	0.121212	1	151.621	83.2346	2.83483e-06	-3.70051e-06	-1.81295e-05	86.5	0	0	0	1	
65	0.1	0.124242	1	151.599	83.229	1.67797e-06	-6.4402e-06	1.80873e-05	86.5	0	0	0	1	
65	0.1	0.127273	1	151.576	83.2247	2.52561e-06	-7.78805e-06	-8.05013e-06	86.5	0	0	0	1	
65	0.1	0.130303	1	151.553	83.2216	-4.6353e-06	-6.70633e-06	-1.56737e-05	86.5	0	0	0	1	
65	0.1	0.133333	1	151.529	83.2196	2.16376e-06	-3.56899e-06	1.36372e-05	86.5	0	0	0	1	
65	0.1	0.136364	1	151.505	83.2184	7.80995e-06	-1.0279e-05	2.69539e-05	86.5	0	0	0	1	
65	0.1	0.139394	1	151.481	83.2155	-2.00506e-05	3.0157e-06	-1.45681e-05	86.5	0	0	0	1	
65	0.1	0.142424	1	151.457	83.2123	-1.48119e-06	6.49957e-06	-2.53111e-06	86.5	0	0	0	1	
65	0.1	0.145455	1	151.431	83.2178	-7.39626e-06	-6.714e-06	-1.07363e-05	86.5	0	0	0	1	
65	0.1	0.148485	1	151.405	83.232	-8.83404e-06	1.47949e-05	1.24831e-05	86.5	0	0	0	1	
65	0.1	0.151515	1	151.377	83.2557	1.53524e-05	9.20285e-07	8.30535e-06	86.5	0	0	0	1	
65	0.1	0.154545	1	151.349	83.2794	-1.34954e-05	-4.25625e-06	-4.8621e-05	86.5	0	0	0	1	
65	0.1	0.157576	1	151.319	83.323	2.54515e-05	2.11983e-06	-9.99301e-06	86.5	0	0	0	1	
65	0.1	0.160606	1	151.287	83.348	-1.47914e-05	-1.73659e-05	2.29948e-05	86.5	0	0	0	1	
65	0.1	0.163636	1	151.255	83.4064	1.40628e-05	8.21369e-06	-1.76677e-05	86.5	0	0	0	1	
65	0.1	0.166667	1	151.221	83.4524	-3.71259e-06	1.38698e-06	4.38284e-05	86.5	0	0	0	1	
65	0.1	0.169697	1	151.186	83.506	-2.2543e-05	1.50377e-05	-2.30878e-05	86.5	0	0	0	1	
65	0.1	0.172727	1	151.149	83.5754	-1.90172e-06	-4.12651e-06	-1.13846e-05	86.5	0	0	0	1	
65	0.1	0.175758	1	151.11	83.6639	-1.10736e-05	6.04339e-06	8.43878e-05	86.5	0	0	0	1	
65	0.1	0.178788	5	151.021	84.3283	2.08672e-05	-1.58106e-06	29.3984	86.5	0	0	0	1	
65	0.1	0.181818	3	150.795	86.519	-2.12658e-05	4.63171e-06	43.3662	86.5	0	0	0	1	
65	0.1	0.184848	1	150.449	89.791	2.40497e-05	-3.68298e-06	53.6497	86.5	0	0	0	1	
65	0.1	0.187879	1	150.002	93.6775	2.8735e-06	-1.10846e-05	62.2301	86.5	0	0	0	1	
65	0.1	0.190909	1	149.476	97.8553	-2.09652e-05	4.7444e-06	69.7873	86.5	0	0	0	1	
65	0.1	0.193939	1	148.882	102.147	-1.16732e-05	1.60645e-05	76.5131	86.5	0	0	0	1	
65	0.1	0.19697	1	148.242	106.382	-2.27902e-05	-1.23407e-05	82.6698	86.5	0	0	0	1	
65	0.1	0.2	1	147.555	110.576	-1.89338e-05	8.6278e-06	88.4281	86.5	0	0	0	1	
65	0.1	0.20303	1	146.831	114.674	-9.53975e-06	7.36084e-06	93.8458	86.5	0	0	0	1	
65	0.1	0.206061	1	146.066	118.716	-2.41506e-05	-2.26152e-07	100.968	86.5	0	0	0	1	
65	0.1	0.209091	1	145.267	122.663	-2.76199e-05	1.41673e-05	106.367	86.5	0	0	0	1	
65	0.1	0.212121	1	144.44	126.51	2.78163e-05	3.9146e-06	111.389	86.5	0	0	0	1	
65	0.1	0.215152	1	143.587	130.258	6.4667e-05	-7.93037e-07	116.145	86.5	0	0	0	1	
65	0.1	0.218182	1	142.709	133.913	-5.17842e-05	1.35605e-07	120.69	86.5	0	0	0	1	
65	0.1	0.221212	1	141.809	137.487	3.75584e-06	-9.45824e-06	125.059	86.5	0	0	0	1	
65	0.1	0.224242	1	140.886	141.012	-1.34942e-05	1.11427e-05	129.275	86.5	0	0	0	1	
65	0.1	0.227273	1	139.944	144.494	9.78408e-06	-1.60822e-05	133.356	86.5	0	0	0	1	
65	0.1	0.230303	1	138.978	147.55	-2.24154e-05	-6.10878e-06	137.316	86.5	0	0	0	1	
65	0.1	0.233333	1	137.988	150.677	-1.60905e-05	2.35749e-06	141.169	86.5	0	0	0	1	
65	0.1	0.236364	1	136.976	153.772	6.43731e-06	4.8569e-07	144.923	86.5	0	0	0	1	
65	0.1	0.239394	1	135.943	156.82	4.18737e-06	1.90094e-06	148.587	86.5	0	0	0	1	
65	0.1	0.242424	1	134.887	159.806	1.6511e-05	4.45881e-06	152.167	86.5	0	0	0	1	
65	0.1	0.245455	1	133.81	162.748	2.84518e-05	-1.20368e-05	155.671	86.5	0	0	0	1	
65	0.1	0.248485	1	132.71	165.633	6.58404e-07	1.15823e-05	159.104	86.5	0	0	0	1	
65	0.1	0.251515	1	131.589	168.467	2.07847e-05	-5.37136e-06	162.47	86.5	0	0	0	1	
65	0.1	0.254545	1	130.444	171.251	1.16233e-05	-7.38948e-06	165.774	86.5	0	0	0	1	
65	0.1	0.257576	1	129.276	173.988	-3.00411e-05	5.89888e-06	169.018	86.5	0	0	0	1	
65	0.1	0.260606	1	128.084	176.699	1.67768e-05	1.71661e-06	172.208	86.5	0	0	0	1	
65	0.1	0.263636	1	126.867	179.327	-2.95575e-05	5.99801e-06	175.346	86.5	0	0	0	1	
65	0.1	0.266667	1	125.625	181.931	-4.64914e-06	6.38646e-06	178.434	86.5	0	0	0	1	
65	0.1	0.269697	1	124.357	184.495	5.99525e-06	-1.87812e-05	181.476	86.5	0	0	0	1	
65	0.1	0.272727	1	123.063	187.026	8.09963e-06	-2.53632e-05	184.473	86.5	0	0	0	1	
65	0.1	0.275758	1	121.74	189.501	1.43234e-05	7.56712e-06	187.427	86.5	0	0	0	1	
65	0.1	0.278788	1	120.388	191.948	-5.86221e-06	5.32714e-06	190.342	86.5	0	0	0	1	
65	0.1	0.281818	1	119.005	194.358	4.09967e-05	-1.77514e-05	193.217	86.5	0	0	0	1	
65	0.1	0.284848	1	117.591	196.732	-1.22359e-05	8.45173e-06	196.056	86.5	0	0	0	1	
65	0.1	0.287879	1	116.144	199.071	1.10832e-05	-4.4133e-05	198.859	86.5	0	0	0	1	
65	0.1	0.290909	1	114.662	201.375	-2.96997e-05	2.45465e-06	201.628	86.5	0	0	0	1	
65	0.1	0.293939	1	113.144	203.646	-1.38445e-05	-1.19267e-05	204.364	86.5	0	0	0	1	
65	0.1	0.29697	1	111.593	205.875	-8.73722e-06	-2.82181e-06	207.068	86.5	0	0	0	1	
65	0.1	0.3	1	109.989	208.09	1.14498e-05	2.45899e-06	209.744	86.5	0	0	0	1	
65	0.1	0.30303	1	108.348	210.264	-1.43541e-05	2.01286e-05	212.389	86.5	0	0	0	1	
65	0.1	0.306061	1	106.66	212.406	-2.14203e-05	3.19513e-05	215.006	86.5	0	0	0	1	
65	0.1	0.309091	1	104.923	214.517	-4.1606e-06	-7.17549e-06	217.596	86.5	0	0	0	1	
65	0.1	0.312121	1	103.134	216.596	3.85986e-06	4.18255e-05	220.159	86.5	0	0	0	1	
65	0.1	0.315152	1	101.288	218.645	-1.07287e-05	-3.87241e-05	222.697	86.5	0	0	0	1	
65	0.1	0.318182	1	99.3804	220.662	-5.47382e-06	4.10171e-06	225.21	86.5	0	0	0	1	
65	0.1	0.321212	1	97.4063	-222.648	-2.21685e-05	-1.08107e-05	227.699	86.5	0	0	0	1	
65	0.1	0.324242	1	95.3596	-224.602	1.73055e-07	-1.35965e-05	230.166	86.5	0	0	0	1	
65	0.1	0.327273	1	93.2329	-226.524	3.4637e-06	1.17071e-05	232.611	86.5	0	0	0	1	
65	0.1	0.330303	1	91.0146	-228.416	-2.21307e-05	-1.53652e-05	235.082	86.5	0	0	0	1	
65	0.1	0.333333	1	88.7048	-230.269	3.5637e-05	-2.18695e-05	237.421	86.5	0	0	0	1	
65	0.1	0.336364	1	86.282	-232.09	-8.94866e-06	-2.79307e-06	239.79	86.5	0	0	0	1	
65	0.1	0.339394	1	83.7342	-233.875	2.58356e-06	-7.37459e-06	242.141	86.5	0	0	0	1	
65	0.1	0.342424	1	81.0429	-235.621	-9.70114e-06	8.4836e-06	244.473	86.5	0	0	0	1	
65	0.1	0.345455	1	78.1844	-237.328	-5.66836e-05	-3.31048e-06	246.786	86.5	0	0	0	1	
65	0.1	0.348485	1	75.1275	-238.991	-6.47157e-06	2.66559e-06	249.08	86.5	0	0	0	1	
65	0.1	0.351515	1	71.8304	-240.607	5.9201e-06	5.15534e-06	251.355	86.5	0	0	0	1	
65	0.1	0.354545	1	68.2341	-242.171	1.58526e-05	-7.57993e-07	253.612	86.5	0	0	0	1	
65	0.1	0.357576	1	64.2512	-243.675	3.28499e-05	2.143e-05	255.851	86.5	0	0	0	1	
65	0.1	0.360606	1	59.7399	-245.11	-6.72879e-07	-6.2583e-06	258.072	86.5	0	0	0	1	
65	0.1	0.363636	1	54.4594	-246.456	1.96634e-05	1.47485e-05	260.275	86.5	0	0	0	1	
65	0.1	0.366667	1	47.8819	247.685	1.10209e-06	-2.54655e-05	262.461	86.5	0	0	0	1	
65	0.1	0.369697	1	38.4529	-248.733	-1.14649e-06	-1.66353e-05	264.628	86.5	0	0	0	1	
65	0.1	0.372727	-2	0	0	0	0	0	86.5	0	0	0	1	
65	0.1	0.375758	-2	0	0	0	0	0	86.5	0	0	0	1	
65	0.1	0.378788	-2	0	0	0	0	0	86.5	0	0	0	1	
65	0.1	0.381818	-2	0	0	0	0	0	86.5	0	0	0	1	
65	0.1	0.384848	-2	0	0	0	0	0	86.5	0	0	0	1	
65	0.1	0.387879	-2	0	0	0	0	0	86.5	0	0	0	1	
65	0.1	0.390909	-2	0	0	0	0	0	86.5	0	0	0	1	
65	0.1	0.393939	-2	0	0	0	0	0	86.5	0	0	0	1	
65	0.1	0.39697	-2	0	0	0	0	0	86.5	0	0	0	1	
65	0.1	0.4	-2	0	0	0	0	0	86.5	0	0	0	1	
