65	0.01	0.3	-2	0	0	0	0	0	173	0	0	0	1	
65	0.0119192	0.3	-2	0	0	0	0	0	173	0	0	0	1	
65	0.0138384	0.3	-2	0	0	0	0	0	173	0	0	0	1	
65	0.0157576	0.3	-2	0	0	0	0	0	173	0	0	0	1	
65	0.0176768	0.3	-2	0	0	0	0	0	173	0	0	0	1	
65	0.019596	0.3	-2	0	0	0	0	0	173	0	0	0	1	
65	0.0215152	0.3	-2	0	0	0	0	0	173	0	0	0	1	
65	0.0234343	0.3	-2	0	0	0	0	0	173	0	0	0	1	
65	0.0253535	0.3	-2	0	0	0	0	0	173	0	0	0	1	
65	0.0272727	0.3	-2	0	0	0	0	0	173	0	0	0	1	
65	0.0291919	0.3	-2	0	0	0	0	0	173	0	0	0	1	
65	0.0311111	0.3	-2	0	0	0	0	0	173	0	0	0	1	
65	0.0330303	0.3	-2	0	0	0	0	0	173	0	0	0	1	
65	0.0349495	0.3	-2	0	0	0	0	0	173	0	0	0	1	
65	0.0368687	0.3	-2	0	0	0	0	0	173	0	0	0	1	
65	0.0387879	0.3	-2	0	0	0	0	0	173	0	0	0	1	
65	0.0407071	0.3	-2	0	0	0	0	0	173	0	0	0	1	
65	0.0426263	0.3	-2	0	0	0	0	0	173	0	0	0	1	
65	0.0445455	0.3	-2	0	0	0	0	0	173	0	0	0	1	
65	0.0464646	0.3	-2	0	0	0	0	0	173	0	0	0	1	
65	0.0483838	0.3	1	26.853	0	255.862	255.862	0	173	0	0	0	1	
65	0.050303	0.3	1	45.1862	0	248.078	248.078	0	173	0	0	0	1	
65	0.0522222	0.3	1	53.8874	0	242.863	242.863	0	173	0	0	0	1	
65	0.0541414	0.3	1	60.0175	0	238.556	238.556	0	173	0	0	0	1	
65	0.0560606	0.3	1	64.8026	0	234.809	234.809	0	173	0	0	0	1	
65	0.0579798	0.3	1	68.7295	0	231.469	231.469	0	173	0	0	0	1	
65	0.059899	0.3	1	72.0507	0	275.089	228.45	0	173	0	0	0	1	
65	0.0618182	0.3	1	74.9173	0	225.694	225.694	0	173	0	0	0	1	
65	0.0637374	0.3	1	77.4285	0	264.939	223.163	0	173	0	0	0	1	
65	0.0656566	0.3	1	79.6535	0	260.263	220.825	0	173	0	0	0	1	
65	0.0675758	0.3	1	81.6427	0	255.819	218.657	0	173	0	0	0	1	
65	0.0694949	0.3	1	83.4345	0	251.588	216.639	0	173	0	0	0	1	
65	0.0714141	0.3	1	85.0583	0	214.756	214.756	0	173	0	0	0	1	
65	0.0733333	0.3	1	86.5376	0	212.993	212.993	0	173	0	0	0	1	
65	0.0752525	0.3	1	87.8915	0	211.34	211.34	0	173	0	0	0	1	
65	0.0771717	0.3	1	89.1353	0	209.787	209.787	0	173	0	0	0	1	
65	0.0790909	0.3	1	90.282	0	208.326	208.326	0	173	0	0	0	1	
65	0.0810101	0.3	1	91.3423	0	206.949	206.949	0	173	0	0	0	1	
65	0.0829293	0.3	1	92.3252	0	205.649	205.649	0	173	0	0	0	1	
65	0.0848485	0.3	1	93.2384	0	204.422	204.422	0	173	0	0	0	1	
65	0.0867677	0.3	1	94.0883	0	203.262	203.262	0	173	0	0	0	1	
65	0.0886869	0.3	1	94.8803	0	202.166	202.166	0	173	0	0	0	1	
65	0.0906061	0.3	1	95.6185	0	201.13	201.13	0	173	0	0	0	1	
65	0.0925253	0.3	1	96.3041	0	212.65	200.156	0	173	0	0	0	1	
65	0.0944444	0.3	1	96.9402	0	210.127	199.242	0	173	0	0	0	1	
65	0.0963636	0.3	1	97.542	0	207.684	198.368	0	173	0	0	0	1	
65	0.0982828	0.3	1	98.1126	0	205.315	197.531	0	173	0	0	0	1	
65	0.100202	0.3	1	98.6544	0	203.018	196.727	0	173	0	0	0	1	
65	0.102121	0.3	1	99.1698	0	195.956	195.956	0	173	0	0	0	1	
65	0.10404	0.3	1	99.6605	0	195.216	195.216	0	173	0	0	0	1	
65	0.10596	0.3	1	100.128	0	194.503	194.503	0	173	0	0	0	1	
65	0.107879	0.3	1	100.575	0	193.817	193.817	0	173	0	0	0	1	
65	0.109798	0.3	1	101.002	0	193.157	193.157	0	173	0	0	0	1	
65	0.111717	0.3	1	101.411	0	192.52	192.52	0	173	0	0	0	1	
65	0.113636	0.3	1	101.802	0	191.906	191.906	0	173	0	0	0	1	
65	0.115556	0.3	1	102.177	0	191.313	191.313	0	173	0	0	0	1	
65	0.117475	0.3	1	102.537	0	190.741	190.741	0	173	0	0	0	1	
65	0.119394	0.3	1	102.882	0	190.187	190.187	0	173	0	0	0	1	
65	0.121313	0.3	1	103.214	0	189.652	189.652	0	173	0	0	0	1	
65	0.123232	0.3	1	103.534	0	189.134	189.134	0	173	0	0	0	1	
65	0.125152	0.3	1	103.842	0	188.632	188.632	0	173	0	0	0	1	
65	0.127071	0.3	1	104.138	0	188.146	188.146	0	173	0	0	0	1	
65	0.12899	0.3	1	104.424	0	187.675	187.675	0	173	0	0	0	1	
65	0.130909	0.3	1	104.7	0	187.218	187.218	0	173	0	0	0	1	
65	0.132828	0.3	1	104.966	0	186.775	186.775	0	173	0	0	0	1	
65	0.134747	0.3	1	105.223	0	186.345	186.345	0	173	0	0	0	1	
65	0.136667	0.3	1	105.471	0	185.927	185.927	0	173	0	0	0	1	
65	0.138586	0.3	1	105.712	0	185.521	185.521	0	173	0	0	0	1	
65	0.140505	0.3	1	105.944	0	185.127	185.127	0	173	0	0	0	1	
65	0.142424	0.3	1	106.17	0	184.743	184.743	0	173	0	0	0	1	
65	0.144343	0.3	1	106.388	0	184.37	184.37	0	173	0	0	0	1	
65	0.146263	0.3	1	106.599	0	184.007	184.007	0	173	0	0	0	1	
65	0.148182	0.3	1	106.804	0	183.653	183.653	0	173	0	0	0	1	
65	0.150101	0.3	1	107.003	0	183.309	183.309	0	173	0	0	0	1	
65	0.15202	0.3	1	107.197	0	182.973	182.973	0	173	0	0	0	1	
65	0.153939	0.3	1	107.384	0	182.646	182.646	0	173	0	0	0	1	
65	0.155859	0.3	1	107.566	0	182.328	182.328	0	173	0	0	0	1	
65	0.157778	0.3	1	107.743	0	182.017	182.017	0	173	0	0	0	1	
65	0.159697	0.3	1	107.916	0	181.713	181.713	0	173	0	0	0	1	
65	0.161616	0.3	1	108.083	0	181.418	181.418	0	173	0	0	0	1	
65	0.163535	0.3	1	108.246	0	181.129	181.129	0	173	0	0	0	1	
65	0.165455	0.3	1	108.405	0	180.847	180.847	0	173	0	0	0	1	
65	0.167374	0.3	1	108.559	0	180.571	180.571	0	173	0	0	0	1	
65	0.169293	0.3	1	108.71	0	180.302	180.302	0	173	0	0	0	1	
65	0.171212	0.3	1	108.856	0	180.039	180.039	0	173	0	0	0	1	
65	0.173131	0.3	1	108.999	0	179.782	179.782	0	173	0	0	0	1	
65	0.175051	0.3	1	109.139	0	179.531	179.531	0	173	0	0	0	1	
65	0.17697	0.3	1	109.275	0	179.285	179.285	0	173	0	0	0	1	
65	0.178889	0.3	1	109.407	0	179.044	179.044	0	173	0	0	0	1	
65	0.180808	0.3	1	109.537	0	178.809	178.809	0	173	0	0	0	1	
65	0.182727	0.3	1	109.663	0	178.578	178.578	0	173	0	0	0	1	
65	0.184646	0.3	1	109.787	0	178.353	178.353	0	173	0	0	0	1	
65	0.186566	0.3	1	109.908	0	178.132	178.132	0	173	0	0	0	1	
65	0.188485	0.3	1	110.025	0	177.916	177.916	0	173	0	0	0	1	
65	0.190404	0.3	1	110.141	0	177.704	177.704	0	173	0	0	0	1	
65	0.192323	0.3	1	110.253	0	177.496	177.496	0	173	0	0	0	1	
65	0.194242	0.3	1	110.363	0	177.293	177.293	0	173	0	0	0	1	
65	0.196162	0.3	1	110.471	0	177.094	177.094	0	173	0	0	0	1	
65	0.198081	0.3	1	110.577	0	176.898	176.898	0	173	0	0	0	1	
65	0.2	0.3	1	110.68	0	176.706	176.706	0	173	0	0	0	1	
