65	0.1	0.1	1	151.419	47.2366	4.03155e-06	7.97693e-06	1.91651e-06	173	0	0	0	1	
65	0.1	0.101508	1	151.406	47.2363	6.83633e-06	7.1152e-06	7.78999e-06	173	0	0	0	1	
65	0.1	0.103015	1	151.393	47.2362	5.75824e-06	-2.87096e-06	2.86473e-06	173	0	0	0	1	
65	0.1	0.104523	1	151.38	47.2363	-4.15743e-06	-7.57657e-06	-4.24173e-06	173	0	0	0	1	
65	0.1	0.10603	1	151.367	47.2367	4.33853e-06	1.66871e-05	-8.56406e-06	173	0	0	0	1	
65	0.1	0.107538	1	151.354	47.2373	-1.23156e-05	-1.43594e-05	4.33224e-06	173	0	0	0	1	
65	0.1	0.109045	1	151.34	47.2383	-9.811e-06	-1.28769e-05	-1.85706e-05	173	0	0	0	1	
65	0.1	0.110553	1	151.327	47.2397	-1.61296e-06	-7.10203e-06	3.43231e-06	173	0	0	0	1	
65	0.1	0.11206	1	151.313	47.2413	-1.05686e-05	-5.91929e-06	8.21822e-06	173	0	0	0	1	
65	0.1	0.113568	1	151.299	47.2436	-2.78768e-06	-3.487e-07	-3.72712e-06	173	0	0	0	1	
65	0.1	0.115075	1	151.284	47.2462	-1.10735e-05	-3.87762e-07	-1.55162e-05	173	0	0	0	1	
65	0.1	0.116583	1	151.27	47.2494	-8.5732e-06	2.25882e-05	-1.17684e-06	173	0	0	0	1	
65	0.1	0.11809	1	151.255	47.2533	5.08668e-06	1.55414e-06	-1.49459e-05	173	0	0	0	1	
65	0.1	0.119598	1	151.24	47.2581	4.29975e-06	2.12683e-05	-1.74796e-05	173	0	0	0	1	
65	0.1	0.121106	1	151.224	47.2635	2.59377e-05	-1.5443e-06	-1.71578e-05	173	0	0	0	1	
65	0.1	0.122613	1	151.209	47.2701	1.1697e-05	9.99581e-06	7.66637e-06	173	0	0	0	1	
65	0.1	0.124121	1	151.193	47.278	8.40346e-06	-5.32618e-06	7.65738e-06	173	0	0	0	1	
65	0.1	0.125628	1	151.176	47.2874	-1.1269e-06	9.81092e-06	1.52728e-05	173	0	0	0	1	
65	0.1	0.127136	1	151.16	47.2987	4.53138e-07	-1.0677e-05	-1.05426e-05	173	0	0	0	1	
65	0.1	0.128643	1	151.142	47.3124	1.54096e-05	1.19345e-05	-2.60871e-07	173	0	0	0	1	
65	0.1	0.130151	1	151.125	47.3291	-2.2562e-05	5.1774e-06	-1.93974e-05	173	0	0	0	1	
65	0.1	0.131658	1	151.106	47.3499	-8.41871e-06	-7.23096e-06	4.11421e-06	173	0	0	0	1	
65	0.1	0.133166	1	151.087	47.3764	-9.7745e-06	-2.61264e-05	2.33206e-05	173	0	0	0	1	
65	0.1	0.134673	1	151.067	47.4104	-4.1145e-06	5.14221e-06	-6.24673e-06	173	0	0	0	1	
65	0.1	0.136181	1	151.045	47.4594	-6.93443e-06	1.8557e-06	-1.40798e-05	173	0	0	0	1	
65	0.1	0.137688	1	151.022	47.5226	3.2146e-07	7.4781e-07	2.37719e-06	173	0	0	0	1	
65	0.1	0.139196	1	150.995	47.6521	2.24043e-06	-7.25917e-06	-7.99932e-06	173	0	0	0	1	
65	0.1	0.140704	1	150.962	47.8846	-7.20152e-06	2.98841e-06	6.10152e-06	173	0	0	0	1	
65	0.1	0.142211	1	150.93	48.05	1.074e-05	-8.51229e-06	-1.29022e-05	173	0	0	0	1	
65	0.1	0.143719	1	150.903	47.9499	3.87587e-06	-7.76555e-06	1.00218e-05	173	0	0	0	1	
65	0.1	0.145226	1	150.883	47.1056	-9.24785e-06	-1.23867e-05	-4.22906e-06	173	0	0	0	1	
65	0.1	0.146734	1	150.871	46.9042	1.57879e-05	-2.68578e-05	2.54007e-05	173	0	0	0	1	
65	0.1	0.148241	1	150.859	46.9439	5.66514e-07	-8.78174e-07	-3.31645e-06	173	0	0	0	1	
65	0.1	0.149749	1	150.848	46.9046	-9.78438e-07	-6.76096e-06	2.42242e-06	173	0	0	0	1	
65	0.1	0.151256	1	150.836	46.9035	2.63935e-05	-2.48732e-06	9.94573e-06	173	0	0	0	1	
65	0.1	0.152764	1	150.824	46.896	-1.3767e-05	-1.46552e-05	-6.97877e-06	173	0	0	0	1	
65	0.1	0.154271	1	150.813	46.8884	6.84244e-06	1.57196e-05	7.85892e-06	173	0	0	0	1	
65	0.1	0.155779	1	150.801	46.8825	1.9106e-05	2.02e-05	-2.96116e-05	173	0	0	0	1	
65	0.1	0.157286	1	150.79	46.8762	1.44696e-06	8.71538e-06	2.7368e-05	173	0	0	0	1	
65	0.1	0.158794	1	150.778	46.8703	3.1513e-05	-1.04601e-05	-3.84573e-05	173	0	0	0	1	
65	0.1	0.160302	1	150.767	46.8644	-7.94318e-06	-4.27287e-06	1.65963e-05	173	0	0	0	1	
65	0.1	0.161809	1	150.756	46.8587	-1.61973e-06	1.05473e-05	1.684e-05	173	0	0	0	1	
65	0.1	0.163317	1	150.744	46.8531	1.79834e-05	-1.33985e-05	-2.35443e-05	173	0	0	0	1	
65	0.1	0.164824	1	150.733	46.8474	-5.74686e-06	1.97246e-05	-3.73606e-05	173	0	0	0	1	
65	0.1	0.166332	1	150.722	46.8418	9.14543e-06	-1.06536e-05	-1.71997e-05	173	0	0	0	1	
65	0.1	0.167839	1	150.71	46.8363	-9.17542e-06	-1.41209e-05	-2.90212e-06	173	0	0	0	1	
65	0.1	0.169347	1	150.699	46.8308	5.1029e-06	1.5932e-05	9.63452e-06	173	0	0	0	1	
65	0.1	0.170854	1	150.688	46.8254	-1.15271e-05	-4.95869e-06	2.51093e-05	173	0	0	0	1	
65	0.1	0.172362	1	150.677	46.8199	-5.62919e-06	-2.35513e-05	-1.23548e-05	173	0	0	0	1	
65	0.1	0.173869	1	150.666	46.8145	-1.545e-05	1.14254e-05	1.20599e-05	173	0	0	0	1	
65	0.1	0.175377	1	150.655	46.8092	-4.07149e-06	-1.12515e-05	-1.10414e-05	173	0	0	0	1	
65	0.1	0.176884	1	150.643	46.823	7.26102e-06	6.84523e-06	6.03284e-05	173	0	0	0	1	
65	0.1	0.178392	1	150.629	46.8751	1.99612e-05	1.62595e-05	11.034	173	0	0	0	1	
65	0.1	0.179899	1	150.566	48.1546	-1.42325e-05	3.82319e-06	23.0328	173	0	0	0	1	
65	0.1	0.181407	1	150.443	50.6055	-4.44621e-06	-2.22692e-05	30.8029	173	0	0	0	1	
65	0.1	0.182915	1	150.271	53.6342	1.70957e-05	-2.48204e-05	37.0825	173	0	0	0	1	
65	0.1	0.184422	1	150.06	56.873	3.12934e-05	1.84804e-05	42.5182	173	0	0	0	1	
65	0.1	0.18593	1	149.818	60.1446	5.31526e-07	-7.8554e-06	47.3881	173	0	0	0	1	
65	0.1	0.187437	1	149.544	63.4533	-2.9109e-05	-1.52663e-05	51.8545	173	0	0	0	1	
65	0.1	0.188945	1	149.26	66.5599	-3.41978e-05	-9.70761e-06	55.9841	173	0	0	0	1	
65	0.1	0.190452	1	148.958	69.5895	-1.02437e-05	-1.99027e-05	59.8575	173	0	0	0	1	
65	0.1	0.19196	1	148.64	72.5329	3.42035e-05	-2.01139e-06	63.5189	173	0	0	0	1	
65	0.1	0.193467	3	148.31	75.3834	6.30547e-05	8.07361e-06	67.0016	173	0	0	0	1	
65	0.1	0.194975	3	147.968	78.153	1.11375e-05	-1.5106e-05	70.3368	173	0	0	0	1	
65	0.1	0.196482	3	147.615	80.8467	-6.76231e-06	1.97216e-05	73.5613	173	0	0	0	1	
65	0.1	0.19799	3	147.251	83.4808	3.55858e-05	1.65974e-06	78.6192	173	0	0	0	1	
65	0.1	0.199497	3	146.86	86.16	2.86953e-05	-2.26439e-05	82.7439	173	0	0	0	1	
65	0.1	0.201005	3	146.458	88.786	5.14872e-08	-1.6005e-05	86.2262	173	0	0	0	1	
65	0.1	0.202513	3	146.046	91.3505	7.83654e-06	-1.20455e-05	89.4343	173	0	0	0	1	
65	0.1	0.20402	3	145.626	93.8516	1.25316e-05	-7.12726e-07	92.46	173	0	0	0	1	
65	0.1	0.205528	3	145.199	96.291	2.13134e-07	-1.06976e-05	95.346	173	0	0	0	1	
65	0.1	0.207035	3	144.765	98.671	3.71344e-05	-2.21973e-05	98.1175	173	0	0	0	1	
65	0.1	0.208543	3	144.325	100.995	2.45993e-05	-1.37729e-07	100.791	173	0	0	0	1	
65	0.1	0.21005	3	143.879	103.266	6.7298e-07	-2.25707e-05	103.381	173	0	0	0	1	
65	0.1	0.211558	3	143.428	105.486	-1.04162e-05	-5.81633e-06	105.894	173	0	0	0	1	
65	0.1	0.213065	3	142.972	107.66	2.89432e-05	1.03018e-05	108.34	173	0	0	0	1	
65	0.1	0.214573	3	142.51	109.79	6.77094e-06	-1.85521e-05	110.724	173	0	0	0	1	
65	0.1	0.21608	3	142.044	111.877	9.68595e-05	-2.38206e-07	113.053	173	0	0	0	1	
65	0.1	0.217588	3	141.573	113.925	3.30137e-05	1.43142e-05	115.329	173	0	0	0	1	
65	0.1	0.219095	3	141.097	115.936	4.22159e-06	1.75512e-05	117.557	173	0	0	0	1	
65	0.1	0.220603	3	140.616	117.912	1.63358e-05	-1.14597e-05	119.741	173	0	0	0	1	
65	0.1	0.222111	3	140.131	119.854	2.67632e-05	1.05401e-05	121.883	173	0	0	0	1	
65	0.1	0.223618	3	139.641	121.764	1.65595e-05	-5.31696e-06	123.987	173	0	0	0	1	
65	0.1	0.225126	3	139.147	123.645	-1.52251e-05	5.22355e-06	126.053	173	0	0	0	1	
65	0.1	0.226633	3	138.648	125.497	-4.25478e-05	1.83692e-05	128.085	173	0	0	0	1	
65	0.1	0.228141	3	138.145	127.323	-4.06592e-05	2.09413e-05	130.085	173	0	0	0	1	
65	0.1	0.229648	3	137.637	129.123	4.46244e-05	3.00354e-06	132.053	173	0	0	0	1	
65	0.1	0.231156	3	137.125	130.899	1.42433e-05	3.15206e-05	133.992	173	0	0	0	1	
65	0.1	0.232663	3	136.609	132.653	-1.47754e-06	3.25495e-05	135.904	173	0	0	0	1	
65	0.1	0.234171	3	136.088	134.387	2.7414e-05	-9.54103e-06	137.789	173	0	0	0	1	
65	0.1	0.235678	3	135.562	136.102	2.33839e-06	-4.30259e-05	139.648	173	0	0	0	1	
65	0.1	0.237186	3	135.033	137.803	4.56098e-07	1.03341e-05	141.484	173	0	0	0	1	
65	0.1	0.238693	3	134.499	139.497	7.09907e-06	3.60568e-05	143.296	173	0	0	0	1	
65	0.1	0.240201	3	133.961	141.205	-1.5588e-05	-1.82667e-05	145.086	173	0	0	0	1	
65	0.1	0.241709	3	133.423	144.554	-3.09543e-05	-8.4454e-06	146.851	173	0	0	0	1	
65	0.1	0.243216	3	132.894	146.898	3.53993e-06	1.70973e-05	148.59	173	0	0	0	1	
65	0.1	0.244724	3	132.364	148.905	1.39996e-05	-6.1512e-06	150.306	173	0	0	0	1	
65	0.1	0.246231	3	131.833	150.766	1.88788e-05	1.35368e-05	152.003	173	0	0	0	1	
65	0.1	0.247739	1	131.299	152.533	1.26694e-05	-2.0127e-05	153.681	173	0	0	0	1	
65	0.1	0.249246	3	130.762	154.233	-2.15826e-05	1.60225e-05	155.341	173	0	0	0	1	
65	0.1	0.250754	1	130.221	155.881	-2.18816e-05	1.55459e-05	156.984	173	0	0	0	1	
65	0.1	0.252261	1	129.676	157.485	1.82523e-05	5.84467e-06	158.611	173	0	0	0	1	
65	0.1	0.253769	1	129.128	159.053	-2.80935e-05	-6.8156e-06	160.222	173	0	0	0	1	
65	0.1	0.255276	1	128.574	160.588	4.46354e-05	-2.14024e-05	161.817	173	0	0	0	1	
65	0.1	0.256784	1	128.017	162.096	-1.47036e-05	-3.6622e-06	163.399	173	0	0	0	1	
65	0.1	0.258291	1	127.454	163.578	-1.06926e-05	-6.7478e-06	164.966	173	0	0	0	1	
65	0.1	0.259799	1	126.887	165.036	-2.10392e-05	1.06847e-05	166.521	173	0	0	0	1	
65	0.1	0.261307	1	126.314	166.481	-4.27186e-06	3.4554e-05	168.062	173	0	0	0	1	
65	0.1	0.262814	1	125.736	167.89	4.66806e-06	-5.77886e-06	169.59	173	0	0	0	1	
65	0.1	0.264322	1	125.154	169.424	-1.59888e-05	-2.49575e-06	171.106	173	0	0	0	1	
65	0.1	0.265829	1	124.566	170.949	-3.73083e-05	-3.93314e-06	172.61	173	0	0	0	1	
65	0.1	0.267337	1	123.973	172.385	3.71699e-05	-5.72405e-06	174.103	173	0	0	0	1	
65	0.1	0.268844	1	123.374	173.79	-1.13463e-05	-4.61859e-06	175.584	173	0	0	0	1	
65	0.1	0.270352	1	122.77	175.169	9.51742e-06	-1.52983e-05	177.055	173	0	0	0	1	
65	0.1	0.271859	1	122.16	176.528	2.4611e-06	-6.83608e-06	178.515	173	0	0	0	1	
65	0.1	0.273367	1	121.544	177.868	-1.6081e-05	1.86174e-05	179.965	173	0	0	0	1	
65	0.1	0.274874	1	120.922	179.191	-6.62456e-06	-8.7854e-06	181.405	173	0	0	0	1	
65	0.1	0.276382	1	120.293	180.499	-2.18667e-06	1.66493e-05	182.836	173	0	0	0	1	
65	0.1	0.277889	1	119.658	181.792	-1.14754e-05	1.39948e-05	184.257	173	0	0	0	1	
65	0.1	0.279397	1	119.016	183.072	-1.34516e-05	5.18088e-06	185.67	173	0	0	0	1	
65	0.1	0.280905	1	118.368	184.339	2.01236e-05	2.28526e-05	187.073	173	0	0	0	1	
65	0.1	0.282412	1	117.712	185.594	4.54449e-06	-1.58233e-05	188.468	173	0	0	0	1	
65	0.1	0.28392	1	117.049	186.837	-1.8257e-05	-2.60726e-05	189.855	173	0	0	0	1	
65	0.1	0.285427	1	116.379	188.07	1.31033e-05	-2.18702e-05	191.234	173	0	0	0	1	
65	0.1	0.286935	1	115.702	189.291	2.08488e-06	2.17059e-05	192.605	173	0	0	0	1	
65	0.1	0.288442	1	115.016	190.502	-1.65491e-07	-3.23327e-06	193.968	173	0	0	0	1	
65	0.1	0.28995	1	114.323	191.703	-7.0514e-06	1.26686e-07	195.324	173	0	0	0	1	
65	0.1	0.291457	1	113.621	192.894	-8.05905e-06	-5.36758e-06	196.673	173	0	0	0	1	
65	0.1	0.292965	1	112.912	194.076	6.87197e-06	-9.78694e-06	198.015	173	0	0	0	1	
65	0.1	0.294472	1	112.193	195.249	-5.01962e-06	-3.57997e-05	199.35	173	0	0	0	1	
65	0.1	0.29598	1	111.466	196.413	-1.10904e-05	9.42468e-06	200.679	173	0	0	0	1	
65	0.1	0.297487	1	110.729	197.568	-1.3278e-05	-1.10651e-05	202.001	173	0	0	0	1	
65	0.1	0.298995	1	109.983	198.715	-3.58662e-05	1.76918e-05	203.317	173	0	0	0	1	
65	0.1	0.300503	1	109.228	199.853	9.19706e-08	-3.29974e-06	204.627	173	0	0	0	1	
65	0.1	0.30201	1	108.462	200.984	1.77597e-05	4.24714e-06	205.931	173	0	0	0	1	
65	0.1	0.303518	1	107.686	202.107	-6.16115e-06	-2.30993e-05	207.229	173	0	0	0	1	
65	0.1	0.305025	1	106.9	203.222	-8.9456e-06	-2.88428e-05	208.522	173	0	0	0	1	
65	0.1	0.306533	1	106.103	204.329	-1.5881e-05	-3.39706e-06	209.81	173	0	0	0	1	
65	0.1	0.30804	1	105.294	205.429	-2.32951e-05	-2.72451e-06	211.093	173	0	0	0	1	
65	0.1	0.309548	1	104.474	206.522	2.44709e-06	-3.99203e-06	212.371	173	0	0	0	1	
65	0.1	0.311055	1	103.641	207.607	1.08279e-05	2.09453e-05	213.644	173	0	0	0	1	
65	0.1	0.312563	1	102.796	208.686	5.67298e-06	2.56047e-05	214.913	173	0	0	0	1	
65	0.1	0.31407	1	101.938	209.758	-2.72438e-05	7.89305e-06	216.178	173	0	0	0	1	
65	0.1	0.315578	1	101.066	210.823	-6.20303e-06	-2.30091e-05	217.44	173	0	0	0	1	
65	0.1	0.317085	1	100.181	211.881	2.71997e-05	-9.92641e-06	218.699	173	0	0	0	1	
65	0.1	0.318593	1	99.2801	212.932	-2.86303e-05	2.63585e-06	219.957	173	0	0	0	1	
65	0.1	0.320101	1	98.3643	213.977	1.30875e-05	3.87124e-05	221.222	173	0	0	0	1	
65	0.1	0.321608	1	97.4259	215.023	1.70048e-05	-3.18525e-07	223.683	173	0	0	0	1	
65	0.1	0.323116	1	96.4533	216.082	9.50377e-06	1.44212e-05	225.559	173	0	0	0	1	
65	0.1	0.324623	1	95.4552	217.141	1.13493e-05	-6.50925e-06	227.215	173	0	0	0	1	
65	0.1	0.326131	1	94.4326	218.198	-7.68589e-06	1.66699e-06	228.779	173	0	0	0	1	
65	0.1	0.327638	1	93.3857	219.253	-1.59783e-06	1.67794e-05	230.285	173	0	0	0	1	
65	0.1	0.329146	1	92.3139	220.303	2.96183e-05	-2.56665e-05	231.752	173	0	0	0	1	
65	0.1	0.330653	1	91.2167	221.349	-2.59895e-05	2.05712e-05	233.187	173	0	0	0	1	
65	0.1	0.332161	1	90.093	222.39	6.67724e-06	-4.05556e-05	234.596	173	0	0	0	1	
65	0.1	0.333668	1	88.9418	223.425	-2.2681e-05	-8.02328e-06	235.984	173	0	0	0	1	
65	0.1	0.335176	1	87.7619	224.453	-2.81547e-06	1.99644e-06	237.352	173	0	0	0	1	
65	0.1	0.336683	1	86.5489	225.478	1.3037e-05	3.79985e-07	238.704	173	0	0	0	1	
65	0.1	0.338191	1	85.3054	226.495	8.8128e-07	-8.30817e-05	240.04	173	0	0	0	1	
65	0.1	0.339698	1	84.0338	227.5	-1.38809e-05	-2.33823e-06	241.361	173	0	0	0	1	
65	0.1	0.341206	1	82.722	228.501	-7.575e-05	-3.89338e-06	242.67	173	0	0	0	1	
65	0.1	0.342714	1	81.3719	229.494	-1.08338e-05	-4.27657e-05	243.966	173	0	0	0	1	
65	0.1	0.344221	1	79.9806	230.479	-6.05707e-06	-1.999e-05	245.251	173	0	0	0	1	
65	0.1	0.345729	1	78.545	231.456	3.30627e-05	2.50494e-06	246.524	173	0	0	0	1	
65	0.1	0.347236	1	77.0614	232.424	-1.27454e-06	6.13929e-06	247.787	173	0	0	0	1	
65	0.1	0.348744	1	75.5231	233.384	5.32706e-06	-3.78823e-05	249.041	173	0	0	0	1	
65	0.1	0.350251	1	73.9296	234.492	-8.28509e-06	4.29515e-05	250.284	173	0	0	0	1	
65	0.1	0.351759	1	72.2842	235.622	-2.54168e-05	-8.01296e-06	251.515	173	0	0	0	1	
65	0.1	0.353266	4	70.5574	236.652	1.36495e-05	6.16005e-06	252.74	173	0	0	0	1	
65	0.1	0.354774	4	68.761	237.634	1.00181e-05	1.38628e-06	253.954	173	0	0	0	1	
65	0.1	0.356281	4	66.8777	238.585	4.06495e-06	1.76822e-05	255.159	173	0	0	0	1	
65	0.1	0.357789	4	64.8949	239.509	-3.40869e-05	-6.22196e-06	256.356	173	0	0	0	1	
65	0.1	0.359296	4	62.7967	240.409	1.7824e-05	4.50105e-05	257.544	173	0	0	0	1	
65	0.1	0.360804	4	60.5637	241.286	1.83909e-05	-1.11047e-05	258.723	173	0	0	0	1	
65	0.1	0.362312	4	58.165	242.14	1.56375e-05	4.98834e-05	259.894	173	0	0	0	1	
65	0.1	0.363819	3	55.5656	242.969	6.82837e-06	-9.87028e-07	261.057	173	0	0	0	1	
65	0.1	0.365327	3	52.7092	243.773	1.83653e-05	-3.06308e-05	262.211	173	0	0	0	1	
65	0.1	0.366834	3	49.522	244.546	3.24361e-06	1.89787e-05	263.356	173	0	0	0	1	
65	0.1	0.368342	3	45.8607	245.286	-2.97603e-05	-1.64269e-05	264.492	173	0	0	0	1	
65	0.1	0.369849	3	41.4739	245.985	1.85179e-05	-3.7201e-06	265.618	173	0	0	0	1	
65	0.1	0.371357	3	35.7677	246.633	7.87575e-07	4.78703e-05	266.732	173	0	0	0	1	
65	0.1	0.372864	3	26.4645	247.206	2.39707e-06	2.85684e-06	267.827	173	0	0	0	1	
65	0.1	0.374372	-3	0	0	0	0	0	173	0	0	0	1	
65	0.1	0.375879	-3	0	0	0	0	0	173	0	0	0	1	
65	0.1	0.377387	-3	0	0	0	0	0	173	0	0	0	1	
65	0.1	0.378894	-3	0	0	0	0	0	173	0	0	0	1	
65	0.1	0.380402	-3	0	0	0	0	0	173	0	0	0	1	
65	0.1	0.38191	-3	0	0	0	0	0	173	0	0	0	1	
65	0.1	0.383417	-3	0	0	0	0	0	173	0	0	0	1	
65	0.1	0.384925	-3	0	0	0	0	0	173	0	0	0	1	
65	0.1	0.386432	-3	0	0	0	0	0	173	0	0	0	1	
65	0.1	0.38794	-3	0	0	0	0	0	173	0	0	0	1	
65	0.1	0.389447	-3	0	0	0	0	0	173	0	0	0	1	
65	0.1	0.390955	-3	0	0	0	0	0	173	0	0	0	1	
65	0.1	0.392462	-3	0	0	0	0	0	173	0	0	0	1	
65	0.1	0.39397	-3	0	0	0	0	0	173	0	0	0	1	
65	0.1	0.395477	-3	0	0	0	0	0	173	0	0	0	1	
65	0.1	0.396985	-3	0	0	0	0	0	173	0	0	0	1	
65	0.1	0.398492	-3	0	0	0	0	0	173	0	0	0	1	
65	0.1	0.4	-3	0	0	0	0	0	173	0	0	0	1	
