65	0.0672864	0.3	0	33.4501	4.86119e-06	268.907	4.86119e-06	268.907	16.7663	1	0	0	1	
65	0.0682412	0.3	1	43.6638	0	265.221	184.153	0	21.8431	1	0	0	1	
65	0.069196	0.3	1	48.065	0	262.481	183.514	0	24.0408	1	0	0	1	
65	0.0701508	0.3	1	51.3408	0	259.964	182.7	0	25.6727	1	0	0	1	
65	0.0711055	0.3	1	54.0256	0	257.585	181.83	0	27.0135	1	0	0	1	
65	0.0720603	0.3	1	56.3269	0	255.309	180.942	0	28.1668	1	0	0	1	
65	0.0730151	0.3	0	58.3566	3.52491e-06	253.117	3.52491e-06	253.117	29.18	1	0	0	1	
65	0.0739698	0.3	0	60.182	1.86717e-05	250.998	1.86717e-05	250.998	30.0917	1	0	0	1	
65	0.0749246	0.3	0	61.8406	1.87569e-05	248.943	1.87569e-05	248.943	30.9206	1	0	0	1	
65	0.0758794	0.3	0	63.3614	5.75013e-06	246.948	5.75013e-06	246.948	31.6807	1	0	0	1	
65	0.0768342	0.3	0	64.7657	2.659e-06	245.007	2.659e-06	245.007	32.3817	1	0	0	1	
65	0.0777889	0.3	0	66.0706	1.80007e-05	243.117	1.80007e-05	243.117	33.0352	1	0	0	1	
65	0.0787437	0.3	0	67.2888	1.78313e-05	241.274	1.78313e-05	241.274	33.6444	1	0	0	1	
65	0.0796985	0.3	0	68.4311	9.21345e-06	239.475	9.21345e-06	239.475	34.2155	1	0	0	1	
65	0.0806533	0.3	0	69.5059	1.77155e-05	237.718	1.77155e-05	237.718	34.7529	1	0	0	1	
65	0.081608	0.3	0	70.5204	9.74384e-06	236.002	9.74384e-06	236.002	35.2602	1	0	0	1	
65	0.0825628	0.3	0	71.4807	1.15705e-05	234.323	1.15705e-05	234.323	35.7403	1	0	0	1	
65	0.0835176	0.3	0	72.3919	4.77462e-05	232.68	4.77462e-05	232.68	36.196	1	0	0	1	
65	0.0844724	0.3	0	73.2589	1.92064e-06	231.072	1.92064e-06	231.072	36.6294	1	0	0	1	
65	0.0854271	0.3	0	74.0874	6.11808e-06	229.496	6.11808e-06	229.496	37.0437	1	0	0	1	
65	0.0863819	0.3	0	74.8792	6.40089e-06	227.952	6.40089e-06	227.952	37.4396	1	0	0	1	
65	0.0873367	0.3	0	75.637	1.87341e-05	226.438	1.87341e-05	226.438	37.8185	1	0	0	1	
65	0.0882915	0.3	0	76.363	2.01388e-05	224.953	2.01388e-05	224.953	38.1814	1	0	0	1	
65	0.0892462	0.3	0	77.0594	3.71342e-06	223.497	3.71342e-06	223.497	38.5296	1	0	0	1	
65	0.090201	0.3	0	77.7282	1.3211e-05	222.067	1.3211e-05	222.067	38.864	1	0	0	1	
65	0.0911558	0.3	0	78.3712	2.84356e-05	220.664	2.84356e-05	220.664	39.1855	1	0	0	1	
65	0.0921106	0.3	0	78.99	1.29849e-05	219.287	1.29849e-05	219.287	39.495	1	0	0	1	
65	0.0930653	0.3	0	79.5862	4.09331e-06	217.934	4.09331e-06	217.934	39.793	1	0	0	1	
65	0.0940201	0.3	0	80.161	5.34138e-06	216.604	5.34138e-06	216.604	40.0804	1	0	0	1	
65	0.0949749	0.3	0	80.7157	1.28851e-05	215.298	1.28851e-05	215.298	40.3578	1	0	0	1	
65	0.0959296	0.3	0	81.2515	1.48341e-05	214.014	1.48341e-05	214.014	40.6257	1	0	0	1	
65	0.0968844	0.3	0	81.7695	5.69177e-06	212.751	5.69177e-06	212.751	40.8846	1	0	0	1	
65	0.0978392	0.3	0	82.2704	1.39636e-05	211.509	1.39636e-05	211.509	41.1351	1	0	0	1	
65	0.098794	0.3	0	82.7554	4.23401e-06	210.288	4.23401e-06	210.288	41.3775	1	0	0	1	
65	0.0997487	0.3	0	83.2251	7.54841e-06	209.086	7.54841e-06	209.086	41.6124	1	0	0	1	
65	0.100704	0.3	0	83.6804	4.76634e-06	207.904	4.76634e-06	207.904	41.84	1	0	0	1	
65	0.101658	0.3	0	84.122	2.10668e-05	206.74	2.10668e-05	206.74	42.0608	1	0	0	1	
65	0.102613	0.3	0	84.5505	4.9321e-06	205.594	4.9321e-06	205.594	42.275	1	0	0	1	
65	0.103568	0.3	0	84.9666	3.81176e-05	204.466	3.81176e-05	204.466	42.483	1	0	0	1	
65	0.104523	0.3	0	85.3707	4.0465e-06	203.355	4.0465e-06	203.355	42.685	1	0	0	1	
65	0.105477	0.3	0	85.7635	1.68372e-05	202.261	1.68372e-05	202.261	42.8815	1	0	0	1	
65	0.106432	0.3	0	86.1455	2.39285e-05	201.182	2.39285e-05	201.182	43.0725	1	0	0	1	
65	0.107387	0.3	0	86.5171	4.29638e-05	200.12	4.29638e-05	200.12	43.2582	1	0	0	1	
65	0.108342	0.3	0	86.8788	1.39996e-05	199.073	1.39996e-05	199.073	43.4391	1	0	0	1	
65	0.109296	0.3	0	87.231	2.39169e-05	198.041	2.39169e-05	198.041	43.6151	1	0	0	1	
65	0.110251	0.3	0	87.5741	5.53938e-06	197.023	5.53938e-06	197.023	43.7867	1	0	0	1	
65	0.111206	0.3	0	87.9084	8.01922e-05	196.02	8.01922e-05	196.02	43.9538	1	0	0	1	
65	0.112161	0.3	0	88.2344	9.59121e-06	195.031	9.59121e-06	195.031	44.1168	1	0	0	1	
65	0.113116	0.3	0	88.5523	2.13043e-06	194.055	2.13043e-06	194.055	44.2756	1	0	0	1	
65	0.11407	0.3	0	88.8624	2.31277e-06	193.093	2.31277e-06	193.093	44.4307	1	0	0	1	
65	0.115025	0.3	0	89.1651	6.286e-06	192.143	6.286e-06	192.143	44.582	1	0	0	1	
65	0.11598	0.3	0	89.4606	3.86572e-06	191.207	3.86572e-06	191.207	44.7298	1	0	0	1	
65	0.116935	0.3	0	89.7492	2.32044e-05	190.282	2.32044e-05	190.282	44.874	1	0	0	1	
65	0.117889	0.3	0	90.0311	4.57844e-05	189.37	4.57844e-05	189.37	45.015	1	0	0	1	
65	0.118844	0.3	0	90.3067	2.30532e-05	188.469	2.30532e-05	188.469	45.1527	1	0	0	1	
65	0.119799	0.3	0	90.576	2.10223e-06	187.58	2.10223e-06	187.58	45.2874	1	0	0	1	
65	0.120754	0.3	0	90.8393	5.15493e-06	186.702	5.15493e-06	186.702	45.419	1	0	0	1	
65	0.121709	0.3	0	91.0969	6.36228e-06	185.835	6.36228e-06	185.835	45.5478	1	0	0	1	
65	0.122663	0.3	0	91.3489	5.04328e-06	184.979	5.04328e-06	184.979	45.6737	1	0	0	1	
65	0.123618	0.3	0	91.5955	1.2624e-05	184.133	1.2624e-05	184.133	45.797	1	0	0	1	
65	0.124573	0.3	0	91.8369	7.24068e-06	183.298	7.24068e-06	183.298	45.9177	1	0	0	1	
65	0.125528	0.3	0	92.0733	8.73632e-06	182.473	8.73632e-06	182.473	46.0359	1	0	0	1	
65	0.126482	0.3	0	92.3048	1.80993e-05	181.657	1.80993e-05	181.657	46.1516	1	0	0	1	
65	0.127437	0.3	0	92.5315	4.696e-06	180.852	4.696e-06	180.852	46.2649	1	0	0	1	
65	0.128392	0.3	0	92.7537	5.80845e-06	180.056	5.80845e-06	180.056	46.376	1	0	0	1	
65	0.129347	0.3	0	92.9714	6.37434e-06	179.269	6.37434e-06	179.269	46.4849	1	0	0	1	
65	0.130302	0.3	0	93.1849	2.20176e-05	178.491	2.20176e-05	178.491	46.5916	1	0	0	1	
65	0.131256	0.3	0	93.3942	2.32813e-05	177.722	2.32813e-05	177.722	46.6962	1	0	0	1	
65	0.132211	0.3	0	93.5994	4.22685e-06	176.962	4.22685e-06	176.962	46.7989	1	0	0	1	
65	0.133166	0.3	0	93.8007	2.34086e-06	176.211	2.34086e-06	176.211	46.8995	1	0	0	1	
65	0.134121	0.3	0	93.9983	2.18238e-05	175.468	2.18238e-05	175.468	46.9982	1	0	0	1	
65	0.135075	0.3	0	94.1921	2.56142e-05	174.733	2.56142e-05	174.733	47.0951	1	0	0	1	
65	0.13603	0.3	0	94.3823	1.52434e-05	174.006	1.52434e-05	174.006	47.1902	1	0	0	1	
65	0.136985	0.3	0	94.569	5.48018e-06	173.287	5.48018e-06	173.287	47.2835	1	0	0	1	
65	0.13794	0.3	0	94.7524	1.14923e-06	172.576	1.14923e-06	172.576	47.3752	1	0	0	1	
65	0.138894	0.3	0	94.9324	4.21979e-05	171.873	4.21979e-05	171.873	47.4652	1	0	0	1	
65	0.139849	0.3	0	95.1093	2.51016e-05	171.177	2.51016e-05	171.177	47.5536	1	0	0	1	
65	0.140804	0.3	0	95.283	4.79537e-06	170.488	4.79537e-06	170.488	47.6405	1	0	0	1	
65	0.141759	0.3	0	95.4537	1.03603e-05	169.807	1.03603e-05	169.807	47.7258	1	0	0	1	
65	0.142714	0.3	0	95.6214	4.49854e-06	169.133	4.49854e-06	169.133	47.8096	1	0	0	1	
65	0.143668	0.3	0	95.7863	2.09257e-05	168.466	2.09257e-05	168.466	47.892	1	0	0	1	
65	0.144623	0.3	0	95.9484	6.85723e-06	167.805	6.85723e-06	167.805	47.9731	1	0	0	1	
65	0.145578	0.3	0	96.1077	8.18252e-06	167.151	8.18252e-06	167.151	48.0528	1	0	0	1	
65	0.146533	0.3	0	96.2644	2.22215e-05	166.504	2.22215e-05	166.504	48.1311	1	0	0	1	
65	0.147487	0.3	0	96.4184	8.40833e-06	165.863	8.40833e-06	165.863	48.2081	1	0	0	1	
65	0.148442	0.3	0	96.57	8.1111e-06	165.229	8.1111e-06	165.229	48.2839	1	0	0	1	
65	0.149397	0.3	0	96.7191	2.19911e-05	164.601	2.19911e-05	164.601	48.3584	1	0	0	1	
65	0.150352	0.3	0	96.8658	2.52222e-06	163.979	2.52222e-06	163.979	48.4317	1	0	0	1	
65	0.151307	0.3	0	97.0101	1.2589e-07	163.363	1.2589e-07	163.363	48.5039	1	0	0	1	
65	0.152261	0.3	0	97.1522	1.85621e-05	162.753	1.85621e-05	162.753	48.5749	1	0	0	1	
65	0.153216	0.3	0	97.2921	2.28019e-05	162.149	2.28019e-05	162.149	48.6448	1	0	0	1	
65	0.154171	0.3	0	97.4297	1.28267e-05	161.551	1.28267e-05	161.551	48.7137	1	0	0	1	
65	0.155126	0.3	0	97.5652	2.44446e-07	160.958	2.44446e-07	160.958	48.7814	1	0	0	1	
65	0.15608	0.3	0	97.6987	1.57708e-05	160.371	1.57708e-05	160.371	48.8481	1	0	0	1	
65	0.157035	0.3	0	97.8301	1.15482e-05	159.79	1.15482e-05	159.79	48.9138	1	0	0	1	
65	0.15799	0.3	0	97.9596	1.17274e-05	159.213	1.17274e-05	159.213	48.9785	1	0	0	1	
65	0.158945	0.3	0	98.0871	1.64317e-05	158.643	1.64317e-05	158.643	49.0423	1	0	0	1	
65	0.159899	0.3	0	98.2127	3.42445e-05	158.077	3.42445e-05	158.077	49.105	1	0	0	1	
65	0.160854	0.3	0	98.3365	3.9548e-07	157.516	3.9548e-07	157.516	49.1669	1	0	0	1	
65	0.161809	0.3	0	98.4584	1.22554e-05	156.961	1.22554e-05	156.961	49.2279	1	0	0	1	
65	0.162764	0.3	0	98.5786	5.11921e-05	156.41	5.11921e-05	156.41	49.288	1	0	0	1	
65	0.163719	0.3	0	98.6971	6.34557e-07	155.864	6.34557e-07	155.864	49.3472	1	0	0	1	
65	0.164673	0.3	0	98.8139	2.68295e-06	155.323	2.68295e-06	155.323	49.4056	1	0	0	1	
65	0.165628	0.3	0	98.9289	1.72158e-05	154.787	1.72158e-05	154.787	49.4645	1	0	0	1	
65	0.166583	0.3	0	99.0424	3.94327e-05	154.256	3.94327e-05	154.256	49.5213	1	0	0	1	
65	0.167538	0.3	0	99.1543	5.63639e-06	153.729	5.63639e-06	153.729	49.5772	1	0	0	1	
65	0.168492	0.3	0	99.2647	3.3384e-05	153.207	3.3384e-05	153.207	49.6324	1	0	0	1	
65	0.169447	0.3	0	99.3735	5.00044e-06	152.689	5.00044e-06	152.689	49.6868	1	0	0	1	
65	0.170402	0.3	0	99.4809	2.77198e-05	152.175	2.77198e-05	152.175	49.7405	1	0	0	1	
65	0.171357	0.3	0	99.5868	3.14877e-07	151.666	3.14877e-07	151.666	49.7934	1	0	0	1	
65	0.172312	0.3	0	99.6913	1.23574e-05	151.161	1.23574e-05	151.161	49.8456	1	0	0	1	
65	0.173266	0.3	0	99.7943	1.05038e-05	150.661	1.05038e-05	150.661	49.8972	1	0	0	1	
65	0.174221	0.3	0	99.896	8.87675e-06	150.164	8.87675e-06	150.164	49.9481	1	0	0	1	
65	0.175176	0.3	0	99.9964	2.29048e-05	149.672	2.29048e-05	149.672	49.9982	1	0	0	1	
65	0.176131	0.3	0	100.095	9.756e-06	149.183	9.756e-06	149.183	50.048	1	0	0	1	
65	0.177085	0.3	0	100.193	1.32364e-06	148.699	1.32364e-06	148.699	50.0965	1	0	0	1	
65	0.17804	0.3	0	100.29	5.04647e-06	148.218	5.04647e-06	148.218	50.145	1	0	0	1	
65	0.178995	0.3	0	100.385	1.06885e-05	147.742	1.06885e-05	147.742	50.1925	1	0	0	1	
65	0.17995	0.3	0	100.479	2.30127e-05	147.269	2.30127e-05	147.269	50.2395	1	0	0	1	
65	0.180905	0.3	0	100.572	6.8403e-06	146.8	6.8403e-06	146.8	50.286	1	0	0	1	
65	0.181859	0.3	0	100.664	5.19536e-05	146.334	5.19536e-05	146.334	50.332	1	0	0	1	
65	0.182814	0.3	0	100.754	2.40082e-05	145.872	2.40082e-05	145.872	50.377	1	0	0	1	
65	0.183769	0.3	0	100.843	1.09664e-06	145.414	1.09664e-06	145.414	50.422	1	0	0	1	
65	0.184724	0.3	0	100.932	6.0385e-08	144.96	6.0385e-08	144.96	50.466	1	0	0	1	
65	0.185678	0.3	0	101.019	7.6967e-06	144.508	7.6967e-06	144.508	50.5095	1	0	0	1	
65	0.186633	0.3	0	101.105	3.52194e-06	144.061	3.52194e-06	144.061	50.5525	1	0	0	1	
65	0.187588	0.3	0	101.19	2.32573e-06	143.616	2.32573e-06	143.616	50.595	1	0	0	1	
65	0.188543	0.3	0	101.274	2.61405e-05	143.176	2.61405e-05	143.176	50.637	1	0	0	1	
65	0.189497	0.3	0	101.357	1.25404e-05	142.738	1.25404e-05	142.738	50.679	1	0	0	1	
65	0.190452	0.3	0	101.44	1.11225e-05	142.304	1.11225e-05	142.304	50.72	1	0	0	1	
65	0.191407	0.3	0	101.521	4.20373e-06	141.873	4.20373e-06	141.873	50.7605	1	0	0	1	
65	0.192362	0.3	0	101.601	5.07845e-06	141.445	5.07845e-06	141.445	50.8005	1	0	0	1	
65	0.193317	0.3	0	101.68	7.05817e-05	141.02	7.05817e-05	141.02	50.84	1	0	0	1	
65	0.194271	0.3	0	101.758	5.67547e-06	140.598	5.67547e-06	140.598	50.8795	1	0	0	1	
65	0.195226	0.3	0	101.836	3.19716e-05	140.18	3.19716e-05	140.18	50.918	1	0	0	1	
65	0.196181	0.3	0	101.912	1.21794e-05	139.764	1.21794e-05	139.764	50.956	1	0	0	1	
65	0.197136	0.3	0	101.988	1.78954e-05	139.352	1.78954e-05	139.352	50.994	1	0	0	1	
65	0.19809	0.3	0	102.063	1.61446e-06	138.942	1.61446e-06	138.942	51.0315	1	0	0	1	
65	0.199045	0.3	0	102.137	2.02896e-06	138.535	2.02896e-06	138.535	51.0685	1	0	0	1	
65	0.2	0.3	0	102.21	1.30729e-06	138.132	1.30729e-06	138.132	51.105	1	0	0	1	
