65	0.0472362	0.3	-100	0	0	0	0	0	0	1	2	0	1	
65	0.048191	0.3	-100	0	0	0	0	0	0	1	2	0	1	
65	0.0491457	0.3	-100	0	0	0	0	0	0	1	2	0	1	
65	0.0501005	0.3	-100	0	0	0	0	0	0	1	2	0	1	
65	0.0510553	0.3	-100	0	0	0	0	0	0	1	2	0	1	
65	0.0520101	0.3	-100	0	0	0	0	0	0	1	2	0	1	
65	0.0529648	0.3	1	41.5258	246.66	-8.6549e-06	2.6359e-05	308.273	41.5746	1	2	0	1	
65	0.0539196	0.3	1	51.9023	245.236	1.06615e-05	-7.84546e-09	304.316	51.9327	1	2	0	1	
65	0.0548744	0.3	1	57.4704	244.045	-2.1558e-05	2.34575e-06	300.938	57.4774	1	2	0	1	
65	0.0558291	0.3	1	61.7098	242.907	2.18656e-05	3.69937e-05	297.759	61.7217	1	2	0	1	
65	0.0567839	0.3	1	65.2188	241.8	-9.44953e-06	2.1255e-05	294.717	65.2248	1	2	0	1	
65	0.0577387	0.3	1	68.2518	240.718	-1.77942e-05	1.36225e-05	291.784	68.2551	1	2	0	1	
65	0.0586935	0.3	1	70.9397	239.654	-3.05142e-05	1.80424e-05	288.945	70.9417	1	2	0	1	
65	0.0596482	0.3	1	73.3638	238.609	-1.56975e-05	1.39157e-05	286.189	73.3745	1	2	0	1	
65	0.060603	0.3	1	75.5738	237.582	6.24578e-06	1.5022e-05	283.512	75.5817	1	2	0	1	
65	0.0615578	0.3	1	77.609	236.571	2.49083e-05	7.78943e-06	280.907	77.615	1	2	0	1	
65	0.0625126	0.3	1	79.4968	235.575	-4.31313e-06	-1.02686e-05	278.37	79.5015	1	2	0	1	
65	0.0634673	0.3	1	81.2528	234.599	-4.29727e-05	-7.7752e-08	275.897	81.2566	1	2	0	1	
65	0.0644221	0.3	1	82.9051	233.634	3.94292e-06	-2.26262e-05	273.484	82.9081	1	2	0	1	
65	0.0653769	0.3	1	84.4605	232.684	-1.20214e-06	2.28002e-05	271.129	84.463	1	2	0	1	
65	0.0663317	0.3	1	85.9297	231.749	-1.40473e-05	-1.0608e-06	268.83	85.932	1	2	0	1	
65	0.0672864	0.3	1	87.3241	230.826	2.90233e-05	-6.18005e-06	266.582	87.3259	1	2	0	1	
65	0.0682412	0.3	1	88.6462	229.918	-4.87652e-05	2.31328e-05	264.386	88.6477	1	2	0	1	
65	0.069196	0.3	1	89.9052	-229.025	-1.57752e-05	-7.6267e-06	262.239	89.9065	1	2	0	1	
65	0.0701508	0.3	1	91.1068	-228.144	3.00467e-06	-1.39669e-06	260.138	91.1079	1	2	0	1	
65	0.0711055	0.3	1	92.2556	-227.276	2.32818e-05	-2.07986e-05	258.083	92.2566	1	2	0	1	
65	0.0720603	0.3	1	93.3513	226.425	3.91488e-06	-5.04293e-07	256.072	93.3522	1	2	0	1	
65	0.0730151	0.3	1	94.4084	225.581	-1.13312e-06	2.19641e-05	254.102	94.4091	1	2	0	1	
65	0.0739698	0.3	1	95.4257	224.747	1.33559e-05	-6.7207e-07	252.172	95.4263	1	2	0	1	
65	0.0749246	0.3	1	96.4012	223.928	6.75998e-06	1.80313e-05	250.281	96.4018	1	2	0	1	
65	0.0758794	0.3	1	97.3407	223.119	-9.24326e-06	1.51367e-05	248.429	97.3413	1	2	0	1	
65	0.0768342	0.3	1	98.2467	222.323	-2.52555e-06	3.13916e-06	246.614	98.2472	1	2	0	1	
65	0.0777889	0.3	1	99.1211	221.536	-2.89235e-06	5.98197e-06	244.835	99.1216	1	2	0	1	
65	0.0787437	0.3	1	99.9661	220.761	-1.41138e-05	4.5039e-07	243.091	99.9665	1	2	0	1	
65	0.0796985	0.3	1	100.783	219.996	3.8855e-05	-1.11279e-05	241.383	100.784	1	2	0	1	
65	0.0806533	0.3	1	101.575	219.24	1.07177e-05	2.57117e-06	239.715	101.575	1	2	0	1	
65	0.081608	0.3	1	102.341	218.495	-2.23496e-05	1.12198e-05	238.042	102.341	1	2	0	1	
65	0.0825628	0.3	1	103.084	217.759	1.05499e-05	-3.64811e-05	236.412	103.084	1	2	0	1	
65	0.0835176	0.3	1	103.804	217.033	4.90043e-05	-5.7393e-06	234.814	103.804	1	2	0	1	
65	0.0844724	0.3	1	104.504	216.316	-1.64757e-05	-1.89383e-05	233.245	104.504	1	2	0	1	
65	0.0854271	0.3	1	105.183	215.608	1.66641e-05	-2.19543e-06	231.704	105.183	1	2	0	1	
65	0.0863819	0.3	1	105.843	214.909	-3.29485e-05	-5.66508e-06	230.189	105.844	1	2	0	1	
65	0.0873367	0.3	1	106.486	214.218	3.43657e-05	7.41346e-06	228.701	106.49	1	2	0	1	
65	0.0882915	0.3	1	107.111	213.536	1.12322e-05	-1.81218e-05	227.238	107.115	1	2	0	1	
65	0.0892462	0.3	1	107.72	212.862	-1.01453e-05	-1.46079e-05	225.799	107.724	1	2	0	1	
65	0.090201	0.3	1	108.312	212.197	3.13766e-06	2.47259e-05	224.384	108.316	1	2	0	1	
65	0.0911558	0.3	1	108.89	211.539	7.58293e-06	4.52935e-05	222.993	108.894	1	2	0	1	
65	0.0921106	0.3	1	109.454	210.888	-2.12344e-05	2.31066e-05	221.624	109.457	1	2	0	1	
65	0.0930653	0.3	1	110.004	210.245	-8.41082e-07	-3.72313e-06	220.277	110.007	1	2	0	1	
65	0.0940201	0.3	1	110.54	209.61	2.32538e-06	-1.38763e-05	218.951	110.543	1	2	0	1	
65	0.0949749	0.3	1	111.064	208.982	-8.58035e-06	2.60603e-05	217.645	111.067	1	2	0	1	
65	0.0959296	0.3	1	111.576	208.36	9.18293e-07	-1.44996e-05	216.36	111.579	1	2	0	1	
65	0.0968844	0.3	1	112.076	207.746	-4.93049e-06	1.62953e-06	215.095	112.079	1	2	0	1	
65	0.0978392	0.3	1	112.565	207.138	-9.80744e-06	-1.55468e-05	213.849	112.568	1	2	0	1	
65	0.098794	0.3	1	113.043	206.537	3.23958e-06	1.76406e-05	212.621	113.046	1	2	0	1	
65	0.0997487	0.3	1	113.511	205.943	-8.73532e-06	-2.70405e-06	211.412	113.513	1	2	0	1	
65	0.100704	0.3	1	113.973	205.349	-1.03486e-05	1.20191e-05	210.22	113.975	1	2	0	1	
65	0.101658	0.3	1	114.416	204.772	2.82318e-06	9.09435e-06	209.046	114.419	1	2	0	1	
65	0.102613	0.3	1	114.855	204.196	-1.12473e-06	1.98562e-06	207.889	114.858	1	2	0	1	
65	0.103568	0.3	1	115.285	203.626	2.09627e-05	1.09656e-05	206.748	115.287	1	2	0	1	
65	0.104523	0.3	1	115.706	203.062	1.68317e-05	1.86884e-05	205.624	115.708	1	2	0	1	
65	0.105477	0.3	1	116.119	202.503	1.55953e-05	-4.7127e-06	204.515	116.121	1	2	0	1	
65	0.106432	0.3	1	116.524	201.95	-4.02769e-05	-3.06171e-06	203.421	116.526	1	2	0	1	
65	0.107387	0.3	1	116.921	201.402	2.28803e-06	1.31318e-06	202.343	116.923	1	2	0	1	
65	0.108342	0.3	1	117.31	200.86	2.32012e-06	7.11878e-06	201.279	117.312	1	2	0	1	
65	0.109296	0.3	1	117.692	200.323	1.69608e-06	-3.47169e-06	200.229	117.694	1	2	0	1	
65	0.110251	0.3	1	118.067	199.791	2.41194e-05	1.26191e-05	199.194	118.069	1	2	0	1	
65	0.111206	0.3	1	118.435	199.265	2.30012e-05	-1.0759e-07	198.172	118.437	1	2	0	1	
65	0.112161	0.3	1	118.796	198.743	1.18841e-05	4.7871e-05	197.164	118.798	1	2	0	1	
65	0.113116	0.3	1	119.151	198.226	-1.78346e-06	3.66013e-06	196.168	119.153	1	2	0	1	
65	0.11407	0.3	1	119.5	197.714	-7.70715e-06	-9.38619e-07	195.186	119.502	1	2	0	1	
65	0.115025	0.3	1	119.843	197.206	1.53647e-05	1.25943e-05	194.216	119.844	1	2	0	1	
65	0.11598	0.3	1	120.179	196.703	3.84456e-05	-8.27577e-06	193.258	120.181	1	2	0	1	
65	0.116935	0.3	1	120.51	196.205	-5.44001e-06	3.2201e-06	192.312	120.512	1	2	0	1	
65	0.117889	0.3	1	120.836	195.711	-9.90108e-06	1.64924e-05	191.379	120.837	1	2	0	1	
65	0.118844	0.3	1	121.156	195.222	-1.7649e-05	1.19076e-05	190.456	121.157	1	2	0	1	
65	0.119799	0.3	1	121.471	194.736	4.41152e-05	-5.6053e-06	189.545	121.472	1	2	0	1	
65	0.120754	0.3	1	121.781	194.255	-8.58149e-06	1.71125e-05	188.645	121.782	1	2	0	1	
65	0.121709	0.3	1	122.085	193.778	1.60707e-05	3.22367e-05	187.756	122.087	1	2	0	1	
65	0.122663	0.3	1	122.385	193.305	2.10663e-05	2.19739e-05	186.877	122.387	1	2	0	1	
65	0.123618	0.3	1	122.681	192.836	4.19877e-06	-2.97579e-06	186.009	122.682	1	2	0	1	
65	0.124573	0.3	1	122.971	192.371	1.27984e-05	-1.7868e-06	185.151	122.973	1	2	0	1	
65	0.125528	0.3	1	123.258	191.91	-1.32761e-05	1.9397e-05	184.302	123.259	1	2	0	1	
65	0.126482	0.3	1	123.54	191.453	1.14148e-05	1.12104e-05	183.464	123.541	1	2	0	1	
65	0.127437	0.3	1	123.817	190.999	8.21533e-06	-8.66532e-06	182.635	123.818	1	2	0	1	
65	0.128392	0.3	1	124.091	190.549	-2.28509e-05	1.87381e-05	181.816	124.092	1	2	0	1	
65	0.129347	0.3	1	124.36	190.103	-3.16374e-05	1.31485e-05	181.006	124.361	1	2	0	1	
65	0.130302	0.3	1	124.626	189.66	-1.05198e-06	5.69284e-06	180.205	124.627	1	2	0	1	
65	0.131256	0.3	1	124.888	189.22	-2.92723e-06	-1.3812e-05	179.413	124.889	1	2	0	1	
65	0.132211	0.3	1	125.146	188.784	-2.24475e-06	-5.08556e-05	178.629	125.147	1	2	0	1	
65	0.133166	0.3	1	125.4	188.352	4.19659e-05	1.13476e-05	177.854	125.401	1	2	0	1	
65	0.134121	0.3	1	125.651	187.922	1.64589e-05	4.53835e-05	177.088	125.652	1	2	0	1	
65	0.135075	0.3	1	125.899	187.496	-9.6599e-06	8.24138e-06	176.329	125.9	1	2	0	1	
65	0.13603	0.3	1	126.143	187.073	-2.24618e-05	4.15113e-05	175.579	126.144	1	2	0	1	
65	0.136985	0.3	1	126.384	186.654	-2.55031e-05	-9.02154e-06	174.837	126.384	1	2	0	1	
65	0.13794	0.3	1	126.621	186.237	-2.95754e-06	-2.16038e-05	174.102	126.622	1	2	0	1	
65	0.138894	0.3	1	126.855	185.824	5.38773e-05	2.97856e-06	173.376	126.856	1	2	0	1	
65	0.139849	0.3	1	127.087	185.413	1.20577e-05	-9.38188e-06	172.656	127.088	1	2	0	1	
65	0.140804	0.3	1	127.315	185.006	1.4379e-05	-1.98606e-05	171.945	127.316	1	2	0	1	
65	0.141759	0.3	1	127.54	184.601	5.64348e-06	-2.95672e-06	171.24	127.541	1	2	0	1	
65	0.142714	0.3	1	127.763	184.199	1.91312e-05	-1.83471e-05	170.542	127.764	1	2	0	1	
65	0.143668	0.3	1	127.982	183.801	-2.33039e-05	-3.77019e-07	169.852	127.983	1	2	0	1	
65	0.144623	0.3	1	128.199	183.405	-2.25415e-06	-4.78128e-06	169.168	128.2	1	2	0	1	
65	0.145578	0.3	1	128.413	183.012	9.92663e-06	-7.54722e-08	168.492	128.414	1	2	0	1	
65	0.146533	0.3	1	128.625	182.621	1.42903e-05	2.10997e-05	167.821	128.626	1	2	0	1	
65	0.147487	0.3	1	128.834	182.235	6.05523e-06	1.03545e-05	167.158	128.835	1	2	0	1	
65	0.148442	0.3	1	129.04	181.849	1.33124e-05	-2.44733e-06	166.501	129.041	1	2	0	1	
65	0.149397	0.3	1	129.244	181.458	-8.81508e-06	-3.66131e-06	165.85	129.245	1	2	0	1	
65	0.150352	0.3	1	129.446	181.113	-9.04142e-06	5.77229e-06	165.205	129.446	1	2	0	1	
65	0.151307	0.3	1	129.645	180.686	-2.13744e-05	2.42786e-05	164.567	129.645	1	2	0	1	
65	0.152261	0.3	1	129.841	180.448	1.25064e-05	-4.97343e-06	163.934	129.842	1	2	0	1	
65	0.153216	0.3	1	130.036	179.971	-2.31358e-06	-2.24871e-05	163.308	130.037	1	2	0	1	
65	0.154171	0.3	1	130.228	179.606	-7.91674e-06	-2.74362e-05	162.687	130.229	1	2	0	1	
65	0.155126	0.3	1	130.418	179.214	-2.40653e-05	-4.60175e-06	162.072	130.419	1	2	0	1	
65	0.15608	0.3	1	130.606	178.859	-2.55636e-05	5.91359e-07	161.463	130.607	1	2	0	1	
65	0.157035	0.3	1	130.792	178.496	-2.14173e-06	1.35128e-07	160.859	130.792	1	2	0	1	
65	0.15799	0.3	1	130.975	178.127	-8.68114e-06	-1.2786e-05	160.261	130.976	1	2	0	1	
65	0.158945	0.3	1	131.157	177.765	2.04902e-05	1.8132e-05	159.668	131.158	1	2	0	1	
65	0.159899	0.3	1	131.337	177.408	1.28746e-05	5.07298e-06	159.08	131.337	1	2	0	1	
65	0.160854	0.3	1	131.514	177.052	1.12739e-05	-5.0547e-05	158.498	131.515	1	2	0	1	
65	0.161809	0.3	1	131.69	176.698	-6.97665e-06	2.24547e-06	157.921	131.691	1	2	0	1	
65	0.162764	0.3	1	131.864	176.346	-1.64103e-05	3.43619e-06	157.348	131.865	1	2	0	1	
65	0.163719	0.3	1	132.036	175.997	-1.8447e-06	2.07996e-05	156.781	132.037	1	2	0	1	
65	0.164673	0.3	1	132.206	175.65	-1.84053e-05	-1.12337e-05	156.219	132.207	1	2	0	1	
65	0.165628	0.3	1	132.375	175.304	1.98695e-05	1.74201e-05	155.662	132.376	1	2	0	1	
65	0.166583	0.3	1	132.542	174.961	1.71952e-05	-1.14481e-05	155.109	132.542	1	2	0	1	
65	0.167538	0.3	1	132.707	174.62	2.38861e-05	7.84875e-06	154.561	132.707	1	2	0	1	
65	0.168492	0.3	1	132.87	174.28	2.62423e-05	2.51868e-06	154.017	132.871	1	2	0	1	
65	0.169447	0.3	1	133.032	173.943	2.14849e-05	5.73127e-06	153.479	133.032	1	2	0	1	
65	0.170402	0.3	1	133.192	173.607	5.24442e-06	1.52315e-05	152.944	133.192	1	2	0	1	
65	0.171357	0.3	1	133.35	173.274	2.29865e-06	1.1509e-05	152.414	133.351	1	2	0	1	
65	0.172312	0.3	1	133.507	172.942	-5.50506e-06	-4.47533e-06	151.889	133.508	1	2	0	1	
65	0.173266	0.3	1	133.662	172.612	1.91323e-05	-3.28707e-05	151.368	133.663	1	2	0	1	
65	0.174221	0.3	1	133.816	172.284	2.24995e-05	-3.31925e-05	150.851	133.817	1	2	0	1	
65	0.175176	0.3	1	133.968	171.958	-7.9622e-06	7.2844e-05	150.338	133.969	1	2	0	1	
65	0.176131	0.3	1	134.119	171.633	-3.02939e-05	-7.28668e-06	149.829	134.12	1	2	0	1	
65	0.177085	0.3	1	134.269	171.311	1.91622e-05	-5.37945e-05	149.324	134.269	1	2	0	1	
65	0.17804	0.3	1	134.416	170.989	7.16357e-06	-8.88575e-06	148.824	134.417	1	2	0	1	
65	0.178995	0.3	1	134.563	170.67	-4.17364e-05	-1.34674e-05	148.327	134.564	1	2	0	1	
65	0.17995	0.3	1	134.708	170.354	8.50164e-06	5.99959e-06	147.834	134.709	1	2	0	1	
65	0.180905	0.3	1	134.852	170.034	-1.15139e-05	2.84354e-06	147.345	134.853	1	2	0	1	
65	0.181859	0.3	1	134.995	169.719	-1.50148e-05	-1.48396e-05	146.86	134.995	1	2	0	1	
65	0.182814	0.3	1	135.132	169.436	-2.09604e-05	-3.30784e-05	146.379	135.133	1	2	0	1	
65	0.183769	0.3	1	135.276	169.083	-1.96713e-05	6.26505e-06	145.901	135.276	1	2	0	1	
65	0.184724	0.3	1	135.411	168.824	-5.28151e-06	4.40588e-06	145.427	135.412	1	2	0	1	
65	0.185678	0.3	1	135.552	168.445	-2.6777e-05	-4.32711e-06	144.956	135.552	1	2	0	1	
65	0.186633	0.3	1	135.688	168.177	6.94378e-06	2.12867e-05	144.489	135.688	1	2	0	1	
65	0.187588	0.3	1	135.82	167.885	-9.29718e-07	2.47045e-06	144.026	135.82	1	2	0	1	
65	0.188543	0.3	1	135.956	167.564	1.33766e-05	-7.23815e-06	143.566	135.957	1	2	0	1	
65	0.189497	0.3	1	136.089	167.263	-3.27347e-05	-4.92961e-05	143.109	136.089	1	2	0	1	
65	0.190452	0.3	1	136.22	166.965	-2.60868e-05	1.94159e-05	142.656	136.221	1	2	0	1	
65	0.191407	0.3	1	136.351	166.665	4.58279e-05	-9.07395e-06	142.206	136.351	1	2	0	1	
65	0.192362	0.3	1	136.48	166.367	1.79814e-05	-2.72471e-05	141.759	136.48	1	2	0	1	
65	0.193317	0.3	1	136.608	166.071	-1.48855e-05	5.69462e-06	141.315	136.608	1	2	0	1	
65	0.194271	0.3	1	136.735	165.777	-1.55076e-05	1.14062e-05	140.875	136.735	1	2	0	1	
65	0.195226	0.3	1	136.861	165.483	-3.39012e-05	8.18542e-06	140.438	136.861	1	2	0	1	
65	0.196181	0.3	1	136.985	165.191	-2.90875e-05	-1.21597e-05	140.004	136.986	1	2	0	1	
65	0.197136	0.3	1	137.109	164.901	-1.42157e-05	-5.23727e-05	139.573	137.11	1	2	0	1	
65	0.19809	0.3	1	137.232	164.612	-1.10343e-05	-9.29456e-06	139.145	137.232	1	2	0	1	
65	0.199045	0.3	1	137.354	164.324	2.88508e-05	8.82131e-06	138.72	137.354	1	2	0	1	
65	0.2	0.3	1	137.474	164.037	-1.29948e-05	3.89304e-06	138.298	137.475	1	2	0	1	
