65	0.01	0.3	-3	0	0	0	0	0	346	0	0	0	1	
65	0.0119192	0.3	-3	0	0	0	0	0	346	0	0	0	1	
65	0.0138384	0.3	-3	0	0	0	0	0	346	0	0	0	1	
65	0.0157576	0.3	-3	0	0	0	0	0	346	0	0	0	1	
65	0.0176768	0.3	-3	0	0	0	0	0	346	0	0	0	1	
65	0.019596	0.3	-3	0	0	0	0	0	346	0	0	0	1	
65	0.0215152	0.3	-3	0	0	0	0	0	346	0	0	0	1	
65	0.0234343	0.3	-3	0	0	0	0	0	346	0	0	0	1	
65	0.0253535	0.3	-3	0	0	0	0	0	346	0	0	0	1	
65	0.0272727	0.3	-3	0	0	0	0	0	346	0	0	0	1	
65	0.0291919	0.3	-3	0	0	0	0	0	346	0	0	0	1	
65	0.0311111	0.3	-3	0	0	0	0	0	346	0	0	0	1	
65	0.0330303	0.3	-3	0	0	0	0	0	346	0	0	0	1	
65	0.0349495	0.3	-3	0	0	0	0	0	346	0	0	0	1	
65	0.0368687	0.3	-3	0	0	0	0	0	346	0	0	0	1	
65	0.0387879	0.3	-3	0	0	0	0	0	346	0	0	0	1	
65	0.0407071	0.3	-3	0	0	0	0	0	346	0	0	0	1	
65	0.0426263	0.3	-3	0	0	0	0	0	346	0	0	0	1	
65	0.0445455	0.3	-3	0	0	0	0	0	346	0	0	0	1	
65	0.0464646	0.3	3	30.9822	-249.319	3.78268e-06	4.22037e-06	326.072	346	0	0	0	1	
65	0.0483838	0.3	3	48.9244	-247.464	-2.24937e-05	-2.66984e-06	318.623	346	0	0	0	1	
65	0.050303	0.3	3	58.319	-245.28	4.12539e-06	-1.36795e-05	311.499	346	0	0	0	1	
65	0.0522222	0.3	3	65.1291	-243.017	-1.94646e-05	-7.05113e-06	304.726	346	0	0	0	1	
65	0.0541414	0.3	3	70.5515	-240.747	-3.83801e-06	-1.48117e-05	298.288	346	0	0	0	1	
65	0.0560606	0.3	3	75.0752	-238.504	9.90686e-06	1.87636e-05	292.165	346	0	0	0	1	
65	0.0579798	0.3	3	78.9579	-236.304	-4.12932e-05	4.19853e-05	286.333	346	0	0	0	1	
65	0.059899	0.3	3	82.3522	-234.157	-7.21294e-06	1.38805e-06	280.771	346	0	0	0	1	
65	0.0618182	0.3	3	85.3696	-232.062	2.8622e-05	-2.05108e-05	275.458	346	0	0	0	1	
65	0.0637374	0.3	3	88.0733	-230.027	4.76009e-06	1.9099e-05	270.376	346	0	0	0	1	
65	0.0656566	0.3	3	90.519	-228.049	-6.651e-06	9.71966e-06	265.509	346	0	0	0	1	
65	0.0675758	0.3	3	92.7468	-226.127	3.52801e-06	-2.12878e-07	260.839	346	0	0	0	1	
65	0.0694949	0.3	3	94.7877	-224.262	5.03203e-06	-2.76299e-05	256.352	346	0	0	0	1	
65	0.0714141	0.3	4	96.6666	-222.451	5.80003e-06	-8.16647e-08	252.034	346	0	0	0	1	
65	0.0733333	0.3	4	98.4036	-220.692	-9.41824e-06	4.86792e-05	247.872	346	0	0	0	1	
65	0.0752525	0.3	4	100.015	-218.984	4.10524e-07	-3.13293e-06	243.853	346	0	0	0	1	
65	0.0771717	0.3	1	101.515	-217.326	8.9488e-06	5.11841e-06	239.966	346	0	0	0	1	
65	0.0790909	0.3	1	102.914	-215.716	-6.13218e-06	-1.13565e-05	236.196	346	0	0	0	1	
65	0.0810101	0.3	1	104.223	-214.153	-2.15355e-05	2.88886e-05	232.531	346	0	0	0	1	
65	0.0829293	0.3	1	105.45	-212.635	1.41569e-05	7.35596e-06	228.955	346	0	0	0	1	
65	0.0848485	0.3	1	106.6	211.162	-2.94676e-06	-4.67927e-06	225.447	346	0	0	0	1	
65	0.0867677	0.3	1	107.681	209.735	-1.98177e-05	1.34829e-05	221.975	346	0	0	0	1	
65	0.0886869	0.3	1	108.695	208.353	2.17549e-05	-2.84216e-06	218.471	346	0	0	0	1	
65	0.0906061	0.3	1	109.644	207.022	-5.35815e-06	-1.13684e-05	214.626	346	0	0	0	1	
65	0.0925253	0.3	1	110.516	205.765	6.16613e-06	2.26978e-05	210.645	346	0	0	0	1	
65	0.0944444	0.3	1	111.345	204.539	1.10134e-05	-3.9373e-05	208.128	346	0	0	0	1	
65	0.0963636	0.3	1	112.137	203.338	-7.47411e-05	-2.34708e-05	205.698	346	0	0	0	1	
65	0.0982828	0.3	1	112.895	202.16	6.60634e-06	-1.60083e-06	203.346	346	0	0	0	1	
65	0.100202	0.3	4	113.623	201.003	1.94511e-06	2.66506e-05	201.064	346	0	0	0	1	
65	0.102121	0.3	3	114.321	199.865	-3.73634e-06	1.25569e-05	198.849	346	0	0	0	1	
65	0.10404	0.3	3	114.991	198.747	-7.99176e-06	4.07146e-06	196.698	346	0	0	0	1	
65	0.10596	0.3	3	115.637	197.647	3.32156e-05	4.4233e-06	194.606	346	0	0	0	1	
65	0.107879	0.3	3	116.259	196.563	-1.12802e-05	7.018e-06	192.572	346	0	0	0	1	
65	0.109798	0.3	3	116.858	195.494	-3.13876e-05	-3.62921e-05	190.592	346	0	0	0	1	
65	0.111717	0.3	3	117.437	194.44	-5.0366e-05	-1.50129e-05	188.664	346	0	0	0	1	
65	0.113636	0.3	3	117.996	193.4	1.69111e-05	5.95304e-06	186.785	346	0	0	0	1	
65	0.115556	0.3	3	118.537	192.371	3.38349e-05	2.3061e-05	184.953	346	0	0	0	1	
65	0.117475	0.3	3	119.06	191.355	2.60989e-06	3.06885e-06	183.167	346	0	0	0	1	
65	0.119394	0.3	3	119.567	190.348	8.49974e-06	-2.80752e-05	181.423	346	0	0	0	1	
65	0.121313	0.3	3	120.058	189.351	3.01628e-06	1.79457e-05	179.721	346	0	0	0	1	
65	0.123232	0.3	3	120.535	188.362	-2.62036e-05	8.43497e-07	178.059	346	0	0	0	1	
65	0.125152	0.3	3	120.998	187.38	-3.1982e-05	-4.93188e-06	176.434	346	0	0	0	1	
65	0.127071	0.3	3	121.447	186.403	-4.55198e-05	-2.07835e-06	174.846	346	0	0	0	1	
65	0.12899	0.3	3	121.885	185.431	2.51801e-05	-2.20356e-05	173.293	346	0	0	0	1	
65	0.130909	0.3	3	122.31	184.462	2.94581e-06	2.19358e-05	171.773	346	0	0	0	1	
65	0.132828	0.3	3	122.724	183.494	-1.20961e-05	-7.85967e-06	170.286	346	0	0	0	1	
65	0.134747	0.3	3	123.128	182.524	-1.64612e-05	5.07139e-06	168.829	346	0	0	0	1	
65	0.136667	0.3	3	123.522	181.549	1.34771e-06	-4.92427e-06	167.403	346	0	0	0	1	
65	0.138586	0.3	3	123.906	180.564	-3.11024e-05	-9.10087e-06	166.005	346	0	0	0	1	
65	0.140505	0.3	3	124.282	179.56	4.08784e-05	1.3214e-05	164.635	346	0	0	0	1	
65	0.142424	0.3	3	124.649	178.522	-9.13768e-06	-1.0347e-05	163.291	346	0	0	0	1	
65	0.144343	0.3	3	125.008	177.264	-7.39488e-07	3.19616e-06	161.973	346	0	0	0	1	
65	0.146263	0.3	3	125.36	176.358	-6.5439e-06	-7.98685e-06	160.679	346	0	0	0	1	
65	0.148182	0.3	3	125.705	175.431	1.83878e-05	1.42872e-05	159.41	346	0	0	0	1	
65	0.150101	0.3	3	126.042	174.505	-6.06024e-06	2.36346e-06	158.163	346	0	0	0	1	
65	0.15202	0.3	3	126.372	173.571	1.05398e-06	-6.96268e-06	156.939	346	0	0	0	1	
65	0.153939	0.3	3	126.696	172.625	1.86891e-06	4.07124e-05	155.736	346	0	0	0	1	
65	0.155859	0.3	3	127.014	171.662	3.74421e-07	6.57581e-06	154.555	346	0	0	0	1	
65	0.157778	0.3	3	127.325	170.676	-2.20697e-05	-8.87871e-06	153.393	346	0	0	0	1	
65	0.159697	0.3	3	127.631	169.653	-4.38083e-05	6.77767e-05	152.251	346	0	0	0	1	
65	0.161616	0.3	3	127.933	168.573	2.47502e-06	-7.69127e-06	151.127	346	0	0	0	1	
65	0.163535	0.3	3	128.229	167.386	5.85664e-06	1.395e-05	150.022	346	0	0	0	1	
65	0.165455	0.3	3	128.523	165.838	-6.0266e-06	2.72477e-05	148.933	346	0	0	0	1	
65	0.167374	0.3	3	128.818	163.549	-3.36877e-05	-4.33697e-06	147.859	346	0	0	0	1	
65	0.169293	0.3	3	129.108	162.747	3.39079e-05	2.84036e-05	146.801	346	0	0	0	1	
65	0.171212	0.3	3	129.393	161.937	-7.68871e-05	3.29408e-06	145.759	346	0	0	0	1	
65	0.173131	0.3	3	129.674	161.124	1.79663e-05	-1.50675e-05	144.734	346	0	0	0	1	
65	0.175051	0.3	3	129.95	160.304	3.16331e-05	1.58222e-05	143.724	346	0	0	0	1	
65	0.17697	0.3	3	130.221	159.472	-2.20008e-05	-7.9862e-06	142.728	346	0	0	0	1	
65	0.178889	0.3	3	130.488	158.623	-3.50375e-05	-9.97412e-07	141.747	346	0	0	0	1	
65	0.180808	0.3	3	130.752	157.748	2.22848e-05	9.14627e-06	140.78	346	0	0	0	1	
65	0.182727	0.3	3	131.011	156.827	-2.94865e-05	1.09286e-05	139.827	346	0	0	0	1	
65	0.184646	0.3	3	131.268	155.79	1.28997e-05	-1.72535e-05	138.886	346	0	0	0	1	
65	0.186566	0.3	3	131.523	154.22	1.25731e-05	-1.33343e-06	137.957	346	0	0	0	1	
65	0.188485	0.3	3	131.775	153.52	9.311e-08	8.75377e-06	137.04	346	0	0	0	1	
65	0.190404	0.3	3	132.024	152.816	8.6912e-06	1.29204e-05	136.136	346	0	0	0	1	
65	0.192323	0.3	3	132.269	152.108	-3.03351e-05	3.15359e-05	135.243	346	0	0	0	1	
65	0.194242	0.3	3	132.51	151.401	-5.00487e-06	-1.16604e-05	134.363	346	0	0	0	1	
65	0.196162	0.3	3	132.748	150.693	1.67297e-05	-6.06845e-06	133.493	346	0	0	0	1	
65	0.198081	0.3	3	132.983	149.983	5.97807e-05	-1.20863e-05	132.634	346	0	0	0	1	
65	0.2	0.3	3	133.214	149.269	2.40267e-05	1.82419e-05	131.787	346	0	0	0	1	
