40	0.1	0.3	-3	0	0	0	0	0	173	0	1	0	1	
40.7071	0.1	0.3	-3	0	0	0	0	0	173	0	1	0	1	
41.4141	0.1	0.3	-3	0	0	0	0	0	173	0	1	0	1	
42.1212	0.1	0.3	-3	0	0	0	0	0	173	0	1	0	1	
42.8283	0.1	0.3	-3	0	0	0	0	0	173	0	1	0	1	
43.5354	0.1	0.3	-3	0	0	0	0	0	173	0	1	0	1	
44.2424	0.1	0.3	-3	0	0	0	0	0	173	0	1	0	1	
44.9495	0.1	0.3	3	24.7493	-247.229	4.76932e-07	-1.45546e-06	267.6	173	0	1	0	1	
45.6566	0.1	0.3	3	37.9324	-246.277	-2.41886e-06	-2.43774e-05	266.058	173	0	1	0	1	
46.3636	0.1	0.3	3	45.0209	-245.253	-1.20837e-05	4.06727e-05	264.503	173	0	1	0	1	
47.0707	0.1	0.3	3	50.3905	-244.156	-2.29418e-06	7.86487e-06	262.923	173	0	1	0	1	
47.7778	0.1	0.3	3	54.8771	-242.996	9.51211e-06	3.78671e-06	261.314	173	0	1	0	1	
48.4848	0.1	0.3	3	58.8143	-242.063	1.46726e-05	2.42259e-05	259.672	173	0	1	0	1	
49.1919	0.1	0.3	3	62.3766	240.925	8.59008e-07	1.40972e-05	257.997	173	0	1	0	1	
49.899	0.1	0.3	3	65.6507	239.711	-9.68415e-06	-1.5338e-05	256.286	173	0	1	0	1	
50.6061	0.1	0.3	3	68.7066	238.431	-1.12492e-05	-5.23722e-06	254.539	173	0	1	0	1	
51.3131	0.1	0.3	3	71.5834	237.096	-4.66738e-06	1.37209e-06	252.755	173	0	1	0	1	
52.0202	0.1	0.3	3	74.3137	235.705	-3.97164e-05	1.67788e-05	250.932	173	0	1	0	1	
52.7273	0.1	0.3	3	76.9209	234.262	-7.17067e-05	-5.85281e-07	249.071	173	0	1	0	1	
53.4343	0.1	0.3	3	79.4231	232.766	-3.42731e-05	-4.76011e-06	247.168	173	0	1	0	1	
54.1414	0.1	0.3	3	81.8342	231.219	-6.86477e-05	-3.6847e-05	245.224	173	0	1	0	1	
54.8485	0.1	0.3	3	84.1657	229.621	-1.60175e-05	-2.44494e-05	243.238	173	0	1	0	1	
55.5556	0.1	0.3	3	86.4267	227.97	-1.6289e-05	-3.9011e-06	241.207	173	0	1	0	1	
56.2626	0.1	0.3	3	88.625	226.267	1.7367e-05	-1.33966e-05	239.131	173	0	1	0	1	
56.9697	0.1	0.3	3	90.767	224.512	-4.7687e-05	-2.14124e-07	237.009	173	0	1	0	1	
57.6768	0.1	0.3	3	92.858	222.702	-1.13187e-06	-2.63011e-05	234.838	173	0	1	0	1	
58.3838	0.1	0.3	3	94.9027	220.838	-1.78144e-06	-2.19804e-05	232.618	173	0	1	0	1	
59.0909	0.1	0.3	3	96.9051	218.918	1.3808e-05	-5.5717e-06	230.347	173	0	1	0	1	
59.798	0.1	0.3	3	98.8686	216.942	3.76209e-05	4.84818e-06	228.023	173	0	1	0	1	
60.5051	0.1	0.3	3	100.796	214.906	-1.86235e-05	-9.30017e-06	225.644	173	0	1	0	1	
61.2121	0.1	0.3	3	102.691	212.811	-9.2125e-06	1.80558e-05	223.209	173	0	1	0	1	
61.9192	0.1	0.3	3	104.554	210.654	6.98137e-06	7.85155e-05	220.715	173	0	1	0	1	
62.6263	0.1	0.3	3	106.389	208.432	4.68597e-06	-2.28035e-06	218.16	173	0	1	0	1	
63.3333	0.1	0.3	3	108.197	206.145	1.62361e-05	2.4538e-05	215.542	173	0	1	0	1	
64.0404	0.1	0.3	3	109.98	203.79	5.04736e-05	-1.3687e-05	212.859	173	0	1	0	1	
64.7475	0.1	0.3	3	111.739	201.364	1.13111e-06	-3.79833e-06	210.106	173	0	1	0	1	
65.4545	0.1	0.3	3	113.476	198.865	2.84315e-06	4.17584e-05	207.282	173	0	1	0	1	
66.1616	0.1	0.3	3	115.191	196.288	-2.76534e-05	-3.24377e-06	204.383	173	0	1	0	1	
66.8687	0.1	0.3	3	116.886	193.632	3.22741e-05	1.26784e-05	201.406	173	0	1	0	1	
67.5758	0.1	0.3	3	118.562	190.892	5.50005e-06	-1.198e-05	198.346	173	0	1	0	1	
68.2828	0.1	0.3	3	120.22	188.063	-1.4806e-05	6.00045e-06	195.199	173	0	1	0	1	
68.9899	0.1	0.3	3	121.86	185.142	1.3522e-05	-1.85646e-05	191.961	173	0	1	0	1	
69.697	0.1	0.3	3	123.483	182.124	4.87567e-06	-2.64031e-06	188.626	173	0	1	0	1	
70.404	0.1	0.3	3	125.091	179.001	1.04663e-05	1.39785e-05	185.188	173	0	1	0	1	
71.1111	0.1	0.3	3	126.683	175.769	5.40458e-06	-2.71834e-05	181.641	173	0	1	0	1	
71.8182	0.1	0.3	3	128.26	172.419	-1.40413e-06	-3.72546e-06	177.978	173	0	1	0	1	
72.5253	0.1	0.3	3	129.822	168.944	-7.24798e-06	-1.32693e-05	174.19	173	0	1	0	1	
73.2323	0.1	0.3	3	131.37	165.333	4.09304e-05	-4.96523e-06	170.268	173	0	1	0	1	
73.9394	0.1	0.3	3	132.905	161.576	2.47618e-06	1.03034e-07	166.201	173	0	1	0	1	
74.6465	0.1	0.3	3	134.427	157.66	-1.28135e-05	-2.12605e-05	161.976	173	0	1	0	1	
75.3535	0.1	0.3	3	135.935	153.568	-1.11773e-05	-6.49675e-06	157.58	173	0	1	0	1	
76.0606	0.1	0.3	3	137.431	149.282	-1.16599e-05	-2.71579e-05	152.994	173	0	1	0	1	
76.7677	0.1	0.3	3	138.914	144.778	1.52077e-05	1.72882e-05	148.2	173	0	1	0	1	
77.4747	0.1	0.3	3	140.384	140.026	-7.04088e-05	-1.19356e-05	143.17	173	0	1	0	1	
78.1818	0.1	0.3	3	141.843	134.983	-3.30679e-06	-4.38461e-06	137.876	173	0	1	0	1	
78.8889	0.1	0.3	3	143.29	129.584	-1.34533e-05	-4.68159e-05	132.279	173	0	1	0	1	
79.596	0.1	0.3	3	144.726	123.69	-3.79914e-05	3.27805e-07	126.329	173	0	1	0	1	
80.303	0.1	0.3	3	146.155	117.134	-4.82089e-06	7.56926e-06	119.958	173	0	1	0	1	
81.0101	0.1	0.3	3	147.572	-110.652	-2.06731e-05	-2.69696e-05	113.076	173	0	1	0	1	
81.7172	0.1	0.3	3	148.976	103.58	2.53475e-05	5.76201e-06	105.548	173	0	1	0	1	
82.4242	0.1	0.3	3	150.364	-95.7481	-2.90369e-05	4.59762e-05	97.153	173	0	1	0	1	
83.1313	0.1	0.3	3	151.732	-86.9066	1.26144e-05	-1.03759e-05	87.4543	173	0	1	0	1	
83.8384	0.1	0.3	3	153.058	-76.7109	-2.68325e-05	1.34507e-05	74.895	173	0	1	0	1	
84.5455	0.1	0.3	1	154.211	-65.6324	2.46866e-05	1.18574e-05	58.7328	173	0	1	0	1	
85.2525	0.1	0.3	1	155.249	51.7999	2.08799e-05	-5.07453e-06	43.2392	173	0	1	0	1	
85.9596	0.1	0.3	1	156.002	31.8906	-4.9792e-05	2.33205e-05	15.5261	173	0	1	0	1	
86.6667	0.1	0.3	1	156.024	30.2174	-1.13617e-06	3.58977e-06	7.55074e-05	173	0	1	0	1	
87.3737	0.1	0.3	1	156.017	30.1655	2.63848e-05	-4.57249e-05	2.51681e-05	173	0	1	0	1	
88.0808	0.1	0.3	1	156.011	30.1177	-2.57123e-05	0.000124261	1.58174e-06	173	0	1	0	1	
88.7879	0.1	0.3	1	156.004	30.075	1.75396e-05	-2.06928e-05	2.62616e-05	173	0	1	0	1	
89.4949	0.1	0.3	1	155.997	30.0374	-3.31674e-06	1.8076e-05	-6.71167e-06	173	0	1	0	1	
90.202	0.1	0.3	1	155.991	29.9764	5.18585e-07	8.63454e-05	-6.55391e-06	173	0	1	0	1	
90.9091	0.1	0.3	1	155.984	30.1095	1.81862e-05	-9.89303e-05	2.84055e-06	173	0	1	0	1	
91.6162	0.1	0.3	1	156.029	37.5255	1.87863e-06	-4.79556e-05	-7.26371e-08	173	0	1	0	1	
92.3232	0.1	0.3	1	156.178	34.631	-1.7886e-05	1.11412e-07	1.26434e-06	173	0	1	0	1	
93.0303	0.1	0.3	1	156.279	32.9815	-7.27124e-06	0.000102771	1.49035e-06	173	0	1	0	1	
93.7374	0.1	0.3	1	156.352	32.2095	5.90733e-06	0.000121369	-1.98099e-06	173	0	1	0	1	
94.4444	0.1	0.3	1	156.412	31.7296	-1.7165e-07	0.000100661	-7.27247e-06	173	0	1	0	1	
95.1515	0.1	0.3	1	156.464	31.393	5.09386e-06	7.52015e-05	4.56689e-06	173	0	1	0	1	
95.8586	0.1	0.3	1	156.51	31.1368	8.46284e-06	3.3998e-05	-1.57815e-05	173	0	1	0	1	
96.5657	0.1	0.3	1	156.552	30.9329	9.51689e-06	8.0371e-06	7.64158e-06	173	0	1	0	1	
97.2727	0.1	0.3	1	156.591	30.7644	1.82244e-05	7.33373e-06	1.36072e-06	173	0	1	0	1	
97.9798	0.1	0.3	1	156.627	30.6212	-8.64496e-06	0.000110327	-9.55073e-07	173	0	1	0	1	
98.6869	0.1	0.3	1	156.669	29.9142	-5.37696e-06	-3.14381e-06	2.22408e-06	173	0	1	0	1	
99.3939	0.1	0.3	1	156.7	29.9087	-8.33832e-06	0.000117605	2.91971e-06	173	0	1	0	1	
100.101	0.1	0.3	1	156.729	29.8717	-1.8536e-06	2.09096e-05	-1.61651e-06	173	0	1	0	1	
100.808	0.1	0.3	1	156.756	29.851	-2.01719e-06	0.000128337	-4.82904e-07	173	0	1	0	1	
101.515	0.1	0.3	1	156.783	29.843	-7.92794e-07	8.52159e-05	1.45044e-06	173	0	1	0	1	
102.222	0.1	0.3	1	156.808	29.8448	-7.24711e-06	0.000210625	1.87991e-06	173	0	1	0	1	
102.929	0.1	0.3	1	156.832	29.8552	-4.04915e-06	0.000102278	-2.69558e-08	173	0	1	0	1	
103.636	0.1	0.3	1	156.849	30.1916	-1.39747e-06	-2.55941e-05	-2.64489e-06	173	0	1	0	1	
104.343	0.1	0.3	-2	0	0	0	0	0	173	0	1	0	1	
105.051	0.1	0.3	-2	0	0	0	0	0	173	0	1	0	1	
105.758	0.1	0.3	-3	0	0	0	0	0	173	0	1	0	1	
106.465	0.1	0.3	-2	0	0	0	0	0	173	0	1	0	1	
107.172	0.1	0.3	-2	0	0	0	0	0	173	0	1	0	1	
107.879	0.1	0.3	-2	0	0	0	0	0	173	0	1	0	1	
108.586	0.1	0.3	-2	0	0	0	0	0	173	0	1	0	1	
109.293	0.1	0.3	-2	0	0	0	0	0	173	0	1	0	1	
110	0.1	0.3	-2	0	0	0	0	0	173	0	1	0	1	
