40	0.1	0.3	-2	0	0	0	0	0	346	1	2	0	1	
40.3518	0.1	0.3	-2	0	0	0	0	0	346	1	2	0	1	
40.7035	0.1	0.3	-2	0	0	0	0	0	346	1	2	0	1	
41.0553	0.1	0.3	-2	0	0	0	0	0	346	1	2	0	1	
41.407	0.1	0.3	-2	0	0	0	0	0	346	1	2	0	1	
41.7588	0.1	0.3	-2	0	0	0	0	0	346	1	2	0	1	
42.1106	0.1	0.3	1	25.9395	-245.519	7.27776e-05	-2.1362e-06	267.803	346	1	2	0	1	
42.4623	0.1	0.3	1	33.1978	-245.318	-6.21218e-06	3.85753e-06	267.143	346	1	2	0	1	
42.8141	0.1	0.3	1	37.8668	-245.057	-8.61632e-06	2.6703e-05	266.47	346	1	2	0	1	
43.1658	0.1	0.3	1	41.5084	-244.756	-3.70247e-06	-5.53388e-05	265.787	346	1	2	0	1	
43.5176	0.1	0.3	1	44.5728	-244.425	1.60091e-06	5.06738e-07	265.097	346	1	2	0	1	
43.8693	0.1	0.3	1	47.2596	-244.068	-1.50654e-05	3.61793e-05	264.399	346	1	2	0	1	
44.2211	0.1	0.3	1	49.6751	-243.69	3.56229e-06	1.49275e-06	263.693	346	1	2	0	1	
44.5729	0.1	0.3	1	51.8927	-243.291	-6.43372e-06	-1.01401e-05	262.979	346	1	2	0	1	
44.9246	0.1	0.3	1	53.9477	-242.874	9.22503e-06	-4.38403e-06	262.257	346	1	2	0	1	
45.2764	0.1	0.3	1	55.8731	-242.441	2.56572e-05	-8.30123e-06	261.527	346	1	2	0	1	
45.6281	0.1	0.3	1	57.6912	-241.992	-7.01375e-05	-4.60568e-06	260.789	346	1	2	0	1	
45.9799	0.1	0.3	1	59.4185	-241.528	-1.98559e-05	-1.11114e-07	260.043	346	1	2	0	1	
46.3317	0.1	0.3	1	61.0648	241.051	-3.17959e-05	-3.85868e-05	259.289	346	1	2	0	1	
46.6834	0.1	0.3	1	62.6495	240.559	-1.5628e-05	-1.02983e-05	258.527	346	1	2	0	1	
47.0352	0.1	0.3	1	64.1717	240.054	3.8453e-06	2.44279e-05	257.757	346	1	2	0	1	
47.3869	0.1	0.3	1	65.6412	239.536	4.91408e-05	-4.93818e-06	256.978	346	1	2	0	1	
47.7387	0.1	0.3	1	67.0636	239.005	-2.27616e-05	2.17696e-05	256.191	346	1	2	0	1	
48.0905	0.1	0.3	1	68.4435	238.463	-3.83103e-06	1.82139e-05	255.395	346	1	2	0	1	
48.4422	0.1	0.3	1	69.785	237.908	-1.50354e-05	9.60061e-06	254.591	346	1	2	0	1	
48.794	0.1	0.3	1	71.0881	237.342	-9.12449e-06	5.36748e-06	253.779	346	1	2	0	1	
49.1457	0.1	0.3	1	72.3662	236.762	-1.77274e-05	-2.7209e-06	252.957	346	1	2	0	1	
49.4975	0.1	0.3	1	73.6113	236.172	-1.59955e-06	-9.05023e-06	252.127	346	1	2	0	1	
49.8492	0.1	0.3	1	74.8294	235.57	-2.81307e-05	-2.81364e-06	251.288	346	1	2	0	1	
50.201	0.1	0.3	1	76.0224	234.956	5.89859e-06	-1.76578e-06	250.439	346	1	2	0	1	
50.5528	0.1	0.3	1	77.192	234.331	-6.64942e-06	1.92342e-05	249.582	346	1	2	0	1	
50.9045	0.1	0.3	1	78.3398	233.695	1.59218e-05	1.52264e-05	248.716	346	1	2	0	1	
51.2563	0.1	0.3	1	79.4674	233.047	-8.04609e-06	-3.3776e-06	247.84	346	1	2	0	1	
51.608	0.1	0.3	1	80.5759	232.388	-7.5148e-05	8.51208e-06	246.955	346	1	2	0	1	
51.9598	0.1	0.3	1	81.6665	231.718	1.95561e-05	-1.1931e-05	246.06	346	1	2	0	1	
52.3116	0.1	0.3	1	82.7402	231.036	1.91749e-05	-2.77139e-05	245.156	346	1	2	0	1	
52.6633	0.1	0.3	1	83.7981	230.343	1.57396e-05	-3.47395e-05	244.242	346	1	2	0	1	
53.0151	0.1	0.3	1	84.841	-229.638	-2.57719e-05	-4.81192e-06	243.318	346	1	2	0	1	
53.3668	0.1	0.3	1	85.8696	228.922	1.39449e-05	-1.45282e-05	242.384	346	1	2	0	1	
53.7186	0.1	0.3	1	86.8848	228.195	-1.90454e-05	-9.32527e-06	241.44	346	1	2	0	1	
54.0704	0.1	0.3	1	87.8871	227.456	-2.8751e-05	2.92266e-05	240.486	346	1	2	0	1	
54.4221	0.1	0.3	1	88.8772	226.705	-5.98501e-06	2.20676e-05	239.522	346	1	2	0	1	
54.7739	0.1	0.3	1	89.8557	225.943	1.01273e-05	7.09303e-05	238.547	346	1	2	0	1	
55.1256	0.1	0.3	1	90.8231	225.169	-1.38189e-05	1.03319e-05	237.562	346	1	2	0	1	
55.4774	0.1	0.3	1	91.7799	224.384	-9.17105e-06	-1.52011e-06	236.565	346	1	2	0	1	
55.8291	0.1	0.3	1	92.7266	223.586	-2.22486e-05	-1.39875e-05	235.558	346	1	2	0	1	
56.1809	0.1	0.3	1	93.6635	222.776	2.83312e-06	1.11653e-05	234.54	346	1	2	0	1	
56.5327	0.1	0.3	1	94.5957	221.951	-9.03854e-06	-1.50889e-05	233.51	346	1	2	0	1	
56.8844	0.1	0.3	1	95.5129	221.118	8.00285e-06	-2.58756e-05	232.47	346	1	2	0	1	
57.2362	0.1	0.3	1	96.4219	220.273	1.66354e-05	-5.88968e-07	231.418	346	1	2	0	1	
57.5879	0.1	0.3	1	97.3229	219.415	-3.10951e-05	-1.67587e-05	230.354	346	1	2	0	1	
57.9397	0.1	0.3	1	98.2152	218.545	3.78024e-06	-4.70972e-06	229.279	346	1	2	0	1	
58.2915	0.1	0.3	1	99.1013	217.662	-2.56979e-05	8.57976e-06	228.192	346	1	2	0	1	
58.6432	0.1	0.3	1	99.9799	216.765	1.38463e-05	4.37203e-05	227.092	346	1	2	0	1	
58.995	0.1	0.3	1	100.851	215.856	-1.00376e-05	1.99664e-05	225.98	346	1	2	0	1	
59.3467	0.1	0.3	1	101.716	214.933	4.47027e-05	8.9708e-07	224.856	346	1	2	0	1	
59.6985	0.1	0.3	1	102.574	213.997	2.04984e-05	1.93349e-05	223.719	346	1	2	0	1	
60.0503	0.1	0.3	1	103.425	213.048	-2.78316e-05	2.13012e-05	222.569	346	1	2	0	1	
60.402	0.1	0.3	1	104.27	212.085	-1.67729e-05	-3.68836e-05	221.405	346	1	2	0	1	
60.7538	0.1	0.3	1	105.109	211.108	-1.72387e-06	-3.5782e-05	220.229	346	1	2	0	1	
61.1055	0.1	0.3	1	105.942	210.118	2.02604e-05	6.89125e-06	219.039	346	1	2	0	1	
61.4573	0.1	0.3	1	106.769	209.113	8.34064e-07	-1.91919e-06	217.836	346	1	2	0	1	
61.809	0.1	0.3	1	107.591	208.093	-6.02165e-06	8.59844e-06	216.618	346	1	2	0	1	
62.1608	0.1	0.3	1	108.407	207.06	2.81795e-05	1.04614e-05	215.387	346	1	2	0	1	
62.5126	0.1	0.3	1	109.218	206.011	-1.88938e-06	-9.26788e-06	214.141	346	1	2	0	1	
62.8643	0.1	0.3	1	110.028	204.942	5.10425e-06	-1.06498e-05	212.881	346	1	2	0	1	
63.2161	0.1	0.3	1	110.824	203.868	-1.5331e-05	4.57833e-06	211.611	346	1	2	0	1	
63.5678	0.1	0.3	1	111.62	202.773	6.97384e-06	2.29824e-05	210.298	346	1	2	0	1	
63.9196	0.1	0.3	1	112.412	201.662	2.96509e-05	6.34886e-06	209.022	346	1	2	0	1	
64.2714	0.1	0.3	1	113.198	200.535	3.69169e-05	2.65453e-05	207.684	346	1	2	0	1	
64.6231	0.1	0.3	1	113.98	199.392	-1.78646e-05	3.11186e-05	206.337	346	1	2	0	1	
64.9749	0.1	0.3	1	114.757	198.232	-9.54472e-06	3.94779e-07	204.975	346	1	2	0	1	
65.3266	0.1	0.3	1	115.53	197.055	9.5631e-06	-4.03203e-06	203.597	346	1	2	0	1	
65.6784	0.1	0.3	1	116.299	195.861	-8.17827e-05	1.03375e-05	202.202	346	1	2	0	1	
66.0302	0.1	0.3	1	117.063	194.649	-1.6008e-05	7.25462e-05	200.789	346	1	2	0	1	
66.3819	0.1	0.3	1	117.823	193.42	-1.89225e-05	1.47688e-05	199.358	346	1	2	0	1	
66.7337	0.1	0.3	1	118.579	192.172	-3.22995e-05	-2.20792e-05	197.909	346	1	2	0	1	
67.0854	0.1	0.3	1	119.331	190.905	-5.07178e-07	-2.57926e-05	196.441	346	1	2	0	1	
67.4372	0.1	0.3	1	120.079	189.619	9.12917e-06	-4.29554e-05	194.953	346	1	2	0	1	
67.7889	0.1	0.3	1	120.823	188.314	3.06351e-06	4.11512e-06	193.445	346	1	2	0	1	
68.1407	0.1	0.3	1	121.564	186.988	-2.17922e-05	2.51854e-05	191.916	346	1	2	0	1	
68.4925	0.1	0.3	1	122.3	185.642	-2.13117e-05	1.91917e-05	190.367	346	1	2	0	1	
68.8442	0.1	0.3	1	123.033	184.275	-1.37663e-05	-9.63913e-06	188.796	346	1	2	0	1	
69.196	0.1	0.3	1	123.762	182.887	2.4609e-06	7.29688e-06	187.203	346	1	2	0	1	
69.5477	0.1	0.3	1	124.488	181.477	1.25786e-05	-4.56439e-05	185.587	346	1	2	0	1	
69.8995	0.1	0.3	1	125.21	180.044	2.45314e-05	1.26715e-05	183.947	346	1	2	0	1	
70.2513	0.1	0.3	1	125.928	178.588	-9.54007e-06	4.16998e-06	182.284	346	1	2	0	1	
70.603	0.1	0.3	1	126.643	177.109	-1.61033e-05	-8.30199e-06	180.596	346	1	2	0	1	
70.9548	0.1	0.3	1	127.355	175.605	-5.95088e-06	-1.89148e-05	178.882	346	1	2	0	1	
71.3065	0.1	0.3	1	128.063	174.076	1.06886e-05	-3.64901e-05	177.143	346	1	2	0	1	
71.6583	0.1	0.3	1	128.767	172.522	-4.68079e-05	3.76353e-05	175.376	346	1	2	0	1	
72.0101	0.1	0.3	1	129.468	170.941	2.23809e-05	1.36496e-05	173.581	346	1	2	0	1	
72.3618	0.1	0.3	1	130.166	169.333	7.81928e-06	-1.48236e-05	171.757	346	1	2	0	1	
72.7136	0.1	0.3	1	130.86	167.697	3.10387e-07	1.73151e-05	169.904	346	1	2	0	1	
73.0653	0.1	0.3	1	131.551	166.032	2.17354e-05	7.14089e-06	168.02	346	1	2	0	1	
73.4171	0.1	0.3	1	132.239	164.337	-1.44017e-06	-1.5549e-05	166.103	346	1	2	0	1	
73.7688	0.1	0.3	1	132.923	162.612	2.66964e-05	-1.0824e-05	164.154	346	1	2	0	1	
74.1206	0.1	0.3	1	133.603	160.855	-6.08772e-06	5.50239e-06	162.171	346	1	2	0	1	
74.4724	0.1	0.3	1	134.28	159.065	2.77364e-06	2.3241e-07	160.151	346	1	2	0	1	
74.8241	0.1	0.3	1	134.954	157.244	7.42215e-06	1.79103e-05	158.095	346	1	2	0	1	
75.1759	0.1	0.3	1	135.624	155.391	-9.03535e-06	2.06403e-05	156	346	1	2	0	1	
75.5276	0.1	0.3	1	136.291	153.49	-1.44159e-05	-1.1487e-05	153.864	346	1	2	0	1	
75.8794	0.1	0.3	1	136.954	151.56	3.26042e-05	9.16681e-06	151.687	346	1	2	0	1	
76.2312	0.1	0.3	1	137.613	149.592	2.66269e-05	1.0978e-05	149.466	346	1	2	0	1	
76.5829	0.1	0.3	1	138.269	147.581	1.86461e-05	2.56453e-05	147.198	346	1	2	0	1	
76.9347	0.1	0.3	1	138.92	145.561	-2.14672e-07	5.166e-06	144.883	346	1	2	0	1	
77.2864	0.1	0.3	1	139.568	143.487	-1.08431e-05	-2.05676e-05	142.517	346	1	2	0	1	
77.6382	0.1	0.3	1	140.213	141.361	3.56723e-05	2.9775e-06	140.096	346	1	2	0	1	
77.9899	0.1	0.3	1	140.85	139.116	3.853e-06	-1.60857e-05	137.622	346	1	2	0	1	
78.3417	0.1	0.3	1	141.485	136.827	3.66198e-05	4.2284e-06	135.086	346	1	2	0	1	
78.6935	0.1	0.3	1	142.116	134.492	6.28647e-07	-9.42235e-06	132.488	346	1	2	0	1	
79.0452	0.1	0.3	1	142.743	132.103	-1.94478e-06	-4.80768e-05	129.822	346	1	2	0	1	
79.397	0.1	0.3	1	143.366	129.679	1.56349e-05	1.4552e-05	127.085	346	1	2	0	1	
79.7487	0.1	0.3	1	143.984	127.133	-4.14659e-06	-3.56248e-07	124.272	346	1	2	0	1	
80.1005	0.1	0.3	1	144.597	124.524	-1.28203e-05	3.70711e-05	121.376	346	1	2	0	1	
80.4523	0.1	0.3	1	145.205	121.892	3.3109e-07	2.29683e-06	118.393	346	1	2	0	1	
80.804	0.1	0.3	1	145.808	119.128	-3.96591e-05	-1.75917e-05	115.315	346	1	2	0	1	
81.1558	0.1	0.3	1	146.405	116.289	-3.19198e-06	-1.85039e-05	112.133	346	1	2	0	1	
81.5075	0.1	0.3	1	146.995	113.358	4.99905e-05	-5.41725e-06	108.84	346	1	2	0	1	
81.8593	0.1	0.3	1	147.589	110.269	-4.52316e-06	5.08539e-06	105.417	346	1	2	0	1	
82.2111	0.1	0.3	1	148.167	107.114	-1.2346e-05	-1.05082e-05	101.863	346	1	2	0	1	
82.5628	0.1	0.3	1	148.737	103.834	-6.53172e-06	5.22868e-06	98.1584	346	1	2	0	1	
82.9146	0.1	0.3	1	149.298	100.419	-1.58695e-05	-1.36983e-05	94.2849	346	1	2	0	1	
83.2663	0.1	0.3	1	149.85	96.8536	1.1138e-06	2.17387e-05	90.2212	346	1	2	0	1	
83.6181	0.1	0.3	1	150.391	93.12	1.5717e-05	2.0706e-05	85.9418	346	1	2	0	1	
83.9698	0.1	0.3	1	150.92	89.1977	2.25793e-05	3.10094e-06	81.4176	346	1	2	0	1	
84.3216	0.1	0.3	1	151.434	85.061	4.44072e-06	1.97658e-05	76.6239	346	1	2	0	1	
84.6734	0.1	0.3	1	151.933	80.6713	-3.32681e-07	-1.33949e-05	71.4482	346	1	2	0	1	
85.0251	0.1	0.3	1	152.408	76.0219	-3.67165e-07	-5.72084e-06	65.6299	346	1	2	0	1	
85.3769	0.1	0.3	1	152.855	71.0872	1.12568e-05	2.70677e-06	59.283	346	1	2	0	1	
85.7286	0.1	0.3	1	153.263	65.8641	2.27369e-05	1.72312e-05	52.1265	346	1	2	0	1	
86.0804	0.1	0.3	1	153.619	60.4492	3.61442e-05	1.84271e-05	43.752	346	1	2	0	1	
86.4322	0.1	0.3	1	153.895	55.2811	1.73357e-05	1.08619e-05	33.2479	346	1	2	0	1	
86.7839	0.1	0.3	1	154.049	51.8291	2.96365e-05	-7.47469e-06	17.044	346	1	2	0	1	
87.1357	0.1	0.3	1	154.069	51.6576	2.33576e-05	-4.54934e-07	-3.36006e-05	346	1	2	0	1	
87.4874	0.1	0.3	1	154.092	51.4171	2.94784e-05	1.71121e-05	3.7931e-05	346	1	2	0	1	
87.8392	0.1	0.3	1	154.107	51.3684	-2.30852e-05	1.20374e-05	3.21828e-05	346	1	2	0	1	
88.191	0.1	0.3	1	154.122	51.3249	1.69845e-05	1.36636e-05	-8.79462e-06	346	1	2	0	1	
88.5427	0.1	0.3	1	154.136	51.2859	-1.03735e-05	-4.56124e-06	-4.64599e-07	346	1	2	0	1	
88.8945	0.1	0.3	1	154.15	51.2512	-1.02594e-05	4.19617e-06	-1.70539e-05	346	1	2	0	1	
89.2462	0.1	0.3	1	154.164	51.2204	1.69024e-05	1.41607e-05	7.96661e-06	346	1	2	0	1	
89.598	0.1	0.3	1	154.177	51.194	-1.43863e-06	2.68255e-06	-1.00408e-05	346	1	2	0	1	
89.9497	0.1	0.3	1	154.19	51.1708	-1.32282e-05	1.19288e-06	-1.19e-05	346	1	2	0	1	
90.3015	0.1	0.3	1	154.202	51.16	-1.2077e-05	-9.85752e-06	-1.93903e-05	346	1	2	0	1	
90.6533	0.1	0.3	1	154.215	51.1311	-1.26484e-05	8.39109e-06	6.36517e-06	346	1	2	0	1	
91.005	0.1	0.3	1	154.227	51.2287	7.59956e-07	-2.94364e-06	1.31861e-05	346	1	2	0	1	
91.3568	0.1	0.3	1	154.239	51.021	-2.6833e-06	-2.55934e-05	-2.15242e-05	346	1	2	0	1	
91.7085	0.1	0.3	1	154.253	51.059	3.43884e-06	-1.58518e-05	-1.40848e-05	346	1	2	0	1	
92.0603	0.1	0.3	3	154.259	51.0913	4.35639e-06	-1.44583e-05	-1.52838e-05	346	1	2	0	1	
92.4121	0.1	0.3	1	154.276	50.8272	-4.3547e-08	-1.11685e-05	-1.52236e-05	346	1	2	0	1	
92.7638	0.1	0.3	1	154.286	50.7615	-1.7624e-05	1.53973e-05	1.86643e-05	346	1	2	0	1	
93.1156	0.1	0.3	1	154.295	50.7298	-7.34505e-06	2.27671e-06	-1.10073e-05	346	1	2	0	1	
93.4673	0.1	0.3	1	154.303	50.7158	-7.81467e-08	2.49868e-05	1.55219e-05	346	1	2	0	1	
93.8191	0.1	0.3	1	154.31	50.7603	6.41377e-06	4.90156e-06	8.45821e-06	346	1	2	0	1	
94.1709	0.1	0.3	1	154.317	50.7849	-1.67652e-06	2.40182e-05	-8.84831e-06	346	1	2	0	1	
94.5226	0.1	0.3	1	154.325	50.7838	-1.19564e-05	-5.23433e-06	-1.81422e-06	346	1	2	0	1	
94.8744	0.1	0.3	1	154.333	50.7823	1.12117e-05	-1.44938e-05	-1.03605e-05	346	1	2	0	1	
95.2261	0.1	0.3	1	154.341	50.7776	1.82023e-05	-1.24535e-05	3.38959e-07	346	1	2	0	1	
95.5779	0.1	0.3	1	154.35	50.7718	8.72805e-06	-1.49471e-05	-1.8362e-05	346	1	2	0	1	
95.9296	0.1	0.3	1	154.358	50.7653	7.08039e-06	-1.28114e-05	9.70706e-06	346	1	2	0	1	
96.2814	0.1	0.3	1	154.365	50.7584	-2.61918e-05	-1.23888e-06	-9.34455e-06	346	1	2	0	1	
96.6332	0.1	0.3	1	154.373	50.7513	4.15782e-07	-1.25505e-05	1.28179e-05	346	1	2	0	1	
96.9849	0.1	0.3	1	154.381	50.744	-4.77532e-07	6.52769e-06	-2.19498e-05	346	1	2	0	1	
97.3367	0.1	0.3	1	154.389	50.7368	2.73803e-07	-1.62873e-05	-1.31461e-05	346	1	2	0	1	
97.6884	0.1	0.3	1	154.396	50.7296	1.12051e-06	-4.79738e-06	8.04359e-06	346	1	2	0	1	
98.0402	0.1	0.3	1	154.404	50.7225	-4.22982e-06	-5.68068e-06	-2.48695e-05	346	1	2	0	1	
98.392	0.1	0.3	1	154.411	50.7155	-1.70457e-07	8.47996e-06	1.84325e-05	346	1	2	0	1	
98.7437	0.1	0.3	1	154.419	50.7087	9.2704e-06	-1.19437e-06	4.57148e-06	346	1	2	0	1	
99.0955	0.1	0.3	1	154.426	50.7019	8.47462e-06	2.44904e-05	-1.01131e-05	346	1	2	0	1	
99.4472	0.1	0.3	1	154.433	50.6954	-1.35696e-05	1.96081e-05	1.45639e-07	346	1	2	0	1	
99.799	0.1	0.3	1	154.441	50.6891	3.29459e-06	1.81468e-05	1.34497e-05	346	1	2	0	1	
100.151	0.1	0.3	1	154.448	50.6828	4.96097e-06	-1.95079e-05	6.14362e-06	346	1	2	0	1	
100.503	0.1	0.3	1	154.455	50.6768	8.99703e-06	-1.72416e-05	-1.78374e-05	346	1	2	0	1	
100.854	0.1	0.3	1	154.462	50.6708	1.13661e-05	-1.61666e-05	-1.77615e-05	346	1	2	0	1	
101.206	0.1	0.3	1	154.468	50.665	6.80071e-06	1.07184e-05	-4.52352e-06	346	1	2	0	1	
101.558	0.1	0.3	1	154.475	50.6593	2.10125e-06	-5.53993e-06	1.00091e-05	346	1	2	0	1	
101.91	0.1	0.3	1	154.482	50.6539	-7.03844e-06	-5.24225e-06	1.78358e-05	346	1	2	0	1	
102.261	0.1	0.3	1	154.489	50.6486	2.77989e-07	-8.2213e-06	-6.53016e-06	346	1	2	0	1	
102.613	0.1	0.3	1	154.495	50.6433	9.49274e-06	2.37342e-05	5.70551e-06	346	1	2	0	1	
102.965	0.1	0.3	1	154.502	50.6382	3.91754e-06	-8.32498e-06	-6.08657e-06	346	1	2	0	1	
103.317	0.1	0.3	1	154.508	50.6333	-6.4632e-06	-2.44988e-05	1.58121e-05	346	1	2	0	1	
103.668	0.1	0.3	1	154.515	50.6285	-1.18692e-05	1.10419e-05	1.01635e-05	346	1	2	0	1	
104.02	0.1	0.3	1	154.521	50.6238	-9.99695e-06	-2.31307e-05	-5.64692e-06	346	1	2	0	1	
104.372	0.1	0.3	1	154.527	50.6193	1.60622e-06	-4.70392e-06	-2.92522e-05	346	1	2	0	1	
104.724	0.1	0.3	1	154.533	50.6149	9.85011e-07	-8.31705e-07	2.60475e-05	346	1	2	0	1	
105.075	0.1	0.3	1	154.54	50.6105	-3.91107e-06	4.5817e-06	2.47579e-05	346	1	2	0	1	
105.427	0.1	0.3	1	154.546	50.6063	6.71331e-06	-1.45092e-05	1.41665e-05	346	1	2	0	1	
105.779	0.1	0.3	1	154.552	50.6022	6.65507e-06	-1.43371e-05	3.34317e-06	346	1	2	0	1	
106.131	0.1	0.3	1	154.558	50.5982	1.76016e-05	-6.4173e-06	6.55243e-06	346	1	2	0	1	
106.482	0.1	0.3	1	154.564	50.5943	1.76577e-05	1.36879e-05	-1.29768e-05	346	1	2	0	1	
106.834	0.1	0.3	1	154.57	50.5905	-2.88347e-07	-2.82032e-05	-4.95743e-06	346	1	2	0	1	
107.186	0.1	0.3	1	154.576	50.5868	4.91288e-06	1.98103e-06	-1.00352e-05	346	1	2	0	1	
107.538	0.1	0.3	1	154.581	50.5831	7.08195e-06	1.18396e-06	1.69844e-05	346	1	2	0	1	
107.889	0.1	0.3	1	154.587	50.5795	1.3363e-05	1.01374e-05	1.52126e-05	346	1	2	0	1	
108.241	0.1	0.3	1	154.593	50.5762	-9.97908e-06	3.5958e-05	-5.64662e-06	346	1	2	0	1	
108.593	0.1	0.3	1	154.599	50.5728	-3.23727e-06	1.61998e-05	-8.02792e-06	346	1	2	0	1	
108.945	0.1	0.3	1	154.604	50.5695	2.53013e-06	1.90268e-05	-1.33383e-06	346	1	2	0	1	
109.296	0.1	0.3	1	154.61	50.5662	-1.01516e-05	-6.72053e-06	-1.88989e-05	346	1	2	0	1	
109.648	0.1	0.3	1	154.615	50.5631	9.91499e-07	-5.53252e-07	6.0819e-06	346	1	2	0	1	
110	0.1	0.3	1	154.621	50.56	-4.87884e-06	2.32738e-05	2.31497e-06	346	1	2	0	1	
