40	0.1	0.3	-2	0	0	0	0	0	
40.3518	0.1	0.3	-2	0	0	0	0	0	
40.7035	0.1	0.3	-2	0	0	0	0	0	
41.0553	0.1	0.3	-2	0	0	0	0	0	
41.407	0.1	0.3	-2	0	0	0	0	0	
41.7588	0.1	0.3	-2	0	0	0	0	0	
42.1106	0.1	0.3	-2	0	0	0	0	0	
42.4623	0.1	0.3	-2	0	0	0	0	0	
42.8141	0.1	0.3	-2	0	0	0	0	0	
43.1658	0.1	0.3	-2	0	0	0	0	0	
43.5176	0.1	0.3	-2	0	0	0	0	0	
43.8693	0.1	0.3	-2	0	0	0	0	0	
44.2211	0.1	0.3	-2	0	0	0	0	0	
44.5729	0.1	0.3	-2	0	0	0	0	0	
44.9246	0.1	0.3	-2	0	0	0	0	0	
45.2764	0.1	0.3	-2	0	0	0	0	0	
45.6281	0.1	0.3	-2	0	0	0	0	0	
45.9799	0.1	0.3	-2	0	0	0	0	0	
46.3317	0.1	0.3	-2	0	0	0	0	0	
46.6834	0.1	0.3	-2	0	0	0	0	0	
47.0352	0.1	0.3	-2	0	0	0	0	0	
47.3869	0.1	0.3	-2	0	0	0	0	0	
47.7387	0.1	0.3	1	9.63553	246.895	-1.26771e-05	9.59868e-06	-262.662	
48.0905	0.1	0.3	1	14.8832	246.118	1.97133e-05	-2.28022e-05	-261.835	
48.4422	0.1	0.3	1	18.7382	245.333	1.83251e-05	1.63662e-05	260.999	
48.794	0.1	0.3	1	21.9472	244.539	5.45621e-06	1.53064e-06	-260.155	
49.1457	0.1	0.3	1	24.7624	243.738	1.68322e-06	-1.58721e-05	-259.302	
49.4975	0.1	0.3	1	27.3061	242.927	7.21367e-06	-2.86039e-05	-258.44	
49.8492	0.1	0.3	1	29.6482	242.108	-2.03836e-05	-2.42338e-05	-257.569	
50.201	0.1	0.3	1	31.8331	241.281	3.34265e-06	2.38021e-06	-256.689	
50.5528	0.1	0.3	1	33.8914	240.445	-1.0814e-05	-1.50906e-05	-255.799	
50.9045	0.1	0.3	1	35.8448	239.6	-5.82971e-06	-2.32773e-05	-254.9	
51.2563	0.1	0.3	1	37.7097	238.746	1.06434e-05	1.54713e-05	-253.992	
51.608	0.1	0.3	1	39.4985	237.883	-2.21369e-05	-9.96143e-06	-253.074	
51.9598	0.1	0.3	1	41.2212	237.012	1.28167e-05	-2.03848e-06	-252.147	
52.3116	0.1	0.3	1	42.8858	236.131	3.10073e-05	4.75381e-05	-251.209	
52.6633	0.1	0.3	1	44.4987	235.24	-4.0241e-06	-3.57793e-06	-250.262	
53.0151	0.1	0.3	1	46.0655	234.341	1.94454e-05	-6.79996e-07	-249.305	
53.3668	0.1	0.3	1	47.5883	233.433	5.13186e-06	1.6603e-05	-248.338	
53.7186	0.1	0.3	1	49.0763	232.514	-2.35998e-05	-6.111e-06	-247.361	
54.0704	0.1	0.3	1	50.5309	231.584	6.91719e-07	-5.59629e-06	-246.373	
54.4221	0.1	0.3	1	51.9523	230.646	-9.77068e-06	6.93509e-06	-245.374	
54.7739	0.1	0.3	1	53.3446	229.697	3.90643e-06	-1.70619e-05	-244.366	
55.1256	0.1	0.3	1	54.7102	228.739	2.22278e-05	-1.06802e-05	243.346	
55.4774	0.1	0.3	1	56.051	227.771	1.67623e-06	1.83506e-05	-242.316	
55.8291	0.1	0.3	1	57.3686	226.792	2.45484e-05	-1.75389e-05	-241.274	
56.1809	0.1	0.3	1	58.6648	225.802	1.54055e-05	-2.4057e-05	-240.222	
56.5327	0.1	0.3	1	59.9407	224.802	2.01678e-05	-5.87185e-06	-239.158	
56.8844	0.1	0.3	1	61.1978	223.792	1.55361e-06	1.14326e-05	-238.083	
57.2362	0.1	0.3	1	62.4372	222.77	-7.71765e-06	9.12852e-06	-236.996	
57.5879	0.1	0.3	1	63.6598	221.737	1.71797e-05	-1.56359e-05	-235.897	
57.9397	0.1	0.3	1	64.8667	220.693	-2.96524e-05	-4.66757e-05	234.786	
58.2915	0.1	0.3	1	66.0586	219.638	1.57133e-05	-1.88823e-05	-233.664	
58.6432	0.1	0.3	1	67.2365	218.571	-1.80295e-06	2.89907e-05	-232.529	
58.995	0.1	0.3	1	68.401	217.493	5.93176e-06	-3.67151e-06	-231.382	
59.3467	0.1	0.3	1	69.5528	216.403	2.02801e-05	-1.69902e-06	-230.222	
59.6985	0.1	0.3	1	70.6925	215.3	-2.39561e-06	3.35819e-06	229.049	
60.0503	0.1	0.3	1	71.8207	214.186	-8.71269e-05	-1.52919e-06	227.863	
60.402	0.1	0.3	1	72.9379	213.058	-6.28914e-06	-5.79887e-06	226.664	
60.7538	0.1	0.3	1	74.0447	211.919	-1.88485e-06	6.16242e-06	-225.451	
61.1055	0.1	0.3	1	75.1414	210.766	-4.21879e-06	1.46065e-06	-224.225	
61.4573	0.1	0.3	1	76.2285	209.601	1.76116e-05	-1.58655e-05	-222.985	
61.809	0.1	0.3	1	77.3065	208.422	6.75731e-06	-3.63597e-05	-221.731	
62.1608	0.1	0.3	1	78.3757	207.229	1.67261e-05	-1.5367e-05	-220.463	
62.5126	0.1	0.3	1	79.4364	206.023	2.97702e-06	-9.38175e-06	-219.18	
62.8643	0.1	0.3	1	80.489	204.803	3.08634e-06	-1.41781e-05	-217.882	
63.2161	0.1	0.3	1	81.5338	-203.569	5.01712e-06	3.10518e-05	-216.569	
63.5678	0.1	0.3	1	82.5711	-202.32	-1.80615e-05	-7.88735e-05	-215.24	
63.9196	0.1	0.3	1	83.6012	201.057	-3.25249e-06	-3.40555e-05	-213.896	
64.2714	0.1	0.3	1	84.6244	-199.778	-1.72953e-05	-1.24985e-05	-212.536	
64.6231	0.1	0.3	1	85.6408	198.485	1.08511e-05	2.55634e-06	-211.159	
64.9749	0.1	0.3	1	86.6508	-197.175	8.50256e-06	-2.03348e-05	-209.766	
65.3266	0.1	0.3	1	87.6545	-195.85	3.17845e-05	5.12692e-06	-208.356	
65.6784	0.1	0.3	1	88.6521	-194.508	-1.98438e-05	2.45168e-05	-206.929	
66.0302	0.1	0.3	1	89.6439	193.15	2.85352e-06	2.05998e-05	-205.484	
66.3819	0.1	0.3	1	90.6301	191.775	-1.3952e-05	1.05579e-05	-204.021	
66.7337	0.1	0.3	1	91.6108	190.382	-3.98174e-05	-6.35619e-06	-202.54	
67.0854	0.1	0.3	1	92.5862	-188.972	-7.95038e-07	-2.04154e-05	-201.039	
67.4372	0.1	0.3	1	93.5565	-187.544	1.36247e-05	-2.48181e-05	-199.52	
67.7889	0.1	0.3	1	94.5219	186.097	-1.32125e-05	1.37205e-05	-197.981	
68.1407	0.1	0.3	1	95.4824	184.631	-7.14128e-05	-1.62939e-05	196.421	
68.4925	0.1	0.3	1	96.4382	-183.146	5.74664e-05	-5.51299e-07	-194.841	
68.8442	0.1	0.3	1	97.3895	181.641	-2.71977e-06	-8.40376e-06	-193.24	
69.196	0.1	0.3	1	98.3365	180.116	-5.79181e-06	1.56118e-05	-191.617	
69.5477	0.1	0.3	1	99.2791	178.569	1.1194e-05	-6.25022e-06	-189.972	
69.8995	0.1	0.3	1	100.218	-177.002	1.13292e-05	8.74648e-06	188.304	
70.2513	0.1	0.3	1	101.152	-175.412	1.064e-05	1.47984e-06	-186.613	
70.603	0.1	0.3	1	102.083	-173.799	-6.55936e-06	-4.1328e-06	-184.897	
70.9548	0.1	0.3	1	103.009	-172.164	1.19066e-05	1.39141e-05	-183.157	
71.3065	0.1	0.3	1	103.932	-170.504	8.40763e-07	4.10187e-06	-181.391	
71.6583	0.1	0.3	1	104.852	168.82	-2.45571e-05	-2.04431e-05	-179.6	
72.0101	0.1	0.3	1	105.768	167.11	-5.72017e-06	5.43006e-05	-177.781	
72.3618	0.1	0.3	1	106.68	-165.374	1.3964e-05	2.09557e-06	-175.934	
72.7136	0.1	0.3	1	107.589	163.611	-3.19028e-05	1.14665e-05	-174.059	
73.0653	0.1	0.3	1	108.495	161.821	-3.74035e-05	1.12619e-05	-172.153	
73.4171	0.1	0.3	1	109.397	160.001	9.69348e-06	9.78884e-06	170.218	
73.7688	0.1	0.3	1	110.297	158.151	-2.10071e-05	3.71858e-06	-168.25	
74.1206	0.1	0.3	1	111.193	156.271	-1.5742e-05	2.77113e-06	166.25	
74.4724	0.1	0.3	1	112.087	-154.359	3.8621e-06	-1.61557e-05	-164.215	
74.8241	0.1	0.3	1	112.978	152.413	1.66e-05	2.04081e-06	-162.145	
75.1759	0.1	0.3	1	113.866	-150.433	-7.63709e-06	5.47267e-06	-160.039	
75.5276	0.1	0.3	1	114.751	148.417	-1.4037e-06	2.17607e-05	-157.894	
75.8794	0.1	0.3	1	115.633	-146.364	5.38245e-06	9.9136e-06	-155.71	
76.2312	0.1	0.3	1	116.513	-144.272	2.47515e-05	-1.10422e-05	-153.484	
76.5829	0.1	0.3	1	117.39	-142.139	-1.50335e-05	-1.33246e-05	-151.214	
76.9347	0.1	0.3	1	118.265	139.963	-1.01221e-05	4.11791e-05	-148.9	
77.2864	0.1	0.3	1	119.137	-137.743	2.39813e-05	4.43788e-05	-146.538	
77.6382	0.1	0.3	1	120.007	-135.476	-4.83234e-06	2.74684e-06	-144.126	
77.9899	0.1	0.3	1	120.874	-133.16	1.24724e-06	4.51198e-05	-141.663	
78.3417	0.1	0.3	1	121.739	130.792	1.17913e-05	-7.72769e-06	-139.144	
78.6935	0.1	0.3	1	122.602	128.37	-1.9008e-05	-5.04647e-05	-136.567	
79.0452	0.1	0.3	1	123.463	125.89	-6.23431e-06	-1.60728e-05	-133.928	
79.397	0.1	0.3	1	124.322	123.348	1.17397e-05	-4.34219e-05	-131.224	
79.7487	0.1	0.3	1	125.178	-120.742	5.46344e-05	2.17931e-06	-128.451	
80.1005	0.1	0.3	1	126.032	-118.066	3.35967e-06	1.11491e-05	-125.605	
80.4523	0.1	0.3	1	126.885	-115.316	-1.89073e-05	7.70711e-08	-122.679	
80.804	0.1	0.3	1	127.735	-112.486	-1.93686e-06	-9.42804e-06	-119.668	
81.1558	0.1	0.3	1	128.583	-109.57	9.83031e-06	2.29262e-07	-116.566	
81.5075	0.1	0.3	1	129.43	-106.561	1.92781e-05	-1.08514e-05	-113.365	
81.8593	0.1	0.3	1	130.275	-103.451	-1.14001e-05	-3.18887e-05	-110.057	
82.2111	0.1	0.3	1	131.117	-100.231	4.99513e-06	-1.62409e-06	-106.631	
82.5628	0.1	0.3	1	131.958	-96.8893	-2.66281e-05	1.93284e-06	-103.076	
82.9146	0.1	0.3	1	132.798	-93.4131	6.6093e-06	-2.6474e-06	99.3775	
83.2663	0.1	0.3	1	133.635	89.7867	1.15458e-05	3.54247e-06	-95.5195	
83.6181	0.1	0.3	1	134.471	-85.9911	3.61032e-06	-2.05685e-06	-91.4817	
83.9698	0.1	0.3	1	135.305	-82.003	6.97636e-06	-4.70989e-06	-87.2389	
84.3216	0.1	0.3	1	136.137	-77.7927	-3.40053e-06	-4.32477e-06	-82.7597	
84.6734	0.1	0.3	1	136.968	-73.3218	1.65718e-05	-8.50975e-06	-78.0034	
85.0251	0.1	0.3	1	137.797	-68.5396	8.98251e-06	-3.55912e-05	-72.9158	
85.3769	0.1	0.3	1	138.625	-63.3754	-1.11894e-07	-1.87027e-05	-67.4219	
85.7286	0.1	0.3	1	139.451	-57.7269	7.82763e-06	-1.18462e-05	-61.4127	
86.0804	0.1	0.3	1	140.276	-51.4348	7.79174e-05	-1.25487e-05	-54.7189	
86.4322	0.1	0.3	1	141.099	-44.2252	-9.02109e-07	3.72045e-05	-47.0489	
86.7839	0.1	0.3	1	141.921	-35.5441	5.64552e-06	-1.26711e-05	-37.8136	
87.1357	0.1	0.3	1	142.741	-23.8346	-6.02163e-06	-4.95034e-05	-25.3564	
87.4874	0.1	0.3	-2	0	0	0	0	0	
87.8392	0.1	0.3	-2	0	0	0	0	0	
88.191	0.1	0.3	-2	0	0	0	0	0	
88.5427	0.1	0.3	-2	0	0	0	0	0	
88.8945	0.1	0.3	-2	0	0	0	0	0	
89.2462	0.1	0.3	-2	0	0	0	0	0	
89.598	0.1	0.3	-2	0	0	0	0	0	
89.9497	0.1	0.3	-2	0	0	0	0	0	
90.3015	0.1	0.3	-2	0	0	0	0	0	
90.6533	0.1	0.3	-2	0	0	0	0	0	
91.005	0.1	0.3	-2	0	0	0	0	0	
91.3568	0.1	0.3	-2	0	0	0	0	0	
91.7085	0.1	0.3	-2	0	0	0	0	0	
92.0603	0.1	0.3	-2	0	0	0	0	0	
92.4121	0.1	0.3	-2	0	0	0	0	0	
92.7638	0.1	0.3	-2	0	0	0	0	0	
93.1156	0.1	0.3	-2	0	0	0	0	0	
93.4673	0.1	0.3	-2	0	0	0	0	0	
93.8191	0.1	0.3	-2	0	0	0	0	0	
94.1709	0.1	0.3	-2	0	0	0	0	0	
94.5226	0.1	0.3	-2	0	0	0	0	0	
94.8744	0.1	0.3	-2	0	0	0	0	0	
95.2261	0.1	0.3	-2	0	0	0	0	0	
95.5779	0.1	0.3	-2	0	0	0	0	0	
95.9296	0.1	0.3	-2	0	0	0	0	0	
96.2814	0.1	0.3	-2	0	0	0	0	0	
96.6332	0.1	0.3	-2	0	0	0	0	0	
96.9849	0.1	0.3	-2	0	0	0	0	0	
97.3367	0.1	0.3	-2	0	0	0	0	0	
97.6884	0.1	0.3	-2	0	0	0	0	0	
98.0402	0.1	0.3	-2	0	0	0	0	0	
98.392	0.1	0.3	-2	0	0	0	0	0	
98.7437	0.1	0.3	-2	0	0	0	0	0	
99.0955	0.1	0.3	-2	0	0	0	0	0	
99.4472	0.1	0.3	-2	0	0	0	0	0	
99.799	0.1	0.3	-2	0	0	0	0	0	
100.151	0.1	0.3	-2	0	0	0	0	0	
100.503	0.1	0.3	-2	0	0	0	0	0	
100.854	0.1	0.3	-2	0	0	0	0	0	
101.206	0.1	0.3	-2	0	0	0	0	0	
101.558	0.1	0.3	-2	0	0	0	0	0	
101.91	0.1	0.3	-2	0	0	0	0	0	
102.261	0.1	0.3	-2	0	0	0	0	0	
102.613	0.1	0.3	-2	0	0	0	0	0	
102.965	0.1	0.3	-2	0	0	0	0	0	
103.317	0.1	0.3	-2	0	0	0	0	0	
103.668	0.1	0.3	-2	0	0	0	0	0	
104.02	0.1	0.3	-2	0	0	0	0	0	
104.372	0.1	0.3	-2	0	0	0	0	0	
104.724	0.1	0.3	-2	0	0	0	0	0	
105.075	0.1	0.3	-2	0	0	0	0	0	
105.427	0.1	0.3	-2	0	0	0	0	0	
105.779	0.1	0.3	-2	0	0	0	0	0	
106.131	0.1	0.3	-2	0	0	0	0	0	
106.482	0.1	0.3	-2	0	0	0	0	0	
106.834	0.1	0.3	-2	0	0	0	0	0	
107.186	0.1	0.3	-2	0	0	0	0	0	
107.538	0.1	0.3	-2	0	0	0	0	0	
107.889	0.1	0.3	-2	0	0	0	0	0	
108.241	0.1	0.3	-2	0	0	0	0	0	
108.593	0.1	0.3	-2	0	0	0	0	0	
108.945	0.1	0.3	-2	0	0	0	0	0	
109.296	0.1	0.3	-2	0	0	0	0	0	
109.648	0.1	0.3	-2	0	0	0	0	0	
110	0.1	0.3	-2	0	0	0	0	0	
