40	0.1	0.3	-3	0	0	0	0	0	173	0	2	
40.7071	0.1	0.3	-3	0	0	0	0	0	173	0	2	
41.4141	0.1	0.3	-3	0	0	0	0	0	173	0	2	
42.1212	0.1	0.3	-3	0	0	0	0	0	173	0	2	
42.8283	0.1	0.3	-3	0	0	0	0	0	173	0	2	
43.5354	0.1	0.3	-3	0	0	0	0	0	173	0	2	
44.2424	0.1	0.3	-3	0	0	0	0	0	173	0	2	
44.9495	0.1	0.3	3	25.0645	-247.238	2.15433e-05	-2.76156e-07	267.598	173	0	2	
45.6566	0.1	0.3	3	38.3971	-246.329	3.54984e-05	-8.8505e-06	266.081	173	0	2	
46.3636	0.1	0.3	3	45.562	-245.342	1.65959e-06	1.09437e-05	264.552	173	0	2	
47.0707	0.1	0.3	3	50.9919	-244.279	2.98504e-05	-3.63989e-06	262.998	173	0	2	
47.7778	0.1	0.3	3	55.5318	-243.312	1.00636e-06	-1.00689e-06	261.416	173	0	2	
48.4848	0.1	0.3	3	59.5202	-242.318	-7.36191e-06	-3.85781e-05	259.802	173	0	2	
49.1919	0.1	0.3	3	63.129	241.206	-5.46566e-06	-9.0822e-07	258.155	173	0	2	
49.899	0.1	0.3	3	66.4465	240.023	-1.08599e-05	6.8147e-06	256.474	173	0	2	
50.6061	0.1	0.3	3	69.5442	238.779	1.2845e-05	9.67924e-06	254.757	173	0	2	
51.3131	0.1	0.3	3	72.4608	237.478	4.41605e-07	4.98929e-06	253.004	173	0	2	
52.0202	0.1	0.3	3	75.2296	236.125	1.23837e-05	3.47758e-06	251.214	173	0	2	
52.7273	0.1	0.3	3	77.8743	234.719	1.7922e-05	-1.06263e-05	249.386	173	0	2	
53.4343	0.1	0.3	3	80.4129	233.262	-6.76084e-06	9.50229e-06	247.518	173	0	2	
54.1414	0.1	0.3	3	82.8597	231.754	3.28334e-06	-9.80218e-06	245.61	173	0	2	
54.8485	0.1	0.3	3	85.2261	230.196	3.74831e-06	-8.25512e-05	243.66	173	0	2	
55.5556	0.1	0.3	3	87.5186	228.589	-1.79711e-05	-1.93683e-05	241.665	173	0	2	
56.2626	0.1	0.3	3	89.7536	226.927	-2.42254e-05	-2.03912e-05	239.631	173	0	2	
56.9697	0.1	0.3	3	91.9289	225.215	-7.65895e-05	-2.08554e-06	237.55	173	0	2	
57.6768	0.1	0.3	3	94.0527	223.451	1.27161e-05	-2.60465e-06	235.422	173	0	2	
58.3838	0.1	0.3	3	96.1299	221.634	-1.24358e-05	4.05773e-05	233.246	173	0	2	
59.0909	0.1	0.3	3	98.1644	219.762	-1.60034e-06	-1.90011e-05	231.021	173	0	2	
59.798	0.1	0.3	3	100.16	217.835	2.90717e-06	5.65237e-06	228.745	173	0	2	
60.5051	0.1	0.3	3	102.119	215.852	-3.82574e-06	9.64141e-06	226.416	173	0	2	
61.2121	0.1	0.3	3	104.045	213.81	-5.88552e-06	5.86798e-07	224.032	173	0	2	
61.9192	0.1	0.3	3	105.939	211.708	-4.21367e-06	-4.84367e-06	221.593	173	0	2	
62.6263	0.1	0.3	3	107.805	209.545	-2.41823e-06	-1.1468e-05	219.094	173	0	2	
63.3333	0.1	0.3	3	109.644	207.317	6.85877e-06	1.57968e-07	216.535	173	0	2	
64.0404	0.1	0.3	3	111.463	205.016	4.6366e-06	9.58556e-06	213.912	173	0	2	
64.7475	0.1	0.3	3	113.246	202.664	2.81008e-06	1.07739e-05	211.225	173	0	2	
65.4545	0.1	0.3	3	115.012	200.232	-1.15852e-06	2.53497e-06	208.469	173	0	2	
66.1616	0.1	0.3	3	116.758	197.727	-5.54643e-06	3.3944e-06	205.641	173	0	2	
66.8687	0.1	0.3	3	118.483	195.146	-3.28724e-05	-1.44842e-05	202.738	173	0	2	
67.5758	0.1	0.3	3	120.188	192.484	3.54254e-05	5.58873e-06	199.757	173	0	2	
68.2828	0.1	0.3	3	121.876	189.739	-7.04429e-06	7.02997e-06	196.693	173	0	2	
68.9899	0.1	0.3	3	123.545	186.906	-6.01685e-06	7.57206e-07	193.543	173	0	2	
69.697	0.1	0.3	3	125.198	183.98	-3.52236e-05	9.28608e-06	190.302	173	0	2	
70.404	0.1	0.3	3	126.835	180.956	-1.51237e-05	1.47825e-06	186.964	173	0	2	
71.1111	0.1	0.3	3	128.456	177.83	-1.33016e-05	3.56579e-06	183.523	173	0	2	
71.8182	0.1	0.3	3	130.062	174.593	2.36879e-05	9.78146e-06	179.973	173	0	2	
72.5253	0.1	0.3	3	131.654	171.239	-3.12726e-05	2.155e-05	176.307	173	0	2	
73.2323	0.1	0.3	3	133.231	167.759	1.94658e-05	2.19756e-05	172.517	173	0	2	
73.9394	0.1	0.3	3	134.795	164.145	8.51627e-06	7.74111e-06	168.593	173	0	2	
74.6465	0.1	0.3	3	136.346	160.385	7.05446e-06	-4.45135e-05	164.523	173	0	2	
75.3535	0.1	0.3	3	137.883	156.465	7.17685e-06	-1.47055e-05	160.297	173	0	2	
76.0606	0.1	0.3	3	139.408	152.373	-3.91605e-06	1.48711e-05	155.899	173	0	2	
76.7677	0.1	0.3	3	140.92	148.088	-7.04647e-06	1.86106e-05	151.313	173	0	2	
77.4747	0.1	0.3	3	142.419	143.626	2.81198e-05	-1.91937e-05	146.517	173	0	2	
78.1818	0.1	0.3	3	143.906	138.848	-2.18112e-05	7.99224e-06	141.489	173	0	2	
78.8889	0.1	0.3	3	145.381	133.823	5.74689e-06	1.10685e-05	136.197	173	0	2	
79.596	0.1	0.3	3	146.843	128.47	1.14941e-06	1.62951e-05	130.603	173	0	2	
80.303	0.1	0.3	3	148.295	122.706	-4.98999e-06	-1.65634e-05	124.659	173	0	2	
81.0101	0.1	0.3	3	149.735	116.339	1.8747e-05	1.10278e-05	118.301	173	0	2	
81.7172	0.1	0.3	3	151.168	109.234	9.17051e-07	2.16211e-05	111.436	173	0	2	
82.4242	0.1	0.3	3	152.591	102.13	9.74726e-06	-1.17153e-05	103.936	173	0	2	
83.1313	0.1	0.3	3	153.999	94.2552	1.37789e-05	-3.34399e-05	95.5938	173	0	2	
83.8384	0.1	0.3	3	155.389	85.3459	3.32347e-05	4.89727e-05	86.011	173	0	2	
84.5455	0.1	0.3	3	156.747	74.9888	6.19444e-06	-5.96216e-06	74.1291	173	0	2	
85.2525	0.1	0.3	1	157.951	63.4577	-2.76431e-05	-4.35029e-06	56.9047	173	0	2	
85.9596	0.1	0.3	1	159.016	49.236	1.47436e-05	4.70253e-05	41.5069	173	0	2	
86.6667	0.1	0.3	-2	0	0	0	0	0	173	0	2	
87.3737	0.1	0.3	-2	0	0	0	0	0	173	0	2	
88.0808	0.1	0.3	-2	0	0	0	0	0	173	0	2	
88.7879	0.1	0.3	-3	0	0	0	0	0	173	0	2	
89.4949	0.1	0.3	-3	0	0	0	0	0	173	0	2	
90.202	0.1	0.3	-3	0	0	0	0	0	173	0	2	
90.9091	0.1	0.3	-3	0	0	0	0	0	173	0	2	
91.6162	0.1	0.3	1	159.837	33.1969	4.43641e-06	-9.01218e-05	-1.0209e-05	173	0	2	
92.3232	0.1	0.3	1	160.003	29.845	9.29897e-06	0.000213039	5.23175e-06	173	0	2	
93.0303	0.1	0.3	1	160.096	29.0674	1.51784e-05	0.000206409	-7.84735e-07	173	0	2	
93.7374	0.1	0.3	1	160.166	28.6909	-1.1226e-05	-0.000207368	-8.16637e-07	173	0	2	
94.4444	0.1	0.3	1	160.224	28.3018	-1.12695e-05	-0.000154664	-1.04561e-05	173	0	2	
95.1515	0.1	0.3	1	160.277	-28.4835	-2.39397e-07	0.000132759	-1.62972e-05	173	0	2	
95.8586	0.1	0.3	1	160.318	28.2972	-1.00134e-05	9.0171e-05	2.08426e-06	173	0	2	
96.5657	0.1	0.3	1	160.358	28.2266	-5.99622e-06	-5.29709e-05	7.27598e-06	173	0	2	
97.2727	0.1	0.3	1	160.394	28.2041	7.27984e-06	0.000217794	5.82683e-06	173	0	2	
97.9798	0.1	0.3	1	160.424	28.3622	1.10076e-06	5.08995e-05	-9.25402e-06	173	0	2	
98.6869	0.1	0.3	-2	0	0	0	0	0	173	0	2	
99.3939	0.1	0.3	-2	0	0	0	0	0	173	0	2	
100.101	0.1	0.3	-2	0	0	0	0	0	173	0	2	
100.808	0.1	0.3	-3	0	0	0	0	0	173	0	2	
101.515	0.1	0.3	-2	0	0	0	0	0	173	0	2	
102.222	0.1	0.3	-2	0	0	0	0	0	173	0	2	
102.929	0.1	0.3	-2	0	0	0	0	0	173	0	2	
103.636	0.1	0.3	-2	0	0	0	0	0	173	0	2	
104.343	0.1	0.3	-2	0	0	0	0	0	173	0	2	
105.051	0.1	0.3	-2	0	0	0	0	0	173	0	2	
105.758	0.1	0.3	-2	0	0	0	0	0	173	0	2	
106.465	0.1	0.3	-2	0	0	0	0	0	173	0	2	
107.172	0.1	0.3	-2	0	0	0	0	0	173	0	2	
107.879	0.1	0.3	-2	0	0	0	0	0	173	0	2	
108.586	0.1	0.3	-2	0	0	0	0	0	173	0	2	
109.293	0.1	0.3	-2	0	0	0	0	0	173	0	2	
110	0.1	0.3	-2	0	0	0	0	0	173	0	2	
