40	0.1	0.3	-2	0	0	0	0	0	173	1	0	0	1	
40.7071	0.1	0.3	-2	0	0	0	0	0	173	1	0	0	1	
41.4141	0.1	0.3	-2	0	0	0	0	0	173	1	0	0	1	
42.1212	0.1	0.3	-2	0	0	0	0	0	173	1	0	0	1	
42.8283	0.1	0.3	-2	0	0	0	0	0	173	1	0	0	1	
43.5354	0.1	0.3	-2	0	0	0	0	0	173	1	0	0	1	
44.2424	0.1	0.3	-2	0	0	0	0	0	173	1	0	0	1	
44.9495	0.1	0.3	-2	0	0	0	0	0	173	1	0	0	1	
45.6566	0.1	0.3	-2	0	0	0	0	0	173	1	0	0	1	
46.3636	0.1	0.3	-2	0	0	0	0	0	173	1	0	0	1	
47.0707	0.1	0.3	-2	0	0	0	0	0	173	1	0	0	1	
47.7778	0.1	0.3	-2	0	0	0	0	0	173	1	0	0	1	
48.4848	0.1	0.3	-2	0	0	0	0	0	173	1	0	0	1	
49.1919	0.1	0.3	-2	0	0	0	0	0	173	1	0	0	1	
49.899	0.1	0.3	-2	0	0	0	0	0	173	1	0	0	1	
50.6061	0.1	0.3	-2	0	0	0	0	0	173	1	0	0	1	
51.3131	0.1	0.3	-2	0	0	0	0	0	173	1	0	0	1	
52.0202	0.1	0.3	-2	0	0	0	0	0	173	1	0	0	1	
52.7273	0.1	0.3	-2	0	0	0	0	0	173	1	0	0	1	
53.4343	0.1	0.3	-2	0	0	0	0	0	173	1	0	0	1	
54.1414	0.1	0.3	1	26.0213	0	246.248	241.138	0	173	1	0	0	1	
54.8485	0.1	0.3	1	37.6607	0	243.539	236.189	0	173	1	0	0	1	
55.5556	0.1	0.3	1	44.2563	0	241.092	232.515	0	173	1	0	0	1	
56.2626	0.1	0.3	1	49.239	0	238.716	229.3	0	173	1	0	0	1	
56.9697	0.1	0.3	1	53.3619	0	236.363	226.341	0	173	1	0	0	1	
57.6768	0.1	0.3	1	56.9324	0	234.012	223.551	0	173	1	0	0	1	
58.3838	0.1	0.3	1	60.1099	0	231.651	220.883	0	173	1	0	0	1	
59.0909	0.1	0.3	1	62.9888	0	229.272	218.312	0	173	1	0	0	1	
59.798	0.1	0.3	1	65.6298	0	226.871	215.818	0	173	1	0	0	1	
60.5051	0.1	0.3	1	68.0746	0	224.443	213.39	0	173	1	0	0	1	
61.2121	0.1	0.3	1	70.3525	0	221.985	211.022	0	173	1	0	0	1	
61.9192	0.1	0.3	1	72.4827	0	219.496	208.712	0	173	1	0	0	1	
62.6263	0.1	0.3	1	74.4829	0	216.973	206.455	0	173	1	0	0	1	
63.3333	0.1	0.3	1	76.3757	0	214.412	204.239	0	173	1	0	0	1	
64.0404	0.1	0.3	1	78.1723	0	211.811	202.061	0	173	1	0	0	1	
64.7475	0.1	0.3	1	79.8816	0	209.166	199.919	0	173	1	0	0	1	
65.4545	0.1	0.3	1	81.5107	0	197.812	197.812	0	173	1	0	0	1	
66.1616	0.1	0.3	1	83.0659	0	195.739	195.739	0	173	1	0	0	1	
66.8687	0.1	0.3	1	84.5523	0	193.7	193.7	0	173	1	0	0	1	
67.5758	0.1	0.3	1	85.9742	0	191.695	191.695	0	173	1	0	0	1	
68.2828	0.1	0.3	1	87.3354	0	189.723	189.723	0	173	1	0	0	1	
68.9899	0.1	0.3	1	88.6391	0	192.276	187.786	0	173	1	0	0	1	
69.697	0.1	0.3	1	89.8882	0	189.267	185.884	0	173	1	0	0	1	
70.404	0.1	0.3	1	91.0851	0	184.018	184.018	0	173	1	0	0	1	
71.1111	0.1	0.3	1	92.2318	0	182.188	182.188	0	173	1	0	0	1	
71.8182	0.1	0.3	1	93.3303	0	180.396	180.396	0	173	1	0	0	1	
72.5253	0.1	0.3	1	94.3822	0	178.643	178.643	0	173	1	0	0	1	
73.2323	0.1	0.3	1	95.389	0	176.931	176.931	0	173	1	0	0	1	
73.9394	0.1	0.3	1	96.352	0	175.26	175.26	0	173	1	0	0	1	
74.6465	0.1	0.3	1	97.2722	0	173.632	173.632	0	173	1	0	0	1	
75.3535	0.1	0.3	1	98.1507	0	172.049	172.049	0	173	1	0	0	1	
76.0606	0.1	0.3	1	98.9884	0	170.513	170.513	0	173	1	0	0	1	
76.7677	0.1	0.3	1	99.786	169.024	169.024	169.024	169.024	173	1	0	0	1	
77.4747	0.1	0.3	1	100.544	167.586	167.586	167.586	167.586	173	1	0	0	1	
78.1818	0.1	0.3	1	101.264	166.2	166.2	166.2	166.2	173	1	0	0	1	
78.8889	0.1	0.3	1	101.945	164.868	164.868	164.868	164.868	173	1	0	0	1	
79.596	0.1	0.3	1	102.588	163.591	163.591	163.591	163.591	173	1	0	0	1	
80.303	0.1	0.3	1	103.194	162.372	162.372	162.372	162.372	173	1	0	0	1	
81.0101	0.1	0.3	1	103.762	161.213	161.213	161.213	161.213	173	1	0	0	1	
81.7172	0.1	0.3	1	104.294	160.116	160.116	160.116	160.116	173	1	0	0	1	
82.4242	0.1	0.3	1	104.789	159.083	159.083	159.083	159.083	173	1	0	0	1	
83.1313	0.1	0.3	1	105.247	158.116	158.116	158.116	158.116	173	1	0	0	1	
83.8384	0.1	0.3	1	105.669	157.217	157.217	157.217	157.217	173	1	0	0	1	
84.5455	0.1	0.3	1	106.054	156.387	156.387	156.387	156.387	173	1	0	0	1	
85.2525	0.1	0.3	1	106.403	155.63	155.63	155.63	155.63	173	1	0	0	1	
85.9596	0.1	0.3	1	106.715	154.947	154.947	154.947	154.947	173	1	0	0	1	
86.6667	0.1	0.3	1	106.991	154.339	154.339	154.339	154.339	173	1	0	0	1	
87.3737	0.1	0.3	1	107.23	153.809	153.809	153.809	153.809	173	1	0	0	1	
88.0808	0.1	0.3	1	107.433	153.359	153.359	153.359	153.359	173	1	0	0	1	
88.7879	0.1	0.3	1	107.598	152.99	152.99	152.99	152.99	173	1	0	0	1	
89.4949	0.1	0.3	1	107.725	152.703	152.703	152.703	152.703	173	1	0	0	1	
90.202	0.1	0.3	1	107.815	152.5	152.5	152.5	152.5	173	1	0	0	1	
90.9091	0.1	0.3	1	107.867	152.384	152.384	152.384	152.384	173	1	0	0	1	
91.6162	0.1	0.3	1	107.88	152.354	152.354	152.354	152.354	173	1	0	0	1	
92.3232	0.1	0.3	1	107.854	152.412	152.412	152.412	152.412	173	1	0	0	1	
93.0303	0.1	0.3	1	107.789	152.56	152.56	152.56	152.56	173	1	0	0	1	
93.7374	0.1	0.3	1	107.682	152.799	152.799	152.799	152.799	173	1	0	0	1	
94.4444	0.1	0.3	1	107.534	153.131	153.131	153.131	153.131	173	1	0	0	1	
95.1515	0.1	0.3	1	nan	0	1599.98	1599.98	0	173	1	0	0	1	
95.8586	0.1	0.3	1	nan	0	1599.98	1599.98	0	173	1	0	0	1	
96.5657	0.1	0.3	1	nan	0	1599.98	1599.98	0	173	1	0	0	1	
97.2727	0.1	0.3	1	nan	0	1599.98	1599.98	0	173	1	0	0	1	
97.9798	0.1	0.3	1	nan	0	1599.98	1599.98	0	173	1	0	0	1	
98.6869	0.1	0.3	1	nan	0	1599.98	1599.98	0	173	1	0	0	1	
99.3939	0.1	0.3	1	nan	0	1599.98	1599.98	0	173	1	0	0	1	
100.101	0.1	0.3	1	nan	0	1599.98	1599.98	0	173	1	0	0	1	
100.808	0.1	0.3	1	nan	0	1599.98	1599.98	0	173	1	0	0	1	
101.515	0.1	0.3	1	nan	0	1599.98	1599.98	0	173	1	0	0	1	
102.222	0.1	0.3	1	nan	0	1599.98	1599.98	0	173	1	0	0	1	
102.929	0.1	0.3	1	nan	0	1599.98	1599.98	0	173	1	0	0	1	
103.636	0.1	0.3	1	nan	0	1599.98	1599.98	0	173	1	0	0	1	
104.343	0.1	0.3	1	nan	0	1599.98	1599.98	0	173	1	0	0	1	
105.051	0.1	0.3	1	nan	0	1599.98	1599.98	0	173	1	0	0	1	
105.758	0.1	0.3	1	nan	0	1599.98	1599.98	0	173	1	0	0	1	
106.465	0.1	0.3	1	nan	0	1599.98	1599.98	0	173	1	0	0	1	
107.172	0.1	0.3	1	nan	0	1599.98	1599.98	0	173	1	0	0	1	
107.879	0.1	0.3	1	nan	0	1599.98	1599.98	0	173	1	0	0	1	
108.586	0.1	0.3	1	nan	0	1599.98	1599.98	0	173	1	0	0	1	
109.293	0.1	0.3	1	nan	0	1599.98	1599.98	0	173	1	0	0	1	
110	0.1	0.3	1	nan	0	1599.98	1599.98	0	173	1	0	0	1	
