44.5729	0.1	0.3	-100	0	0	0	0	0	0	1	2	0	1	
44.9246	0.1	0.3	-100	0	0	0	0	0	0	1	2	0	1	
45.2764	0.1	0.3	-100	0	0	0	0	0	0	1	2	0	1	
45.6281	0.1	0.3	-100	0	0	0	0	0	0	1	2	0	1	
45.9799	0.1	0.3	-100	0	0	0	0	0	0	1	2	0	1	
46.3317	0.1	0.3	-100	0	0	0	0	0	0	1	2	0	1	
46.6834	0.1	0.3	-100	0	0	0	0	0	0	1	2	0	1	
47.0352	0.1	0.3	-100	0	0	0	0	0	0	1	2	0	1	
47.3869	0.1	0.3	-100	0	0	0	0	0	0	1	2	0	1	
47.7387	0.1	0.3	-100	0	0	0	0	0	0	1	2	0	1	
48.0905	0.1	0.3	-100	0	0	0	0	0	0	1	2	0	1	
48.4422	0.1	0.3	-100	0	0	0	0	0	0	1	2	0	1	
48.794	0.1	0.3	-100	0	0	0	0	0	0	1	2	0	1	
49.1457	0.1	0.3	-100	0	0	0	0	0	0	1	2	0	1	
49.4975	0.1	0.3	1	40.0117	-246.734	-3.00415e-06	1.20988e-05	261.001	20.0336	1	2	0	1	
49.8492	0.1	0.3	1	46.4205	-246.026	8.88633e-06	1.59527e-05	259.99	23.2202	1	2	0	1	
50.201	0.1	0.3	1	50.5422	-245.386	-3.82103e-06	-6.86964e-06	258.998	25.2798	1	2	0	1	
50.5528	0.1	0.3	1	53.836	-244.757	5.43392e-06	1.50328e-05	258.037	26.9216	1	2	0	1	
50.9045	0.1	0.3	1	56.6727	-244.124	-2.71731e-06	-2.4896e-05	257.091	28.3451	1	2	0	1	
51.2563	0.1	0.3	1	59.1949	-243.487	2.76401e-05	-1.44018e-05	256.153	29.6028	1	2	0	1	
51.608	0.1	0.3	1	61.5038	-242.839	4.42475e-06	4.35876e-05	255.219	30.7553	1	2	0	1	
51.9598	0.1	0.3	1	63.6399	242.181	1.29579e-05	2.07082e-05	254.284	31.8223	1	2	0	1	
52.3116	0.1	0.3	1	65.6412	241.514	-2.067e-05	-2.425e-05	253.347	32.8222	1	2	0	1	
52.6633	0.1	0.3	1	67.5323	240.836	3.36737e-06	-5.03495e-05	252.407	33.7674	1	2	0	1	
53.0151	0.1	0.3	1	69.3303	240.146	-1.56335e-05	2.1754e-06	251.463	34.666	1	2	0	1	
53.3668	0.1	0.3	1	71.0491	239.446	1.89011e-05	-2.28415e-05	250.513	35.5252	1	2	0	1	
53.7186	0.1	0.3	1	72.7005	238.734	1.1105e-05	2.1554e-05	249.557	36.3552	1	2	0	1	
54.0704	0.1	0.3	1	74.2907	238.011	2.04559e-05	-7.18127e-06	248.594	37.1494	1	2	0	1	
54.4221	0.1	0.3	1	75.8278	237.276	-2.45045e-06	7.89288e-06	247.624	37.9173	1	2	0	1	
54.7739	0.1	0.3	1	77.3175	236.53	4.08086e-06	2.74195e-05	246.646	38.6616	1	2	0	1	
55.1256	0.1	0.3	1	78.7645	235.773	-1.31736e-05	-1.99806e-05	245.66	39.3847	1	2	0	1	
55.4774	0.1	0.3	1	80.173	235.004	-3.77624e-05	1.11688e-05	244.666	40.0887	1	2	0	1	
55.8291	0.1	0.3	1	81.5464	234.223	8.60814e-06	2.85969e-05	243.663	40.7751	1	2	0	1	
56.1809	0.1	0.3	1	82.8876	233.431	-2.48678e-06	1.86615e-05	242.652	41.4454	1	2	0	1	
56.5327	0.1	0.3	1	84.1991	232.627	-2.19256e-06	-1.08331e-05	241.63	42.101	1	2	0	1	
56.8844	0.1	0.3	1	85.4834	231.811	7.36109e-06	-6.08057e-06	240.6	42.743	1	2	0	1	
57.2362	0.1	0.3	1	86.7424	230.983	-3.22055e-06	-4.29997e-06	239.559	43.3723	1	2	0	1	
57.5879	0.1	0.3	1	87.9733	230.146	-5.73744e-06	-1.30425e-05	238.509	43.9877	1	2	0	1	
57.9397	0.1	0.3	1	89.1877	229.293	2.98382e-06	-8.64445e-06	237.448	44.5947	1	2	0	1	
58.2915	0.1	0.3	1	90.384	228.426	-1.7746e-05	9.74672e-07	236.376	45.1928	1	2	0	1	
58.6432	0.1	0.3	1	91.5577	227.549	6.71789e-06	2.38246e-05	235.294	45.7796	1	2	0	1	
58.995	0.1	0.3	1	92.7131	226.659	4.30319e-05	2.18163e-05	234.201	46.3572	1	2	0	1	
59.3467	0.1	0.3	1	93.8515	225.757	9.01558e-06	5.46181e-06	233.097	46.9263	1	2	0	1	
59.6985	0.1	0.3	1	94.9738	224.843	-1.87945e-05	-3.76602e-06	231.981	47.4874	1	2	0	1	
60.0503	0.1	0.3	1	96.0807	223.915	-6.38011e-06	-7.03681e-05	230.853	48.0408	1	2	0	1	
60.402	0.1	0.3	1	97.1731	222.974	-2.54851e-06	4.86677e-05	229.714	48.587	1	2	0	1	
60.7538	0.1	0.3	1	98.2518	222.02	1.6962e-06	6.1645e-06	228.563	49.1263	1	2	0	1	
61.1055	0.1	0.3	1	99.3174	221.053	-5.76029e-06	-2.2799e-06	227.399	49.6591	1	2	0	1	
61.4573	0.1	0.3	1	100.37	220.073	4.69758e-05	-5.37968e-06	226.222	50.1855	1	2	0	1	
61.809	0.1	0.3	1	101.412	219.078	-1.78168e-05	7.27631e-06	225.033	50.706	1	2	0	1	
62.1608	0.1	0.3	1	102.441	218.07	-7.84897e-05	3.18621e-06	223.831	51.221	1	2	0	1	
62.5126	0.1	0.3	1	103.46	217.048	-1.36626e-05	6.70132e-06	222.615	51.7305	1	2	0	1	
62.8643	0.1	0.3	1	104.469	216.011	8.35994e-08	5.29941e-06	221.386	52.2345	1	2	0	1	
63.2161	0.1	0.3	1	105.467	214.96	-2.26245e-05	7.62596e-06	220.143	52.734	1	2	0	1	
63.5678	0.1	0.3	1	106.456	213.895	2.47196e-06	8.76906e-06	218.886	53.228	1	2	0	1	
63.9196	0.1	0.3	1	107.435	212.814	1.46762e-05	1.86949e-05	217.614	53.718	1	2	0	1	
64.2714	0.1	0.3	1	108.406	211.719	5.62386e-05	9.09039e-07	216.328	54.203	1	2	0	1	
64.6231	0.1	0.3	1	109.368	210.608	1.00347e-05	1.89136e-05	215.026	54.684	1	2	0	1	
64.9749	0.1	0.3	1	110.321	209.481	-5.52052e-06	5.94541e-06	213.709	55.161	1	2	0	1	
65.3266	0.1	0.3	1	111.267	208.338	-6.53254e-06	1.00825e-05	212.377	55.6335	1	2	0	1	
65.6784	0.1	0.3	1	112.205	207.18	-8.28611e-06	4.82261e-05	211.029	56.1025	1	2	0	1	
66.0302	0.1	0.3	1	113.135	206.005	-3.36694e-06	-5.89488e-06	209.664	56.5675	1	2	0	1	
66.3819	0.1	0.3	1	114.058	204.813	3.47944e-05	-1.98192e-05	208.283	57.029	1	2	0	1	
66.7337	0.1	0.3	1	114.974	203.604	-5.42255e-06	5.01833e-06	206.884	57.487	1	2	0	1	
67.0854	0.1	0.3	1	115.883	202.378	2.21615e-05	-1.51895e-05	205.469	57.9415	1	2	0	1	
67.4372	0.1	0.3	1	116.785	201.134	-7.62186e-06	1.2051e-05	204.035	58.393	1	2	0	1	
67.7889	0.1	0.3	1	117.681	199.872	-1.83831e-05	-7.43341e-07	202.583	58.8405	1	2	0	1	
68.1407	0.1	0.3	1	118.571	198.591	4.94721e-06	-1.44392e-05	201.113	59.2855	1	2	0	1	
68.4925	0.1	0.3	1	119.454	197.292	-8.18056e-06	-2.14449e-05	199.623	59.7275	1	2	0	1	
68.8442	0.1	0.3	1	120.332	195.974	1.01564e-05	1.60426e-05	198.114	60.166	1	2	0	1	
69.196	0.1	0.3	1	121.203	194.637	-3.54732e-06	2.63675e-05	196.585	60.602	1	2	0	1	
69.5477	0.1	0.3	1	122.069	193.329	-2.84232e-06	1.61691e-05	195.035	61.0345	1	2	0	1	
69.8995	0.1	0.3	1	122.929	191.899	-6.09831e-06	-2.1371e-05	193.464	61.465	1	2	0	1	
70.2513	0.1	0.3	1	123.784	190.499	1.28604e-05	8.28071e-06	191.872	61.892	1	2	0	1	
70.603	0.1	0.3	1	124.634	189.078	-1.34484e-05	-9.18583e-06	190.257	62.317	1	2	0	1	
70.9548	0.1	0.3	1	125.478	187.635	-2.7552e-07	1.6298e-05	188.62	62.739	1	2	0	1	
71.3065	0.1	0.3	1	126.317	186.17	-1.47984e-05	1.39894e-06	186.958	63.1585	1	2	0	1	
71.6583	0.1	0.3	1	127.15	184.681	1.77884e-05	9.93638e-06	185.273	63.5755	1	2	0	1	
72.0101	0.1	0.3	1	127.979	183.169	4.96158e-06	1.7508e-05	183.563	63.9895	1	2	0	1	
72.3618	0.1	0.3	1	128.803	181.629	-4.4966e-05	3.77092e-07	181.828	64.4015	1	2	0	1	
72.7136	0.1	0.3	1	129.622	180.071	-1.4292e-05	5.24596e-06	180.066	64.811	1	2	0	1	
73.0653	0.1	0.3	1	130.436	178.483	-2.76291e-06	-1.19497e-05	178.276	65.2185	1	2	0	1	
73.4171	0.1	0.3	1	131.246	176.869	1.69042e-05	1.90768e-05	176.459	65.623	1	2	0	1	
73.7688	0.1	0.3	1	132.051	175.228	-6.4916e-05	-7.98795e-06	174.613	66.0255	1	2	0	1	
74.1206	0.1	0.3	1	132.851	173.559	7.79766e-07	2.40172e-06	172.736	66.4255	1	2	0	1	
74.4724	0.1	0.3	1	133.646	171.861	-7.52339e-05	8.10298e-06	170.829	66.8235	1	2	0	1	
74.8241	0.1	0.3	1	134.437	170.134	-1.93724e-05	-1.33251e-05	168.889	67.219	1	2	0	1	
75.1759	0.1	0.3	1	135.224	168.376	2.20813e-05	-6.46262e-06	166.916	67.612	1	2	0	1	
75.5276	0.1	0.3	1	136.006	166.587	-6.70652e-06	-3.1815e-05	164.908	68.003	1	2	0	1	
75.8794	0.1	0.3	1	136.783	164.766	2.65778e-07	5.87139e-06	162.864	68.3915	1	2	0	1	
76.2312	0.1	0.3	1	137.555	162.911	2.93019e-05	1.01335e-05	160.783	68.7775	1	2	0	1	
76.5829	0.1	0.3	1	138.323	161.022	1.17047e-06	1.41331e-05	158.663	69.1615	1	2	0	1	
76.9347	0.1	0.3	1	139.087	159.097	1.66461e-05	-1.02672e-05	156.502	69.545	1	2	0	1	
77.2864	0.1	0.3	1	139.845	157.137	1.91544e-05	1.4369e-05	154.299	69.924	1	2	0	1	
77.6382	0.1	0.3	1	140.599	155.14	-6.04013e-06	2.23586e-05	152.052	70.301	1	2	0	1	
77.9899	0.1	0.3	1	141.348	153.106	-3.71206e-06	1.45407e-05	149.758	70.6755	1	2	0	1	
78.3417	0.1	0.3	1	142.092	151.036	4.04903e-05	-1.89072e-05	147.415	71.0475	1	2	0	1	
78.6935	0.1	0.3	1	142.83	148.933	9.03835e-08	-1.24085e-05	145.021	71.4165	1	2	0	1	
79.0452	0.1	0.3	1	143.564	146.802	-3.45588e-05	2.62764e-06	142.574	71.783	1	2	0	1	
79.397	0.1	0.3	1	144.291	144.67	-5.65163e-06	1.08079e-05	140.069	72.147	1	2	0	1	
79.7487	0.1	0.3	1	145.012	142.898	1.40421e-05	9.23938e-06	137.505	72.5075	1	2	0	1	
80.1005	0.1	0.3	1	145.728	140.023	-2.14766e-05	-1.58657e-05	134.878	72.865	1	2	0	1	
80.4523	0.1	0.3	1	146.439	137.545	-2.53165e-05	-7.67539e-06	132.182	73.2205	1	2	0	1	
80.804	0.1	0.3	1	147.146	135.052	-9.82832e-06	-9.02401e-06	129.413	73.574	1	2	0	1	
81.1558	0.1	0.3	1	147.846	132.474	4.08721e-06	-1.26405e-05	126.567	73.9245	1	2	0	1	
81.5075	0.1	0.3	1	148.551	129.823	2.57194e-07	8.55702e-06	123.633	74.277	1	2	0	1	
81.8593	0.1	0.3	1	149.242	127.088	-2.30026e-05	-1.82468e-07	120.614	74.622	1	2	0	1	
82.2111	0.1	0.3	1	149.925	124.284	1.56765e-05	-5.2727e-06	117.499	74.964	1	2	0	1	
82.5628	0.1	0.3	3	150.603	121.389	-2.80927e-05	9.94186e-06	114.278	75.3025	1	2	0	1	
82.9146	0.1	0.3	3	151.272	118.408	-3.0123e-06	4.31614e-06	110.943	75.6375	1	2	0	1	
83.2663	0.1	0.3	1	151.935	115.32	7.57247e-06	-2.43091e-05	107.482	75.9685	1	2	0	1	
83.6181	0.1	0.3	1	152.589	112.121	-4.28568e-05	5.41696e-06	103.884	76.2955	1	2	0	1	
83.9698	0.1	0.3	1	153.233	108.797	-8.31495e-06	-1.37875e-05	100.131	76.6175	1	2	0	1	
84.3216	0.1	0.3	1	153.868	105.337	-1.23561e-06	5.99326e-06	96.2068	76.935	1	2	0	1	
84.6734	0.1	0.3	1	154.492	101.726	1.22924e-05	7.36084e-06	92.0893	77.247	1	2	0	1	
85.0251	0.1	0.3	1	155.103	97.9446	3.6445e-05	-1.24087e-05	87.7542	77.552	1	2	0	1	
85.3769	0.1	0.3	1	155.699	93.9725	-3.35117e-06	1.26592e-05	83.1847	77.8505	1	2	0	1	
85.7286	0.1	0.3	1	156.28	89.7791	2.18184e-05	-3.02304e-05	78.3584	78.141	1	2	0	1	
86.0804	0.1	0.3	1	156.841	85.3382	2.08096e-05	-1.152e-05	72.904	78.421	1	2	0	1	
86.4322	0.1	0.3	1	157.374	80.6414	-3.12777e-05	-1.00744e-05	67.0218	78.688	1	2	0	1	
86.7839	0.1	0.3	1	157.875	75.6603	-7.28677e-06	1.18458e-05	60.5202	78.9385	1	2	0	1	
87.1357	0.1	0.3	1	158.331	70.403	1.38271e-06	-1.6336e-07	53.1455	79.1665	1	2	0	1	
87.4874	0.1	0.3	1	158.725	64.9935	2.13116e-05	-3.93626e-06	44.4321	79.363	1	2	0	1	
87.8392	0.1	0.3	1	159.026	59.9427	5.57892e-06	-7.92516e-06	33.2791	79.5135	1	2	0	1	
88.191	0.1	0.3	1	159.184	-56.8656	-1.81525e-05	-1.13316e-05	14.6323	79.592	1	2	0	1	
88.5427	0.1	0.3	1	159.211	56.6333	8.91071e-06	3.16031e-06	6.82451e-05	79.606	1	2	0	1	
88.8945	0.1	0.3	1	159.232	56.5407	3.25431e-05	-2.37565e-05	1.13343e-06	79.616	1	2	0	1	
89.2462	0.1	0.3	1	159.252	56.456	5.18814e-05	4.18389e-06	2.37778e-05	79.6265	1	2	0	1	
89.598	0.1	0.3	1	159.271	56.3789	-4.43658e-05	-1.93396e-06	-5.75009e-06	79.636	1	2	0	1	
89.9497	0.1	0.3	1	159.29	56.3081	-2.93326e-05	2.05624e-05	1.56337e-05	79.6455	1	2	0	1	
90.3015	0.1	0.3	1	159.308	56.243	2.17047e-05	-1.84823e-05	1.09869e-05	79.6545	1	2	0	1	
90.6533	0.1	0.3	1	159.326	56.1835	-3.68276e-06	-2.65139e-06	5.68361e-06	79.663	1	2	0	1	
91.005	0.1	0.3	1	159.343	56.1287	2.08935e-05	4.45697e-06	2.51714e-05	79.672	1	2	0	1	
91.3568	0.1	0.3	1	159.36	56.0799	1.59893e-05	-3.12305e-06	1.48758e-05	79.68	1	2	0	1	
91.7085	0.1	0.3	1	159.376	56.0346	-5.52163e-06	-9.0656e-06	-1.20834e-05	79.6885	1	2	0	1	
92.0603	0.1	0.3	1	159.392	56.0045	-9.63328e-08	-8.92979e-06	-3.27652e-05	79.6965	1	2	0	1	
92.4121	0.1	0.3	1	159.408	55.9545	1.17951e-05	3.91329e-06	3.00323e-06	79.7045	1	2	0	1	
92.7638	0.1	0.3	1	159.424	56.0406	-2.57177e-07	2.68626e-05	-1.39807e-05	79.7125	1	2	0	1	
93.1156	0.1	0.3	1	159.44	55.7676	1.78792e-05	-1.37367e-05	-2.16806e-05	79.72	1	2	0	1	
93.4673	0.1	0.3	3	159.56	-54.5172	2.40394e-06	53.3638	-2.47932e-05	79.7795	1	2	0	1	
93.8191	0.1	0.3	3	159.7	-50.3437	4.00148e-06	48.2961	-1.6369e-05	79.8505	1	2	0	1	
94.1709	0.1	0.3	1	159.486	55.5198	6.60702e-06	-6.62435e-06	6.61007e-06	79.7435	1	2	0	1	
94.5226	0.1	0.3	1	159.5	55.4382	1.47748e-05	-1.95027e-07	-6.56432e-06	79.7505	1	2	0	1	
94.8744	0.1	0.3	1	159.512	55.3627	1.2444e-05	-3.6663e-07	-1.61035e-05	79.7565	1	2	0	1	
95.2261	0.1	0.3	1	159.524	55.3183	-1.14451e-06	-2.60504e-05	-8.51487e-06	79.7625	1	2	0	1	
95.5779	0.1	0.3	1	159.535	55.2986	-1.72188e-06	9.05985e-06	-4.51357e-06	79.7675	1	2	0	1	
95.9296	0.1	0.3	1	159.543	55.3343	4.12265e-06	2.20889e-05	1.00978e-06	79.772	1	2	0	1	
96.2814	0.1	0.3	1	159.552	55.35	4.08452e-06	1.84761e-05	8.4974e-06	79.7765	1	2	0	1	
96.6332	0.1	0.3	1	159.562	55.3427	4.29263e-06	3.93177e-06	1.73427e-06	79.7815	1	2	0	1	
96.9849	0.1	0.3	1	159.572	55.332	-7.42677e-06	-9.73468e-06	8.1798e-06	79.7865	1	2	0	1	
97.3367	0.1	0.3	1	159.582	55.3172	8.83106e-06	-1.50345e-05	4.22581e-06	79.7915	1	2	0	1	
97.6884	0.1	0.3	1	159.593	55.301	-3.26437e-06	-5.14566e-06	1.21953e-05	79.7965	1	2	0	1	
98.0402	0.1	0.3	1	159.603	55.2836	-1.91997e-06	-4.45179e-06	2.12337e-06	79.8015	1	2	0	1	
98.392	0.1	0.3	1	159.613	55.2657	1.50742e-05	-3.76079e-06	1.12421e-05	79.8065	1	2	0	1	
98.7437	0.1	0.3	1	159.623	55.2475	-7.13417e-06	1.36166e-05	2.54055e-05	79.8115	1	2	0	1	
99.0955	0.1	0.3	1	159.633	55.2291	-9.16035e-06	-1.26259e-05	3.60972e-06	79.8165	1	2	0	1	
99.4472	0.1	0.3	1	159.642	55.2107	6.33627e-06	-7.61757e-06	5.21047e-06	79.8215	1	2	0	1	
99.799	0.1	0.3	1	159.652	55.1924	-1.13291e-05	7.89345e-06	1.03231e-05	79.8265	1	2	0	1	
100.151	0.1	0.3	1	159.662	55.1743	-4.98352e-06	6.62627e-06	-1.32648e-05	79.831	1	2	0	1	
100.503	0.1	0.3	1	159.671	55.1563	3.62767e-06	6.46871e-06	4.76864e-06	79.836	1	2	0	1	
100.854	0.1	0.3	1	159.681	55.1386	7.82398e-06	5.44508e-06	-1.09383e-05	79.8405	1	2	0	1	
101.206	0.1	0.3	1	159.69	55.1209	1.18662e-05	-2.91694e-06	-1.23576e-06	79.8455	1	2	0	1	
101.558	0.1	0.3	1	159.699	55.1036	-8.27931e-06	-3.36278e-06	1.93557e-06	79.85	1	2	0	1	
101.91	0.1	0.3	1	159.708	55.0865	-1.57639e-06	-1.10354e-05	1.27087e-06	79.8545	1	2	0	1	
102.261	0.1	0.3	1	159.717	55.0698	1.84604e-06	-1.98819e-06	-6.54826e-06	79.859	1	2	0	1	
102.613	0.1	0.3	1	159.726	55.0531	-8.79826e-07	1.78591e-05	-1.81915e-05	79.8635	1	2	0	1	
102.965	0.1	0.3	1	159.735	55.0367	-4.3478e-06	-4.45028e-06	-9.21927e-06	79.868	1	2	0	1	
103.317	0.1	0.3	1	159.744	55.0206	-1.04112e-05	8.53176e-06	-2.32735e-06	79.8725	1	2	0	1	
103.668	0.1	0.3	1	159.753	55.0048	6.29364e-07	-9.79822e-06	-9.44412e-06	79.877	1	2	0	1	
104.02	0.1	0.3	1	159.762	54.989	2.21334e-05	-2.75126e-05	-7.77683e-06	79.881	1	2	0	1	
104.372	0.1	0.3	1	159.77	54.9737	-6.90091e-06	2.34314e-05	-2.40662e-05	79.8855	1	2	0	1	
104.724	0.1	0.3	1	159.779	54.9585	-1.01595e-05	6.16211e-06	-1.12163e-05	79.8895	1	2	0	1	
105.075	0.1	0.3	1	159.787	54.9435	3.93798e-06	4.02574e-06	-8.76278e-06	79.894	1	2	0	1	
105.427	0.1	0.3	1	159.796	54.9288	8.39273e-06	-1.56519e-06	4.9183e-06	79.898	1	2	0	1	
105.779	0.1	0.3	1	159.804	54.9143	7.28922e-06	-3.30822e-06	-6.84698e-06	79.902	1	2	0	1	
106.131	0.1	0.3	1	159.812	54.9	-8.00049e-06	3.43401e-06	-3.43555e-06	79.9065	1	2	0	1	
106.482	0.1	0.3	1	159.82	54.8859	5.00605e-06	1.23207e-05	1.34475e-05	79.9105	1	2	0	1	
106.834	0.1	0.3	1	159.828	54.8719	-7.02549e-09	3.53135e-06	-1.35021e-05	79.9145	1	2	0	1	
107.186	0.1	0.3	1	159.836	54.8582	-1.03555e-05	1.63861e-06	2.96367e-06	79.9185	1	2	0	1	
107.538	0.1	0.3	1	159.844	54.8446	1.09644e-05	1.02146e-06	-8.29678e-06	79.9225	1	2	0	1	
107.889	0.1	0.3	1	159.852	54.8313	4.42198e-06	2.86133e-06	8.05003e-06	79.9265	1	2	0	1	
108.241	0.1	0.3	1	159.86	54.818	7.01498e-06	4.10442e-06	-1.0963e-05	79.9305	1	2	0	1	
108.593	0.1	0.3	1	159.868	54.8051	7.23469e-06	1.02849e-05	1.06277e-05	79.934	1	2	0	1	
108.945	0.1	0.3	1	159.875	54.7922	2.78961e-07	1.27645e-06	-4.78506e-06	79.938	1	2	0	1	
109.296	0.1	0.3	1	159.883	54.7796	-7.00999e-06	5.14415e-06	-8.47366e-06	79.942	1	2	0	1	
109.648	0.1	0.3	1	159.891	54.7671	-6.24023e-06	5.4973e-06	1.1037e-06	79.9455	1	2	0	1	
110	0.1	0.3	1	159.898	54.7547	3.06426e-06	5.00483e-06	1.20007e-05	79.9495	1	2	0	1	
