40	0.1	0.3	-2	0	0	0	0	0	86.5	1	2	0	1	
40.3518	0.1	0.3	-2	0	0	0	0	0	86.5	1	2	0	1	
40.7035	0.1	0.3	-2	0	0	0	0	0	86.5	1	2	0	1	
41.0553	0.1	0.3	-2	0	0	0	0	0	86.5	1	2	0	1	
41.407	0.1	0.3	-2	0	0	0	0	0	86.5	1	2	0	1	
41.7588	0.1	0.3	-2	0	0	0	0	0	86.5	1	2	0	1	
42.1106	0.1	0.3	-2	0	0	0	0	0	86.5	1	2	0	1	
42.4623	0.1	0.3	-2	0	0	0	0	0	86.5	1	2	0	1	
42.8141	0.1	0.3	-2	0	0	0	0	0	86.5	1	2	0	1	
43.1658	0.1	0.3	-2	0	0	0	0	0	86.5	1	2	0	1	
43.5176	0.1	0.3	-2	0	0	0	0	0	86.5	1	2	0	1	
43.8693	0.1	0.3	-2	0	0	0	0	0	86.5	1	2	0	1	
44.2211	0.1	0.3	-2	0	0	0	0	0	86.5	1	2	0	1	
44.5729	0.1	0.3	1	24.3942	-245.536	9.40587e-06	-5.99571e-07	265.566	86.5	1	2	0	1	
44.9246	0.1	0.3	1	32.4699	-245.333	-7.06008e-05	2.80439e-05	264.819	86.5	1	2	0	1	
45.2764	0.1	0.3	1	37.3884	-245.064	-2.31821e-05	2.88078e-06	264.08	86.5	1	2	0	1	
45.6281	0.1	0.3	1	41.1643	-244.753	7.40644e-06	-9.34049e-06	263.341	86.5	1	2	0	1	
45.9799	0.1	0.3	1	44.3158	-244.411	2.00869e-07	-7.20837e-06	262.598	86.5	1	2	0	1	
46.3317	0.1	0.3	1	47.0659	-244.042	2.08731e-05	2.48663e-05	261.851	86.5	1	2	0	1	
46.6834	0.1	0.3	1	49.5367	-243.65	1.54886e-05	8.80551e-05	261.098	86.5	1	2	0	1	
47.0352	0.1	0.3	1	51.7919	-243.238	7.08834e-06	-1.3165e-05	260.339	86.5	1	2	0	1	
47.3869	0.1	0.3	1	53.8805	-242.808	3.93999e-07	-2.16422e-06	259.574	86.5	1	2	0	1	
47.7387	0.1	0.3	1	55.8345	-242.36	-2.3494e-05	2.79552e-05	258.802	86.5	1	2	0	1	
48.0905	0.1	0.3	1	57.6771	-241.896	-7.19086e-06	5.25385e-06	258.023	86.5	1	2	0	1	
48.4422	0.1	0.3	1	59.4258	-241.418	-2.41468e-05	1.18113e-06	257.236	86.5	1	2	0	1	
48.794	0.1	0.3	1	61.0913	240.925	6.8503e-06	1.95686e-05	256.443	86.5	1	2	0	1	
49.1457	0.1	0.3	1	62.6922	240.417	-2.71082e-05	4.49393e-05	255.642	86.5	1	2	0	1	
49.4975	0.1	0.3	1	64.2292	239.896	2.87402e-06	2.99043e-05	254.833	86.5	1	2	0	1	
49.8492	0.1	0.3	1	65.7118	239.362	3.9076e-05	3.8582e-06	254.017	86.5	1	2	0	1	
50.201	0.1	0.3	1	67.1459	238.815	-2.72005e-06	-1.81973e-05	253.192	86.5	1	2	0	1	
50.5528	0.1	0.3	1	68.5364	238.255	6.40487e-06	1.88494e-05	252.36	86.5	1	2	0	1	
50.9045	0.1	0.3	1	69.8873	237.683	7.55584e-06	1.92632e-05	251.52	86.5	1	2	0	1	
51.2563	0.1	0.3	1	71.2023	237.099	-3.42569e-06	-5.12985e-06	250.672	86.5	1	2	0	1	
51.608	0.1	0.3	1	72.4844	236.503	1.80193e-05	-3.08211e-05	249.817	86.5	1	2	0	1	
51.9598	0.1	0.3	1	73.7363	235.896	-8.63835e-07	-9.8272e-06	248.946	86.5	1	2	0	1	
52.3116	0.1	0.3	1	74.9604	235.276	-3.64068e-06	2.56441e-05	248.076	86.5	1	2	0	1	
52.6633	0.1	0.3	1	76.1586	234.644	4.56233e-06	-3.69338e-06	247.188	86.5	1	2	0	1	
53.0151	0.1	0.3	1	77.3328	234.002	-3.03143e-05	1.44662e-05	246.292	86.5	1	2	0	1	
53.3668	0.1	0.3	1	78.4845	233.347	-1.89116e-05	1.88283e-05	245.387	86.5	1	2	0	1	
53.7186	0.1	0.3	1	79.6154	232.681	-1.6595e-05	2.61188e-06	244.474	86.5	1	2	0	1	
54.0704	0.1	0.3	1	80.7266	232.003	9.78665e-06	9.72727e-06	243.551	86.5	1	2	0	1	
54.4221	0.1	0.3	1	81.8194	231.314	9.8073e-06	-4.2194e-06	242.618	86.5	1	2	0	1	
54.7739	0.1	0.3	1	82.8948	230.614	6.8459e-06	-3.33044e-06	241.676	86.5	1	2	0	1	
55.1256	0.1	0.3	1	83.9539	229.901	-1.32127e-05	2.45324e-05	240.725	86.5	1	2	0	1	
55.4774	0.1	0.3	1	84.9975	229.178	-3.88815e-05	-9.78732e-07	239.763	86.5	1	2	0	1	
55.8291	0.1	0.3	1	86.0265	228.442	4.49723e-05	1.29246e-05	238.791	86.5	1	2	0	1	
56.1809	0.1	0.3	1	87.0415	227.695	-6.51824e-06	2.92589e-05	237.809	86.5	1	2	0	1	
56.5327	0.1	0.3	1	88.0433	226.937	1.378e-05	-3.63213e-06	236.817	86.5	1	2	0	1	
56.8844	0.1	0.3	1	89.0325	226.166	1.81688e-05	2.16179e-06	235.814	86.5	1	2	0	1	
57.2362	0.1	0.3	1	90.0097	225.384	-9.11397e-06	1.82794e-05	234.801	86.5	1	2	0	1	
57.5879	0.1	0.3	1	90.9754	224.59	-3.38842e-07	-1.47655e-05	233.776	86.5	1	2	0	1	
57.9397	0.1	0.3	1	91.9302	223.784	6.14655e-05	1.43525e-05	232.741	86.5	1	2	0	1	
58.2915	0.1	0.3	1	92.8745	222.965	-2.06295e-05	-1.85325e-05	231.694	86.5	1	2	0	1	
58.6432	0.1	0.3	1	93.8086	222.135	3.54684e-06	2.71402e-05	230.637	86.5	1	2	0	1	
58.995	0.1	0.3	1	94.7331	221.292	-7.079e-05	2.05019e-05	229.567	86.5	1	2	0	1	
59.3467	0.1	0.3	1	95.6484	220.437	-5.78225e-06	-1.28681e-05	228.487	86.5	1	2	0	1	
59.6985	0.1	0.3	1	96.56	219.565	-2.8216e-05	3.366e-06	227.393	86.5	1	2	0	1	
60.0503	0.1	0.3	1	97.4524	218.689	3.91174e-05	6.96889e-07	226.289	86.5	1	2	0	1	
60.402	0.1	0.3	1	98.3417	217.796	-6.23692e-06	-3.69617e-05	225.172	86.5	1	2	0	1	
60.7538	0.1	0.3	1	99.2231	216.891	-6.15048e-06	-3.89783e-06	224.043	86.5	1	2	0	1	
61.1055	0.1	0.3	1	100.097	215.972	-2.17164e-05	1.91199e-07	222.901	86.5	1	2	0	1	
61.4573	0.1	0.3	1	100.963	215.039	-4.00049e-06	-2.11783e-06	221.746	86.5	1	2	0	1	
61.809	0.1	0.3	1	101.822	214.094	-2.28118e-05	1.61229e-05	220.578	86.5	1	2	0	1	
62.1608	0.1	0.3	1	102.674	213.135	-1.47232e-05	-7.32967e-06	219.397	86.5	1	2	0	1	
62.5126	0.1	0.3	1	103.519	212.162	7.69255e-06	-8.60286e-06	218.202	86.5	1	2	0	1	
62.8643	0.1	0.3	1	104.358	211.175	-1.19627e-05	-3.82985e-06	216.994	86.5	1	2	0	1	
63.2161	0.1	0.3	1	105.19	210.175	3.06094e-06	1.83654e-06	215.771	86.5	1	2	0	1	
63.5678	0.1	0.3	1	106.016	209.159	-7.72976e-06	8.36903e-06	214.535	86.5	1	2	0	1	
63.9196	0.1	0.3	1	106.835	208.13	-2.02291e-05	3.7037e-06	213.284	86.5	1	2	0	1	
64.2714	0.1	0.3	1	107.649	207.086	-8.38823e-06	-1.02108e-05	212.018	86.5	1	2	0	1	
64.6231	0.1	0.3	1	108.458	206.026	4.61869e-06	-2.35785e-05	210.737	86.5	1	2	0	1	
64.9749	0.1	0.3	1	109.26	204.952	-9.97652e-06	1.47862e-05	209.44	86.5	1	2	0	1	
65.3266	0.1	0.3	1	110.06	203.859	2.06057e-05	-1.75502e-05	208.128	86.5	1	2	0	1	
65.6784	0.1	0.3	1	110.85	202.756	-1.92804e-05	-2.46864e-05	206.8	86.5	1	2	0	1	
66.0302	0.1	0.3	1	111.636	201.635	-7.77297e-05	-6.01937e-06	205.456	86.5	1	2	0	1	
66.3819	0.1	0.3	1	112.417	200.497	-1.76984e-06	-4.30908e-06	204.095	86.5	1	2	0	1	
66.7337	0.1	0.3	1	113.194	199.343	-2.88032e-05	-6.96752e-06	202.716	86.5	1	2	0	1	
67.0854	0.1	0.3	1	113.965	198.172	1.8301e-05	2.4804e-05	201.321	86.5	1	2	0	1	
67.4372	0.1	0.3	1	114.732	196.983	-4.07245e-05	9.58322e-06	199.908	86.5	1	2	0	1	
67.7889	0.1	0.3	1	115.494	195.778	-2.36986e-05	2.05705e-05	198.476	86.5	1	2	0	1	
68.1407	0.1	0.3	1	116.252	194.554	-7.40346e-06	-4.78901e-06	197.026	86.5	1	2	0	1	
68.4925	0.1	0.3	1	117.005	193.312	-2.48026e-05	1.70392e-05	195.557	86.5	1	2	0	1	
68.8442	0.1	0.3	1	117.753	192.052	-1.88832e-05	1.00842e-05	194.068	86.5	1	2	0	1	
69.196	0.1	0.3	1	118.497	190.772	9.6595e-06	-4.36143e-05	192.56	86.5	1	2	0	1	
69.5477	0.1	0.3	1	119.237	189.47	8.21895e-05	-4.56059e-05	191.03	86.5	1	2	0	1	
69.8995	0.1	0.3	1	119.972	188.148	5.48776e-05	3.18806e-06	189.48	86.5	1	2	0	1	
70.2513	0.1	0.3	1	120.703	186.816	1.22408e-05	-5.64735e-06	187.908	86.5	1	2	0	1	
70.603	0.1	0.3	1	121.43	185.457	2.10037e-05	-5.1104e-05	186.314	86.5	1	2	0	1	
70.9548	0.1	0.3	1	122.153	184.077	3.04855e-05	3.11263e-06	184.697	86.5	1	2	0	1	
71.3065	0.1	0.3	1	122.872	182.674	-2.03148e-06	7.31305e-06	183.057	86.5	1	2	0	1	
71.6583	0.1	0.3	1	123.586	181.25	-3.50315e-06	4.74127e-06	181.393	86.5	1	2	0	1	
72.0101	0.1	0.3	1	124.297	179.802	-2.74094e-06	-1.0897e-05	179.704	86.5	1	2	0	1	
72.3618	0.1	0.3	1	125.004	178.331	9.6719e-06	1.39474e-06	177.989	86.5	1	2	0	1	
72.7136	0.1	0.3	1	125.706	176.839	2.1464e-05	-1.13971e-05	176.248	86.5	1	2	0	1	
73.0653	0.1	0.3	1	126.405	175.318	-2.61877e-05	6.41143e-06	174.479	86.5	1	2	0	1	
73.4171	0.1	0.3	1	127.1	173.773	6.68988e-06	-2.40753e-06	172.683	86.5	1	2	0	1	
73.7688	0.1	0.3	1	127.79	172.203	-8.54172e-06	-1.7787e-05	170.857	86.5	1	2	0	1	
74.1206	0.1	0.3	1	128.477	170.605	1.52836e-05	1.04918e-05	169.002	86.5	1	2	0	1	
74.4724	0.1	0.3	1	129.16	168.98	9.51276e-06	2.09569e-05	167.115	86.5	1	2	0	1	
74.8241	0.1	0.3	1	129.839	167.327	-3.19344e-06	8.32035e-06	165.196	86.5	1	2	0	1	
75.1759	0.1	0.3	1	130.514	165.645	8.56744e-06	-2.34697e-05	163.244	86.5	1	2	0	1	
75.5276	0.1	0.3	1	131.185	163.933	6.07291e-08	7.60637e-06	161.256	86.5	1	2	0	1	
75.8794	0.1	0.3	1	131.851	162.19	3.16888e-06	-7.65716e-06	159.233	86.5	1	2	0	1	
76.2312	0.1	0.3	1	132.514	160.416	-1.87454e-05	-8.58579e-06	157.172	86.5	1	2	0	1	
76.5829	0.1	0.3	1	133.172	158.609	3.94411e-05	-3.16024e-05	155.072	86.5	1	2	0	1	
76.9347	0.1	0.3	1	133.826	156.769	-9.45545e-06	5.00909e-06	152.93	86.5	1	2	0	1	
77.2864	0.1	0.3	1	134.476	154.895	6.13051e-08	3.73998e-06	150.746	86.5	1	2	0	1	
77.6382	0.1	0.3	1	135.122	152.986	-1.29527e-05	-2.31942e-05	148.517	86.5	1	2	0	1	
77.9899	0.1	0.3	1	135.762	151.044	-2.6724e-05	-1.0922e-05	146.241	86.5	1	2	0	1	
78.3417	0.1	0.3	1	136.398	149.068	3.10289e-05	4.12728e-06	143.915	86.5	1	2	0	1	
78.6935	0.1	0.3	1	137.029	147.062	-2.58742e-05	1.12092e-05	141.538	86.5	1	2	0	1	
79.0452	0.1	0.3	1	137.655	145.034	3.97255e-06	-1.73517e-05	139.106	86.5	1	2	0	1	
79.397	0.1	0.3	1	138.275	143.026	7.77015e-06	-1.26011e-05	136.615	86.5	1	2	0	1	
79.7487	0.1	0.3	1	138.889	140.902	-2.86503e-05	-2.32815e-05	134.064	86.5	1	2	0	1	
80.1005	0.1	0.3	1	139.498	138.526	2.02553e-06	1.95676e-05	131.447	86.5	1	2	0	1	
80.4523	0.1	0.3	1	140.102	136.175	4.15073e-05	-1.7607e-05	128.76	86.5	1	2	0	1	
80.804	0.1	0.3	1	140.71	133.75	-1.7366e-05	-2.7609e-06	125.995	86.5	1	2	0	1	
81.1558	0.1	0.3	1	141.304	131.305	-1.78764e-05	2.17484e-05	123.153	86.5	1	2	0	1	
81.5075	0.1	0.3	1	141.892	128.793	1.5193e-05	6.98233e-06	120.224	86.5	1	2	0	1	
81.8593	0.1	0.3	1	142.474	126.242	1.97289e-06	4.94743e-06	117.202	86.5	1	2	0	1	
82.2111	0.1	0.3	1	143.048	123.573	-7.67052e-06	1.84721e-05	114.079	86.5	1	2	0	1	
82.5628	0.1	0.3	1	143.615	120.87	-1.40674e-05	-1.45749e-05	110.846	86.5	1	2	0	1	
82.9146	0.1	0.3	1	144.174	118.039	4.81517e-06	-1.21534e-06	107.491	86.5	1	2	0	1	
83.2663	0.1	0.3	1	144.725	115.124	-1.87183e-05	-1.99886e-05	104.002	86.5	1	2	0	1	
83.6181	0.1	0.3	1	145.266	112.105	-1.65518e-05	-3.86586e-06	100.364	86.5	1	2	0	1	
83.9698	0.1	0.3	1	145.796	108.991	-6.23128e-06	-2.08795e-05	96.5593	86.5	1	2	0	1	
84.3216	0.1	0.3	1	146.315	105.759	-4.78595e-06	1.43665e-05	92.5654	86.5	1	2	0	1	
84.6734	0.1	0.3	3	146.82	102.405	4.19612e-05	-1.08042e-05	88.3559	86.5	1	2	0	1	
85.0251	0.1	0.3	1	147.31	98.918	-2.65033e-05	6.19514e-06	83.8998	86.5	1	2	0	1	
85.3769	0.1	0.3	3	147.782	95.2903	6.41816e-06	-4.29013e-06	79.168	86.5	1	2	0	1	
85.7286	0.1	0.3	3	148.234	91.5078	-1.54096e-05	-6.53405e-07	73.9885	86.5	1	2	0	1	
86.0804	0.1	0.3	3	148.659	87.5945	-2.47448e-06	1.24517e-06	68.3137	86.5	1	2	0	1	
86.4322	0.1	0.3	3	149.051	83.5821	2.0359e-05	-4.97849e-06	61.9546	86.5	1	2	0	1	
86.7839	0.1	0.3	3	149.392	79.6601	-3.26838e-05	1.26198e-05	54.7133	86.5	1	2	0	1	
87.1357	0.1	0.3	3	149.689	75.7817	6.482e-06	-9.68959e-06	46.0551	86.5	1	2	0	1	
87.4874	0.1	0.3	1	149.907	-72.5462	-9.88782e-06	7.91745e-06	34.6637	86.5	1	2	0	1	
87.8392	0.1	0.3	1	150.018	70.8333	-3.92901e-05	-8.58105e-07	13.3084	86.5	1	2	0	1	
88.191	0.1	0.3	1	150.04	70.6929	2.00043e-05	-6.69082e-06	3.31772e-05	86.5	1	2	0	1	
88.5427	0.1	0.3	1	150.059	70.596	3.38171e-05	-4.57986e-06	3.541e-05	86.5	1	2	0	1	
88.8945	0.1	0.3	1	150.077	70.5081	9.57012e-06	2.77508e-07	-1.16972e-05	86.5	1	2	0	1	
89.2462	0.1	0.3	1	150.094	70.4291	1.65883e-05	-2.46358e-05	3.50119e-05	86.5	1	2	0	1	
89.598	0.1	0.3	1	150.111	70.3569	-1.49545e-05	-1.3333e-05	-2.33551e-06	86.5	1	2	0	1	
89.9497	0.1	0.3	1	150.127	70.299	-3.02358e-08	4.99118e-06	1.1164e-05	86.5	1	2	0	1	
90.3015	0.1	0.3	1	150.143	70.2369	-7.5198e-06	3.47449e-06	3.92204e-05	86.5	1	2	0	1	
90.6533	0.1	0.3	1	150.159	70.2376	-9.80284e-09	9.43173e-06	1.97272e-05	86.5	1	2	0	1	
91.005	0.1	0.3	1	150.175	70.6111	-9.71542e-06	-1.85367e-05	1.16552e-05	86.5	1	2	0	1	
91.3568	0.1	0.3	1	150.19	70.1501	5.78196e-06	4.00267e-06	-5.51379e-06	86.5	1	2	0	1	
91.7085	0.1	0.3	1	150.205	69.8888	1.89753e-06	4.11858e-06	1.65729e-05	86.5	1	2	0	1	
92.0603	0.1	0.3	3	150.219	69.8124	6.26693e-07	5.27728e-06	1.28036e-05	86.5	1	2	0	1	
92.4121	0.1	0.3	3	150.232	69.7159	1.54528e-06	2.26018e-05	-7.59981e-07	86.5	1	2	0	1	
92.7638	0.1	0.3	1	150.245	69.6417	-1.42082e-05	-8.54978e-06	6.55649e-06	86.5	1	2	0	1	
93.1156	0.1	0.3	3	150.257	69.5763	1.6119e-06	-1.34656e-05	-3.95451e-06	86.5	1	2	0	1	
93.4673	0.1	0.3	1	150.269	69.5198	-1.67258e-05	-5.26248e-06	-1.68799e-05	86.5	1	2	0	1	
93.8191	0.1	0.3	1	150.28	69.4711	-2.14233e-05	8.31989e-06	1.81611e-05	86.5	1	2	0	1	
94.1709	0.1	0.3	1	150.291	69.4304	4.36505e-06	1.54597e-06	-2.04175e-05	86.5	1	2	0	1	
94.5226	0.1	0.3	1	150.301	69.399	4.83572e-06	-7.40134e-06	-1.07073e-05	86.5	1	2	0	1	
94.8744	0.1	0.3	1	150.311	69.376	-5.08133e-06	6.05667e-06	-1.15001e-05	86.5	1	2	0	1	
95.2261	0.1	0.3	1	150.319	69.3781	-8.91273e-06	8.72746e-06	-2.28342e-06	86.5	1	2	0	1	
95.5779	0.1	0.3	1	150.328	69.3676	7.22755e-06	-1.45873e-05	1.12657e-05	86.5	1	2	0	1	
95.9296	0.1	0.3	1	150.338	69.3465	-7.3145e-06	-1.04483e-05	9.46846e-06	86.5	1	2	0	1	
96.2814	0.1	0.3	1	150.347	69.3243	-6.87725e-06	-1.74795e-06	1.17181e-05	86.5	1	2	0	1	
96.6332	0.1	0.3	1	150.356	69.3008	6.86791e-06	1.42296e-05	9.9071e-06	86.5	1	2	0	1	
96.9849	0.1	0.3	1	150.366	69.2768	-7.66584e-06	4.66127e-06	-3.0942e-06	86.5	1	2	0	1	
97.3367	0.1	0.3	1	150.375	69.2525	8.77994e-07	9.0783e-06	-2.94691e-05	86.5	1	2	0	1	
97.6884	0.1	0.3	1	150.384	69.2283	5.66999e-06	1.85222e-06	2.05987e-05	86.5	1	2	0	1	
98.0402	0.1	0.3	1	150.393	69.2042	7.51685e-06	-1.16862e-05	2.6205e-06	86.5	1	2	0	1	
98.392	0.1	0.3	1	150.402	69.1803	-1.20946e-05	-2.04504e-05	1.40174e-05	86.5	1	2	0	1	
98.7437	0.1	0.3	1	150.411	69.1568	-5.22973e-06	-4.61566e-06	-1.16304e-05	86.5	1	2	0	1	
99.0955	0.1	0.3	1	150.419	69.1334	-1.39075e-05	-1.39219e-05	6.34025e-06	86.5	1	2	0	1	
99.4472	0.1	0.3	1	150.428	69.1103	2.60789e-06	1.18925e-06	-1.03681e-05	86.5	1	2	0	1	
99.799	0.1	0.3	1	150.437	69.0876	3.57466e-06	3.87679e-06	-1.06256e-05	86.5	1	2	0	1	
100.151	0.1	0.3	1	150.445	69.0652	8.15236e-06	-2.24456e-05	-2.40532e-06	86.5	1	2	0	1	
100.503	0.1	0.3	1	150.454	69.0432	1.47589e-05	4.22575e-06	-1.02868e-05	86.5	1	2	0	1	
100.854	0.1	0.3	1	150.462	69.0215	4.81344e-06	1.05792e-05	-1.43619e-05	86.5	1	2	0	1	
101.206	0.1	0.3	1	150.47	69.0001	-1.1498e-05	-8.55885e-06	3.99013e-06	86.5	1	2	0	1	
101.558	0.1	0.3	1	150.478	68.9791	-7.39773e-06	-1.25129e-05	1.1392e-05	86.5	1	2	0	1	
101.91	0.1	0.3	1	150.486	68.9583	-5.81425e-07	-8.9297e-06	1.14617e-05	86.5	1	2	0	1	
102.261	0.1	0.3	1	150.494	68.9379	-8.42023e-06	1.14891e-05	-8.44379e-06	86.5	1	2	0	1	
102.613	0.1	0.3	1	150.502	68.9178	9.75769e-06	-1.62198e-05	-1.84211e-05	86.5	1	2	0	1	
102.965	0.1	0.3	1	150.51	68.8981	4.78983e-06	1.37382e-05	1.0641e-06	86.5	1	2	0	1	
103.317	0.1	0.3	1	150.518	68.8785	-6.36979e-06	-1.95571e-06	1.07818e-05	86.5	1	2	0	1	
103.668	0.1	0.3	1	150.525	68.8593	-1.13333e-06	-2.83193e-06	7.31426e-06	86.5	1	2	0	1	
104.02	0.1	0.3	1	150.533	68.8404	-1.1656e-06	2.04573e-05	9.25285e-06	86.5	1	2	0	1	
104.372	0.1	0.3	1	150.54	68.8218	-6.25811e-06	-1.47539e-06	1.47384e-05	86.5	1	2	0	1	
104.724	0.1	0.3	1	150.548	68.8033	-5.39367e-07	6.63229e-07	1.3401e-05	86.5	1	2	0	1	
105.075	0.1	0.3	1	150.555	68.7852	8.47406e-06	-2.64923e-05	-1.7314e-05	86.5	1	2	0	1	
105.427	0.1	0.3	1	150.562	68.7673	-2.48848e-06	-1.38282e-05	-2.26216e-05	86.5	1	2	0	1	
105.779	0.1	0.3	1	150.57	68.7497	-2.75347e-06	-1.07757e-05	-7.96579e-06	86.5	1	2	0	1	
106.131	0.1	0.3	1	150.577	68.7322	-3.46424e-06	-1.34655e-05	-5.08281e-06	86.5	1	2	0	1	
106.482	0.1	0.3	1	150.584	68.7152	1.02612e-06	-8.80067e-06	-9.51991e-06	86.5	1	2	0	1	
106.834	0.1	0.3	1	150.591	68.6982	-2.33744e-07	-1.31515e-05	2.14063e-06	86.5	1	2	0	1	
107.186	0.1	0.3	1	150.598	68.6814	-3.57246e-06	7.4681e-06	-1.21886e-05	86.5	1	2	0	1	
107.538	0.1	0.3	1	150.605	68.6649	9.14371e-06	1.746e-05	-8.58338e-06	86.5	1	2	0	1	
107.889	0.1	0.3	1	150.612	68.6486	6.2266e-06	2.2611e-05	8.08698e-06	86.5	1	2	0	1	
108.241	0.1	0.3	1	150.619	68.6325	-1.16693e-06	-1.74907e-05	-1.03876e-05	86.5	1	2	0	1	
108.593	0.1	0.3	1	150.625	68.6166	5.95226e-06	3.0712e-06	-4.87046e-06	86.5	1	2	0	1	
108.945	0.1	0.3	1	150.632	68.6009	-3.96189e-06	1.24915e-05	-4.19083e-06	86.5	1	2	0	1	
109.296	0.1	0.3	1	150.639	68.5854	1.08168e-05	-4.44338e-06	-1.29214e-05	86.5	1	2	0	1	
109.648	0.1	0.3	1	150.645	68.5701	-6.03089e-06	-3.68838e-05	-8.34419e-06	86.5	1	2	0	1	
110	0.1	0.3	1	150.652	68.5549	-6.24911e-06	3.7789e-05	3.32043e-06	86.5	1	2	0	1	
