44.89473684210526	0.1	0.3	-2	0	0	0	0	0	173	1	2	0	1	
44.89473684210526	0.1	0.3	-2	0	0	0	0	0	173	1	2	0	1	
44.896331738437	0.1	0.3	-2	0	0	0	0	0	173	1	2	0	1	
44.89792663476874	0.1	0.3	-2	0	0	0	0	0	173	1	2	0	1	
44.89952153110048	0.1	0.3	-2	0	0	0	0	0	173	1	2	0	1	
44.90111642743221	0.1	0.3	-2	0	0	0	0	0	173	1	2	0	1	
44.90271132376395	0.1	0.3	-2	0	0	0	0	0	173	1	2	0	1	
44.90430622009569	0.1	0.3	-2	0	0	0	0	0	173	1	2	0	1	
44.90590111642743	0.1	0.3	-2	0	0	0	0	0	173	1	2	0	1	
44.90590111642743	0.1	0.3	-2	0	0	0	0	0	173	1	2	0	1	
44.90749601275917	0.1	0.3	-2	0	0	0	0	0	173	1	2	0	1	
44.90909090909091	0.1	0.3	-2	0	0	0	0	0	173	1	2	0	1	
44.91068580542264	0.1	0.3	-2	0	0	0	0	0	173	1	2	0	1	
44.91228070175438	0.1	0.3	-2	0	0	0	0	0	173	1	2	0	1	
44.91387559808612	0.1	0.3	-2	0	0	0	0	0	173	1	2	0	1	
44.91547049441786	0.1	0.3	-2	0	0	0	0	0	173	1	2	0	1	
44.9170653907496	0.1	0.3	-2	0	0	0	0	0	173	1	2	0	1	
44.9170653907496	0.1	0.3	-2	0	0	0	0	0	173	1	2	0	1	
44.91866028708134	0.1	0.3	-2	0	0	0	0	0	173	1	2	0	1	
44.92025518341308	0.1	0.3	-2	0	0	0	0	0	173	1	2	0	1	
44.92185007974481	0.1	0.3	-2	0	0	0	0	0	173	1	2	0	1	
44.92344497607655	0.1	0.3	-2	0	0	0	0	0	173	1	2	0	1	
44.92503987240829	0.1	0.3	-2	0	0	0	0	0	173	1	2	0	1	
44.92663476874003	0.1	0.3	-2	0	0	0	0	0	173	1	2	0	1	
44.92822966507177	0.1	0.3	-2	0	0	0	0	0	173	1	2	0	1	
44.92822966507177	0.1	0.3	-2	0	0	0	0	0	173	1	2	0	1	
44.92982456140351	0.1	0.3	-2	0	0	0	0	0	173	1	2	0	1	
44.93141945773525	0.1	0.3	-2	0	0	0	0	0	173	1	2	0	1	
44.93301435406698	0.1	0.3	-2	0	0	0	0	0	173	1	2	0	1	
44.93460925039872	0.1	0.3	-2	0	0	0	0	0	173	1	2	0	1	
44.93620414673046	0.1	0.3	-2	0	0	0	0	0	173	1	2	0	1	
44.9377990430622	0.1	0.3	-2	0	0	0	0	0	173	1	2	0	1	
44.93939393939394	0.1	0.3	-2	0	0	0	0	0	173	1	2	0	1	
44.93939393939394	0.1	0.3	-2	0	0	0	0	0	173	1	2	0	1	
44.94098883572568	0.1	0.3	-2	0	0	0	0	0	173	1	2	0	1	
44.94258373205741	0.1	0.3	-2	0	0	0	0	0	173	1	2	0	1	
44.94417862838915	0.1	0.3	-2	0	0	0	0	0	173	1	2	0	1	
44.94577352472089	0.1	0.3	-2	0	0	0	0	0	173	1	2	0	1	
44.94736842105263	0.1	0.3	-2	0	0	0	0	0	173	1	2	0	1	
44.94896331738437	0.1	0.3	-2	0	0	0	0	0	173	1	2	0	1	
44.95055821371611	0.1	0.3	-2	0	0	0	0	0	173	1	2	0	1	
44.95055821371611	0.1	0.3	-2	0	0	0	0	0	173	1	2	0	1	
44.95215311004785	0.1	0.3	-2	0	0	0	0	0	173	1	2	0	1	
44.95374800637958	0.1	0.3	-2	0	0	0	0	0	173	1	2	0	1	
44.95534290271132	0.1	0.3	-2	0	0	0	0	0	173	1	2	0	1	
44.95693779904306	0.1	0.3	-2	0	0	0	0	0	173	1	2	0	1	
44.9585326953748	0.1	0.3	-2	0	0	0	0	0	173	1	2	0	1	
44.96012759170654	0.1	0.3	-2	0	0	0	0	0	173	1	2	0	1	
44.96172248803828	0.1	0.3	-2	0	0	0	0	0	173	1	2	0	1	
44.96172248803828	0.1	0.3	-2	0	0	0	0	0	173	1	2	0	1	
44.96331738437001	0.1	0.3	-2	0	0	0	0	0	173	1	2	0	1	
44.96491228070175	0.1	0.3	-2	0	0	0	0	0	173	1	2	0	1	
44.96650717703349	0.1	0.3	-2	0	0	0	0	0	173	1	2	0	1	
44.96810207336523	0.1	0.3	-2	0	0	0	0	0	173	1	2	0	1	
44.96969696969697	0.1	0.3	-2	0	0	0	0	0	173	1	2	0	1	
44.97129186602871	0.1	0.3	-2	0	0	0	0	0	173	1	2	0	1	
44.97288676236045	0.1	0.3	-2	0	0	0	0	0	173	1	2	0	1	
44.97288676236045	0.1	0.3	-2	0	0	0	0	0	173	1	2	0	1	
44.97448165869218	0.1	0.3	-2	0	0	0	0	0	173	1	2	0	1	
44.97607655502392	0.1	0.3	-2	0	0	0	0	0	173	1	2	0	1	
44.97767145135566	0.1	0.3	-2	0	0	0	0	0	173	1	2	0	1	
44.9792663476874	0.1	0.3	-2	0	0	0	0	0	173	1	2	0	1	
44.98086124401914	0.1	0.3	-2	0	0	0	0	0	173	1	2	0	1	
44.98245614035088	0.1	0.3	-2	0	0	0	0	0	173	1	2	0	1	
44.98405103668262	0.1	0.3	-2	0	0	0	0	0	173	1	2	0	1	
44.98405103668262	0.1	0.3	-2	0	0	0	0	0	173	1	2	0	1	
44.98564593301435	0.1	0.3	-2	0	0	0	0	0	173	1	2	0	1	
44.98724082934609	0.1	0.3	-2	0	0	0	0	0	173	1	2	0	1	
44.98883572567783	0.1	0.3	-2	0	0	0	0	0	173	1	2	0	1	
44.99043062200957	0.1	0.3	-2	0	0	0	0	0	173	1	2	0	1	
44.99202551834131	0.1	0.3	-2	0	0	0	0	0	173	1	2	0	1	
44.99362041467305	0.1	0.3	-2	0	0	0	0	0	173	1	2	0	1	
44.99521531100478	0.1	0.3	-2	0	0	0	0	0	173	1	2	0	1	
44.99521531100478	0.1	0.3	-2	0	0	0	0	0	173	1	2	0	1	
44.99681020733652	0.1	0.3	-2	0	0	0	0	0	173	1	2	0	1	
44.99840510366826	0.1	0.3	-2	0	0	0	0	0	173	1	2	0	1	
45	0.1	0.3	-2	0	0	0	0	0	173	1	2	0	1	
45.00159489633174	0.1	0.3	-2	0	0	0	0	0	173	1	2	0	1	
45.00318979266348	0.1	0.3	-2	0	0	0	0	0	173	1	2	0	1	
45.00478468899522	0.1	0.3	-2	0	0	0	0	0	173	1	2	0	1	
45.00637958532695	0.1	0.3	1	6.985518287132538	-247.541580293661	-1.999664165285096e-05	2.08658581481436e-05	266.5732783225869	173	1	2	0	1	
45.00637958532695	0.1	0.3	1	6.985518287132538	-247.541580293661	-1.999664165285096e-05	2.08658581481436e-05	266.5732783225869	173	1	2	0	1	
45.00797448165869	0.1	0.3	1	9.303549560125422	-247.5435335698765	1.111349543689853e-05	3.789172209271718e-05	266.5716112156525	173	1	2	0	1	
45.00956937799043	0.1	0.3	1	10.45329996701825	-247.544788737632	1.358722588379797e-05	-2.097040144681366e-06	266.569362184795	173	1	2	0	1	
45.01116427432217	0.1	0.3	1	11.27183657825372	-247.5457476368426	7.425224222274236e-07	3.562397112369386e-06	266.5668405253838	173	1	2	0	1	
45.01275917065391	0.1	0.3	1	11.92230365467849	-247.5465616311872	9.20781189344892e-06	2.165908285810844e-05	266.5641772484726	173	1	2	0	1	
45.01435406698565	0.1	0.3	1	12.46875555062855	-247.5472464287793	8.494729927149001e-06	-1.665508051473374e-06	266.5614297524436	173	1	2	0	1	
45.01594896331738	0.1	0.3	1	12.94418098218978	-247.5478260916175	5.018663529009811e-06	-2.852036538920997e-06	266.5585993456424	173	1	2	0	1	
45.01754385964912	0.1	0.3	1	13.36603014680844	-247.5483177797027	1.937173898082552e-06	1.291121634791441e-05	266.5557048726243	173	1	2	0	1	
45.01754385964912	0.1	0.3	1	13.36603014680844	-247.5483177797027	1.937173898082552e-06	1.291121634791441e-05	266.5557048726243	173	1	2	0	1	
45.01913875598086	0.1	0.3	1	13.74748578123101	-247.5487724758833	-9.982794513444626e-06	-1.086797151476221e-05	266.5527755987916	173	1	2	0	1	
45.0207336523126	0.1	0.3	1	14.09663207043145	-247.5491302313929	1.940108754690817e-06	-2.449383909694951e-05	266.5497954953818	173	1	2	0	1	
45.02232854864434	0.1	0.3	1	14.41943359662877	-247.5494734945131	2.982988433109518e-05	-1.149841452130484e-05	266.5468069234015	173	1	2	0	1	
45.02392344497608	0.1	0.3	1	14.71984044514096	-247.5497294065023	-2.071372028002409e-05	1.898417245556339e-05	266.5437797337627	173	1	2	0	1	
45.02551834130782	0.1	0.3	1	15.0014764784076	-247.5499685136502	8.632554477372174e-07	4.847767601988336e-06	266.5407203945253	173	1	2	0	1	
45.02711323763955	0.1	0.3	1	15.26689803027995	-247.5501825718808	-8.375372861509152e-06	-4.761169457460858e-06	266.5376567140956	173	1	2	0	1	
45.02870813397129	0.1	0.3	1	15.51816515605675	-247.5503567036361	3.308514796877045e-06	2.69858029739473e-05	266.5345653333404	173	1	2	0	1	
45.02870813397129	0.1	0.3	1	15.51816515605675	-247.5503567036361	3.308514796877045e-06	2.69858029739473e-05	266.5345653333404	173	1	2	0	1	
45.03030303030303	0.1	0.3	1	15.75695907112079	-247.5504772808507	2.291722999393263e-05	-5.040652222129596e-06	266.5314500953334	173	1	2	0	1	
45.03189792663477	0.1	0.3	1	15.98468854170014	-247.5505914062538	4.485321776639311e-05	-2.203990512401931e-05	266.5283230073958	173	1	2	0	1	
45.03349282296651	0.1	0.3	1	16.20246107544019	-247.5506931586714	2.071155917523224e-07	-4.158650809227593e-06	266.5251985848117	173	1	2	0	1	
45.03508771929825	0.1	0.3	1	16.41129688699403	-247.5507415914207	-1.343837850938806e-05	3.662796076432309e-05	266.522046257217	173	1	2	0	1	
45.03668261562999	0.1	0.3	1	16.61202920000433	-247.5507744658003	-4.974356051946644e-06	6.067362843211377e-06	266.5189025514754	173	1	2	0	1	
45.03827751196172	0.1	0.3	1	16.80537485436438	-247.5507881674172	1.135428042449424e-05	-6.557523385509549e-06	266.5157364552871	173	1	2	0	1	
45.03987240829345	0.1	0.3	1	16.99195600013056	-247.5507695593529	3.126322451002525e-05	-2.757172742721286e-05	266.5125710463967	173	1	2	0	1	
45.03987240829346	0.1	0.3	1	16.99195600019586	-247.5507695591393	3.126955366600934e-05	1.067654268048122e-05	266.512570965692	173	1	2	0	1	
45.0414673046252	0.1	0.3	1	17.17231667788237	-247.5507571549436	-6.881923617498703e-06	1.383574488825076e-05	266.5093910360403	173	1	2	0	1	
45.04306220095694	0.1	0.3	1	17.34693570453712	-247.5507026097777	3.483869007483292e-05	-6.701793639219206e-07	266.5062062057655	173	1	2	0	1	
45.04465709728868	0.1	0.3	1	17.51623581196799	-247.5506223690017	-1.319907504734831e-05	2.148843000279737e-05	266.5029976059883	173	1	2	0	1	
45.04625199362042	0.1	0.3	1	17.68059257542472	-247.5505433743905	-6.973856503694428e-06	-4.282115705094865e-05	266.4998122699355	173	1	2	0	1	
45.04784688995215	0.1	0.3	1	17.84034164072434	-247.5504460290815	-3.620987923334471e-05	1.664150389899628e-05	266.4965959400263	173	1	2	0	1	
45.04944178628389	0.1	0.3	1	17.99578411351015	-247.5503236948444	6.347882967306772e-06	-6.727371517410469e-06	266.4933877948171	173	1	2	0	1	
45.05103668261562	0.1	0.3	1	18.14719107648116	-247.550191992466	-5.154285915196953e-06	2.007433115949319e-05	266.4901489494322	173	1	2	0	1	
45.05103668261563	0.1	0.3	1	18.1471910562054	-247.5501919924435	-5.154285915212348e-06	1.056651727627389e-05	266.4901592909245	173	1	2	0	1	
45.05263157894737	0.1	0.3	1	18.2948076385859	-247.5500508360271	4.323377379498831e-06	4.088373130104773e-05	266.4869305389551	173	1	2	0	1	
45.06220095693779	0.1	0.3	1	19.1120960526903	-247.5488625727101	1.171929481853014e-05	-6.932603577791403e-05	266.4675093192506	173	1	2	0	1	
45.07336523125996	0.1	0.3	1	19.94830129744746	-247.5469469323096	1.326034045249277e-05	-1.492364473759948e-05	266.4447091858281	173	1	2	0	1	
45.08452950558213	0.1	0.3	1	20.69176977359975	-247.5445367828756	-1.3962086507599e-05	-4.455088148624942e-05	266.4217732538003	173	1	2	0	1	
45.0956937799043	0.1	0.3	1	21.36378286267255	-247.5417114063038	-4.731005312369474e-06	6.352123851138813e-06	266.3987600686903	173	1	2	0	1	
45.10685805422647	0.1	0.3	1	21.9792527608039	-247.5385156341296	-1.116658656841185e-05	-6.1605159617081e-06	266.375688443953	173	1	2	0	1	
45.11802232854864	0.1	0.3	1	22.54860702017503	-247.5350011715419	-1.938537803793106e-05	3.373409040008293e-05	266.3525615833125	173	1	2	0	1	
45.12918660287081	0.1	0.3	1	23.07972153465818	-247.5311588953455	-1.371975656633013e-05	-1.671781027104717e-06	266.3293837473276	173	1	2	0	1	
45.14035087719298	0.1	0.3	1	23.57828307880173	-247.5270703288294	-3.261780719064546e-05	-4.67539301149709e-06	266.3061842320673	173	1	2	0	1	
45.15151515151515	0.1	0.3	1	24.04887437849608	-247.5227288601724	-3.659873215638987e-05	1.590990059924032e-05	266.2829540873777	173	1	2	0	1	
45.16267942583732	0.1	0.3	1	24.49511948237022	-247.5181528320999	2.688981403500823e-06	-3.209982834000302e-06	266.2597008326839	173	1	2	0	1	
45.17384370015949	0.1	0.3	1	24.91994817206564	-247.5133605415209	-1.092528832902229e-06	-6.256240164863178e-06	266.2364017590694	173	1	2	0	1	
45.18500797448166	0.1	0.3	1	25.32576815779291	-247.5083609480341	2.564208204464125e-05	1.837709988938071e-05	266.2131161360246	173	1	2	0	1	
45.19617224880383	0.1	0.3	1	25.71458506625316	-247.5031735869482	-5.045330146391525e-06	1.245396516962058e-05	266.1897952512624	173	1	2	0	1	
45.207336523126	0.1	0.3	1	26.08808896078555	-247.49780348811	-6.933078780680529e-06	1.785899093910555e-06	266.1664543498569	173	1	2	0	1	
45.21850079744816	0.1	0.3	1	26.44771852187885	-247.4922599069462	1.42354912440433e-05	3.016626183484838e-06	266.1431169952918	173	1	2	0	1	
45.22966507177033	0.1	0.3	1	26.79470952085835	-247.4865408847152	9.537835829742658e-06	-4.262463997539766e-06	266.1197581169533	173	1	2	0	1	
45.2408293460925	0.1	0.3	1	27.13135351448285	-247.4806432737742	7.403726113108799e-05	-4.191929606905736e-06	266.0963559644615	173	1	2	0	1	
45.25199362041467	0.1	0.3	1	27.45571993968778	-247.4746370643247	-1.184405318348236e-05	-6.222069737758275e-06	266.0729921314764	173	1	2	0	1	
45.26315789473684	0.1	0.3	1	27.77039401630055	-247.4684775455248	3.703354293643768e-06	-3.514618142615863e-06	266.049603977757	173	1	2	0	1	
45.27432216905901	0.1	0.3	1	28.07607216071405	-247.4621831938252	2.057980851510184e-05	-2.404713016963822e-05	266.0262132478002	173	1	2	0	1	
45.28548644338118	0.1	0.3	1	28.37335936014694	-247.4557575856158	-1.72621381044216e-05	3.007796935212883e-07	266.0027908329217	173	1	2	0	1	
45.29665071770335	0.1	0.3	1	28.66282271523289	-247.4492037254703	3.108103890606031e-05	-3.294063166587105e-05	265.9793546495637	173	1	2	0	1	
45.30781499202552	0.1	0.3	1	28.94497306846667	-247.4425044925086	-6.381631915191904e-06	-1.183951386204063e-06	265.955949945375	173	1	2	0	1	
45.31897926634768	0.1	0.3	1	29.22024859058956	-247.4356997304459	4.438694913089583e-06	3.614500273903557e-06	265.9325068254598	173	1	2	0	1	
45.33014354066985	0.1	0.3	1	29.48905453112143	-247.4287808618128	8.658766878148587e-07	1.791504690118277e-05	265.9090622157163	173	1	2	0	1	
45.34130781499202	0.1	0.3	1	29.75176387658152	-247.4217275618977	-1.188468348721635e-05	-2.601391211836713e-06	265.8856117322399	173	1	2	0	1	
45.35247208931419	0.1	0.3	1	30.00871903379157	-247.4145842365134	-1.178480745257625e-05	-1.097156232999995e-05	265.8621486023916	173	1	2	0	1	
45.36363636363636	0.1	0.3	1	30.2602311592646	-247.4073482398191	1.148734473321682e-05	1.010917103636416e-06	265.8386976209005	173	1	2	0	1	
45.37480063795853	0.1	0.3	1	30.50659836859237	-247.3999925196703	-2.248546222070706e-05	-1.761241591806863e-05	265.8152078256014	173	1	2	0	1	
45.3859649122807	0.1	0.3	1	30.74807611780768	-247.3925279295226	1.551892624355056e-05	4.622401773458039e-05	265.791729065976	173	1	2	0	1	
45.39712918660287	0.1	0.3	1	30.98491176550006	-247.3849715949422	-6.364493462738142e-06	-4.096266144260259e-07	265.7682502206159	173	1	2	0	1	
45.40829346092504	0.1	0.3	1	31.21733078288089	-247.3773254884075	-2.278320369770515e-06	-1.861474349546324e-06	265.7447541923179	173	1	2	0	1	
45.41945773524721	0.1	0.3	1	31.4455416229113	-247.369582946884	3.800596044379703e-06	-6.980211004802353e-06	265.7212663733296	173	1	2	0	1	
45.43062200956938	0.1	0.3	1	31.6697375664893	-247.3617441899214	1.574513076056747e-05	4.398006300604732e-05	265.6977489312314	173	1	2	0	1	
45.44178628389155	0.1	0.3	1	31.89009816811832	-247.3538240225015	-1.111681187447155e-05	3.998636977968831e-05	265.6742339784616	173	1	2	0	1	
45.45295055821371	0.1	0.3	1	32.10679055623042	-247.3458156021163	3.655163573521893e-06	2.13926938851302e-05	265.6507017442111	173	1	2	0	1	
45.46411483253588	0.1	0.3	1	32.31997058098557	-247.337719302429	-3.031086205534592e-06	-1.927616874031971e-05	265.6271886979918	173	1	2	0	1	
45.47527910685805	0.1	0.3	1	32.52978383075585	-247.3295511140149	7.887178862270305e-06	2.325555046689366e-05	265.60366451734	173	1	2	0	1	
45.48644338118022	0.1	0.3	1	32.73636653499797	-247.3212750300633	-7.602315414211025e-05	3.05360854696915e-06	265.5801183171976	173	1	2	0	1	
45.49760765550239	0.1	0.3	1	32.93984636896316	-247.3129453252603	-1.600019928981941e-05	-9.981828654977154e-06	265.556559705455	173	1	2	0	1	
45.50877192982456	0.1	0.3	1	33.14034317196511	-247.3045355281344	8.120501381853919e-06	-1.476076584290553e-05	265.5330370275633	173	1	2	0	1	
45.51993620414673	0.1	0.3	1	33.33796959159169	-247.2960393159519	-2.364923045472533e-05	-5.587147143173987e-06	265.5094726311025	173	1	2	0	1	
45.5311004784689	0.1	0.3	1	33.53283166163886	-247.2874696294914	3.055293470834511e-06	3.590828879984631e-05	265.4859101330749	173	1	2	0	1	
45.54226475279107	0.1	0.3	1	33.72502932233429	-247.2788239244567	-1.922018146162732e-05	3.429416289479903e-05	265.4623220262685	173	1	2	0	1	
45.55342902711324	0.1	0.3	1	33.91465688967293	-247.2701205538364	-3.751494469517169e-06	-4.058845858391502e-06	265.4387600139042	173	1	2	0	1	
45.56459330143541	0.1	0.3	1	34.10180347960777	-247.2613299899468	1.563637330143086e-05	1.752275912390161e-05	265.4151743296367	173	1	2	0	1	
45.57575757575758	0.1	0.3	1	34.2865533940267	-247.2524566675618	1.919129803995556e-05	2.252145866384839e-06	265.3915882025207	173	1	2	0	1	
45.58692185007975	0.1	0.3	1	34.46898647022321	-247.2435576507494	-1.744844836579912e-05	-1.476777055486878e-05	265.3679884047489	173	1	2	0	1	
45.59808612440191	0.1	0.3	1	34.64917839771751	-247.2345571892453	-8.645863306669908e-06	-1.357705852456093e-05	265.3443946265302	173	1	2	0	1	
45.60925039872408	0.1	0.3	1	34.8272010070857	-247.2255133241343	-2.735214777942196e-05	1.894675316571615e-05	265.320779151611	173	1	2	0	1	
45.62041467304625	0.1	0.3	1	35.00312253306252	-247.2163786494116	-4.020469561335713e-05	-2.752267584671723e-05	265.2971758560728	173	1	2	0	1	
45.63157894736842	0.1	0.3	1	35.17700785894928	-247.207178949711	-5.514593865444534e-06	-1.072493191047e-05	265.2735467055786	173	1	2	0	1	
45.64274322169059	0.1	0.3	1	35.34891874091484	-247.1979366063862	-3.786773191039212e-05	5.003237935119476e-05	265.24992813559	173	1	2	0	1	
45.65390749601276	0.1	0.3	1	35.51891400681055	-247.1886190973366	1.315637605316632e-06	1.255328003574308e-05	265.2262949749057	173	1	2	0	1	
45.66507177033493	0.1	0.3	1	35.68704974049929	-247.1792396725482	-2.184115120740238e-05	-3.33504757932257e-06	265.2026637544809	173	1	2	0	1	
45.6762360446571	0.1	0.3	1	35.85337945765807	-247.1698023211961	1.571936858735506e-05	5.581961901972299e-06	265.1790143673381	173	1	2	0	1	
45.68740031897926	0.1	0.3	1	36.01795426922025	-247.1603245424289	-1.29493096607744e-05	3.66571056982061e-05	265.1553784132415	173	1	2	0	1	
45.69856459330143	0.1	0.3	1	36.18082301876026	-247.1507585452329	7.904121067381364e-08	5.193931488647191e-06	265.1317145828488	173	1	2	0	1	
45.7097288676236	0.1	0.3	1	36.34203241760892	-247.1411479219398	1.797470320773209e-05	4.749734325737442e-06	265.1080508351338	173	1	2	0	1	
45.72089314194577	0.1	0.3	1	36.50162717896379	-247.1314737847413	8.620742172558982e-05	-8.745094977835599e-06	265.0843729720266	173	1	2	0	1	
45.73205741626794	0.1	0.3	1	36.65965012839662	-247.1217435185226	-2.157908209104997e-05	-1.372726387858212e-05	265.0607051990091	173	1	2	0	1	
45.74322169059011	0.1	0.3	1	36.81614230568545	-247.1119699531837	-6.088197028734921e-06	-2.148831678211449e-05	265.037026683279	173	1	2	0	1	
45.75438596491228	0.1	0.3	1	36.97114307484636	-247.1021333919819	-3.648567460601271e-06	8.610021676680457e-06	265.0133457610456	173	1	2	0	1	
45.76555023923445	0.1	0.3	1	37.12469021392013	-247.0922359142581	-3.502480049571988e-06	-6.40992449028599e-05	264.989650669597	173	1	2	0	1	
45.77671451355662	0.1	0.3	1	37.27681999358805	-247.0822885662086	2.420786096025967e-05	-3.200068784129512e-06	264.9659457222368	173	1	2	0	1	
45.78787878787879	0.1	0.3	1	37.4275672697109	-247.0722963805927	-1.121310251739338e-05	-3.863517466339526e-06	264.9422362985729	173	1	2	0	1	
45.79904306220096	0.1	0.3	1	37.57696555263405	-247.0622591911601	2.111279839910052e-05	-1.490238432722002e-05	264.9185179997289	173	1	2	0	1	
45.81020733652313	0.1	0.3	1	37.72504707157154	-247.0521527326742	1.415712087571297e-05	-1.278488295244906e-05	264.8948013667903	173	1	2	0	1	
45.8213716108453	0.1	0.3	1	37.87184285446565	-247.0419996798215	1.653495189735121e-05	-1.996861047171353e-05	264.8710800978041	173	1	2	0	1	
45.83253588516747	0.1	0.3	1	38.01738277542452	-247.0317943136504	-2.639048336194882e-06	3.310794099126158e-06	264.8473452987691	173	1	2	0	1	
45.84370015948964	0.1	0.3	1	38.16169561766348	-247.0215338909141	-1.809110380690537e-05	2.910618842330527e-05	264.8235936407915	173	1	2	0	1	
45.85486443381181	0.1	0.3	1	38.30480913323209	-247.0112360841179	-6.957109463601174e-05	5.885384632544363e-06	264.799860015887	173	1	2	0	1	
45.86602870813397	0.1	0.3	1	38.44675007820717	-247.0008818528193	1.709233185298586e-05	1.360961839676566e-05	264.7761219018722	173	1	2	0	1	
45.87719298245614	0.1	0.3	1	38.58754428027119	-246.9904991257492	-3.163291650962879e-05	-5.147665441809779e-06	264.7523635878755	173	1	2	0	1	
45.88835725677831	0.1	0.3	1	38.72721666411317	-246.9800486965769	1.204018905609505e-05	1.648252175301401e-07	264.7285748816685	173	1	2	0	1	
45.89952153110048	0.1	0.3	1	38.86579130680097	-246.9695447868721	5.84849021523226e-06	-2.133736486148105e-05	264.7048264980399	173	1	2	0	1	
45.91068580542264	0.1	0.3	1	39.00329147199997	-246.959015389214	-1.117184794965573e-05	1.306073554891156e-05	264.681039315391	173	1	2	0	1	
45.92185007974481	0.1	0.3	1	39.13973964358579	-246.9484267177161	3.487050674033654e-05	3.66261862561057e-06	264.6572527159384	173	1	2	0	1	
45.93301435406698	0.1	0.3	1	39.2751575723785	-246.9377783172394	2.316242748978681e-05	7.507635452260603e-06	264.6334702045062	173	1	2	0	1	
45.94417862838915	0.1	0.3	1	39.40956629082941	-246.9271126697315	2.119348268592169e-05	8.236299934401975e-06	264.6096506621919	173	1	2	0	1	
45.95534290271132	0.1	0.3	1	39.54298616751134	-246.9163820118543	-9.197439292396581e-07	1.697955878615307e-05	264.5858715473491	173	1	2	0	1	
45.96650717703349	0.1	0.3	1	39.67543691008224	-246.9056187064842	1.37032392400066e-05	-4.932425602316437e-05	264.5620548604721	173	1	2	0	1	
45.97767145135566	0.1	0.3	1	39.80693762146368	-246.8948107135963	3.515519746655205e-05	-9.202639540406565e-07	264.5382341133509	173	1	2	0	1	
45.98883572567783	0.1	0.3	1	39.93750679715048	-246.8839505184228	6.454347912146496e-06	2.921707187266559e-06	264.5144064499869	173	1	2	0	1	
46	0.1	0.3	1	40.06716237928696	-246.8730541656658	5.222806828131255e-06	-1.587133479885247e-05	264.4905729463961	173	1	2	0	1	
