53.7186	0.1	0.3	1	71.6717	0	243.189	214.328	0	71.6878	1	0	0	1	
54.0704	0.1	0.3	1	72.5791	0	242.206	213.416	0	72.5531	1	0	0	1	
54.4221	0.1	0.3	1	73.4612	0	241.217	212.516	0	73.4436	1	0	0	1	
54.7739	0.1	0.3	1	74.3208	0	240.221	211.624	0	74.3554	1	0	0	1	
55.1256	0.1	0.3	1	75.1857	0	239.212	210.712	0	75.2111	1	0	0	1	
55.4774	0.1	0.3	1	76.0388	0	238.195	209.798	0	76.0579	1	0	0	1	
55.8291	0.1	0.3	1	76.8806	0	237.168	208.883	0	76.8951	1	0	0	1	
56.1809	0.1	0.3	1	77.7113	0	236.132	207.965	0	77.7224	1	0	0	1	
56.5327	0.1	0.3	1	78.5398	0	235.085	207.036	0	78.5117	1	0	0	1	
56.8844	0.1	0.3	1	79.347	0	234.03	206.118	0	79.3245	1	0	0	1	
57.2362	0.1	0.3	1	80.1442	0	232.967	205.197	0	80.126	1	0	0	1	
57.5879	0.1	0.3	1	80.9312	0	231.893	204.275	0	80.9164	1	0	0	1	
57.9397	0.1	0.3	1	81.7082	0	230.81	203.352	0	81.6961	1	0	0	1	
58.2915	0.1	0.3	1	82.4751	0	229.717	202.428	0	82.4651	1	0	0	1	
58.6432	0.1	0.3	1	83.232	0	228.615	201.503	0	83.2238	1	0	0	1	
58.995	0.1	0.3	1	83.979	0	227.502	200.578	0	83.9721	1	0	0	1	
59.3467	0.1	0.3	1	84.7103	0	226.381	199.66	0	84.7333	1	0	0	1	
59.6985	0.1	0.3	1	85.4384	0	225.248	198.734	0	85.4581	1	0	0	1	
60.0503	0.1	0.3	1	86.1564	0	224.105	197.809	0	86.1735	1	0	0	1	
60.402	0.1	0.3	1	86.8646	0	222.952	196.885	0	86.8793	1	0	0	1	
60.7538	0.1	0.3	1	87.5629	0	221.788	195.961	0	87.5756	1	0	0	1	
61.1055	0.1	0.3	1	88.2512	0	220.614	195.04	0	88.2624	1	0	0	1	
61.4573	0.1	0.3	1	88.9298	0	219.429	194.12	0	88.9395	1	0	0	1	
61.809	0.1	0.3	1	89.5983	0	218.234	193.202	0	89.6069	1	0	0	1	
62.1608	0.1	0.3	1	90.2569	0	217.028	192.287	0	90.2644	1	0	0	1	
62.5126	0.1	0.3	1	90.9052	0	215.811	191.375	0	90.9119	1	0	0	1	
62.8643	0.1	0.3	1	91.5425	0	214.584	190.468	0	91.5484	1	0	0	1	
63.2161	0.1	0.3	1	92.1683	0	213.346	189.568	0	92.1735	1	0	0	1	
63.5678	0.1	0.3	1	92.7854	0	212.097	188.669	0	92.7901	1	0	0	1	
63.9196	0.1	0.3	1	93.3941	0	210.835	187.772	0	93.3983	1	0	0	1	
64.2714	0.1	0.3	1	93.9945	0	209.562	186.878	0	93.9982	1	0	0	1	
64.6231	0.1	0.3	1	94.5899	0	208.275	185.981	0	94.5723	1	0	0	1	
64.9749	0.1	0.3	1	95.1734	0	206.978	185.093	0	95.1574	1	0	0	1	
65.3266	0.1	0.3	1	95.7489	0	205.667	184.207	0	95.7342	1	0	0	1	
65.6784	0.1	0.3	1	96.3162	0	204.344	183.324	0	96.3028	1	0	0	1	
66.0302	0.1	0.3	1	96.8755	0	203.008	182.444	0	96.8632	1	0	0	1	
66.3819	0.1	0.3	1	97.4269	0	201.658	181.568	0	97.4156	1	0	0	1	
66.7337	0.1	0.3	1	97.9703	0	200.295	180.695	0	97.9599	1	0	0	1	
67.0854	0.1	0.3	1	98.5058	0	198.918	179.826	0	98.4962	1	0	0	1	
67.4372	0.1	0.3	1	99.0334	0	197.527	178.961	0	99.0246	1	0	0	1	
67.7889	0.1	0.3	1	99.5533	0	196.122	178.1	0	99.5451	1	0	0	1	
68.1407	0.1	0.3	1	100.065	0	194.703	177.243	0	100.058	1	0	0	1	
68.4925	0.1	0.3	1	100.57	0	193.268	176.391	0	100.563	1	0	0	1	
68.8442	0.1	0.3	1	101.066	0	191.819	175.544	0	101.06	1	0	0	1	
69.196	0.1	0.3	1	101.555	0	190.354	174.701	0	101.549	1	0	0	1	
69.5477	0.1	0.3	1	102.036	0	188.873	173.864	0	102.031	1	0	0	1	
69.8995	0.1	0.3	1	102.51	0	187.376	173.033	0	102.505	1	0	0	1	
70.2513	0.1	0.3	1	102.976	0	185.863	172.207	0	102.971	1	0	0	1	
70.603	0.1	0.3	1	103.434	0	184.333	171.387	0	103.43	1	0	0	1	
70.9548	0.1	0.3	1	103.885	0	182.786	170.573	0	103.881	1	0	0	1	
71.3065	0.1	0.3	1	104.328	0	181.221	169.765	0	104.325	1	0	0	1	
71.6583	0.1	0.3	1	104.764	0	179.638	168.964	0	104.76	1	0	0	1	
72.0101	0.1	0.3	1	105.193	0	178.036	168.17	0	105.189	1	0	0	1	
72.3618	0.1	0.3	1	105.613	0	176.416	167.382	0	105.61	1	0	0	1	
72.7136	0.1	0.3	1	106.027	0	174.776	166.603	0	106.024	1	0	0	1	
73.0653	0.1	0.3	1	106.433	0	173.116	165.83	0	106.43	1	0	0	1	
73.4171	0.1	0.3	1	106.831	0	171.436	165.065	0	106.828	1	0	0	1	
73.7688	0.1	0.3	1	107.222	0	169.734	164.308	0	107.219	1	0	0	1	
74.1206	0.1	0.3	1	107.606	0	168.011	163.56	0	107.603	1	0	0	1	
74.4724	0.1	0.3	1	107.982	0	166.265	162.82	0	107.979	1	0	0	1	
74.8241	0.1	0.3	1	108.351	0	164.497	162.089	0	108.348	1	0	0	1	
75.1759	0.1	0.3	1	108.712	0	162.704	161.367	0	108.71	1	0	0	1	
75.5276	0.1	0.3	1	109.066	0	160.887	160.654	0	109.064	1	0	0	1	
75.8794	0.1	0.3	1	109.412	0	159.045	159.95	0	109.411	1	0	0	1	
76.2312	0.1	0.3	1	109.752	0	157.177	159.257	0	109.75	1	0	0	1	
76.5829	0.1	0.3	1	110.084	0	155.281	158.573	0	110.082	1	0	0	1	
76.9347	0.1	0.3	1	110.408	0	153.358	157.9	0	110.406	1	0	0	1	
77.2864	0.1	0.3	1	110.725	0	151.405	157.237	0	110.724	1	0	0	1	
77.6382	0.1	0.3	1	111.035	0	149.423	156.585	0	111.033	1	0	0	1	
77.9899	0.1	0.3	1	111.336	0	147.409	155.948	0	111.348	1	0	0	1	
78.3417	0.1	0.3	1	111.631	0	145.362	155.319	0	111.642	1	0	0	1	
78.6935	0.1	0.3	1	111.918	0	143.282	154.701	0	111.929	1	0	0	1	
79.0452	0.1	0.3	0	112.199	154.095	2.65066e-05	154.095	2.65066e-05	112.209	1	0	0	1	
79.397	0.1	0.3	0	112.471	153.502	2.03438e-05	153.502	2.03438e-05	112.482	1	0	0	1	
79.7487	0.1	0.3	0	112.737	152.921	7.72791e-06	152.921	7.72791e-06	112.747	1	0	0	1	
80.1005	0.1	0.3	0	112.995	152.353	1.51196e-05	152.353	1.51196e-05	113.005	1	0	0	1	
80.4523	0.1	0.3	0	113.245	151.798	2.44834e-05	151.798	2.44834e-05	113.255	1	0	0	1	
80.804	0.1	0.3	0	113.489	151.256	3.08718e-05	151.256	3.08718e-05	113.498	1	0	0	1	
81.1558	0.1	0.3	0	113.724	150.728	1.21717e-05	150.728	1.21717e-05	113.733	1	0	0	1	
81.5075	0.1	0.3	0	113.952	150.214	1.07865e-05	150.214	1.07865e-05	113.961	1	0	0	1	
81.8593	0.1	0.3	0	114.173	149.714	2.34396e-06	149.714	2.34396e-06	114.181	1	0	0	1	
82.2111	0.1	0.3	0	114.386	149.229	9.72937e-06	149.229	9.72937e-06	114.395	1	0	0	1	
82.5628	0.1	0.3	0	114.592	148.758	1.26246e-05	148.758	1.26246e-05	114.6	1	0	0	1	
82.9146	0.1	0.3	0	114.79	148.302	1.58236e-05	148.302	1.58236e-05	114.798	1	0	0	1	
83.2663	0.1	0.3	0	114.981	147.861	1.03479e-05	147.861	1.03479e-05	114.988	1	0	0	1	
83.6181	0.1	0.3	0	115.164	147.436	8.42778e-06	147.436	8.42778e-06	115.171	1	0	0	1	
83.9698	0.1	0.3	0	115.34	147.027	1.09461e-05	147.027	1.09461e-05	115.347	1	0	0	1	
84.3216	0.1	0.3	0	115.508	146.634	1.20183e-05	146.634	1.20183e-05	115.514	1	0	0	1	
84.6734	0.1	0.3	0	115.668	146.257	3.00274e-07	146.257	3.00274e-07	115.675	1	0	0	1	
85.0251	0.1	0.3	0	115.821	145.897	5.14137e-06	145.897	5.14137e-06	115.827	1	0	0	1	
85.3769	0.1	0.3	0	115.966	145.554	5.99847e-06	145.554	5.99847e-06	115.972	1	0	0	1	
85.7286	0.1	0.3	0	116.103	145.227	1.04019e-05	145.227	1.04019e-05	116.109	1	0	0	1	
86.0804	0.1	0.3	0	116.232	144.919	8.19453e-07	144.919	8.19453e-07	116.239	1	0	0	1	
86.4322	0.1	0.3	0	116.354	144.627	1.09589e-05	144.627	1.09589e-05	116.36	1	0	0	1	
86.7839	0.1	0.3	0	116.468	144.354	1.47187e-05	144.354	1.47187e-05	116.474	1	0	0	1	
87.1357	0.1	0.3	0	116.574	144.098	2.20969e-05	144.098	2.20969e-05	116.58	1	0	0	1	
87.4874	0.1	0.3	0	116.673	143.861	1.97955e-05	143.861	1.97955e-05	116.679	1	0	0	1	
87.8392	0.1	0.3	0	116.763	143.642	7.18817e-07	143.642	7.18817e-07	116.769	1	0	0	1	
88.191	0.1	0.3	0	116.846	143.442	6.44107e-07	143.442	6.44107e-07	116.851	1	0	0	1	
88.5427	0.1	0.3	0	116.92	143.261	1.87576e-06	143.261	1.87576e-06	116.926	1	0	0	1	
88.8945	0.1	0.3	0	116.987	143.099	9.16989e-07	143.099	9.16989e-07	116.992	1	0	0	1	
89.2462	0.1	0.3	0	117.046	142.956	5.60994e-06	142.956	5.60994e-06	117.051	1	0	0	1	
89.598	0.1	0.3	0	117.096	142.833	4.00926e-05	142.833	4.00926e-05	117.101	1	0	0	1	
89.9497	0.1	0.3	0	117.138	142.73	3.62539e-06	142.73	3.62539e-06	117.144	1	0	0	1	
90.3015	0.1	0.3	0	117.173	142.646	1.13315e-05	142.646	1.13315e-05	117.178	1	0	0	1	
90.6533	0.1	0.3	0	117.199	142.583	1.83322e-07	142.583	1.83322e-07	117.204	1	0	0	1	
91.005	0.1	0.3	0	117.216	142.539	2.94579e-05	142.539	2.94579e-05	117.221	1	0	0	1	
91.3568	0.1	0.3	0	117.226	142.516	1.34574e-05	142.516	1.34574e-05	117.231	1	0	0	1	
91.7085	0.1	0.3	0	117.227	142.514	1.14842e-05	142.514	1.14842e-05	117.232	1	0	0	1	
92.0603	0.1	0.3	0	117.219	142.532	1.97486e-05	142.532	1.97486e-05	117.224	1	0	0	1	
92.4121	0.1	0.3	0	117.203	142.571	2.63887e-05	142.571	2.63887e-05	117.208	1	0	0	1	
92.7638	0.1	0.3	0	117.179	142.631	1.87993e-05	142.631	1.87993e-05	117.184	1	0	0	1	
93.1156	0.1	0.3	0	117.146	142.712	2.06942e-05	142.712	2.06942e-05	117.151	1	0	0	1	
93.4673	0.1	0.3	0	117.104	142.814	4.3635e-06	142.814	4.3635e-06	117.109	1	0	0	1	
93.8191	0.1	0.3	0	117.053	142.938	1.63127e-06	142.938	1.63127e-06	117.058	1	0	0	1	
94.1709	0.1	0.3	0	116.994	143.083	1.07295e-05	143.083	1.07295e-05	116.999	1	0	0	1	
94.5226	0.1	0.3	0	116.925	143.25	1.49883e-06	143.25	1.49883e-06	116.93	1	0	0	1	
94.8744	0.1	0.3	0	116.847	143.438	2.85113e-05	143.438	2.85113e-05	116.852	1	0	0	1	
95.2261	0.1	0.3	0	116.76	143.649	1.08506e-05	143.649	1.08506e-05	116.765	1	0	0	1	
95.5779	0.1	0.3	0	116.664	143.883	3.49837e-06	143.883	3.49837e-06	116.669	1	0	0	1	
95.9296	0.1	0.3	0	116.588	144.066	7.71893e-06	144.066	7.71893e-06	116.592	1	0	0	1	
96.2814	0.1	0.3	0	116.595	144.048	1.30311e-06	144.048	1.30311e-06	116.6	1	0	0	1	
96.6332	0.1	0.3	0	116.603	144.03	5.17008e-06	144.03	5.17008e-06	116.608	1	0	0	1	
96.9849	0.1	0.3	0	116.61	144.013	4.64992e-06	144.013	4.64992e-06	116.615	1	0	0	1	
97.3367	0.1	0.3	0	116.617	143.996	1.01932e-05	143.996	1.01932e-05	116.622	1	0	0	1	
97.6884	0.1	0.3	0	116.624	143.98	6.74296e-06	143.98	6.74296e-06	116.628	1	0	0	1	
98.0402	0.1	0.3	0	116.63	143.964	1.50371e-05	143.964	1.50371e-05	116.635	1	0	0	1	
98.392	0.1	0.3	0	116.637	143.948	7.6026e-06	143.948	7.6026e-06	116.641	1	0	0	1	
98.7437	0.1	0.3	0	116.643	143.933	7.84101e-06	143.933	7.84101e-06	116.648	1	0	0	1	
99.0955	0.1	0.3	0	116.649	143.918	4.62236e-06	143.918	4.62236e-06	116.654	1	0	0	1	
99.4472	0.1	0.3	0	116.655	143.903	6.47193e-06	143.903	6.47193e-06	116.66	1	0	0	1	
99.799	0.1	0.3	0	116.661	143.889	1.46974e-05	143.889	1.46974e-05	116.666	1	0	0	1	
100.151	0.1	0.3	0	116.667	143.875	9.32675e-07	143.875	9.32675e-07	116.672	1	0	0	1	
100.503	0.1	0.3	0	116.673	143.86	2.81544e-05	143.86	2.81544e-05	116.678	1	0	0	1	
100.854	0.1	0.3	0	116.679	143.847	2.09598e-05	143.847	2.09598e-05	116.684	1	0	0	1	
101.206	0.1	0.3	0	116.684	143.833	9.28374e-06	143.833	9.28374e-06	116.689	1	0	0	1	
101.558	0.1	0.3	0	116.69	143.819	6.79907e-08	143.819	6.79907e-08	116.695	1	0	0	1	
101.91	0.1	0.3	0	116.696	143.806	1.50884e-05	143.806	1.50884e-05	116.7	1	0	0	1	
102.261	0.1	0.3	0	116.701	143.793	2.43867e-05	143.793	2.43867e-05	116.706	1	0	0	1	
102.613	0.1	0.3	0	116.706	143.78	1.97208e-05	143.78	1.97208e-05	116.711	1	0	0	1	
102.965	0.1	0.3	0	116.712	143.767	8.65106e-06	143.767	8.65106e-06	116.717	1	0	0	1	
103.317	0.1	0.3	0	116.717	143.754	1.91953e-05	143.754	1.91953e-05	116.722	1	0	0	1	
103.668	0.1	0.3	0	116.722	143.741	2.39637e-05	143.741	2.39637e-05	116.727	1	0	0	1	
104.02	0.1	0.3	0	116.727	143.729	1.85027e-05	143.729	1.85027e-05	116.732	1	0	0	1	
104.372	0.1	0.3	0	116.733	143.716	1.48759e-05	143.716	1.48759e-05	116.737	1	0	0	1	
104.724	0.1	0.3	0	116.738	143.704	2.61321e-05	143.704	2.61321e-05	116.742	1	0	0	1	
105.075	0.1	0.3	0	116.743	143.692	4.61479e-06	143.692	4.61479e-06	116.747	1	0	0	1	
105.427	0.1	0.3	0	116.748	143.68	3.68969e-06	143.68	3.68969e-06	116.752	1	0	0	1	
105.779	0.1	0.3	0	116.752	143.668	8.41385e-06	143.668	8.41385e-06	116.757	1	0	0	1	
106.131	0.1	0.3	0	116.757	143.656	1.74711e-05	143.656	1.74711e-05	116.762	1	0	0	1	
106.482	0.1	0.3	0	116.762	143.645	1.97222e-05	143.645	1.97222e-05	116.767	1	0	0	1	
106.834	0.1	0.3	0	116.767	143.633	7.81756e-07	143.633	7.81756e-07	116.772	1	0	0	1	
107.186	0.1	0.3	0	116.772	143.622	2.24778e-05	143.622	2.24778e-05	116.776	1	0	0	1	
107.538	0.1	0.3	0	116.776	143.61	9.25437e-06	143.61	9.25437e-06	116.781	1	0	0	1	
107.889	0.1	0.3	0	116.781	143.599	1.36338e-05	143.599	1.36338e-05	116.786	1	0	0	1	
108.241	0.1	0.3	0	116.786	143.588	4.72442e-06	143.588	4.72442e-06	116.79	1	0	0	1	
108.593	0.1	0.3	0	116.79	143.577	1.6018e-05	143.577	1.6018e-05	116.795	1	0	0	1	
108.945	0.1	0.3	0	116.795	143.566	2.71276e-06	143.566	2.71276e-06	116.799	1	0	0	1	
109.296	0.1	0.3	0	116.799	143.555	2.35595e-05	143.555	2.35595e-05	116.804	1	0	0	1	
109.648	0.1	0.3	0	116.804	143.544	1.50576e-06	143.544	1.50576e-06	116.808	1	0	0	1	
110	0.1	0.3	0	116.808	143.534	3.1434e-06	143.534	3.1434e-06	116.813	1	0	0	1	
