53.7186	0.1	0.3	1	84.7357	0	240.018	199.628	0	42.3723	1	0	0	1	
54.0704	0.1	0.3	1	85.5015	0	239.022	198.654	0	42.7383	1	0	0	1	
54.4221	0.1	0.3	1	86.2509	0	238.02	197.686	0	43.1157	1	0	0	1	
54.7739	0.1	0.3	1	86.9925	0	237.008	196.716	0	43.4885	1	0	0	1	
55.1256	0.1	0.3	1	87.7262	0	235.988	195.744	0	43.8567	1	0	0	1	
55.4774	0.1	0.3	1	88.4521	0	234.958	194.768	0	44.2208	1	0	0	1	
55.8291	0.1	0.3	1	89.17	0	233.919	193.791	0	44.5806	1	0	0	1	
56.1809	0.1	0.3	1	89.8801	0	232.871	192.812	0	44.9363	1	0	0	1	
56.5327	0.1	0.3	1	90.5823	0	231.813	191.831	0	45.288	1	0	0	1	
56.8844	0.1	0.3	1	91.2766	0	230.746	190.848	0	45.6356	1	0	0	1	
57.2362	0.1	0.3	1	91.9585	0	229.67	189.871	0	45.9898	1	0	0	1	
57.5879	0.1	0.3	1	92.6378	0	228.584	188.885	0	46.3282	1	0	0	1	
57.9397	0.1	0.3	1	93.3091	0	227.487	187.898	0	46.6627	1	0	0	1	
58.2915	0.1	0.3	1	93.9726	0	226.381	186.911	0	46.9935	1	0	0	1	
58.6432	0.1	0.3	1	94.6282	0	225.265	185.923	0	47.3205	1	0	0	1	
58.995	0.1	0.3	1	95.276	0	224.139	184.935	0	47.6436	1	0	0	1	
59.3467	0.1	0.3	1	95.9159	0	223.003	183.948	0	47.9629	1	0	0	1	
59.6985	0.1	0.3	1	96.548	0	221.857	182.96	0	48.2784	1	0	0	1	
60.0503	0.1	0.3	1	97.1723	0	220.7	181.974	0	48.5901	1	0	0	1	
60.402	0.1	0.3	1	97.7887	0	219.533	180.987	0	48.8979	1	0	0	1	
60.7538	0.1	0.3	1	98.3972	0	218.355	180.003	0	49.2018	1	0	0	1	
61.1055	0.1	0.3	0	98.9979	1.05613e-05	217.166	1.05613e-05	217.166	49.5018	1	0	0	1	
61.4573	0.1	0.3	0	99.5906	1.12475e-05	215.967	1.12475e-05	215.967	49.7979	1	0	0	1	
61.809	0.1	0.3	0	100.175	2.30151e-05	214.757	2.30151e-05	214.757	50.09	1	0	0	1	
62.1608	0.1	0.3	0	100.752	2.12295e-05	213.536	2.12295e-05	213.536	50.378	1	0	0	1	
62.5126	0.1	0.3	0	101.32	1.09279e-05	212.304	1.09279e-05	212.304	50.6615	1	0	0	1	
62.8643	0.1	0.3	0	101.878	1.59932e-05	211.061	1.59932e-05	211.061	50.941	1	0	0	1	
63.2161	0.1	0.3	1	102.427	0	209.808	173.179	0	51.215	1	0	0	1	
63.5678	0.1	0.3	1	102.968	0	208.543	172.22	0	51.4855	1	0	0	1	
63.9196	0.1	0.3	1	103.503	0	207.265	171.264	0	51.753	1	0	0	1	
64.2714	0.1	0.3	1	104.03	0	205.975	170.309	0	52.0165	1	0	0	1	
64.6231	0.1	0.3	1	104.554	0	204.672	169.352	0	52.2695	1	0	0	1	
64.9749	0.1	0.3	1	105.067	0	203.356	168.402	0	52.527	1	0	0	1	
65.3266	0.1	0.3	1	105.575	0	202.028	167.455	0	52.781	1	0	0	1	
65.6784	0.1	0.3	1	106.075	0	200.686	166.511	0	53.0315	1	0	0	1	
66.0302	0.1	0.3	1	106.569	0	199.331	165.569	0	53.279	1	0	0	1	
66.3819	0.1	0.3	1	107.056	0	197.963	164.631	0	53.5225	1	0	0	1	
66.7337	0.1	0.3	1	107.536	0	196.58	163.696	0	53.763	1	0	0	1	
67.0854	0.1	0.3	1	108.01	0	195.183	162.764	0	54.0005	1	0	0	1	
67.4372	0.1	0.3	1	108.477	0	193.771	161.837	0	54.234	1	0	0	1	
67.7889	0.1	0.3	1	108.937	0	192.345	160.913	0	54.4645	1	0	0	1	
68.1407	0.1	0.3	1	109.391	0	190.904	159.994	0	54.6915	1	0	0	1	
68.4925	0.1	0.3	1	109.838	0	189.447	159.079	0	54.9155	1	0	0	1	
68.8442	0.1	0.3	1	110.279	0	187.974	158.169	0	55.136	1	0	0	1	
69.196	0.1	0.3	1	110.713	0	186.485	157.264	0	55.353	1	0	0	1	
69.5477	0.1	0.3	1	111.14	0	184.98	156.364	0	55.567	1	0	0	1	
69.8995	0.1	0.3	1	111.561	0	183.458	155.469	0	55.7775	1	0	0	1	
70.2513	0.1	0.3	1	111.975	0	181.919	154.58	0	55.9845	1	0	0	1	
70.603	0.1	0.3	1	112.382	0	180.362	153.697	0	56.1885	1	0	0	1	
70.9548	0.1	0.3	1	112.783	0	178.787	152.82	0	56.389	1	0	0	1	
71.3065	0.1	0.3	1	113.177	0	177.193	151.949	0	56.5865	1	0	0	1	
71.6583	0.1	0.3	1	113.565	0	175.581	151.085	0	56.7805	1	0	0	1	
72.0101	0.1	0.3	1	113.946	0	173.949	150.228	0	56.971	1	0	0	1	
72.3618	0.1	0.3	1	114.321	0	172.297	149.379	0	57.1585	1	0	0	1	
72.7136	0.1	0.3	1	114.688	0	170.625	148.537	0	57.3425	1	0	0	1	
73.0653	0.1	0.3	1	115.05	0	168.931	147.702	0	57.523	1	0	0	1	
73.4171	0.1	0.3	1	115.405	0	167.216	146.876	0	57.7005	1	0	0	1	
73.7688	0.1	0.3	1	115.753	0	165.478	146.058	0	57.8745	1	0	0	1	
74.1206	0.1	0.3	1	116.094	0	163.718	145.248	0	58.0455	1	0	0	1	
74.4724	0.1	0.3	1	116.429	0	161.933	144.448	0	58.213	1	0	0	1	
74.8241	0.1	0.3	1	116.757	0	160.124	143.656	0	58.377	1	0	0	1	
75.1759	0.1	0.3	1	117.079	0	158.29	142.875	0	58.538	1	0	0	1	
75.5276	0.1	0.3	1	117.394	0	156.43	142.103	0	58.6955	1	0	0	1	
75.8794	0.1	0.3	1	117.702	0	154.542	141.341	0	58.85	1	0	0	1	
76.2312	0.1	0.3	1	118.004	0	152.627	140.59	0	59.001	1	0	0	1	
76.5829	0.1	0.3	1	118.299	0	150.682	139.85	0	59.1485	1	0	0	1	
76.9347	0.1	0.3	1	118.588	0	148.707	139.12	0	59.2925	1	0	0	1	
77.2864	0.1	0.3	1	118.869	0	146.701	138.403	0	59.4335	1	0	0	1	
77.6382	0.1	0.3	1	119.144	0	144.662	137.697	0	59.571	1	0	0	1	
77.9899	0.1	0.3	1	119.413	0	142.589	137.003	0	59.7055	1	0	0	1	
78.3417	0.1	0.3	1	119.674	0	140.481	136.321	0	59.836	1	0	0	1	
78.6935	0.1	0.3	1	119.929	0	138.335	135.652	0	59.9635	1	0	0	1	
79.0452	0.1	0.3	1	120.177	0	136.151	134.997	0	60.0875	1	0	0	1	
79.397	0.1	0.3	1	120.419	0	133.926	134.355	0	60.2085	1	0	0	1	
79.7487	0.1	0.3	1	120.653	0	131.659	133.727	0	60.3255	1	0	0	1	
80.1005	0.1	0.3	1	120.881	0	129.346	133.112	0	60.4395	1	0	0	1	
80.4523	0.1	0.3	1	121.102	0	126.987	132.513	0	60.55	1	0	0	1	
80.804	0.1	0.3	1	121.316	0	124.577	131.928	0	60.6575	1	0	0	1	
81.1558	0.1	0.3	0	121.524	131.359	1.90248e-06	131.359	1.90248e-06	60.761	1	0	0	1	
81.5075	0.1	0.3	0	121.724	130.805	4.67248e-05	130.805	4.67248e-05	60.8615	1	0	0	1	
81.8593	0.1	0.3	0	121.918	130.267	2.60139e-05	130.267	2.60139e-05	60.958	1	0	0	1	
82.2111	0.1	0.3	0	122.104	129.745	3.84001e-05	129.745	3.84001e-05	61.0515	1	0	0	1	
82.5628	0.1	0.3	0	122.284	129.24	2.42887e-05	129.24	2.42887e-05	61.1415	1	0	0	1	
82.9146	0.1	0.3	0	122.457	128.752	1.45079e-05	128.752	1.45079e-05	61.228	1	0	0	1	
83.2663	0.1	0.3	0	122.623	128.281	1.39885e-05	128.281	1.39885e-05	61.3105	1	0	0	1	
83.6181	0.1	0.3	0	122.782	127.827	4.97375e-05	127.827	4.97375e-05	61.39	1	0	0	1	
83.9698	0.1	0.3	0	122.933	127.392	2.17352e-05	127.392	2.17352e-05	61.466	1	0	0	1	
84.3216	0.1	0.3	0	123.078	126.975	2.52436e-05	126.975	2.52436e-05	61.5385	1	0	0	1	
84.6734	0.1	0.3	0	123.216	126.577	2.21686e-05	126.577	2.21686e-05	61.6075	1	0	0	1	
85.0251	0.1	0.3	0	123.346	126.197	8.85726e-06	126.197	8.85726e-06	61.6725	1	0	0	1	
85.3769	0.1	0.3	0	123.47	125.838	2.58621e-06	125.838	2.58621e-06	61.7345	1	0	0	1	
85.7286	0.1	0.3	0	123.586	125.497	1.75073e-05	125.497	1.75073e-05	61.7925	1	0	0	1	
86.0804	0.1	0.3	0	123.695	125.176	4.9776e-05	125.176	4.9776e-05	61.847	1	0	0	1	
86.4322	0.1	0.3	0	123.797	124.876	2.67666e-06	124.876	2.67666e-06	61.898	1	0	0	1	
86.7839	0.1	0.3	0	123.892	124.596	1.03574e-05	124.596	1.03574e-05	61.9455	1	0	0	1	
87.1357	0.1	0.3	0	123.979	124.337	9.34125e-06	124.337	9.34125e-06	61.989	1	0	0	1	
87.4874	0.1	0.3	0	124.059	124.099	1.87207e-06	124.099	1.87207e-06	62.029	1	0	0	1	
87.8392	0.1	0.3	0	124.132	123.882	1.60397e-05	123.882	1.60397e-05	62.0655	1	0	0	1	
88.191	0.1	0.3	0	124.197	123.687	1.36845e-05	123.687	1.36845e-05	62.098	1	0	0	1	
88.5427	0.1	0.3	0	124.255	123.514	2.63604e-06	123.514	2.63604e-06	62.127	1	0	0	1	
88.8945	0.1	0.3	0	124.306	123.363	2.11861e-05	123.363	2.11861e-05	62.1525	1	0	0	1	
89.2462	0.1	0.3	0	124.348	123.234	6.32714e-07	123.234	6.32714e-07	62.1735	1	0	0	1	
89.598	0.1	0.3	0	124.384	123.128	4.45392e-06	123.128	4.45392e-06	62.1915	1	0	0	1	
89.9497	0.1	0.3	0	124.411	123.045	1.29291e-05	123.045	1.29291e-05	62.2055	1	0	0	1	
90.3015	0.1	0.3	0	124.431	122.985	2.82793e-06	122.985	2.82793e-06	62.2155	1	0	0	1	
90.6533	0.1	0.3	0	124.444	122.947	1.05823e-05	122.947	1.05823e-05	62.2215	1	0	0	1	
91.005	0.1	0.3	0	124.448	122.933	4.66108e-05	122.933	4.66108e-05	62.224	1	0	0	1	
91.3568	0.1	0.3	0	124.445	122.943	2.64813e-05	122.943	2.64813e-05	62.222	1	0	0	1	
91.7085	0.1	0.3	0	124.434	122.976	3.55949e-06	122.976	3.55949e-06	62.2165	1	0	0	1	
92.0603	0.1	0.3	0	124.415	123.033	1.32154e-05	123.033	1.32154e-05	62.207	1	0	0	1	
92.4121	0.1	0.3	0	124.388	123.114	3.03878e-05	123.114	3.03878e-05	62.194	1	0	0	1	
92.7638	0.1	0.3	0	124.353	123.219	9.84792e-06	123.219	9.84792e-06	62.1765	1	0	0	1	
93.1156	0.1	0.3	0	124.31	123.349	2.0202e-06	123.349	2.0202e-06	62.155	1	0	0	1	
93.4673	0.1	0.3	0	124.259	123.502	5.63292e-07	123.502	5.63292e-07	62.129	1	0	0	1	
93.8191	0.1	0.3	0	124.2	123.681	5.76382e-06	123.681	5.76382e-06	62.0995	1	0	0	1	
94.1709	0.1	0.3	0	124.132	123.884	1.84154e-05	123.884	1.84154e-05	62.0655	1	0	0	1	
94.5226	0.1	0.3	0	124.055	124.111	7.77985e-06	124.111	7.77985e-06	62.027	1	0	0	1	
94.8744	0.1	0.3	0	123.97	124.364	3.47193e-06	124.364	3.47193e-06	61.9845	1	0	0	1	
95.2261	0.1	0.3	0	123.877	124.642	7.90014e-06	124.642	7.90014e-06	61.938	1	0	0	1	
95.5779	0.1	0.3	0	123.774	124.946	1.54164e-05	124.946	1.54164e-05	61.8865	1	0	0	1	
95.9296	0.1	0.3	0	123.693	125.183	1.40664e-05	125.183	1.40664e-05	61.846	1	0	0	1	
96.2814	0.1	0.3	0	123.7	125.162	1.41936e-05	125.162	1.41936e-05	61.8495	1	0	0	1	
96.6332	0.1	0.3	0	123.707	125.143	4.58148e-06	125.143	4.58148e-06	61.853	1	0	0	1	
96.9849	0.1	0.3	0	123.713	125.124	7.22024e-06	125.124	7.22024e-06	61.856	1	0	0	1	
97.3367	0.1	0.3	0	123.719	125.106	1.60881e-05	125.106	1.60881e-05	61.859	1	0	0	1	
97.6884	0.1	0.3	0	123.725	125.089	4.95019e-06	125.089	4.95019e-06	61.862	1	0	0	1	
98.0402	0.1	0.3	0	123.731	125.072	1.83016e-05	125.072	1.83016e-05	61.865	1	0	0	1	
98.392	0.1	0.3	0	123.736	125.055	2.14591e-05	125.055	2.14591e-05	61.868	1	0	0	1	
98.7437	0.1	0.3	0	123.742	125.039	1.66406e-05	125.039	1.66406e-05	61.8705	1	0	0	1	
99.0955	0.1	0.3	0	123.747	125.023	1.93951e-06	125.023	1.93951e-06	61.8735	1	0	0	1	
99.4472	0.1	0.3	0	123.753	125.008	9.94749e-06	125.008	9.94749e-06	61.876	1	0	0	1	
99.799	0.1	0.3	0	123.758	124.992	1.10333e-05	124.992	1.10333e-05	61.8785	1	0	0	1	
100.151	0.1	0.3	0	123.763	124.977	1.14972e-05	124.977	1.14972e-05	61.881	1	0	0	1	
100.503	0.1	0.3	0	123.768	124.962	4.79312e-06	124.962	4.79312e-06	61.8835	1	0	0	1	
100.854	0.1	0.3	0	123.773	124.948	1.85161e-05	124.948	1.85161e-05	61.886	1	0	0	1	
101.206	0.1	0.3	0	123.778	124.934	1.70856e-05	124.934	1.70856e-05	61.8885	1	0	0	1	
101.558	0.1	0.3	0	123.782	124.92	1.32709e-05	124.92	1.32709e-05	61.891	1	0	0	1	
101.91	0.1	0.3	0	123.787	124.906	1.98059e-05	124.906	1.98059e-05	61.893	1	0	0	1	
102.261	0.1	0.3	0	123.792	124.892	2.99306e-06	124.892	2.99306e-06	61.8955	1	0	0	1	
102.613	0.1	0.3	0	123.796	124.879	5.27347e-06	124.879	5.27347e-06	61.8975	1	0	0	1	
102.965	0.1	0.3	0	123.801	124.866	1.73109e-05	124.866	1.73109e-05	61.9	1	0	0	1	
103.317	0.1	0.3	0	123.805	124.852	1.22672e-05	124.852	1.22672e-05	61.902	1	0	0	1	
103.668	0.1	0.3	0	123.81	124.84	2.88727e-06	124.84	2.88727e-06	61.9045	1	0	0	1	
104.02	0.1	0.3	0	123.814	124.827	1.43186e-05	124.827	1.43186e-05	61.9065	1	0	0	1	
104.372	0.1	0.3	0	123.818	124.814	9.37914e-06	124.814	9.37914e-06	61.9085	1	0	0	1	
104.724	0.1	0.3	0	123.822	124.802	1.55356e-05	124.802	1.55356e-05	61.9105	1	0	0	1	
105.075	0.1	0.3	0	123.826	124.79	5.15229e-07	124.79	5.15229e-07	61.913	1	0	0	1	
105.427	0.1	0.3	0	123.83	124.778	3.49546e-06	124.778	3.49546e-06	61.915	1	0	0	1	
105.779	0.1	0.3	0	123.834	124.766	6.2797e-06	124.766	6.2797e-06	61.917	1	0	0	1	
106.131	0.1	0.3	0	123.838	124.754	1.44627e-05	124.754	1.44627e-05	61.919	1	0	0	1	
106.482	0.1	0.3	0	123.842	124.743	4.61077e-06	124.743	4.61077e-06	61.921	1	0	0	1	
106.834	0.1	0.3	0	123.846	124.731	2.04232e-05	124.731	2.04232e-05	61.9225	1	0	0	1	
107.186	0.1	0.3	0	123.85	124.72	2.465e-06	124.72	2.465e-06	61.9245	1	0	0	1	
107.538	0.1	0.3	0	123.854	124.709	2.78021e-06	124.709	2.78021e-06	61.9265	1	0	0	1	
107.889	0.1	0.3	0	123.858	124.698	9.93276e-06	124.698	9.93276e-06	61.9285	1	0	0	1	
108.241	0.1	0.3	0	123.861	124.687	3.42026e-06	124.687	3.42026e-06	61.93	1	0	0	1	
108.593	0.1	0.3	0	123.865	124.676	2.42919e-06	124.676	2.42919e-06	61.932	1	0	0	1	
108.945	0.1	0.3	0	123.868	124.666	1.16149e-08	124.666	1.16149e-08	61.934	1	0	0	1	
109.296	0.1	0.3	0	123.872	124.655	1.29969e-06	124.655	1.29969e-06	61.9355	1	0	0	1	
109.648	0.1	0.3	0	123.876	124.645	9.65289e-07	124.645	9.65289e-07	61.9375	1	0	0	1	
110	0.1	0.3	0	123.879	124.634	1.08597e-05	124.634	1.08597e-05	61.939	1	0	0	1	
