40	0.1	0.3	-2	0	0	0	0	0	173	0	0	0	1	
40.3518	0.1	0.3	-2	0	0	0	0	0	173	0	0	0	1	
40.7035	0.1	0.3	-2	0	0	0	0	0	173	0	0	0	1	
41.0553	0.1	0.3	-2	0	0	0	0	0	173	0	0	0	1	
41.407	0.1	0.3	-2	0	0	0	0	0	173	0	0	0	1	
41.7588	0.1	0.3	-2	0	0	0	0	0	173	0	0	0	1	
42.1106	0.1	0.3	-2	0	0	0	0	0	173	0	0	0	1	
42.4623	0.1	0.3	-2	0	0	0	0	0	173	0	0	0	1	
42.8141	0.1	0.3	-2	0	0	0	0	0	173	0	0	0	1	
43.1658	0.1	0.3	-2	0	0	0	0	0	173	0	0	0	1	
43.5176	0.1	0.3	-2	0	0	0	0	0	173	0	0	0	1	
43.8693	0.1	0.3	-2	0	0	0	0	0	173	0	0	0	1	
44.2211	0.1	0.3	-2	0	0	0	0	0	173	0	0	0	1	
44.5729	0.1	0.3	-2	0	0	0	0	0	173	0	0	0	1	
44.9246	0.1	0.3	-2	0	0	0	0	0	173	0	0	0	1	
45.2764	0.1	0.3	-2	0	0	0	0	0	173	0	0	0	1	
45.6281	0.1	0.3	-2	0	0	0	0	0	173	0	0	0	1	
45.9799	0.1	0.3	-2	0	0	0	0	0	173	0	0	0	1	
46.3317	0.1	0.3	-2	0	0	0	0	0	173	0	0	0	1	
46.6834	0.1	0.3	-2	0	0	0	0	0	173	0	0	0	1	
47.0352	0.1	0.3	-2	0	0	0	0	0	173	0	0	0	1	
47.3869	0.1	0.3	-2	0	0	0	0	0	173	0	0	0	1	
47.7387	0.1	0.3	-2	0	0	0	0	0	173	0	0	0	1	
48.0905	0.1	0.3	-2	0	0	0	0	0	173	0	0	0	1	
48.4422	0.1	0.3	-2	0	0	0	0	0	173	0	0	0	1	
48.794	0.1	0.3	-2	0	0	0	0	0	173	0	0	0	1	
49.1457	0.1	0.3	-2	0	0	0	0	0	173	0	0	0	1	
49.4975	0.1	0.3	-2	0	0	0	0	0	173	0	0	0	1	
49.8492	0.1	0.3	-2	0	0	0	0	0	173	0	0	0	1	
50.201	0.1	0.3	-2	0	0	0	0	0	173	0	0	0	1	
50.5528	0.1	0.3	-2	0	0	0	0	0	173	0	0	0	1	
50.9045	0.1	0.3	-2	0	0	0	0	0	173	0	0	0	1	
51.2563	0.1	0.3	-2	0	0	0	0	0	173	0	0	0	1	
51.608	0.1	0.3	-2	0	0	0	0	0	173	0	0	0	1	
51.9598	0.1	0.3	-2	0	0	0	0	0	173	0	0	0	1	
52.3116	0.1	0.3	-2	0	0	0	0	0	173	0	0	0	1	
52.6633	0.1	0.3	-2	0	0	0	0	0	173	0	0	0	1	
53.0151	0.1	0.3	-2	0	0	0	0	0	173	0	0	0	1	
53.3668	0.1	0.3	-2	0	0	0	0	0	173	0	0	0	1	
53.7186	0.1	0.3	-2	0	0	0	0	0	173	0	0	0	1	
54.0704	0.1	0.3	1	21.8609	0	246.707	242.451	0	173	0	0	0	1	
54.4221	0.1	0.3	1	30.8817	0	245.206	239.304	0	173	0	0	0	1	
54.7739	0.1	0.3	1	35.9958	0	243.896	237.015	0	173	0	0	0	1	
55.1256	0.1	0.3	1	39.8363	0	242.652	235.049	0	173	0	0	0	1	
55.4774	0.1	0.3	1	43.0008	0	241.443	233.264	0	173	0	0	0	1	
55.8291	0.1	0.3	1	45.7348	0	240.252	231.601	0	173	0	0	0	1	
56.1809	0.1	0.3	1	48.1656	0	239.073	230.025	0	173	0	0	0	1	
56.5327	0.1	0.3	1	50.3691	0	237.9	228.516	0	173	0	0	0	1	
56.8844	0.1	0.3	1	52.3942	0	236.731	227.06	0	173	0	0	0	1	
57.2362	0.1	0.3	1	54.2747	0	235.562	225.648	0	173	0	0	0	1	
57.5879	0.1	0.3	1	56.0348	0	234.393	224.272	0	173	0	0	0	1	
57.9397	0.1	0.3	1	57.6928	0	233.222	222.928	0	173	0	0	0	1	
58.2915	0.1	0.3	1	59.2626	0	232.047	221.612	0	173	0	0	0	1	
58.6432	0.1	0.3	1	60.7553	0	230.868	220.32	0	173	0	0	0	1	
58.995	0.1	0.3	1	62.1797	0	229.684	219.05	0	173	0	0	0	1	
59.3467	0.1	0.3	1	63.5429	0	228.495	217.799	0	173	0	0	0	1	
59.6985	0.1	0.3	1	64.851	0	227.3	216.567	0	173	0	0	0	1	
60.0503	0.1	0.3	1	66.1089	0	226.099	215.351	0	173	0	0	0	1	
60.402	0.1	0.3	1	67.3208	0	224.89	214.151	0	173	0	0	0	1	
60.7538	0.1	0.3	1	68.4901	0	223.675	212.966	0	173	0	0	0	1	
61.1055	0.1	0.3	1	69.6198	0	222.452	211.795	0	173	0	0	0	1	
61.4573	0.1	0.3	1	70.7125	0	221.221	210.639	0	173	0	0	0	1	
61.809	0.1	0.3	1	71.7695	0	219.982	209.496	0	173	0	0	0	1	
62.1608	0.1	0.3	1	72.7919	0	218.735	208.369	0	173	0	0	0	1	
62.5126	0.1	0.3	1	73.7851	0	217.48	207.252	0	173	0	0	0	1	
62.8643	0.1	0.3	1	74.751	0	216.215	206.146	0	173	0	0	0	1	
63.2161	0.1	0.3	1	75.6913	0	214.94	205.05	0	173	0	0	0	1	
63.5678	0.1	0.3	1	76.6072	0	213.655	203.963	0	173	0	0	0	1	
63.9196	0.1	0.3	1	77.5	0	212.36	202.885	0	173	0	0	0	1	
64.2714	0.1	0.3	1	78.3706	0	211.055	201.816	0	173	0	0	0	1	
64.6231	0.1	0.3	1	79.2202	0	209.739	200.756	0	173	0	0	0	1	
64.9749	0.1	0.3	1	80.0495	0	208.412	199.705	0	173	0	0	0	1	
65.3266	0.1	0.3	1	80.8595	0	207.073	198.662	0	173	0	0	0	1	
65.6784	0.1	0.3	1	81.6508	0	205.723	197.628	0	173	0	0	0	1	
66.0302	0.1	0.3	1	82.4242	0	196.602	196.602	0	173	0	0	0	1	
66.3819	0.1	0.3	1	83.1802	0	195.584	195.584	0	173	0	0	0	1	
66.7337	0.1	0.3	1	83.9195	0	194.575	194.575	0	173	0	0	0	1	
67.0854	0.1	0.3	1	84.6426	0	193.574	193.574	0	173	0	0	0	1	
67.4372	0.1	0.3	1	85.35	0	192.582	192.582	0	173	0	0	0	1	
67.7889	0.1	0.3	1	86.0421	0	191.597	191.597	0	173	0	0	0	1	
68.1407	0.1	0.3	1	86.7194	0	190.622	190.622	0	173	0	0	0	1	
68.4925	0.1	0.3	1	87.3823	0	194.473	189.654	0	173	0	0	0	1	
68.8442	0.1	0.3	1	88.0311	0	193.006	188.696	0	173	0	0	0	1	
69.196	0.1	0.3	1	88.6663	0	191.524	187.745	0	173	0	0	0	1	
69.5477	0.1	0.3	1	89.288	0	190.028	186.804	0	173	0	0	0	1	
69.8995	0.1	0.3	1	89.8967	0	188.516	185.871	0	173	0	0	0	1	
70.2513	0.1	0.3	1	90.4926	0	186.988	184.947	0	173	0	0	0	1	
70.603	0.1	0.3	1	91.0759	0	184.032	184.032	0	173	0	0	0	1	
70.9548	0.1	0.3	1	91.6469	0	183.126	183.126	0	173	0	0	0	1	
71.3065	0.1	0.3	1	92.2059	0	182.23	182.23	0	173	0	0	0	1	
71.6583	0.1	0.3	1	92.753	0	181.343	181.343	0	173	0	0	0	1	
72.0101	0.1	0.3	1	93.2885	0	180.465	180.465	0	173	0	0	0	1	
72.3618	0.1	0.3	1	93.8126	0	179.597	179.597	0	173	0	0	0	1	
72.7136	0.1	0.3	1	94.3253	0	178.739	178.739	0	173	0	0	0	1	
73.0653	0.1	0.3	1	94.827	0	177.891	177.891	0	173	0	0	0	1	
73.4171	0.1	0.3	1	95.3177	0	177.053	177.053	0	173	0	0	0	1	
73.7688	0.1	0.3	1	95.7977	0	176.226	176.226	0	173	0	0	0	1	
74.1206	0.1	0.3	1	96.2669	0	175.409	175.409	0	173	0	0	0	1	
74.4724	0.1	0.3	1	96.7257	0	174.603	174.603	0	173	0	0	0	1	
74.8241	0.1	0.3	1	97.174	0	173.807	173.807	0	173	0	0	0	1	
75.1759	0.1	0.3	1	97.6121	0	173.023	173.023	0	173	0	0	0	1	
75.5276	0.1	0.3	1	98.04	0	172.25	172.25	0	173	0	0	0	1	
75.8794	0.1	0.3	1	98.4578	0	171.489	171.489	0	173	0	0	0	1	
76.2312	0.1	0.3	1	98.8656	170.74	170.74	170.74	170.74	173	0	0	0	1	
76.5829	0.1	0.3	1	99.2635	170.002	170.002	170.002	170.002	173	0	0	0	1	
76.9347	0.1	0.3	1	99.6516	169.277	169.277	169.277	169.277	173	0	0	0	1	
77.2864	0.1	0.3	1	100.03	168.564	168.564	168.564	168.564	173	0	0	0	1	
77.6382	0.1	0.3	1	100.399	167.864	167.864	167.864	167.864	173	0	0	0	1	
77.9899	0.1	0.3	1	100.758	167.177	167.177	167.177	167.177	173	0	0	0	1	
78.3417	0.1	0.3	1	101.108	166.502	166.502	166.502	166.502	173	0	0	0	1	
78.6935	0.1	0.3	1	101.448	165.842	165.842	165.842	165.842	173	0	0	0	1	
79.0452	0.1	0.3	1	101.779	165.194	165.194	165.194	165.194	173	0	0	0	1	
79.397	0.1	0.3	1	102.1	164.561	164.561	164.561	164.561	173	0	0	0	1	
79.7487	0.1	0.3	1	102.412	163.942	163.942	163.942	163.942	173	0	0	0	1	
80.1005	0.1	0.3	1	102.715	163.337	163.337	163.337	163.337	173	0	0	0	1	
80.4523	0.1	0.3	1	103.008	162.746	162.746	162.746	162.746	173	0	0	0	1	
80.804	0.1	0.3	1	103.293	162.171	162.171	162.171	162.171	173	0	0	0	1	
81.1558	0.1	0.3	1	103.568	161.61	161.61	161.61	161.61	173	0	0	0	1	
81.5075	0.1	0.3	1	103.834	161.065	161.065	161.065	161.065	173	0	0	0	1	
81.8593	0.1	0.3	1	104.091	160.536	160.536	160.536	160.536	173	0	0	0	1	
82.2111	0.1	0.3	1	104.339	160.022	160.022	160.022	160.022	173	0	0	0	1	
82.5628	0.1	0.3	1	104.578	159.524	159.524	159.524	159.524	173	0	0	0	1	
82.9146	0.1	0.3	1	104.808	159.043	159.043	159.043	159.043	173	0	0	0	1	
83.2663	0.1	0.3	1	105.028	158.578	158.578	158.578	158.578	173	0	0	0	1	
83.6181	0.1	0.3	1	105.24	158.13	158.13	158.13	158.13	173	0	0	0	1	
83.9698	0.1	0.3	1	105.443	157.699	157.699	157.699	157.699	173	0	0	0	1	
84.3216	0.1	0.3	1	105.636	157.286	157.286	157.286	157.286	173	0	0	0	1	
84.6734	0.1	0.3	1	105.821	156.89	156.89	156.89	156.89	173	0	0	0	1	
85.0251	0.1	0.3	1	105.997	156.511	156.511	156.511	156.511	173	0	0	0	1	
85.3769	0.1	0.3	1	106.163	156.151	156.151	156.151	156.151	173	0	0	0	1	
85.7286	0.1	0.3	1	106.321	155.809	155.809	155.809	155.809	173	0	0	0	1	
86.0804	0.1	0.3	1	106.469	155.486	155.486	155.486	155.486	173	0	0	0	1	
86.4322	0.1	0.3	1	106.608	155.181	155.181	155.181	155.181	173	0	0	0	1	
86.7839	0.1	0.3	1	106.739	154.895	154.895	154.895	154.895	173	0	0	0	1	
87.1357	0.1	0.3	1	106.86	154.629	154.629	154.629	154.629	173	0	0	0	1	
87.4874	0.1	0.3	1	106.972	154.381	154.381	154.381	154.381	173	0	0	0	1	
87.8392	0.1	0.3	1	107.075	154.154	154.154	154.154	154.154	173	0	0	0	1	
88.191	0.1	0.3	1	107.169	153.946	153.946	153.946	153.946	173	0	0	0	1	
88.5427	0.1	0.3	1	107.253	153.758	153.758	153.758	153.758	173	0	0	0	1	
88.8945	0.1	0.3	1	107.329	153.59	153.59	153.59	153.59	173	0	0	0	1	
89.2462	0.1	0.3	1	107.395	153.443	153.443	153.443	153.443	173	0	0	0	1	
89.598	0.1	0.3	1	107.452	153.316	153.316	153.316	153.316	173	0	0	0	1	
89.9497	0.1	0.3	1	107.499	153.21	153.21	153.21	153.21	173	0	0	0	1	
90.3015	0.1	0.3	1	107.537	153.125	153.125	153.125	153.125	173	0	0	0	1	
90.6533	0.1	0.3	1	107.566	153.061	153.061	153.061	153.061	173	0	0	0	1	
91.005	0.1	0.3	1	107.585	153.019	153.019	153.019	153.019	173	0	0	0	1	
91.3568	0.1	0.3	1	107.594	152.998	152.998	152.998	152.998	173	0	0	0	1	
91.7085	0.1	0.3	1	107.594	152.998	152.998	152.998	152.998	173	0	0	0	1	
92.0603	0.1	0.3	1	107.584	153.02	153.02	153.02	153.02	173	0	0	0	1	
92.4121	0.1	0.3	1	107.564	153.064	153.064	153.064	153.064	173	0	0	0	1	
92.7638	0.1	0.3	1	107.535	153.131	153.131	153.131	153.131	173	0	0	0	1	
93.1156	0.1	0.3	1	107.495	153.219	153.219	153.219	153.219	173	0	0	0	1	
93.4673	0.1	0.3	1	107.446	153.33	153.33	153.33	153.33	173	0	0	0	1	
93.8191	0.1	0.3	1	107.386	153.463	153.463	153.463	153.463	173	0	0	0	1	
94.1709	0.1	0.3	1	107.316	153.62	153.62	153.62	153.62	173	0	0	0	1	
94.5226	0.1	0.3	1	107.235	153.799	153.799	153.799	153.799	173	0	0	0	1	
94.8744	0.1	0.3	1	107.143	154.003	154.003	154.003	154.003	173	0	0	0	1	
95.2261	0.1	0.3	1	nan	0	1599.98	1599.98	0	173	0	0	0	1	
95.5779	0.1	0.3	1	nan	0	1599.98	1599.98	0	173	0	0	0	1	
95.9296	0.1	0.3	1	nan	0	1599.98	1599.98	0	173	0	0	0	1	
96.2814	0.1	0.3	1	nan	0	1599.98	1599.98	0	173	0	0	0	1	
96.6332	0.1	0.3	1	nan	0	1599.98	1599.98	0	173	0	0	0	1	
96.9849	0.1	0.3	1	nan	0	1599.98	1599.98	0	173	0	0	0	1	
97.3367	0.1	0.3	1	nan	0	1599.98	1599.98	0	173	0	0	0	1	
97.6884	0.1	0.3	1	nan	0	1599.98	1599.98	0	173	0	0	0	1	
98.0402	0.1	0.3	1	nan	0	1599.98	1599.98	0	173	0	0	0	1	
98.392	0.1	0.3	1	nan	0	1599.98	1599.98	0	173	0	0	0	1	
98.7437	0.1	0.3	1	nan	0	1599.98	1599.98	0	173	0	0	0	1	
99.0955	0.1	0.3	1	nan	0	1599.98	1599.98	0	173	0	0	0	1	
99.4472	0.1	0.3	1	nan	0	1599.98	1599.98	0	173	0	0	0	1	
99.799	0.1	0.3	1	nan	0	1599.98	1599.98	0	173	0	0	0	1	
100.151	0.1	0.3	1	nan	0	1599.98	1599.98	0	173	0	0	0	1	
100.503	0.1	0.3	1	nan	0	1599.98	1599.98	0	173	0	0	0	1	
100.854	0.1	0.3	1	nan	0	1599.98	1599.98	0	173	0	0	0	1	
101.206	0.1	0.3	1	nan	0	1599.98	1599.98	0	173	0	0	0	1	
101.558	0.1	0.3	1	nan	0	1599.98	1599.98	0	173	0	0	0	1	
101.91	0.1	0.3	1	nan	0	1599.98	1599.98	0	173	0	0	0	1	
102.261	0.1	0.3	1	nan	0	1599.98	1599.98	0	173	0	0	0	1	
102.613	0.1	0.3	1	nan	0	1599.98	1599.98	0	173	0	0	0	1	
102.965	0.1	0.3	1	nan	0	1599.98	1599.98	0	173	0	0	0	1	
103.317	0.1	0.3	1	nan	0	1599.98	1599.98	0	173	0	0	0	1	
103.668	0.1	0.3	1	nan	0	1599.98	1599.98	0	173	0	0	0	1	
104.02	0.1	0.3	1	nan	0	1599.98	1599.98	0	173	0	0	0	1	
104.372	0.1	0.3	1	nan	0	1599.98	1599.98	0	173	0	0	0	1	
104.724	0.1	0.3	1	nan	0	1599.98	1599.98	0	173	0	0	0	1	
105.075	0.1	0.3	1	nan	0	1599.98	1599.98	0	173	0	0	0	1	
105.427	0.1	0.3	1	nan	0	1599.98	1599.98	0	173	0	0	0	1	
105.779	0.1	0.3	1	nan	0	1599.98	1599.98	0	173	0	0	0	1	
106.131	0.1	0.3	1	nan	0	1599.98	1599.98	0	173	0	0	0	1	
106.482	0.1	0.3	1	nan	0	1599.98	1599.98	0	173	0	0	0	1	
106.834	0.1	0.3	1	nan	0	1599.98	1599.98	0	173	0	0	0	1	
107.186	0.1	0.3	1	nan	0	1599.98	1599.98	0	173	0	0	0	1	
107.538	0.1	0.3	1	nan	0	1599.98	1599.98	0	173	0	0	0	1	
107.889	0.1	0.3	1	nan	0	1599.98	1599.98	0	173	0	0	0	1	
108.241	0.1	0.3	1	nan	0	1599.98	1599.98	0	173	0	0	0	1	
108.593	0.1	0.3	1	nan	0	1599.98	1599.98	0	173	0	0	0	1	
108.945	0.1	0.3	1	nan	0	1599.98	1599.98	0	173	0	0	0	1	
109.296	0.1	0.3	1	nan	0	1599.98	1599.98	0	173	0	0	0	1	
109.648	0.1	0.3	1	nan	0	1599.98	1599.98	0	173	0	0	0	1	
110	0.1	0.3	1	nan	0	1599.98	1599.98	0	173	0	0	0	1	
