40	0.1	0.3	-2	0	0	0	0	0	346	0	2	0	1	
40.7071	0.1	0.3	-2	0	0	0	0	0	346	0	2	0	1	
41.4141	0.1	0.3	-2	0	0	0	0	0	346	0	2	0	1	
42.1212	0.1	0.3	-2	0	0	0	0	0	346	0	2	0	1	
42.8283	0.1	0.3	-2	0	0	0	0	0	346	0	2	0	1	
43.5354	0.1	0.3	1	20.6676	-249.579	2.11913e-06	4.05768e-05	269.499	346	0	2	0	1	
44.2424	0.1	0.3	1	37.5037	-249.108	-3.3365e-05	4.9673e-06	268.107	346	0	2	0	1	
44.9495	0.1	0.3	1	45.2338	-248.394	1.88897e-05	3.3117e-06	266.666	346	0	2	0	1	
45.6566	0.1	0.3	1	50.9817	-247.557	-9.69032e-06	-2.8077e-05	265.189	346	0	2	0	1	
46.3636	0.1	0.3	1	55.7534	-246.629	5.35028e-06	-1.5452e-06	263.678	346	0	2	0	1	
47.0707	0.1	0.3	1	59.9233	-245.627	6.28737e-06	9.82931e-06	262.131	346	0	2	0	1	
47.7778	0.1	0.3	1	63.6858	-244.558	-2.71489e-06	6.86311e-06	260.55	346	0	2	0	1	
48.4848	0.1	0.3	1	67.1422	-243.431	-8.53492e-06	-1.37512e-05	258.932	346	0	2	0	1	
49.1919	0.1	0.3	1	70.3638	-242.247	-3.68436e-06	-2.66915e-05	257.279	346	0	2	0	1	
49.899	0.1	0.3	1	73.3977	-241.011	5.88954e-06	8.73462e-06	255.588	346	0	2	0	1	
50.6061	0.1	0.3	1	76.2774	-239.722	5.0974e-05	-5.00276e-06	253.86	346	0	2	0	1	
51.3131	0.1	0.3	1	79.0279	-238.384	-8.22363e-06	-8.01217e-05	252.094	346	0	2	0	1	
52.0202	0.1	0.3	1	81.6683	-236.996	-2.5214e-05	-2.65476e-05	250.288	346	0	2	0	1	
52.7273	0.1	0.3	1	84.2135	-235.559	1.83767e-05	-4.80439e-05	248.442	346	0	2	0	1	
53.4343	0.1	0.3	1	86.6756	-234.073	1.76711e-05	2.42375e-05	246.555	346	0	2	0	1	
54.1414	0.1	0.3	1	89.0595	-232.541	-2.22077e-05	5.55005e-06	244.626	346	0	2	0	1	
54.8485	0.1	0.3	1	91.3844	-230.956	-2.86364e-05	-9.56914e-06	242.654	346	0	2	0	1	
55.5556	0.1	0.3	1	93.6517	-229.32	2.21965e-06	1.57824e-06	240.637	346	0	2	0	1	
56.2626	0.1	0.3	1	95.8632	-227.636	-2.08958e-05	-5.64652e-06	238.576	346	0	2	0	1	
56.9697	0.1	0.3	1	98.0264	-225.901	8.85047e-06	-2.65364e-05	236.468	346	0	2	0	1	
57.6768	0.1	0.3	1	100.146	-224.114	-3.35578e-06	-2.88567e-05	234.312	346	0	2	0	1	
58.3838	0.1	0.3	1	102.224	222.275	1.35014e-05	-2.4242e-05	232.107	346	0	2	0	1	
59.0909	0.1	0.3	1	104.266	220.382	-1.94303e-06	1.23285e-05	229.851	346	0	2	0	1	
59.798	0.1	0.3	1	106.273	218.434	2.14409e-06	1.17956e-05	227.543	346	0	2	0	1	
60.5051	0.1	0.3	1	108.248	216.429	-1.19809e-05	-1.04711e-05	225.182	346	0	2	0	1	
61.2121	0.1	0.3	1	110.192	214.367	-1.52432e-06	-1.4939e-05	222.765	346	0	2	0	1	
61.9192	0.1	0.3	1	112.109	212.245	1.23265e-06	8.01265e-06	220.291	346	0	2	0	1	
62.6263	0.1	0.3	1	114	210.062	-9.05141e-06	7.83707e-06	217.759	346	0	2	0	1	
63.3333	0.1	0.3	1	115.866	207.815	-2.98593e-05	-7.44708e-06	215.169	346	0	2	0	1	
64.0404	0.1	0.3	1	117.709	205.503	-2.09905e-05	4.64698e-05	212.553	346	0	2	0	1	
64.7475	0.1	0.3	1	119.529	203.123	4.68224e-06	3.99197e-06	209.776	346	0	2	0	1	
65.4545	0.1	0.3	1	121.328	200.673	4.01955e-06	-1.52097e-05	206.965	346	0	2	0	1	
66.1616	0.1	0.3	1	123.107	198.15	2.45728e-05	-1.68013e-06	204.084	346	0	2	0	1	
66.8687	0.1	0.3	1	124.866	195.552	8.83212e-06	2.92236e-06	201.128	346	0	2	0	1	
67.5758	0.1	0.3	1	126.607	192.875	-9.84507e-06	-7.17794e-06	198.093	346	0	2	0	1	
68.2828	0.1	0.3	1	128.33	190.116	-9.7921e-06	-1.97685e-05	194.973	346	0	2	0	1	
68.9899	0.1	0.3	1	130.035	187.27	7.60387e-06	2.00294e-06	191.765	346	0	2	0	1	
69.697	0.1	0.3	1	131.724	184.334	-1.7454e-05	4.1449e-06	188.463	346	0	2	0	1	
70.404	0.1	0.3	1	133.396	181.303	9.74208e-07	-1.85915e-06	185.063	346	0	2	0	1	
71.1111	0.1	0.3	1	135.053	178.171	-4.80475e-06	3.86658e-06	181.559	346	0	2	0	1	
71.8182	0.1	0.3	1	136.693	174.933	-2.12674e-06	5.10581e-06	177.943	346	0	2	0	1	
72.5253	0.1	0.3	1	138.319	171.583	4.03409e-06	-4.8442e-06	174.209	346	0	2	0	1	
73.2323	0.1	0.3	1	139.929	168.113	-7.74385e-06	-5.60602e-06	170.349	346	0	2	0	1	
73.9394	0.1	0.3	1	141.527	164.448	7.73821e-06	-2.49821e-05	166.352	346	0	2	0	1	
74.6465	0.1	0.3	1	143.105	160.786	8.35687e-05	9.96056e-06	162.21	346	0	2	0	1	
75.3535	0.1	0.3	1	144.67	156.912	-1.21027e-05	1.31042e-05	157.909	346	0	2	0	1	
76.0606	0.1	0.3	1	146.219	152.885	-1.09858e-05	7.47425e-06	153.435	346	0	2	0	1	
76.7677	0.1	0.3	1	147.751	148.705	1.17734e-05	-1.21477e-05	148.772	346	0	2	0	1	
77.4747	0.1	0.3	1	149.266	144.386	-5.2119e-05	1.00165e-05	143.902	346	0	2	0	1	
78.1818	0.1	0.3	1	150.761	139.81	-1.91784e-05	-7.81942e-05	138.802	346	0	2	0	1	
78.8889	0.1	0.3	1	152.24	134.871	-2.68567e-05	3.93602e-06	133.442	346	0	2	0	1	
79.596	0.1	0.3	1	153.702	129.685	-6.23383e-06	1.05048e-06	127.788	346	0	2	0	1	
80.303	0.1	0.3	1	155.144	124.216	5.36302e-07	5.64664e-06	121.798	346	0	2	0	1	
81.0101	0.1	0.3	1	156.565	118.403	-1.87629e-05	-6.51721e-07	115.418	346	0	2	0	1	
81.7172	0.1	0.3	1	157.971	112.133	-1.81596e-05	-1.33692e-05	108.568	346	0	2	0	1	
82.4242	0.1	0.3	1	159.341	105.412	1.00066e-05	1.59512e-05	101.168	346	0	2	0	1	
83.1313	0.1	0.3	1	160.676	98.0921	-1.85226e-05	1.07774e-05	93.0806	346	0	2	0	1	
83.8384	0.1	0.3	1	161.97	90.0097	-2.78794e-05	-9.59109e-06	84.199	346	0	2	0	1	
84.5455	0.1	0.3	1	163.209	80.9168	-5.49988e-05	-8.41551e-06	73.7405	346	0	2	0	1	
85.2525	0.1	0.3	1	164.355	70.5359	-3.07759e-05	1.42107e-05	61.3504	346	0	2	0	1	
85.9596	0.1	0.3	1	165.338	58.504	1.79348e-05	-5.44174e-06	45.423	346	0	2	0	1	
86.6667	0.1	0.3	1	165.934	47.3563	-4.34735e-06	-3.0512e-06	18.2794	346	0	2	0	1	
87.3737	0.1	0.3	1	165.994	46.712	8.62033e-06	1.60081e-05	-4.20879e-05	346	0	2	0	1	
88.0808	0.1	0.3	1	166.033	46.5985	-1.33459e-05	-1.75957e-05	-1.31132e-05	346	0	2	0	1	
88.7879	0.1	0.3	1	166.069	46.5055	-3.27467e-07	-2.96707e-06	8.79357e-06	346	0	2	0	1	
89.4949	0.1	0.3	1	166.103	46.4283	-5.65516e-06	-8.71939e-06	-1.1176e-05	346	0	2	0	1	
90.202	0.1	0.3	1	166.135	46.3642	-4.69225e-06	6.70637e-06	3.50492e-07	346	0	2	0	1	
90.9091	0.1	0.3	1	166.166	46.312	2.45696e-05	-7.4248e-06	-9.30596e-06	346	0	2	0	1	
91.6162	0.1	0.3	1	166.196	46.273	7.12614e-07	7.44515e-06	-1.78201e-05	346	0	2	0	1	
92.3232	0.1	0.3	1	166.225	46.2578	-8.00532e-07	-9.28549e-06	-3.83846e-06	346	0	2	0	1	
93.0303	0.1	0.3	1	166.254	46.372	-8.74998e-06	-2.31898e-05	5.71656e-06	346	0	2	0	1	
93.7374	0.1	0.3	3	166.286	46.0364	-2.75523e-06	-8.92293e-06	-8.93503e-06	346	0	2	0	1	
94.4444	0.1	0.3	1	166.313	45.77	-2.71561e-06	1.74129e-05	1.733e-05	346	0	2	0	1	
95.1515	0.1	0.3	1	166.333	45.7083	-1.0391e-05	5.81289e-06	-1.76188e-06	346	0	2	0	1	
95.8586	0.1	0.3	1	166.346	45.8584	5.74902e-06	-1.40803e-05	2.5577e-06	346	0	2	0	1	
96.5657	0.1	0.3	1	166.365	45.8712	-2.72405e-07	-1.71258e-05	1.28956e-05	346	0	2	0	1	
97.2727	0.1	0.3	1	166.383	45.8684	-8.49028e-06	-1.51253e-05	-6.10363e-06	346	0	2	0	1	
97.9798	0.1	0.3	1	166.402	45.8593	8.1237e-06	-8.07074e-06	-2.87717e-05	346	0	2	0	1	
98.6869	0.1	0.3	1	166.42	45.8475	-3.80156e-06	1.7947e-05	5.9784e-06	346	0	2	0	1	
99.3939	0.1	0.3	1	166.438	45.8346	-1.07695e-06	1.90045e-05	5.43656e-06	346	0	2	0	1	
100.101	0.1	0.3	1	166.456	45.8215	-2.15387e-06	-1.69958e-05	-1.06489e-05	346	0	2	0	1	
100.808	0.1	0.3	1	166.474	45.8084	1.30453e-05	-7.73297e-06	4.06808e-06	346	0	2	0	1	
101.515	0.1	0.3	1	166.491	45.7955	-7.07584e-07	1.04949e-05	5.17818e-06	346	0	2	0	1	
102.222	0.1	0.3	1	166.508	45.7829	-7.07827e-06	-4.67435e-06	-1.97345e-05	346	0	2	0	1	
102.929	0.1	0.3	1	166.524	45.7708	4.21016e-08	1.28567e-05	1.65348e-05	346	0	2	0	1	
103.636	0.1	0.3	1	166.541	45.7591	8.82072e-07	-8.03598e-06	5.96827e-06	346	0	2	0	1	
104.343	0.1	0.3	1	166.557	45.7479	-1.51e-05	7.48677e-06	-1.69754e-05	346	0	2	0	1	
105.051	0.1	0.3	1	166.573	45.737	-5.79499e-06	-2.07575e-05	7.26502e-06	346	0	2	0	1	
105.758	0.1	0.3	1	166.588	45.7266	-8.91466e-06	-1.90865e-05	-5.57652e-06	346	0	2	0	1	
106.465	0.1	0.3	1	166.603	45.7168	-4.50454e-06	2.27737e-05	-6.91042e-06	346	0	2	0	1	
107.172	0.1	0.3	1	166.618	45.7072	1.37692e-06	3.00416e-05	-5.34678e-06	346	0	2	0	1	
107.879	0.1	0.3	1	166.633	45.6979	-1.55079e-06	1.26807e-06	-1.15796e-05	346	0	2	0	1	
108.586	0.1	0.3	1	166.648	45.6892	2.37155e-06	4.9742e-06	7.07149e-06	346	0	2	0	1	
109.293	0.1	0.3	1	166.662	45.6807	-2.47884e-06	6.88153e-06	-8.13739e-06	346	0	2	0	1	
110	0.1	0.3	1	166.668	45.9254	4.11755e-06	1.98698e-05	-8.53184e-06	346	0	2	0	1	
