40	0.1	0.3	-2	0	0	0	0	0	173	0	2	0	1	
40.7071	0.1	0.3	-2	0	0	0	0	0	173	0	2	0	1	
41.4141	0.1	0.3	-2	0	0	0	0	0	173	0	2	0	1	
42.1212	0.1	0.3	-2	0	0	0	0	0	173	0	2	0	1	
42.8283	0.1	0.3	-2	0	0	0	0	0	173	0	2	0	1	
43.5354	0.1	0.3	-2	0	0	0	0	0	173	0	2	0	1	
44.2424	0.1	0.3	-2	0	0	0	0	0	173	0	2	0	1	
44.9495	0.1	0.3	1	24.9902	-247.339	-2.26499e-05	4.05126e-05	267.373	173	0	2	0	1	
45.6566	0.1	0.3	1	38.0924	-246.696	2.04872e-05	-2.43979e-05	265.911	173	0	2	0	1	
46.3636	0.1	0.3	1	45.238	-245.898	-2.92617e-06	-1.80311e-05	264.419	173	0	2	0	1	
47.0707	0.1	0.3	1	50.6639	-244.999	-1.89774e-05	1.21013e-05	262.897	173	0	2	0	1	
47.7778	0.1	0.3	1	55.2025	-244.022	8.95571e-06	-1.39768e-05	261.343	173	0	2	0	1	
48.4848	0.1	0.3	1	59.1816	-242.977	1.53926e-05	-5.65186e-07	259.758	173	0	2	0	1	
49.1919	0.1	0.3	1	62.7794	241.871	2.16719e-05	-4.90499e-05	258.139	173	0	2	0	1	
49.899	0.1	0.3	1	66.0864	240.709	-2.21135e-05	-2.53096e-05	256.485	173	0	2	0	1	
50.6061	0.1	0.3	1	69.1697	239.494	-3.44918e-05	4.32588e-05	254.797	173	0	2	0	1	
51.3131	0.1	0.3	1	72.0734	238.227	-8.86439e-06	1.3763e-05	253.073	173	0	2	0	1	
52.0202	0.1	0.3	1	74.8292	236.911	7.98516e-05	-9.71118e-06	251.312	173	0	2	0	1	
52.7273	0.1	0.3	1	77.4605	235.546	-4.59832e-06	9.15748e-06	249.514	173	0	2	0	1	
53.4343	0.1	0.3	1	79.9857	234.131	-1.75517e-05	-1.05347e-05	247.677	173	0	2	0	1	
54.1414	0.1	0.3	1	82.4188	232.67	2.9317e-06	-4.82526e-05	245.801	173	0	2	0	1	
54.8485	0.1	0.3	1	84.7713	231.16	-2.25141e-05	-1.11695e-05	243.885	173	0	2	0	1	
55.5556	0.1	0.3	1	87.0492	229.605	-2.28707e-05	-2.81708e-06	241.928	173	0	2	0	1	
56.2626	0.1	0.3	1	89.2704	227.995	-6.01346e-07	-2.0669e-05	239.927	173	0	2	0	1	
56.9697	0.1	0.3	1	91.4311	226.34	-8.47669e-06	4.27326e-06	237.884	173	0	2	0	1	
57.6768	0.1	0.3	1	93.5401	224.634	3.43558e-06	2.14064e-05	235.796	173	0	2	0	1	
58.3838	0.1	0.3	1	95.6022	222.878	-5.01496e-06	-2.92381e-05	233.664	173	0	2	0	1	
59.0909	0.1	0.3	1	97.6214	221.071	1.33286e-05	1.00807e-05	231.486	173	0	2	0	1	
59.798	0.1	0.3	1	99.6013	219.211	2.6621e-06	-1.40998e-06	229.297	173	0	2	0	1	
60.5051	0.1	0.3	1	101.545	217.297	2.37003e-05	-8.28765e-06	226.974	173	0	2	0	1	
61.2121	0.1	0.3	1	103.454	215.329	1.99808e-05	1.92204e-05	224.632	173	0	2	0	1	
61.9192	0.1	0.3	1	105.332	213.306	3.94591e-06	9.87248e-06	222.239	173	0	2	0	1	
62.6263	0.1	0.3	1	107.18	211.224	-9.66826e-07	2.5524e-05	219.791	173	0	2	0	1	
63.3333	0.1	0.3	1	109.001	209.084	6.41571e-06	-2.91302e-06	217.285	173	0	2	0	1	
64.0404	0.1	0.3	1	110.796	206.882	-3.89396e-05	5.54783e-06	214.719	173	0	2	0	1	
64.7475	0.1	0.3	1	112.566	204.618	-1.85339e-05	-3.75112e-06	212.091	173	0	2	0	1	
65.4545	0.1	0.3	1	114.313	202.288	1.07197e-05	2.07059e-06	209.398	173	0	2	0	1	
66.1616	0.1	0.3	1	116.037	199.892	1.43345e-05	-9.16897e-06	206.638	173	0	2	0	1	
66.8687	0.1	0.3	1	117.741	197.426	-7.10431e-06	2.05623e-05	203.807	173	0	2	0	1	
67.5758	0.1	0.3	1	119.425	194.887	-8.44895e-05	-2.60936e-05	200.903	173	0	2	0	1	
68.2828	0.1	0.3	1	121.089	192.272	-2.99516e-05	-2.14335e-05	197.921	173	0	2	0	1	
68.9899	0.1	0.3	1	122.735	189.579	2.179e-05	-7.21281e-06	194.859	173	0	2	0	1	
69.697	0.1	0.3	1	124.363	186.804	2.00671e-05	1.72425e-05	191.712	173	0	2	0	1	
70.404	0.1	0.3	1	125.974	183.943	-9.28248e-06	-8.66484e-06	188.476	173	0	2	0	1	
71.1111	0.1	0.3	1	127.568	180.992	5.72411e-07	4.20373e-05	185.146	173	0	2	0	1	
71.8182	0.1	0.3	1	129.146	177.945	5.46381e-05	-5.85652e-06	181.716	173	0	2	0	1	
72.5253	0.1	0.3	1	130.707	174.799	1.90341e-06	-9.20651e-07	178.18	173	0	2	0	1	
73.2323	0.1	0.3	1	132.253	171.547	2.47063e-05	-6.45695e-06	174.531	173	0	2	0	1	
73.9394	0.1	0.3	1	133.783	168.183	-1.858e-05	1.88478e-05	170.763	173	0	2	0	1	
74.6465	0.1	0.3	1	135.298	164.702	2.9286e-05	1.13042e-05	166.866	173	0	2	0	1	
75.3535	0.1	0.3	1	136.798	161.095	-1.50543e-05	-5.50174e-06	162.83	173	0	2	0	1	
76.0606	0.1	0.3	1	138.281	157.355	-5.80243e-06	3.57596e-06	158.646	173	0	2	0	1	
76.7677	0.1	0.3	1	139.749	153.478	2.74146e-06	-1.14899e-05	154.299	173	0	2	0	1	
77.4747	0.1	0.3	1	141.2	149.461	1.26581e-05	-2.23757e-05	149.775	173	0	2	0	1	
78.1818	0.1	0.3	1	142.633	145.331	-1.27963e-05	1.60435e-05	145.058	173	0	2	0	1	
78.8889	0.1	0.3	1	144.046	140.961	2.60347e-05	-1.75195e-05	140.127	173	0	2	0	1	
79.596	0.1	0.3	1	145.444	136.224	-8.80031e-06	-8.52622e-06	134.956	173	0	2	0	1	
80.303	0.1	0.3	1	146.824	131.265	-5.35445e-05	-9.74218e-06	129.515	173	0	2	0	1	
81.0101	0.1	0.3	1	148.185	126.062	3.21992e-05	-2.49464e-05	123.766	173	0	2	0	1	
81.7172	0.1	0.3	1	149.524	120.556	-2.12162e-05	3.14524e-05	117.664	173	0	2	0	1	
82.4242	0.1	0.3	1	150.85	114.653	-1.46487e-05	-1.20785e-05	111.142	173	0	2	0	1	
83.1313	0.1	0.3	1	152.14	108.365	3.15026e-05	4.60895e-06	104.128	173	0	2	0	1	
83.8384	0.1	0.3	1	153.399	101.576	8.93224e-06	-1.88729e-06	96.5094	173	0	2	0	1	
84.5455	0.1	0.3	1	154.618	94.1708	-2.1242e-05	8.05601e-06	88.1317	173	0	2	0	1	
85.2525	0.1	0.3	1	155.788	85.9802	-2.03606e-05	2.09223e-05	78.9055	173	0	2	0	1	
85.9596	0.1	0.3	1	156.887	76.7704	-4.02417e-06	1.58423e-05	67.7285	173	0	2	0	1	
86.6667	0.1	0.3	1	157.866	66.3174	2.81654e-05	2.35692e-06	54.2302	173	0	2	0	1	
87.3737	0.1	0.3	1	158.618	54.9574	9.33616e-06	3.21148e-07	35.5449	173	0	2	0	1	
88.0808	0.1	0.3	1	158.86	50.103	1.6148e-05	1.49897e-05	-3.03569e-05	173	0	2	0	1	
88.7879	0.1	0.3	1	158.901	49.8662	8.74398e-06	-3.16507e-06	2.26668e-05	173	0	2	0	1	
89.4949	0.1	0.3	1	158.935	49.7705	1.32876e-05	1.51013e-05	-1.88745e-05	173	0	2	0	1	
90.202	0.1	0.3	1	158.966	49.6928	1.29363e-05	-1.99018e-05	1.89893e-05	173	0	2	0	1	
90.9091	0.1	0.3	1	158.996	49.6307	-2.60105e-05	-9.06329e-06	-2.69163e-05	173	0	2	0	1	
91.6162	0.1	0.3	1	159.024	49.5839	-9.18017e-06	1.04702e-05	4.74735e-05	173	0	2	0	1	
92.3232	0.1	0.3	1	159.052	49.5546	1.20083e-05	1.89896e-06	1.18836e-05	173	0	2	0	1	
93.0303	0.1	0.3	1	159.08	49.506	-9.09398e-06	1.69567e-06	-2.61172e-05	173	0	2	0	1	
93.7374	0.1	0.3	3	159.105	49.6038	1.28221e-05	-4.99754e-06	-3.79255e-06	173	0	2	0	1	
94.4444	0.1	0.3	3	159.132	49.1577	-1.12201e-05	-7.49366e-06	3.0227e-06	173	0	2	0	1	
95.1515	0.1	0.3	1	159.152	49.0885	9.04653e-06	2.08367e-05	-1.89545e-05	173	0	2	0	1	
95.8586	0.1	0.3	1	159.166	49.1801	-6.64968e-06	1.37865e-05	-1.2387e-05	173	0	2	0	1	
96.5657	0.1	0.3	1	159.184	49.1791	9.17886e-06	2.11731e-05	-1.39548e-05	173	0	2	0	1	
97.2727	0.1	0.3	1	159.202	49.1686	-8.31028e-08	5.96878e-06	7.45493e-06	173	0	2	0	1	
97.9798	0.1	0.3	1	159.22	49.1545	1.53394e-06	3.53317e-06	-5.86262e-06	173	0	2	0	1	
98.6869	0.1	0.3	1	159.237	49.139	2.53779e-06	-9.43741e-06	-8.10667e-06	173	0	2	0	1	
99.3939	0.1	0.3	1	159.254	49.1233	1.2596e-05	-7.24126e-06	-1.51807e-05	173	0	2	0	1	
100.101	0.1	0.3	1	159.271	49.1076	-1.1925e-05	-5.71685e-06	5.60008e-06	173	0	2	0	1	
100.808	0.1	0.3	1	159.287	49.0926	6.21643e-06	-8.14336e-06	6.26563e-06	173	0	2	0	1	
101.515	0.1	0.3	1	159.303	49.0779	-7.78898e-06	-1.9508e-05	-3.2889e-06	173	0	2	0	1	
102.222	0.1	0.3	1	159.319	49.064	-4.8186e-06	7.62084e-06	-3.43679e-06	173	0	2	0	1	
102.929	0.1	0.3	1	159.334	49.0505	-1.12379e-05	8.27844e-06	3.23411e-06	173	0	2	0	1	
103.636	0.1	0.3	1	159.35	49.0376	-6.79903e-06	-3.55019e-06	-1.00333e-05	173	0	2	0	1	
104.343	0.1	0.3	1	159.364	49.0253	-2.2502e-06	1.03574e-05	1.45107e-05	173	0	2	0	1	
105.051	0.1	0.3	1	159.379	49.0135	-1.48366e-06	8.84444e-06	-5.6785e-06	173	0	2	0	1	
105.758	0.1	0.3	1	159.393	49.0022	8.06005e-06	-1.46613e-05	4.07749e-06	173	0	2	0	1	
106.465	0.1	0.3	1	159.407	48.9914	-4.64962e-06	-7.561e-06	-1.78182e-05	173	0	2	0	1	
107.172	0.1	0.3	1	159.421	48.9811	6.20267e-06	1.69035e-05	4.56042e-06	173	0	2	0	1	
107.879	0.1	0.3	1	159.435	48.9712	-7.05298e-06	1.65176e-05	-8.41887e-06	173	0	2	0	1	
108.586	0.1	0.3	1	159.448	48.9616	-7.83555e-07	3.51949e-05	7.21609e-06	173	0	2	0	1	
109.293	0.1	0.3	1	159.462	48.9525	4.15339e-07	-1.81976e-05	2.79004e-06	173	0	2	0	1	
110	0.1	0.3	1	159.475	48.9437	4.2227e-06	9.62535e-06	-1.12636e-05	173	0	2	0	1	
