40	0.1	0.3	-2	0	0	0	0	0	173	1	1	0	1	
40.3518	0.1	0.3	-2	0	0	0	0	0	173	1	1	0	1	
40.7035	0.1	0.3	-2	0	0	0	0	0	173	1	1	0	1	
41.0553	0.1	0.3	-2	0	0	0	0	0	173	1	1	0	1	
41.407	0.1	0.3	-2	0	0	0	0	0	173	1	1	0	1	
41.7588	0.1	0.3	-2	0	0	0	0	0	173	1	1	0	1	
42.1106	0.1	0.3	-2	0	0	0	0	0	173	1	1	0	1	
42.4623	0.1	0.3	-2	0	0	0	0	0	173	1	1	0	1	
42.8141	0.1	0.3	-2	0	0	0	0	0	173	1	1	0	1	
43.1658	0.1	0.3	-2	0	0	0	0	0	173	1	1	0	1	
43.5176	0.1	0.3	-2	0	0	0	0	0	173	1	1	0	1	
43.8693	0.1	0.3	-2	0	0	0	0	0	173	1	1	0	1	
44.2211	0.1	0.3	-2	0	0	0	0	0	173	1	1	0	1	
44.5729	0.1	0.3	-2	0	0	0	0	0	173	1	1	0	1	
44.9246	0.1	0.3	-2	0	0	0	0	0	173	1	1	0	1	
45.2764	0.1	0.3	1	23.3413	-247.512	2.96086e-06	-2.52875e-05	266.077	173	1	1	0	1	
45.6281	0.1	0.3	1	32.6732	-247.254	-1.77566e-05	-8.75159e-06	265.317	173	1	1	0	1	
45.9799	0.1	0.3	1	37.9915	-246.916	1.22167e-05	-1.81867e-05	264.551	173	1	1	0	1	
46.3317	0.1	0.3	1	42.0247	-246.53	-1.00696e-05	2.12073e-05	263.779	173	1	1	0	1	
46.6834	0.1	0.3	1	45.379	-246.11	-1.44795e-05	1.59818e-05	263	173	1	1	0	1	
47.0352	0.1	0.3	1	48.3025	-245.66	-4.20181e-05	-5.03109e-05	262.214	173	1	1	0	1	
47.3869	0.1	0.3	1	50.9242	-245.185	-1.36578e-05	1.77886e-05	261.42	173	1	1	0	1	
47.7387	0.1	0.3	1	53.3205	-244.689	1.87329e-05	3.59019e-05	260.618	173	1	1	0	1	
48.0905	0.1	0.3	1	55.541	-244.172	3.33738e-05	-8.52873e-06	259.808	173	1	1	0	1	
48.4422	0.1	0.3	1	57.6198	-243.637	1.98733e-05	-2.3304e-05	258.989	173	1	1	0	1	
48.794	0.1	0.3	1	59.5789	-243.085	1.11306e-05	-1.0099e-05	258.163	173	1	1	0	1	
49.1457	0.1	0.3	1	61.4447	-242.515	-2.23256e-06	1.11341e-05	257.327	173	1	1	0	1	
49.4975	0.1	0.3	1	63.2235	-241.93	-1.32553e-05	-5.1846e-06	256.483	173	1	1	0	1	
49.8492	0.1	0.3	1	64.9291	-241.329	8.26589e-05	-2.00537e-05	255.631	173	1	1	0	1	
50.201	0.1	0.3	1	66.5705	-240.714	-1.09183e-05	2.05399e-05	254.769	173	1	1	0	1	
50.5528	0.1	0.3	1	68.1551	-240.085	-1.34128e-05	3.39678e-06	253.898	173	1	1	0	1	
50.9045	0.1	0.3	1	69.689	-239.442	7.07105e-07	-6.80991e-06	253.018	173	1	1	0	1	
51.2563	0.1	0.3	1	71.1772	238.785	-1.33725e-05	4.48113e-07	252.128	173	1	1	0	1	
51.608	0.1	0.3	1	72.6242	238.114	-1.90096e-05	4.66193e-05	251.23	173	1	1	0	1	
51.9598	0.1	0.3	1	74.0337	237.43	2.89875e-05	1.78264e-05	250.321	173	1	1	0	1	
52.3116	0.1	0.3	1	75.4088	236.733	3.69407e-05	-3.31967e-06	249.403	173	1	1	0	1	
52.6633	0.1	0.3	1	76.7524	236.023	-2.09848e-05	1.29237e-05	248.475	173	1	1	0	1	
53.0151	0.1	0.3	1	78.0669	235.299	2.7788e-05	-3.83006e-06	247.537	173	1	1	0	1	
53.3668	0.1	0.3	1	79.3545	234.563	4.49796e-06	-4.83845e-06	246.589	173	1	1	0	1	
53.7186	0.1	0.3	1	80.6171	233.814	5.00543e-05	5.82889e-05	245.631	173	1	1	0	1	
54.0704	0.1	0.3	1	81.8565	233.052	7.35441e-06	6.16252e-06	244.663	173	1	1	0	1	
54.4221	0.1	0.3	1	83.074	232.277	-4.99663e-05	-7.95845e-05	243.684	173	1	1	0	1	
54.7739	0.1	0.3	1	84.2712	231.49	-1.74044e-05	-3.12061e-05	242.695	173	1	1	0	1	
55.1256	0.1	0.3	1	85.4493	230.689	-2.90401e-05	-3.35941e-05	241.695	173	1	1	0	1	
55.4774	0.1	0.3	1	86.6055	229.878	1.88064e-05	-1.81285e-05	240.684	173	1	1	0	1	
55.8291	0.1	0.3	1	87.7494	229.051	3.9793e-05	2.174e-05	239.662	173	1	1	0	1	
56.1809	0.1	0.3	1	88.8795	228.21	-2.28991e-05	1.40422e-05	238.629	173	1	1	0	1	
56.5327	0.1	0.3	1	89.9913	227.357	-1.30196e-05	2.14819e-05	237.585	173	1	1	0	1	
56.8844	0.1	0.3	1	91.0888	226.491	-1.82877e-05	1.89533e-06	236.529	173	1	1	0	1	
57.2362	0.1	0.3	1	92.1726	225.612	-4.59013e-05	2.19509e-05	235.462	173	1	1	0	1	
57.5879	0.1	0.3	1	93.2433	224.72	-5.86925e-05	3.64291e-06	234.383	173	1	1	0	1	
57.9397	0.1	0.3	1	94.3017	223.814	3.83453e-05	1.3093e-05	233.292	173	1	1	0	1	
58.2915	0.1	0.3	1	95.3482	-222.895	-6.88239e-06	2.29432e-05	232.19	173	1	1	0	1	
58.6432	0.1	0.3	1	96.3835	221.962	-2.37185e-05	-1.65788e-05	231.076	173	1	1	0	1	
58.995	0.1	0.3	1	97.4079	221.015	-1.56874e-05	1.46539e-05	229.95	173	1	1	0	1	
59.3467	0.1	0.3	1	98.4221	220.054	3.25536e-05	-6.23124e-05	228.815	173	1	1	0	1	
59.6985	0.1	0.3	1	99.4264	219.078	-1.78568e-05	2.05066e-05	227.678	173	1	1	0	1	
60.0503	0.1	0.3	1	100.421	218.089	4.88256e-05	-1.18849e-05	226.497	173	1	1	0	1	
60.402	0.1	0.3	1	101.407	217.085	-8.92655e-06	2.66028e-05	225.307	173	1	1	0	1	
60.7538	0.1	0.3	1	102.384	216.067	4.61018e-06	-7.49006e-05	224.106	173	1	1	0	1	
61.1055	0.1	0.3	1	103.352	215.033	-1.64141e-05	6.00749e-06	222.894	173	1	1	0	1	
61.4573	0.1	0.3	1	104.294	213.998	2.41022e-05	8.41183e-06	221.672	173	1	1	0	1	
61.809	0.1	0.3	1	105.225	212.95	-1.75186e-05	1.77294e-05	220.437	173	1	1	0	1	
62.1608	0.1	0.3	1	106.157	211.881	8.20455e-05	1.10176e-05	219.185	173	1	1	0	1	
62.5126	0.1	0.3	1	107.084	210.795	-2.18022e-05	2.23749e-05	217.919	173	1	1	0	1	
62.8643	0.1	0.3	1	108.006	209.691	2.29553e-05	2.41285e-08	216.636	173	1	1	0	1	
63.2161	0.1	0.3	1	108.921	208.571	-1.07627e-05	1.61061e-05	215.339	173	1	1	0	1	
63.5678	0.1	0.3	1	109.831	207.434	2.69602e-05	-1.83431e-05	214.025	173	1	1	0	1	
63.9196	0.1	0.3	1	110.735	206.28	-4.91064e-05	-4.90269e-05	212.695	173	1	1	0	1	
64.2714	0.1	0.3	1	111.638	205.102	-1.26482e-05	2.01966e-05	211.347	173	1	1	0	1	
64.6231	0.1	0.3	1	112.525	203.92	1.7207e-05	4.62264e-05	209.985	173	1	1	0	1	
64.9749	0.1	0.3	1	113.412	202.713	2.58353e-05	2.28866e-05	208.604	173	1	1	0	1	
65.3266	0.1	0.3	1	114.293	201.489	6.60598e-05	-2.04924e-05	207.206	173	1	1	0	1	
65.6784	0.1	0.3	1	115.169	200.246	1.99942e-05	-1.743e-05	205.79	173	1	1	0	1	
66.0302	0.1	0.3	1	116.039	198.985	3.93849e-06	3.38391e-05	204.356	173	1	1	0	1	
66.3819	0.1	0.3	1	116.904	197.704	-1.12789e-05	3.10984e-05	202.903	173	1	1	0	1	
66.7337	0.1	0.3	1	117.765	196.404	8.85869e-07	1.17836e-05	201.43	173	1	1	0	1	
67.0854	0.1	0.3	1	118.62	195.085	2.00808e-05	-6.60297e-05	199.939	173	1	1	0	1	
67.4372	0.1	0.3	1	119.47	193.745	2.2353e-06	-1.71538e-05	198.427	173	1	1	0	1	
67.7889	0.1	0.3	1	120.316	192.385	-1.38575e-05	2.30248e-05	196.894	173	1	1	0	1	
68.1407	0.1	0.3	1	121.157	191.004	6.05882e-07	4.20486e-05	195.341	173	1	1	0	1	
68.4925	0.1	0.3	1	121.994	189.601	-3.33625e-05	1.49015e-05	193.766	173	1	1	0	1	
68.8442	0.1	0.3	1	122.826	188.176	1.98814e-05	3.1263e-05	192.169	173	1	1	0	1	
69.196	0.1	0.3	1	123.653	186.729	-3.71909e-05	5.99379e-06	190.549	173	1	1	0	1	
69.5477	0.1	0.3	1	124.476	185.259	9.39745e-06	-2.65444e-06	188.906	173	1	1	0	1	
69.8995	0.1	0.3	1	125.295	183.765	1.45577e-05	-4.85945e-05	187.239	173	1	1	0	1	
70.2513	0.1	0.3	1	126.11	182.246	-9.8785e-06	2.63614e-06	185.547	173	1	1	0	1	
70.603	0.1	0.3	1	126.921	180.703	-2.55528e-05	-5.80348e-06	183.83	173	1	1	0	1	
70.9548	0.1	0.3	1	127.728	179.135	-3.02371e-05	6.91976e-06	182.086	173	1	1	0	1	
71.3065	0.1	0.3	1	128.53	177.54	-4.80141e-05	1.05524e-05	180.316	173	1	1	0	1	
71.6583	0.1	0.3	1	129.329	175.918	1.52638e-05	3.18882e-05	178.518	173	1	1	0	1	
72.0101	0.1	0.3	1	130.124	174.269	3.45795e-05	-8.47593e-06	176.691	173	1	1	0	1	
72.3618	0.1	0.3	1	130.915	172.591	1.92244e-05	2.23655e-07	174.835	173	1	1	0	1	
72.7136	0.1	0.3	1	131.702	170.883	-3.01607e-05	-1.50789e-05	172.947	173	1	1	0	1	
73.0653	0.1	0.3	1	132.485	169.146	1.16e-05	-1.85697e-05	171.029	173	1	1	0	1	
73.4171	0.1	0.3	1	133.264	167.377	-1.00857e-05	4.4988e-06	169.077	173	1	1	0	1	
73.7688	0.1	0.3	1	134.04	165.577	7.19422e-05	-4.59991e-05	167.091	173	1	1	0	1	
74.1206	0.1	0.3	1	134.812	163.743	-3.09636e-05	7.92937e-06	165.07	173	1	1	0	1	
74.4724	0.1	0.3	1	135.58	161.875	2.41842e-05	1.53637e-05	163.013	173	1	1	0	1	
74.8241	0.1	0.3	1	136.344	159.972	3.55769e-05	1.401e-05	160.917	173	1	1	0	1	
75.1759	0.1	0.3	1	137.105	158.034	2.12684e-05	1.45733e-05	158.781	173	1	1	0	1	
75.5276	0.1	0.3	1	137.862	156.058	1.1803e-05	4.05604e-06	156.604	173	1	1	0	1	
75.8794	0.1	0.3	1	138.614	154.046	-3.87905e-05	3.76802e-06	154.384	173	1	1	0	1	
76.2312	0.1	0.3	1	139.363	151.995	-7.72575e-05	4.67373e-06	152.118	173	1	1	0	1	
76.5829	0.1	0.3	1	140.108	149.908	-3.31253e-06	3.01286e-05	149.805	173	1	1	0	1	
76.9347	0.1	0.3	1	140.848	147.788	2.48401e-05	3.94174e-05	147.442	173	1	1	0	1	
77.2864	0.1	0.3	1	141.584	145.645	-3.78385e-05	-1.1435e-05	145.027	173	1	1	0	1	
77.6382	0.1	0.3	1	142.316	143.545	4.1305e-05	9.2452e-06	142.558	173	1	1	0	1	
77.9899	0.1	0.3	1	143.042	141.176	1.68132e-06	9.93654e-06	140.031	173	1	1	0	1	
78.3417	0.1	0.3	1	143.764	138.737	-1.62517e-05	1.51202e-06	137.441	173	1	1	0	1	
78.6935	0.1	0.3	1	144.484	136.241	2.28662e-05	-1.80938e-05	134.786	173	1	1	0	1	
79.0452	0.1	0.3	1	145.2	133.705	1.08677e-05	7.01241e-07	132.062	173	1	1	0	1	
79.397	0.1	0.3	1	145.911	131.11	-1.12038e-05	-1.65048e-05	129.263	173	1	1	0	1	
79.7487	0.1	0.3	1	146.618	128.446	-2.17287e-05	9.98627e-06	126.384	173	1	1	0	1	
80.1005	0.1	0.3	1	147.321	125.706	-2.54488e-05	-3.38976e-06	123.421	173	1	1	0	1	
80.4523	0.1	0.3	1	148.019	122.885	-2.45152e-05	-2.44583e-05	120.366	173	1	1	0	1	
80.804	0.1	0.3	1	148.712	119.975	1.16555e-05	-6.27496e-06	117.212	173	1	1	0	1	
81.1558	0.1	0.3	1	149.399	116.969	-3.91849e-05	-8.50007e-06	113.95	173	1	1	0	1	
81.5075	0.1	0.3	1	150.091	113.811	6.49778e-06	2.48163e-07	110.564	173	1	1	0	1	
81.8593	0.1	0.3	1	150.768	110.578	6.52169e-05	8.18084e-06	107.055	173	1	1	0	1	
82.2111	0.1	0.3	1	151.439	107.217	-3.54688e-05	1.41824e-05	103.404	173	1	1	0	1	
82.5628	0.1	0.3	1	152.102	103.716	2.1965e-05	-1.35157e-05	99.5941	173	1	1	0	1	
82.9146	0.1	0.3	1	152.758	100.058	1.24593e-05	1.35635e-05	95.6082	173	1	1	0	1	
83.2663	0.1	0.3	1	153.405	96.2239	-1.21458e-06	1.14978e-05	91.4253	173	1	1	0	1	
83.6181	0.1	0.3	1	154.043	92.19	1.14945e-05	-8.26963e-06	87.0261	173	1	1	0	1	
83.9698	0.1	0.3	1	154.67	87.9232	4.5965e-05	4.46883e-06	82.4404	173	1	1	0	1	
84.3216	0.1	0.3	1	155.285	83.3813	-8.26891e-06	-4.28826e-06	77.2899	173	1	1	0	1	
84.6734	0.1	0.3	1	155.881	78.5502	-2.10333e-05	1.13478e-05	71.7313	173	1	1	0	1	
85.0251	0.1	0.3	1	156.456	73.3713	1.66413e-05	9.42725e-06	65.6891	173	1	1	0	1	
85.3769	0.1	0.3	1	157.001	67.7857	-2.30788e-05	1.83977e-05	58.9743	173	1	1	0	1	
85.7286	0.1	0.3	1	157.506	61.7429	-3.45262e-05	-1.29963e-05	51.304	173	1	1	0	1	
86.0804	0.1	0.3	1	157.956	55.1767	2.97342e-05	1.07837e-05	42.129	173	1	1	0	1	
86.4322	0.1	0.3	1	158.287	48.9816	-3.7524e-05	1.39271e-06	30.1264	173	1	1	0	1	
86.7839	0.1	0.3	-2	0	0	0	0	0	173	1	1	0	1	
87.1357	0.1	0.3	1	158.462	45.4593	1.11595e-05	1.03588e-05	0.000145742	173	1	1	0	1	
87.4874	0.1	0.3	1	158.484	45.3751	4.049e-05	-1.13182e-05	3.5536e-06	173	1	1	0	1	
87.8392	0.1	0.3	1	158.504	45.3019	-1.73193e-05	2.23101e-07	-5.75927e-06	173	1	1	0	1	
88.191	0.1	0.3	1	158.523	45.2375	4.14473e-06	4.83405e-06	-6.31574e-06	173	1	1	0	1	
88.5427	0.1	0.3	1	158.542	45.18	-1.68346e-06	1.19391e-05	-6.36737e-06	173	1	1	0	1	
88.8945	0.1	0.3	1	158.56	45.1286	-9.08002e-06	-8.07587e-07	-4.31045e-05	173	1	1	0	1	
89.2462	0.1	0.3	1	158.577	45.0825	-4.34218e-06	-6.87403e-08	1.5586e-05	173	1	1	0	1	
89.598	0.1	0.3	1	158.593	45.041	-1.04819e-05	-3.30186e-06	2.35538e-05	173	1	1	0	1	
89.9497	0.1	0.3	1	158.609	45.0033	-2.63276e-05	5.99387e-06	4.60161e-06	173	1	1	0	1	
90.3015	0.1	0.3	1	158.625	44.9694	-1.50632e-05	3.09452e-07	-7.83257e-06	173	1	1	0	1	
90.6533	0.1	0.3	1	158.64	44.939	-1.2418e-05	-5.32281e-07	7.6636e-06	173	1	1	0	1	
91.005	0.1	0.3	1	158.655	44.9121	-1.57015e-06	8.72547e-07	1.26192e-06	173	1	1	0	1	
91.3568	0.1	0.3	1	158.669	44.8889	-1.87675e-05	-6.59418e-06	-3.21304e-05	173	1	1	0	1	
91.7085	0.1	0.3	1	158.683	44.87	7.56982e-06	-3.02255e-05	3.0511e-05	173	1	1	0	1	
92.0603	0.1	0.3	1	158.697	44.8564	-1.42473e-05	-2.66289e-06	1.3982e-05	173	1	1	0	1	
92.4121	0.1	0.3	1	158.711	44.8511	1.57835e-05	-6.39695e-07	1.01538e-05	173	1	1	0	1	
92.7638	0.1	0.3	1	158.725	44.8615	1.23719e-05	-1.25449e-05	8.75809e-06	173	1	1	0	1	
93.1156	0.1	0.3	1	158.739	44.915	-6.65965e-06	1.70468e-06	-1.88464e-05	173	1	1	0	1	
93.4673	0.1	0.3	1	158.755	45.2536	-8.36106e-06	5.94369e-07	8.555e-06	173	1	1	0	1	
93.8191	0.1	0.3	1	158.77	44.6533	1.14157e-05	1.34749e-06	1.64196e-05	173	1	1	0	1	
94.1709	0.1	0.3	1	158.783	44.4577	-1.57391e-06	-1.24909e-06	7.1052e-06	173	1	1	0	1	
94.5226	0.1	0.3	1	158.794	44.3639	1.43452e-07	4.27555e-06	4.01951e-05	173	1	1	0	1	
94.8744	0.1	0.3	1	158.802	44.3451	-1.40801e-07	-2.49617e-05	4.94106e-06	173	1	1	0	1	
95.2261	0.1	0.3	1	158.808	44.4342	1.22922e-05	1.25577e-06	-2.94333e-07	173	1	1	0	1	
95.5779	0.1	0.3	1	158.815	44.4662	-2.12353e-06	-1.55343e-05	4.71481e-06	173	1	1	0	1	
95.9296	0.1	0.3	1	158.824	44.4767	4.59165e-06	-1.74652e-06	-1.57299e-05	173	1	1	0	1	
96.2814	0.1	0.3	1	158.832	44.4793	-7.10964e-06	8.78726e-06	-1.15847e-05	173	1	1	0	1	
96.6332	0.1	0.3	1	158.841	44.4777	-8.24686e-06	9.3924e-06	-1.15146e-05	173	1	1	0	1	
96.9849	0.1	0.3	1	158.85	44.4737	6.21769e-06	-6.12296e-06	-1.35254e-05	173	1	1	0	1	
97.3367	0.1	0.3	1	158.859	44.4684	7.40521e-07	1.3625e-06	-1.05394e-06	173	1	1	0	1	
97.6884	0.1	0.3	1	158.867	44.4622	6.92051e-06	-7.26756e-06	-2.49447e-05	173	1	1	0	1	
98.0402	0.1	0.3	1	158.876	44.4553	1.47394e-05	-7.16127e-06	5.76993e-06	173	1	1	0	1	
98.392	0.1	0.3	1	158.885	44.4482	-1.14118e-05	-9.09494e-06	-1.6281e-06	173	1	1	0	1	
98.7437	0.1	0.3	1	158.893	44.4409	-9.32378e-06	1.07954e-07	3.56741e-06	173	1	1	0	1	
99.0955	0.1	0.3	1	158.902	44.4335	-3.46904e-06	5.67948e-06	1.49809e-05	173	1	1	0	1	
99.4472	0.1	0.3	1	158.91	44.4261	-6.85883e-06	-5.64367e-06	-1.3653e-05	173	1	1	0	1	
99.799	0.1	0.3	1	158.918	44.4186	1.42392e-05	-8.88454e-07	-5.08135e-06	173	1	1	0	1	
100.151	0.1	0.3	1	158.927	44.4113	1.10461e-06	1.2056e-07	-5.57985e-06	173	1	1	0	1	
100.503	0.1	0.3	1	158.935	44.4039	9.13938e-06	1.73166e-06	1.46153e-05	173	1	1	0	1	
100.854	0.1	0.3	1	158.943	44.3968	3.02375e-06	6.18396e-06	1.48534e-05	173	1	1	0	1	
101.206	0.1	0.3	1	158.951	44.3897	5.61363e-06	-5.86003e-07	1.16463e-07	173	1	1	0	1	
101.558	0.1	0.3	1	158.959	44.3827	-5.72625e-07	4.65522e-07	-8.85905e-06	173	1	1	0	1	
101.91	0.1	0.3	1	158.967	44.3757	1.2228e-05	3.54413e-07	8.93229e-07	173	1	1	0	1	
102.261	0.1	0.3	1	158.974	44.369	-8.92004e-06	-1.45244e-07	-4.75864e-06	173	1	1	0	1	
102.613	0.1	0.3	1	158.982	44.3625	-1.52526e-06	2.22671e-07	1.22829e-07	173	1	1	0	1	
102.965	0.1	0.3	1	158.99	44.3559	-1.40593e-06	-9.92932e-08	-1.1274e-06	173	1	1	0	1	
103.317	0.1	0.3	1	158.997	44.3495	-1.62276e-06	3.13484e-07	-1.31895e-07	173	1	1	0	1	
103.668	0.1	0.3	1	159.005	44.3433	-5.28014e-06	1.61137e-07	-1.20822e-06	173	1	1	0	1	
104.02	0.1	0.3	1	159.012	44.3371	-5.20223e-06	3.14889e-07	-7.88129e-06	173	1	1	0	1	
104.372	0.1	0.3	1	159.019	44.3311	3.16538e-07	2.32869e-05	-1.55524e-05	173	1	1	0	1	
104.724	0.1	0.3	1	159.027	44.3252	-3.2943e-06	5.70566e-07	5.782e-06	173	1	1	0	1	
105.075	0.1	0.3	1	159.034	44.3195	-1.16182e-05	-1.54317e-07	-7.41281e-06	173	1	1	0	1	
105.427	0.1	0.3	1	159.041	44.3138	-3.38901e-06	3.2278e-07	-1.27116e-05	173	1	1	0	1	
105.779	0.1	0.3	1	159.048	44.3082	3.09459e-06	7.6522e-08	-1.21794e-05	173	1	1	0	1	
106.131	0.1	0.3	1	159.055	44.3027	-3.66793e-07	2.60511e-07	-1.02731e-05	173	1	1	0	1	
106.482	0.1	0.3	1	159.062	44.2973	-9.04463e-07	-8.14658e-08	-8.96982e-06	173	1	1	0	1	
106.834	0.1	0.3	1	159.069	44.2921	-2.11305e-06	-9.97052e-07	2.88679e-06	173	1	1	0	1	
107.186	0.1	0.3	1	159.076	44.287	1.29248e-06	3.8563e-07	-1.22868e-05	173	1	1	0	1	
107.538	0.1	0.3	1	159.083	44.2819	5.07366e-06	7.6935e-07	8.13961e-06	173	1	1	0	1	
107.889	0.1	0.3	1	159.089	44.277	3.76419e-06	-7.48267e-06	-1.43341e-05	173	1	1	0	1	
108.241	0.1	0.3	1	159.096	44.2722	-6.15685e-06	-1.98754e-06	-3.03405e-06	173	1	1	0	1	
108.593	0.1	0.3	1	159.103	44.2673	2.91262e-06	-1.985e-07	7.20945e-06	173	1	1	0	1	
108.945	0.1	0.3	1	159.109	44.2626	6.38583e-06	1.35449e-07	-1.10656e-05	173	1	1	0	1	
109.296	0.1	0.3	1	159.116	44.2581	-8.48045e-06	1.5944e-08	-7.39604e-06	173	1	1	0	1	
109.648	0.1	0.3	1	159.122	44.2535	-1.63017e-06	-2.41663e-07	3.16187e-06	173	1	1	0	1	
110	0.1	0.3	1	159.129	44.249	8.21755e-06	7.24827e-07	-1.18114e-05	173	1	1	0	1	
