40	0.1	0.3	-2	0	0	0	0	0	86.5	1	0	0	1	
40.7071	0.1	0.3	-2	0	0	0	0	0	86.5	1	0	0	1	
41.4141	0.1	0.3	-2	0	0	0	0	0	86.5	1	0	0	1	
42.1212	0.1	0.3	-2	0	0	0	0	0	86.5	1	0	0	1	
42.8283	0.1	0.3	-2	0	0	0	0	0	86.5	1	0	0	1	
43.5354	0.1	0.3	-2	0	0	0	0	0	86.5	1	0	0	1	
44.2424	0.1	0.3	-2	0	0	0	0	0	86.5	1	0	0	1	
44.9495	0.1	0.3	-2	0	0	0	0	0	86.5	1	0	0	1	
45.6566	0.1	0.3	-2	0	0	0	0	0	86.5	1	0	0	1	
46.3636	0.1	0.3	-2	0	0	0	0	0	86.5	1	0	0	1	
47.0707	0.1	0.3	-2	0	0	0	0	0	86.5	1	0	0	1	
47.7778	0.1	0.3	1	33.6608	0	238.11	238.11	0	86.5	1	0	0	1	
48.4848	0.1	0.3	1	41.7414	0	233.997	233.997	0	86.5	1	0	0	1	
49.1919	0.1	0.3	1	47.3866	0	230.544	230.544	0	86.5	1	0	0	1	
49.899	0.1	0.3	1	51.9253	0	227.407	227.407	0	86.5	1	0	0	1	
50.6061	0.1	0.3	1	55.804	0	224.46	224.46	0	86.5	1	0	0	1	
51.3131	0.1	0.3	1	59.234	0	221.641	221.641	0	86.5	1	0	0	1	
52.0202	0.1	0.3	1	62.334	0	218.914	218.914	0	86.5	1	0	0	1	
52.7273	0.1	0.3	1	65.1777	0	216.258	216.258	0	86.5	1	0	0	1	
53.4343	0.1	0.3	1	67.8149	0	213.658	213.658	0	86.5	1	0	0	1	
54.1414	0.1	0.3	1	70.2804	0	211.103	211.103	0	86.5	1	0	0	1	
54.8485	0.1	0.3	1	72.5998	0	208.586	208.586	0	86.5	1	0	0	1	
55.5556	0.1	0.3	1	74.7927	0	206.102	206.102	0	86.5	1	0	0	1	
56.2626	0.1	0.3	1	76.8741	0	203.646	203.646	0	86.5	1	0	0	1	
56.9697	0.1	0.3	1	78.8558	0	201.217	201.217	0	86.5	1	0	0	1	
57.6768	0.1	0.3	1	80.7475	0	198.811	198.811	0	86.5	1	0	0	1	
58.3838	0.1	0.3	1	82.5568	0	196.428	196.428	0	86.5	1	0	0	1	
59.0909	0.1	0.3	1	84.2902	0	194.067	194.067	0	86.5	1	0	0	1	
59.798	0.1	0.3	1	85.9528	0	191.729	191.729	0	86.5	1	0	0	1	
60.5051	0.1	0.3	1	87.5487	0	189.413	189.413	0	86.5	1	0	0	1	
61.2121	0.1	0.3	1	89.081	0	187.122	187.122	0	86.5	1	0	0	1	
61.9192	0.1	0.3	1	90.5504	0	184.861	184.861	0	86.5	1	0	0	1	
62.6263	0.1	0.3	1	91.958	0	182.632	182.632	0	86.5	1	0	0	1	
63.3333	0.1	0.3	1	93.3159	0	180.424	180.424	0	86.5	1	0	0	1	
64.0404	0.1	0.3	1	94.6265	0	178.235	178.235	0	86.5	1	0	0	1	
64.7475	0.1	0.3	1	95.8919	0	176.066	176.066	0	86.5	1	0	0	1	
65.4545	0.1	0.3	1	97.1137	0	173.918	173.918	0	86.5	1	0	0	1	
66.1616	0.1	0.3	1	98.2935	0	171.793	171.793	0	86.5	1	0	0	1	
66.8687	0.1	0.3	1	99.4327	0	169.69	169.69	0	86.5	1	0	0	1	
67.5758	0.1	0.3	1	100.533	0	167.612	167.612	0	86.5	1	0	0	1	
68.2828	0.1	0.3	1	101.594	0	165.56	165.56	0	86.5	1	0	0	1	
68.9899	0.1	0.3	1	102.618	0	163.534	163.534	0	86.5	1	0	0	1	
69.697	0.1	0.3	1	103.606	0	161.537	161.537	0	86.5	1	0	0	1	
70.404	0.1	0.3	1	104.557	0	159.571	159.571	0	86.5	1	0	0	1	
71.1111	0.1	0.3	1	105.474	0	177.625	157.636	0	86.5	1	0	0	1	
71.8182	0.1	0.3	1	106.356	0	155.735	155.735	0	86.5	1	0	0	1	
72.5253	0.1	0.3	1	107.204	0	153.871	153.871	0	86.5	1	0	0	1	
73.2323	0.1	0.3	1	108.019	0	152.044	152.044	0	86.5	1	0	0	1	
73.9394	0.1	0.3	1	108.801	0	164.053	150.257	0	86.5	1	0	0	1	
74.6465	0.1	0.3	1	109.549	0	160.438	148.513	0	86.5	1	0	0	1	
75.3535	0.1	0.3	1	110.266	0	156.721	146.813	0	86.5	1	0	0	1	
76.0606	0.1	0.3	1	110.95	0	152.897	145.161	0	86.5	1	0	0	1	
76.7677	0.1	0.3	1	111.602	0	143.558	143.558	0	86.5	1	0	0	1	
77.4747	0.1	0.3	1	112.223	0	142.008	142.008	0	86.5	1	0	0	1	
78.1818	0.1	0.3	1	112.812	0	140.512	140.512	0	86.5	1	0	0	1	
78.8889	0.1	0.3	1	113.369	0	139.075	139.075	0	86.5	1	0	0	1	
79.596	0.1	0.3	1	113.896	0	137.698	137.698	0	86.5	1	0	0	1	
80.303	0.1	0.3	1	114.39	136.384	136.384	136.384	136.384	86.5	1	0	0	1	
81.0101	0.1	0.3	1	114.854	135.137	135.137	135.137	135.137	86.5	1	0	0	1	
81.7172	0.1	0.3	1	115.286	133.959	133.959	133.959	133.959	86.5	1	0	0	1	
82.4242	0.1	0.3	1	115.687	132.853	132.853	132.853	132.853	86.5	1	0	0	1	
83.1313	0.1	0.3	1	116.056	131.822	131.822	131.822	131.822	86.5	1	0	0	1	
83.8384	0.1	0.3	1	116.394	130.869	130.869	130.869	130.869	86.5	1	0	0	1	
84.5455	0.1	0.3	1	116.7	129.997	129.997	129.997	129.997	86.5	1	0	0	1	
85.2525	0.1	0.3	1	116.975	129.208	129.208	129.208	129.208	86.5	1	0	0	1	
85.9596	0.1	0.3	1	117.217	128.505	128.505	128.505	128.505	86.5	1	0	0	1	
86.6667	0.1	0.3	1	117.428	127.891	127.891	127.891	127.891	86.5	1	0	0	1	
87.3737	0.1	0.3	1	117.606	127.368	127.368	127.368	127.368	86.5	1	0	0	1	
88.0808	0.1	0.3	1	117.752	126.939	126.939	126.939	126.939	86.5	1	0	0	1	
88.7879	0.1	0.3	1	117.864	126.606	126.606	126.606	126.606	86.5	1	0	0	1	
89.4949	0.1	0.3	1	117.943	126.37	126.37	126.37	126.37	86.5	1	0	0	1	
90.202	0.1	0.3	1	117.989	126.234	126.234	126.234	126.234	86.5	1	0	0	1	
90.9091	0.1	0.3	1	118.001	126.2	126.2	126.2	126.2	86.5	1	0	0	1	
91.6162	0.1	0.3	1	117.978	126.268	126.268	126.268	126.268	86.5	1	0	0	1	
92.3232	0.1	0.3	1	117.92	126.44	126.44	126.44	126.44	86.5	1	0	0	1	
93.0303	0.1	0.3	1	117.826	126.718	126.718	126.718	126.718	86.5	1	0	0	1	
93.7374	0.1	0.3	1	117.696	127.103	127.103	127.103	127.103	86.5	1	0	0	1	
94.4444	0.1	0.3	1	117.529	127.596	127.596	127.596	127.596	86.5	1	0	0	1	
95.1515	0.1	0.3	1	nan	0	1599.98	1599.98	0	86.5	1	0	0	1	
95.8586	0.1	0.3	1	nan	0	1599.98	1599.98	0	86.5	1	0	0	1	
96.5657	0.1	0.3	1	nan	0	1599.98	1599.98	0	86.5	1	0	0	1	
97.2727	0.1	0.3	1	nan	0	1599.98	1599.98	0	86.5	1	0	0	1	
97.9798	0.1	0.3	1	nan	0	1599.98	1599.98	0	86.5	1	0	0	1	
98.6869	0.1	0.3	1	nan	0	1599.98	1599.98	0	86.5	1	0	0	1	
99.3939	0.1	0.3	1	nan	0	1599.98	1599.98	0	86.5	1	0	0	1	
100.101	0.1	0.3	1	nan	0	1599.98	1599.98	0	86.5	1	0	0	1	
100.808	0.1	0.3	1	nan	0	1599.98	1599.98	0	86.5	1	0	0	1	
101.515	0.1	0.3	1	nan	0	1599.98	1599.98	0	86.5	1	0	0	1	
102.222	0.1	0.3	1	nan	0	1599.98	1599.98	0	86.5	1	0	0	1	
102.929	0.1	0.3	1	nan	0	1599.98	1599.98	0	86.5	1	0	0	1	
103.636	0.1	0.3	1	nan	0	1599.98	1599.98	0	86.5	1	0	0	1	
104.343	0.1	0.3	1	nan	0	1599.98	1599.98	0	86.5	1	0	0	1	
105.051	0.1	0.3	1	nan	0	1599.98	1599.98	0	86.5	1	0	0	1	
105.758	0.1	0.3	1	nan	0	1599.98	1599.98	0	86.5	1	0	0	1	
106.465	0.1	0.3	1	nan	0	1599.98	1599.98	0	86.5	1	0	0	1	
107.172	0.1	0.3	1	nan	0	1599.98	1599.98	0	86.5	1	0	0	1	
107.879	0.1	0.3	1	nan	0	1599.98	1599.98	0	86.5	1	0	0	1	
108.586	0.1	0.3	1	nan	0	1599.98	1599.98	0	86.5	1	0	0	1	
109.293	0.1	0.3	1	nan	0	1599.98	1599.98	0	86.5	1	0	0	1	
110	0.1	0.3	1	nan	0	1599.98	1599.98	0	86.5	1	0	0	1	
