40	0.1	0.3	-2	0	0	0	0	0	173	0	0	0	1	
40.7071	0.1	0.3	-2	0	0	0	0	0	173	0	0	0	1	
41.4141	0.1	0.3	-2	0	0	0	0	0	173	0	0	0	1	
42.1212	0.1	0.3	-2	0	0	0	0	0	173	0	0	0	1	
42.8283	0.1	0.3	-2	0	0	0	0	0	173	0	0	0	1	
43.5354	0.1	0.3	-2	0	0	0	0	0	173	0	0	0	1	
44.2424	0.1	0.3	-2	0	0	0	0	0	173	0	0	0	1	
44.9495	0.1	0.3	-2	0	0	0	0	0	173	0	0	0	1	
45.6566	0.1	0.3	1	30.7566	0	254.615	254.615	0	173	0	0	0	1	
46.3636	0.1	0.3	1	39.5835	0	250.968	250.968	0	173	0	0	0	1	
47.0707	0.1	0.3	1	45.4443	0	248.001	248.001	0	173	0	0	0	1	
47.7778	0.1	0.3	1	50.0782	0	245.335	245.335	0	173	0	0	0	1	
48.4848	0.1	0.3	1	54.0072	0	242.846	242.846	0	173	0	0	0	1	
49.1919	0.1	0.3	1	57.4672	0	240.475	240.475	0	173	0	0	0	1	
49.899	0.1	0.3	1	60.5867	0	238.188	238.188	0	173	0	0	0	1	
50.6061	0.1	0.3	1	63.4448	0	235.966	235.966	0	173	0	0	0	1	
51.3131	0.1	0.3	1	66.0939	0	233.795	233.795	0	173	0	0	0	1	
52.0202	0.1	0.3	1	68.5705	0	231.665	231.665	0	173	0	0	0	1	
52.7273	0.1	0.3	1	70.9012	0	229.569	229.569	0	173	0	0	0	1	
53.4343	0.1	0.3	1	73.1061	0	227.504	227.504	0	173	0	0	0	1	
54.1414	0.1	0.3	1	75.2008	0	225.464	225.464	0	173	0	0	0	1	
54.8485	0.1	0.3	1	77.1974	0	237.315	223.449	0	173	0	0	0	1	
55.5556	0.1	0.3	1	79.1058	0	235.187	221.455	0	173	0	0	0	1	
56.2626	0.1	0.3	1	80.934	0	233.027	219.481	0	173	0	0	0	1	
56.9697	0.1	0.3	1	82.6885	0	230.834	217.527	0	173	0	0	0	1	
57.6768	0.1	0.3	1	84.3748	0	228.607	215.592	0	173	0	0	0	1	
58.3838	0.1	0.3	1	85.9974	0	226.345	213.676	0	173	0	0	0	1	
59.0909	0.1	0.3	1	87.5601	0	224.047	211.78	0	173	0	0	0	1	
59.798	0.1	0.3	1	89.066	0	221.711	209.903	0	173	0	0	0	1	
60.5051	0.1	0.3	1	90.5174	0	219.336	208.047	0	173	0	0	0	1	
61.2121	0.1	0.3	1	91.9162	0	216.922	206.214	0	173	0	0	0	1	
61.9192	0.1	0.3	1	93.2615	0	214.468	204.408	0	173	0	0	0	1	
62.6263	0.1	0.3	1	94.555	0	211.973	202.632	0	173	0	0	0	1	
63.3333	0.1	0.3	1	95.8064	0	209.433	200.874	0	173	0	0	0	1	
64.0404	0.1	0.3	1	97.0174	0	206.846	199.136	0	173	0	0	0	1	
64.7475	0.1	0.3	1	98.1893	0	204.21	197.419	0	173	0	0	0	1	
65.4545	0.1	0.3	1	99.3235	0	201.524	195.722	0	173	0	0	0	1	
66.1616	0.1	0.3	1	100.421	0	198.786	194.048	0	173	0	0	0	1	
66.8687	0.1	0.3	1	101.483	0	195.993	192.396	0	173	0	0	0	1	
67.5758	0.1	0.3	1	102.509	0	193.143	190.768	0	173	0	0	0	1	
68.2828	0.1	0.3	1	103.502	0	190.235	189.165	0	173	0	0	0	1	
68.9899	0.1	0.3	1	104.461	0	187.587	187.587	0	173	0	0	0	1	
69.697	0.1	0.3	1	105.387	0	186.038	186.038	0	173	0	0	0	1	
70.404	0.1	0.3	1	106.281	0	184.516	184.516	0	173	0	0	0	1	
71.1111	0.1	0.3	1	107.143	0	183.025	183.025	0	173	0	0	0	1	
71.8182	0.1	0.3	1	107.974	0	181.564	181.564	0	173	0	0	0	1	
72.5253	0.1	0.3	1	108.773	0	180.137	180.137	0	173	0	0	0	1	
73.2323	0.1	0.3	1	109.542	0	178.743	178.743	0	173	0	0	0	1	
73.9394	0.1	0.3	1	110.28	0	177.385	177.385	0	173	0	0	0	1	
74.6465	0.1	0.3	1	110.988	0	176.063	176.063	0	173	0	0	0	1	
75.3535	0.1	0.3	1	111.665	0	174.78	174.78	0	173	0	0	0	1	
76.0606	0.1	0.3	1	112.313	0	173.538	173.538	0	173	0	0	0	1	
76.7677	0.1	0.3	1	112.931	0	172.337	172.337	0	173	0	0	0	1	
77.4747	0.1	0.3	1	113.52	0	171.179	171.179	0	173	0	0	0	1	
78.1818	0.1	0.3	1	114.079	0	170.067	170.067	0	173	0	0	0	1	
78.8889	0.1	0.3	1	114.608	0	169.001	169.001	0	173	0	0	0	1	
79.596	0.1	0.3	1	115.108	0	167.984	167.984	0	173	0	0	0	1	
80.303	0.1	0.3	1	115.578	0	167.017	167.017	0	173	0	0	0	1	
81.0101	0.1	0.3	1	116.018	0	166.102	166.102	0	173	0	0	0	1	
81.7172	0.1	0.3	1	116.429	0	165.24	165.24	0	173	0	0	0	1	
82.4242	0.1	0.3	1	116.811	0	164.433	164.433	0	173	0	0	0	1	
83.1313	0.1	0.3	1	117.162	0	163.683	163.683	0	173	0	0	0	1	
83.8384	0.1	0.3	1	117.484	0	162.991	162.991	0	173	0	0	0	1	
84.5455	0.1	0.3	1	117.775	0	162.36	162.36	0	173	0	0	0	1	
85.2525	0.1	0.3	1	118.036	0	161.79	161.79	0	173	0	0	0	1	
85.9596	0.1	0.3	1	118.267	0	161.283	161.283	0	173	0	0	0	1	
86.6667	0.1	0.3	1	118.467	0	160.841	160.841	0	173	0	0	0	1	
87.3737	0.1	0.3	1	118.636	0	160.464	160.464	0	173	0	0	0	1	
88.0808	0.1	0.3	1	118.774	0	160.156	160.156	0	173	0	0	0	1	
88.7879	0.1	0.3	1	118.881	0	159.916	159.916	0	173	0	0	0	1	
89.4949	0.1	0.3	1	118.955	0	159.745	159.745	0	173	0	0	0	1	
90.202	0.1	0.3	1	118.998	0	159.647	159.647	0	173	0	0	0	1	
90.9091	0.1	0.3	1	119.007	0	159.62	159.62	0	173	0	0	0	1	
91.6162	0.1	0.3	1	118.984	0	159.667	159.667	0	173	0	0	0	1	
92.3232	0.1	0.3	1	118.926	0	159.788	159.788	0	173	0	0	0	1	
93.0303	0.1	0.3	1	118.835	0	159.985	159.985	0	173	0	0	0	1	
93.7374	0.1	0.3	1	118.709	0	160.259	160.259	0	173	0	0	0	1	
94.4444	0.1	0.3	1	118.546	0	160.611	160.611	0	173	0	0	0	1	
95.1515	0.1	0.3	1	118.346	0	161.043	161.043	0	173	0	0	0	1	
95.8586	0.1	0.3	1	nan	0	1599.98	1599.98	0	173	0	0	0	1	
96.5657	0.1	0.3	1	nan	0	1599.98	1599.98	0	173	0	0	0	1	
97.2727	0.1	0.3	1	nan	0	1599.98	1599.98	0	173	0	0	0	1	
97.9798	0.1	0.3	1	nan	0	1599.98	1599.98	0	173	0	0	0	1	
98.6869	0.1	0.3	1	nan	0	1599.98	1599.98	0	173	0	0	0	1	
99.3939	0.1	0.3	1	nan	0	1599.98	1599.98	0	173	0	0	0	1	
100.101	0.1	0.3	1	nan	0	1599.98	1599.98	0	173	0	0	0	1	
100.808	0.1	0.3	1	nan	0	1599.98	1599.98	0	173	0	0	0	1	
101.515	0.1	0.3	1	nan	0	1599.98	1599.98	0	173	0	0	0	1	
102.222	0.1	0.3	1	nan	0	1599.98	1599.98	0	173	0	0	0	1	
102.929	0.1	0.3	1	nan	0	1599.98	1599.98	0	173	0	0	0	1	
103.636	0.1	0.3	1	nan	0	1599.98	1599.98	0	173	0	0	0	1	
104.343	0.1	0.3	1	nan	0	1599.98	1599.98	0	173	0	0	0	1	
105.051	0.1	0.3	1	nan	0	1599.98	1599.98	0	173	0	0	0	1	
105.758	0.1	0.3	1	nan	0	1599.98	1599.98	0	173	0	0	0	1	
106.465	0.1	0.3	1	nan	0	1599.98	1599.98	0	173	0	0	0	1	
107.172	0.1	0.3	1	nan	0	1599.98	1599.98	0	173	0	0	0	1	
107.879	0.1	0.3	1	nan	0	1599.98	1599.98	0	173	0	0	0	1	
108.586	0.1	0.3	1	nan	0	1599.98	1599.98	0	173	0	0	0	1	
109.293	0.1	0.3	1	nan	0	1599.98	1599.98	0	173	0	0	0	1	
110	0.1	0.3	1	nan	0	1599.98	1599.98	0	173	0	0	0	1	
