40	0.1	0.3	-2	0	0	0	0	0	86.5	0	0	0	1	
40.7071	0.1	0.3	-2	0	0	0	0	0	86.5	0	0	0	1	
41.4141	0.1	0.3	-2	0	0	0	0	0	86.5	0	0	0	1	
42.1212	0.1	0.3	-2	0	0	0	0	0	86.5	0	0	0	1	
42.8283	0.1	0.3	-2	0	0	0	0	0	86.5	0	0	0	1	
43.5354	0.1	0.3	-2	0	0	0	0	0	86.5	0	0	0	1	
44.2424	0.1	0.3	-2	0	0	0	0	0	86.5	0	0	0	1	
44.9495	0.1	0.3	-2	0	0	0	0	0	86.5	0	0	0	1	
45.6566	0.1	0.3	-2	0	0	0	0	0	86.5	0	0	0	1	
46.3636	0.1	0.3	1	34.5299	0	237.08	237.08	0	86.5	0	0	0	1	
47.0707	0.1	0.3	1	42.5467	0	233.561	233.561	0	86.5	0	0	0	1	
47.7778	0.1	0.3	1	48.2625	0	230.564	230.564	0	86.5	0	0	0	1	
48.4848	0.1	0.3	1	52.9027	0	227.819	227.819	0	86.5	0	0	0	1	
49.1919	0.1	0.3	1	56.8928	0	225.226	225.226	0	86.5	0	0	0	1	
49.899	0.1	0.3	1	60.4372	0	222.737	222.737	0	86.5	0	0	0	1	
50.6061	0.1	0.3	1	63.6515	0	220.323	220.323	0	86.5	0	0	0	1	
51.3131	0.1	0.3	1	66.6084	0	217.967	217.967	0	86.5	0	0	0	1	
52.0202	0.1	0.3	1	69.3568	0	215.656	215.656	0	86.5	0	0	0	1	
52.7273	0.1	0.3	1	71.9313	0	213.383	213.383	0	86.5	0	0	0	1	
53.4343	0.1	0.3	1	74.3572	0	211.141	211.141	0	86.5	0	0	0	1	
54.1414	0.1	0.3	1	76.6538	0	208.926	208.926	0	86.5	0	0	0	1	
54.8485	0.1	0.3	1	78.8359	0	206.737	206.737	0	86.5	0	0	0	1	
55.5556	0.1	0.3	1	80.9149	0	204.571	204.571	0	86.5	0	0	0	1	
56.2626	0.1	0.3	1	82.8996	0	202.428	202.428	0	86.5	0	0	0	1	
56.9697	0.1	0.3	1	84.7947	0	200.312	200.312	0	86.5	0	0	0	1	
57.6768	0.1	0.3	1	86.6074	0	198.22	198.22	0	86.5	0	0	0	1	
58.3838	0.1	0.3	1	88.3512	0	196.145	196.145	0	86.5	0	0	0	1	
59.0909	0.1	0.3	1	90.0309	0	194.085	194.085	0	86.5	0	0	0	1	
59.798	0.1	0.3	1	91.6507	0	192.04	192.04	0	86.5	0	0	0	1	
60.5051	0.1	0.3	1	93.2139	0	190.011	190.011	0	86.5	0	0	0	1	
61.2121	0.1	0.3	1	94.7236	0	187.997	187.997	0	86.5	0	0	0	1	
61.9192	0.1	0.3	1	96.1824	0	185.999	185.999	0	86.5	0	0	0	1	
62.6263	0.1	0.3	1	97.5927	0	184.017	184.017	0	86.5	0	0	0	1	
63.3333	0.1	0.3	1	98.9564	0	182.052	182.052	0	86.5	0	0	0	1	
64.0404	0.1	0.3	1	100.275	0	180.105	180.105	0	86.5	0	0	0	1	
64.7475	0.1	0.3	1	101.551	0	178.176	178.176	0	86.5	0	0	0	1	
65.4545	0.1	0.3	1	102.785	0	176.267	176.267	0	86.5	0	0	0	1	
66.1616	0.1	0.3	1	103.979	0	174.378	174.378	0	86.5	0	0	0	1	
66.8687	0.1	0.3	1	105.133	0	172.51	172.51	0	86.5	0	0	0	1	
67.5758	0.1	0.3	1	106.249	0	170.666	170.666	0	86.5	0	0	0	1	
68.2828	0.1	0.3	1	107.327	0	191.278	168.845	0	86.5	0	0	0	1	
68.9899	0.1	0.3	1	108.368	0	188.28	167.05	0	86.5	0	0	0	1	
69.697	0.1	0.3	1	109.374	0	165.281	165.281	0	86.5	0	0	0	1	
70.404	0.1	0.3	1	110.344	0	163.541	163.541	0	86.5	0	0	0	1	
71.1111	0.1	0.3	1	111.28	0	161.83	161.83	0	86.5	0	0	0	1	
71.8182	0.1	0.3	1	112.181	0	160.151	160.151	0	86.5	0	0	0	1	
72.5253	0.1	0.3	1	113.048	0	158.505	158.505	0	86.5	0	0	0	1	
73.2323	0.1	0.3	1	113.882	0	156.894	156.894	0	86.5	0	0	0	1	
73.9394	0.1	0.3	1	114.683	0	155.32	155.32	0	86.5	0	0	0	1	
74.6465	0.1	0.3	1	115.451	0	153.785	153.785	0	86.5	0	0	0	1	
75.3535	0.1	0.3	1	116.186	0	152.29	152.29	0	86.5	0	0	0	1	
76.0606	0.1	0.3	1	116.889	0	150.837	150.837	0	86.5	0	0	0	1	
76.7677	0.1	0.3	1	117.561	0	150.235	149.43	0	86.5	0	0	0	1	
77.4747	0.1	0.3	1	118.2	0	148.069	148.069	0	86.5	0	0	0	1	
78.1818	0.1	0.3	1	118.807	0	146.757	146.757	0	86.5	0	0	0	1	
78.8889	0.1	0.3	1	119.383	0	145.497	145.497	0	86.5	0	0	0	1	
79.596	0.1	0.3	1	119.927	0	144.289	144.289	0	86.5	0	0	0	1	
80.303	0.1	0.3	1	120.44	0	143.137	143.137	0	86.5	0	0	0	1	
81.0101	0.1	0.3	1	120.921	0	142.043	142.043	0	86.5	0	0	0	1	
81.7172	0.1	0.3	1	121.371	0	141.009	141.009	0	86.5	0	0	0	1	
82.4242	0.1	0.3	1	121.789	0	140.037	140.037	0	86.5	0	0	0	1	
83.1313	0.1	0.3	1	122.175	0	139.13	139.13	0	86.5	0	0	0	1	
83.8384	0.1	0.3	1	122.529	0	138.289	138.289	0	86.5	0	0	0	1	
84.5455	0.1	0.3	1	122.852	0	137.517	137.517	0	86.5	0	0	0	1	
85.2525	0.1	0.3	1	123.143	0	136.816	136.816	0	86.5	0	0	0	1	
85.9596	0.1	0.3	1	123.402	0	136.187	136.187	0	86.5	0	0	0	1	
86.6667	0.1	0.3	1	123.628	0	135.634	135.634	0	86.5	0	0	0	1	
87.3737	0.1	0.3	1	123.822	0	135.157	135.157	0	86.5	0	0	0	1	
88.0808	0.1	0.3	1	123.983	0	134.758	134.758	0	86.5	0	0	0	1	
88.7879	0.1	0.3	1	124.111	0	134.44	134.44	0	86.5	0	0	0	1	
89.4949	0.1	0.3	1	124.206	0	134.203	134.203	0	86.5	0	0	0	1	
90.202	0.1	0.3	1	124.267	0	134.05	134.05	0	86.5	0	0	0	1	
90.9091	0.1	0.3	1	124.294	0	133.981	133.981	0	86.5	0	0	0	1	
91.6162	0.1	0.3	1	124.286	0	133.997	133.997	0	86.5	0	0	0	1	
92.3232	0.1	0.3	1	124.244	0	134.101	134.101	0	86.5	0	0	0	1	
93.0303	0.1	0.3	1	124.167	0	134.292	134.292	0	86.5	0	0	0	1	
93.7374	0.1	0.3	1	124.053	0	134.572	134.572	0	86.5	0	0	0	1	
94.4444	0.1	0.3	1	123.902	0	134.942	134.942	0	86.5	0	0	0	1	
95.1515	0.1	0.3	1	123.714	0	135.403	135.403	0	86.5	0	0	0	1	
95.8586	0.1	0.3	1	123.486	0	135.959	135.959	0	86.5	0	0	0	1	
96.5657	0.1	0.3	1	nan	0	1599.98	1599.98	0	86.5	0	0	0	1	
97.2727	0.1	0.3	1	nan	0	1599.98	1599.98	0	86.5	0	0	0	1	
97.9798	0.1	0.3	1	nan	0	1599.98	1599.98	0	86.5	0	0	0	1	
98.6869	0.1	0.3	1	nan	0	1599.98	1599.98	0	86.5	0	0	0	1	
99.3939	0.1	0.3	1	nan	0	1599.98	1599.98	0	86.5	0	0	0	1	
100.101	0.1	0.3	1	nan	0	1599.98	1599.98	0	86.5	0	0	0	1	
100.808	0.1	0.3	1	nan	0	1599.98	1599.98	0	86.5	0	0	0	1	
101.515	0.1	0.3	1	nan	0	1599.98	1599.98	0	86.5	0	0	0	1	
102.222	0.1	0.3	1	nan	0	1599.98	1599.98	0	86.5	0	0	0	1	
102.929	0.1	0.3	1	nan	0	1599.98	1599.98	0	86.5	0	0	0	1	
103.636	0.1	0.3	1	nan	0	1599.98	1599.98	0	86.5	0	0	0	1	
104.343	0.1	0.3	1	nan	0	1599.98	1599.98	0	86.5	0	0	0	1	
105.051	0.1	0.3	1	nan	0	1599.98	1599.98	0	86.5	0	0	0	1	
105.758	0.1	0.3	1	nan	0	1599.98	1599.98	0	86.5	0	0	0	1	
106.465	0.1	0.3	1	nan	0	1599.98	1599.98	0	86.5	0	0	0	1	
107.172	0.1	0.3	1	nan	0	1599.98	1599.98	0	86.5	0	0	0	1	
107.879	0.1	0.3	1	nan	0	1599.98	1599.98	0	86.5	0	0	0	1	
108.586	0.1	0.3	1	nan	0	1599.98	1599.98	0	86.5	0	0	0	1	
109.293	0.1	0.3	1	nan	0	1599.98	1599.98	0	86.5	0	0	0	1	
110	0.1	0.3	1	nan	0	1599.98	1599.98	0	86.5	0	0	0	1	
