40	0.1	0.3	-2	0	0	0	0	0	346	1	0	0	1	
40.3518	0.1	0.3	-2	0	0	0	0	0	346	1	0	0	1	
40.7035	0.1	0.3	-2	0	0	0	0	0	346	1	0	0	1	
41.0553	0.1	0.3	-2	0	0	0	0	0	346	1	0	0	1	
41.407	0.1	0.3	-2	0	0	0	0	0	346	1	0	0	1	
41.7588	0.1	0.3	-2	0	0	0	0	0	346	1	0	0	1	
42.1106	0.1	0.3	-2	0	0	0	0	0	346	1	0	0	1	
42.4623	0.1	0.3	-2	0	0	0	0	0	346	1	0	0	1	
42.8141	0.1	0.3	-2	0	0	0	0	0	346	1	0	0	1	
43.1658	0.1	0.3	-2	0	0	0	0	0	346	1	0	0	1	
43.5176	0.1	0.3	-2	0	0	0	0	0	346	1	0	0	1	
43.8693	0.1	0.3	-2	0	0	0	0	0	346	1	0	0	1	
44.2211	0.1	0.3	-2	0	0	0	0	0	346	1	0	0	1	
44.5729	0.1	0.3	-2	0	0	0	0	0	346	1	0	0	1	
44.9246	0.1	0.3	-2	0	0	0	0	0	346	1	0	0	1	
45.2764	0.1	0.3	-2	0	0	0	0	0	346	1	0	0	1	
45.6281	0.1	0.3	-2	0	0	0	0	0	346	1	0	0	1	
45.9799	0.1	0.3	-2	0	0	0	0	0	346	1	0	0	1	
46.3317	0.1	0.3	-2	0	0	0	0	0	346	1	0	0	1	
46.6834	0.1	0.3	-2	0	0	0	0	0	346	1	0	0	1	
47.0352	0.1	0.3	-2	0	0	0	0	0	346	1	0	0	1	
47.3869	0.1	0.3	-2	0	0	0	0	0	346	1	0	0	1	
47.7387	0.1	0.3	-2	0	0	0	0	0	346	1	0	0	1	
48.0905	0.1	0.3	-2	0	0	0	0	0	346	1	0	0	1	
48.4422	0.1	0.3	-2	0	0	0	0	0	346	1	0	0	1	
48.794	0.1	0.3	-2	0	0	0	0	0	346	1	0	0	1	
49.1457	0.1	0.3	-2	0	0	0	0	0	346	1	0	0	1	
49.4975	0.1	0.3	-2	0	0	0	0	0	346	1	0	0	1	
49.8492	0.1	0.3	-2	0	0	0	0	0	346	1	0	0	1	
50.201	0.1	0.3	-2	0	0	0	0	0	346	1	0	0	1	
50.5528	0.1	0.3	-2	0	0	0	0	0	346	1	0	0	1	
50.9045	0.1	0.3	-2	0	0	0	0	0	346	1	0	0	1	
51.2563	0.1	0.3	-2	0	0	0	0	0	346	1	0	0	1	
51.608	0.1	0.3	-2	0	0	0	0	0	346	1	0	0	1	
51.9598	0.1	0.3	-2	0	0	0	0	0	346	1	0	0	1	
52.3116	0.1	0.3	-2	0	0	0	0	0	346	1	0	0	1	
52.6633	0.1	0.3	-2	0	0	0	0	0	346	1	0	0	1	
53.0151	0.1	0.3	-2	0	0	0	0	0	346	1	0	0	1	
53.3668	0.1	0.3	-2	0	0	0	0	0	346	1	0	0	1	
53.7186	0.1	0.3	-2	0	0	0	0	0	346	1	0	0	1	
54.0704	0.1	0.3	1	25.56	0	248.421	259.606	0	346	1	0	0	1	
54.4221	0.1	0.3	1	32.9432	0	247.002	256.998	0	346	1	0	0	1	
54.7739	0.1	0.3	1	37.6576	0	245.721	254.97	0	346	1	0	0	1	
55.1256	0.1	0.3	1	41.3179	0	244.497	253.196	0	346	1	0	0	1	
55.4774	0.1	0.3	1	44.3844	0	243.303	251.571	0	346	1	0	0	1	
55.8291	0.1	0.3	1	47.0607	0	242.125	250.049	0	346	1	0	0	1	
56.1809	0.1	0.3	1	49.4572	0	240.958	248.602	0	346	1	0	0	1	
56.5327	0.1	0.3	1	51.6409	0	239.797	247.213	0	346	1	0	0	1	
56.8844	0.1	0.3	1	53.6561	0	238.638	245.87	0	346	1	0	0	1	
57.2362	0.1	0.3	1	55.5335	0	237.481	244.566	0	346	1	0	0	1	
57.5879	0.1	0.3	1	57.2959	0	236.322	243.294	0	346	1	0	0	1	
57.9397	0.1	0.3	1	58.96	0	235.161	242.05	0	346	1	0	0	1	
58.2915	0.1	0.3	1	60.5391	0	233.997	240.831	0	346	1	0	0	1	
58.6432	0.1	0.3	1	62.0435	0	232.828	239.633	0	346	1	0	0	1	
58.995	0.1	0.3	1	63.4818	0	231.655	238.454	0	346	1	0	0	1	
59.3467	0.1	0.3	1	64.8607	0	230.476	237.293	0	346	1	0	0	1	
59.6985	0.1	0.3	1	66.186	0	229.292	236.149	0	346	1	0	0	1	
60.0503	0.1	0.3	1	67.4626	0	228.101	235.018	0	346	1	0	0	1	
60.402	0.1	0.3	1	68.6944	0	226.903	233.902	0	346	1	0	0	1	
60.7538	0.1	0.3	1	69.8852	0	225.698	232.799	0	346	1	0	0	1	
61.1055	0.1	0.3	1	71.0378	0	224.485	231.707	0	346	1	0	0	1	
61.4573	0.1	0.3	1	72.1549	0	223.265	230.627	0	346	1	0	0	1	
61.809	0.1	0.3	1	73.2388	0	222.036	229.558	0	346	1	0	0	1	
62.1608	0.1	0.3	1	74.2917	0	220.799	228.5	0	346	1	0	0	1	
62.5126	0.1	0.3	1	75.3152	0	219.553	227.452	0	346	1	0	0	1	
62.8643	0.1	0.3	1	76.311	0	218.298	226.413	0	346	1	0	0	1	
63.2161	0.1	0.3	1	77.2805	0	217.034	225.384	0	346	1	0	0	1	
63.5678	0.1	0.3	1	78.2251	0	215.76	224.365	0	346	1	0	0	1	
63.9196	0.1	0.3	1	79.1458	0	214.477	223.355	0	346	1	0	0	1	
64.2714	0.1	0.3	1	80.0437	0	213.183	222.354	0	346	1	0	0	1	
64.6231	0.1	0.3	1	80.9197	0	211.88	221.361	0	346	1	0	0	1	
64.9749	0.1	0.3	1	81.7747	0	210.565	220.378	0	346	1	0	0	1	
65.3266	0.1	0.3	1	82.6095	0	209.241	219.404	0	346	1	0	0	1	
65.6784	0.1	0.3	1	83.4247	0	207.905	218.439	0	346	1	0	0	1	
66.0302	0.1	0.3	1	84.2209	0	206.558	217.483	0	346	1	0	0	1	
66.3819	0.1	0.3	1	84.9987	0	205.2	216.536	0	346	1	0	0	1	
66.7337	0.1	0.3	1	85.7586	0	203.83	215.599	0	346	1	0	0	1	
67.0854	0.1	0.3	1	86.5008	0	202.449	214.671	0	346	1	0	0	1	
67.4372	0.1	0.3	1	87.2257	0	201.055	213.753	0	346	1	0	0	1	
67.7889	0.1	0.3	1	87.9334	0	199.65	212.846	0	346	1	0	0	1	
68.1407	0.1	0.3	1	88.6227	0	198.232	211.951	0	346	1	0	0	1	
68.4925	0.1	0.3	1	89.2947	0	196.802	211.069	0	346	1	0	0	1	
68.8442	0.1	0.3	1	89.9525	0	195.359	210.195	0	346	1	0	0	1	
69.196	0.1	0.3	1	90.5965	0	193.902	209.329	0	346	1	0	0	1	
69.5477	0.1	0.3	1	91.2273	0	192.431	208.472	0	346	1	0	0	1	
69.8995	0.1	0.3	1	91.845	0	190.945	207.623	0	346	1	0	0	1	
70.2513	0.1	0.3	1	92.45	0	189.444	206.783	0	346	1	0	0	1	
70.603	0.1	0.3	1	93.0425	0	187.928	205.951	0	346	1	0	0	1	
70.9548	0.1	0.3	1	93.6228	0	186.396	205.128	0	346	1	0	0	1	
71.3065	0.1	0.3	1	94.1911	0	184.848	204.314	0	346	1	0	0	1	
71.6583	0.1	0.3	1	94.7476	0	183.284	203.508	0	346	1	0	0	1	
72.0101	0.1	0.3	1	95.2925	0	181.703	202.712	0	346	1	0	0	1	
72.3618	0.1	0.3	1	95.826	0	180.105	201.925	0	346	1	0	0	1	
72.7136	0.1	0.3	1	96.3483	0	178.488	201.147	0	346	1	0	0	1	
73.0653	0.1	0.3	1	96.8596	0	176.854	200.378	0	346	1	0	0	1	
73.4171	0.1	0.3	1	97.3599	0	175.2	199.619	0	346	1	0	0	1	
73.7688	0.1	0.3	1	97.8496	0	173.528	198.87	0	346	1	0	0	1	
74.1206	0.1	0.3	1	98.3286	0	171.835	198.13	0	346	1	0	0	1	
74.4724	0.1	0.3	0	98.7971	197.401	1.99009e-05	197.401	1.99009e-05	346	1	0	0	1	
74.8241	0.1	0.3	0	99.2553	196.681	2.70546e-05	196.681	2.70546e-05	346	1	0	0	1	
75.1759	0.1	0.3	0	99.7032	195.972	5.12696e-05	195.972	5.12696e-05	346	1	0	0	1	
75.5276	0.1	0.3	0	100.141	195.273	2.95233e-05	195.273	2.95233e-05	346	1	0	0	1	
75.8794	0.1	0.3	0	100.569	194.585	6.67773e-07	194.585	6.67773e-07	346	1	0	0	1	
76.2312	0.1	0.3	0	100.987	193.907	1.49639e-05	193.907	1.49639e-05	346	1	0	0	1	
76.5829	0.1	0.3	0	101.395	193.24	2.88419e-05	193.24	2.88419e-05	346	1	0	0	1	
76.9347	0.1	0.3	0	101.793	192.585	1.77988e-05	192.585	1.77988e-05	346	1	0	0	1	
77.2864	0.1	0.3	0	102.182	191.941	1.32767e-05	191.941	1.32767e-05	346	1	0	0	1	
77.6382	0.1	0.3	0	102.561	191.308	4.28317e-06	191.308	4.28317e-06	346	1	0	0	1	
77.9899	0.1	0.3	0	102.93	190.686	1.75298e-05	190.686	1.75298e-05	346	1	0	0	1	
78.3417	0.1	0.3	0	103.29	190.077	1.42125e-05	190.077	1.42125e-05	346	1	0	0	1	
78.6935	0.1	0.3	0	103.641	189.479	1.58541e-07	189.479	1.58541e-07	346	1	0	0	1	
79.0452	0.1	0.3	0	103.982	188.893	4.78086e-06	188.893	4.78086e-06	346	1	0	0	1	
79.397	0.1	0.3	0	104.314	188.32	1.97984e-05	188.32	1.97984e-05	346	1	0	0	1	
79.7487	0.1	0.3	0	104.637	187.759	5.07975e-06	187.759	5.07975e-06	346	1	0	0	1	
80.1005	0.1	0.3	0	104.95	187.211	1.01885e-05	187.211	1.01885e-05	346	1	0	0	1	
80.4523	0.1	0.3	0	105.254	186.676	1.57146e-05	186.676	1.57146e-05	346	1	0	0	1	
80.804	0.1	0.3	0	105.55	186.154	1.24839e-05	186.154	1.24839e-05	346	1	0	0	1	
81.1558	0.1	0.3	0	105.836	185.645	9.77527e-07	185.645	9.77527e-07	346	1	0	0	1	
81.5075	0.1	0.3	0	106.113	185.149	1.51109e-07	185.149	1.51109e-07	346	1	0	0	1	
81.8593	0.1	0.3	0	106.381	184.667	1.43862e-05	184.667	1.43862e-05	346	1	0	0	1	
82.2111	0.1	0.3	0	106.64	184.199	1.94131e-05	184.199	1.94131e-05	346	1	0	0	1	
82.5628	0.1	0.3	0	106.89	183.745	2.47431e-05	183.745	2.47431e-05	346	1	0	0	1	
82.9146	0.1	0.3	0	107.131	183.305	1.69752e-05	183.305	1.69752e-05	346	1	0	0	1	
83.2663	0.1	0.3	0	107.363	182.879	3.09606e-05	182.879	3.09606e-05	346	1	0	0	1	
83.6181	0.1	0.3	0	107.586	182.468	2.50294e-05	182.468	2.50294e-05	346	1	0	0	1	
83.9698	0.1	0.3	0	107.8	182.072	1.13842e-05	182.072	1.13842e-05	346	1	0	0	1	
84.3216	0.1	0.3	0	108.005	181.69	3.66896e-05	181.69	3.66896e-05	346	1	0	0	1	
84.6734	0.1	0.3	0	108.201	181.324	3.34887e-05	181.324	3.34887e-05	346	1	0	0	1	
85.0251	0.1	0.3	0	108.389	180.972	2.21747e-06	180.972	2.21747e-06	346	1	0	0	1	
85.3769	0.1	0.3	0	108.567	180.637	5.36045e-06	180.637	5.36045e-06	346	1	0	0	1	
85.7286	0.1	0.3	0	108.737	180.317	7.28729e-06	180.317	7.28729e-06	346	1	0	0	1	
86.0804	0.1	0.3	0	108.897	180.012	1.54907e-05	180.012	1.54907e-05	346	1	0	0	1	
86.4322	0.1	0.3	0	109.049	179.724	4.32581e-06	179.724	4.32581e-06	346	1	0	0	1	
86.7839	0.1	0.3	0	109.192	179.452	1.14498e-05	179.452	1.14498e-05	346	1	0	0	1	
87.1357	0.1	0.3	0	109.325	179.196	2.01335e-05	179.196	2.01335e-05	346	1	0	0	1	
87.4874	0.1	0.3	0	109.45	178.956	4.75695e-06	178.956	4.75695e-06	346	1	0	0	1	
87.8392	0.1	0.3	0	109.566	178.733	6.04202e-06	178.733	6.04202e-06	346	1	0	0	1	
88.191	0.1	0.3	0	109.672	178.527	1.04496e-05	178.527	1.04496e-05	346	1	0	0	1	
88.5427	0.1	0.3	0	109.77	178.338	5.57524e-06	178.338	5.57524e-06	346	1	0	0	1	
88.8945	0.1	0.3	0	109.858	178.166	8.75289e-07	178.166	8.75289e-07	346	1	0	0	1	
89.2462	0.1	0.3	0	109.938	178.011	1.31925e-05	178.011	1.31925e-05	346	1	0	0	1	
89.598	0.1	0.3	0	110.008	177.874	1.23055e-06	177.874	1.23055e-06	346	1	0	0	1	
89.9497	0.1	0.3	0	110.069	177.754	2.97577e-05	177.754	2.97577e-05	346	1	0	0	1	
90.3015	0.1	0.3	0	110.121	177.652	1.72225e-05	177.652	1.72225e-05	346	1	0	0	1	
90.6533	0.1	0.3	0	110.163	177.568	9.57858e-06	177.568	9.57858e-06	346	1	0	0	1	
91.005	0.1	0.3	0	110.196	177.501	9.02324e-06	177.501	9.02324e-06	346	1	0	0	1	
91.3568	0.1	0.3	0	110.22	177.453	4.65936e-06	177.453	4.65936e-06	346	1	0	0	1	
91.7085	0.1	0.3	0	110.235	177.423	2.66851e-05	177.423	2.66851e-05	346	1	0	0	1	
92.0603	0.1	0.3	0	110.24	177.411	1.57444e-06	177.411	1.57444e-06	346	1	0	0	1	
92.4121	0.1	0.3	0	110.235	177.418	1.14936e-05	177.418	1.14936e-05	346	1	0	0	1	
92.7638	0.1	0.3	0	110.221	177.444	1.40866e-05	177.444	1.40866e-05	346	1	0	0	1	
93.1156	0.1	0.3	0	110.197	177.488	9.29894e-07	177.488	9.29894e-07	346	1	0	0	1	
93.4673	0.1	0.3	0	110.163	177.551	1.81787e-06	177.551	1.81787e-06	346	1	0	0	1	
93.8191	0.1	0.3	0	110.119	177.633	1.83965e-05	177.633	1.83965e-05	346	1	0	0	1	
94.1709	0.1	0.3	0	110.066	177.734	2.14524e-05	177.734	2.14524e-05	346	1	0	0	1	
94.5226	0.1	0.3	0	110.002	177.855	1.96506e-05	177.855	1.96506e-05	346	1	0	0	1	
94.8744	0.1	0.3	0	109.929	177.995	1.67501e-05	177.995	1.67501e-05	346	1	0	0	1	
95.2261	0.1	0.3	0	109.844	178.155	2.1497e-05	178.155	2.1497e-05	346	1	0	0	1	
95.5779	0.1	0.3	0	109.75	178.335	1.27996e-06	178.335	1.27996e-06	346	1	0	0	1	
95.9296	0.1	0.3	0	109.644	178.535	1.70604e-05	178.535	1.70604e-05	346	1	0	0	1	
96.2814	0.1	0.3	0	109.61	178.597	2.62576e-05	178.597	2.62576e-05	346	1	0	0	1	
96.6332	0.1	0.3	0	109.62	178.576	9.90239e-06	178.576	9.90239e-06	346	1	0	0	1	
96.9849	0.1	0.3	0	109.629	178.556	4.87956e-06	178.556	4.87956e-06	346	1	0	0	1	
97.3367	0.1	0.3	0	109.638	178.536	2.49019e-05	178.536	2.49019e-05	346	1	0	0	1	
97.6884	0.1	0.3	0	109.647	178.517	2.06253e-05	178.517	2.06253e-05	346	1	0	0	1	
98.0402	0.1	0.3	0	109.656	178.498	1.54993e-05	178.498	1.54993e-05	346	1	0	0	1	
98.392	0.1	0.3	0	109.665	178.479	2.39631e-05	178.479	2.39631e-05	346	1	0	0	1	
98.7437	0.1	0.3	0	109.673	178.461	8.86751e-06	178.461	8.86751e-06	346	1	0	0	1	
99.0955	0.1	0.3	0	109.682	178.442	8.53969e-06	178.442	8.53969e-06	346	1	0	0	1	
99.4472	0.1	0.3	0	109.69	178.424	5.86792e-06	178.424	5.86792e-06	346	1	0	0	1	
99.799	0.1	0.3	0	109.698	178.406	3.43041e-06	178.406	3.43041e-06	346	1	0	0	1	
100.151	0.1	0.3	0	109.706	178.388	1.70203e-05	178.388	1.70203e-05	346	1	0	0	1	
100.503	0.1	0.3	0	109.714	178.371	1.52733e-06	178.371	1.52733e-06	346	1	0	0	1	
100.854	0.1	0.3	0	109.722	178.353	7.50277e-06	178.353	7.50277e-06	346	1	0	0	1	
101.206	0.1	0.3	0	109.73	178.336	1.14515e-05	178.336	1.14515e-05	346	1	0	0	1	
101.558	0.1	0.3	0	109.737	178.319	1.45122e-05	178.319	1.45122e-05	346	1	0	0	1	
101.91	0.1	0.3	0	109.745	178.302	4.59052e-07	178.302	4.59052e-07	346	1	0	0	1	
102.261	0.1	0.3	0	109.753	178.285	9.7955e-06	178.285	9.7955e-06	346	1	0	0	1	
102.613	0.1	0.3	0	109.76	178.268	5.74238e-06	178.268	5.74238e-06	346	1	0	0	1	
102.965	0.1	0.3	0	109.768	178.252	2.51328e-05	178.252	2.51328e-05	346	1	0	0	1	
103.317	0.1	0.3	0	109.775	178.235	2.47024e-05	178.235	2.47024e-05	346	1	0	0	1	
103.668	0.1	0.3	0	109.782	178.219	1.60002e-05	178.219	1.60002e-05	346	1	0	0	1	
104.02	0.1	0.3	0	109.79	178.202	1.65881e-05	178.202	1.65881e-05	346	1	0	0	1	
104.372	0.1	0.3	0	109.797	178.186	1.27734e-05	178.186	1.27734e-05	346	1	0	0	1	
104.724	0.1	0.3	0	109.804	178.17	1.30118e-05	178.17	1.30118e-05	346	1	0	0	1	
105.075	0.1	0.3	0	109.811	178.154	1.66221e-05	178.154	1.66221e-05	346	1	0	0	1	
105.427	0.1	0.3	0	109.818	178.138	3.20282e-06	178.138	3.20282e-06	346	1	0	0	1	
105.779	0.1	0.3	0	109.825	178.122	9.79099e-06	178.122	9.79099e-06	346	1	0	0	1	
106.131	0.1	0.3	0	109.832	178.106	6.89831e-06	178.106	6.89831e-06	346	1	0	0	1	
106.482	0.1	0.3	0	109.839	178.09	5.97887e-06	178.09	5.97887e-06	346	1	0	0	1	
106.834	0.1	0.3	0	109.846	178.075	1.46782e-06	178.075	1.46782e-06	346	1	0	0	1	
107.186	0.1	0.3	0	109.853	178.059	1.34333e-05	178.059	1.34333e-05	346	1	0	0	1	
107.538	0.1	0.3	0	109.859	178.044	6.22118e-06	178.044	6.22118e-06	346	1	0	0	1	
107.889	0.1	0.3	0	109.866	178.028	2.11819e-05	178.028	2.11819e-05	346	1	0	0	1	
108.241	0.1	0.3	0	109.873	178.013	8.78418e-06	178.013	8.78418e-06	346	1	0	0	1	
108.593	0.1	0.3	0	109.879	177.997	1.43426e-05	177.997	1.43426e-05	346	1	0	0	1	
108.945	0.1	0.3	0	109.886	177.982	7.02517e-06	177.982	7.02517e-06	346	1	0	0	1	
109.296	0.1	0.3	0	109.893	177.967	9.76699e-06	177.967	9.76699e-06	346	1	0	0	1	
109.648	0.1	0.3	0	109.899	177.952	1.28664e-05	177.952	1.28664e-05	346	1	0	0	1	
110	0.1	0.3	0	109.906	177.937	1.13907e-05	177.937	1.13907e-05	346	1	0	0	1	
