40	0.1	0.3	-2	0	0	0	0	0	86.5	0	0	0	1	
40.7071	0.1	0.3	-2	0	0	0	0	0	86.5	0	0	0	1	
41.4141	0.1	0.3	-2	0	0	0	0	0	86.5	0	0	0	1	
42.1212	0.1	0.3	-2	0	0	0	0	0	86.5	0	0	0	1	
42.8283	0.1	0.3	-2	0	0	0	0	0	86.5	0	0	0	1	
43.5354	0.1	0.3	-2	0	0	0	0	0	86.5	0	0	0	1	
44.2424	0.1	0.3	-2	0	0	0	0	0	86.5	0	0	0	1	
44.9495	0.1	0.3	-2	0	0	0	0	0	86.5	0	0	0	1	
45.6566	0.1	0.3	-2	0	0	0	0	0	86.5	0	0	0	1	
46.3636	0.1	0.3	-2	0	0	0	0	0	86.5	0	0	0	1	
47.0707	0.1	0.3	-2	0	0	0	0	0	86.5	0	0	0	1	
47.7778	0.1	0.3	-2	0	0	0	0	0	86.5	0	0	0	1	
48.4848	0.1	0.3	1	20.8564	0	244.815	244.815	0	86.5	0	0	0	1	
49.1919	0.1	0.3	1	36.5997	0	239.232	239.232	0	86.5	0	0	0	1	
49.899	0.1	0.3	1	44.0126	0	235.47	235.47	0	86.5	0	0	0	1	
50.6061	0.1	0.3	1	49.4822	0	232.203	232.203	0	86.5	0	0	0	1	
51.3131	0.1	0.3	1	53.9782	0	229.191	229.191	0	86.5	0	0	0	1	
52.0202	0.1	0.3	1	57.8676	0	226.338	226.338	0	86.5	0	0	0	1	
52.7273	0.1	0.3	1	61.3333	0	223.594	223.594	0	86.5	0	0	0	1	
53.4343	0.1	0.3	1	64.4818	0	220.932	220.932	0	86.5	0	0	0	1	
54.1414	0.1	0.3	1	67.3805	0	218.331	218.331	0	86.5	0	0	0	1	
54.8485	0.1	0.3	1	70.0757	0	215.782	215.782	0	86.5	0	0	0	1	
55.5556	0.1	0.3	1	72.6003	0	213.273	213.273	0	86.5	0	0	0	1	
56.2626	0.1	0.3	1	74.9786	0	210.8	210.8	0	86.5	0	0	0	1	
56.9697	0.1	0.3	1	77.2293	0	208.358	208.358	0	86.5	0	0	0	1	
57.6768	0.1	0.3	1	79.3669	0	205.944	205.944	0	86.5	0	0	0	1	
58.3838	0.1	0.3	1	81.403	0	203.556	203.556	0	86.5	0	0	0	1	
59.0909	0.1	0.3	1	83.3468	0	201.191	201.191	0	86.5	0	0	0	1	
59.798	0.1	0.3	1	85.206	0	198.851	198.851	0	86.5	0	0	0	1	
60.5051	0.1	0.3	1	86.9866	0	196.534	196.534	0	86.5	0	0	0	1	
61.2121	0.1	0.3	1	88.6937	0	194.241	194.241	0	86.5	0	0	0	1	
61.9192	0.1	0.3	1	90.3313	0	191.973	191.973	0	86.5	0	0	0	1	
62.6263	0.1	0.3	1	91.9017	0	189.732	189.732	0	86.5	0	0	0	1	
63.3333	0.1	0.3	1	93.4036	0	187.528	187.528	0	86.5	0	0	0	1	
64.0404	0.1	0.3	1	94.8462	0	185.352	185.352	0	86.5	0	0	0	1	
64.7475	0.1	0.3	1	96.2371	0	207.323	183.197	0	86.5	0	0	0	1	
65.4545	0.1	0.3	1	97.5784	0	204.615	181.065	0	86.5	0	0	0	1	
66.1616	0.1	0.3	1	98.8723	0	201.857	178.955	0	86.5	0	0	0	1	
66.8687	0.1	0.3	1	100.12	0	176.87	176.87	0	86.5	0	0	0	1	
67.5758	0.1	0.3	1	101.324	0	174.809	174.809	0	86.5	0	0	0	1	
68.2828	0.1	0.3	1	102.486	0	172.774	172.774	0	86.5	0	0	0	1	
68.9899	0.1	0.3	1	103.605	0	170.767	170.767	0	86.5	0	0	0	1	
69.697	0.1	0.3	1	104.685	0	168.789	168.789	0	86.5	0	0	0	1	
70.404	0.1	0.3	1	105.724	0	166.841	166.841	0	86.5	0	0	0	1	
71.1111	0.1	0.3	1	106.726	0	164.926	164.926	0	86.5	0	0	0	1	
71.8182	0.1	0.3	1	107.689	0	163.044	163.044	0	86.5	0	0	0	1	
72.5253	0.1	0.3	1	108.615	0	161.198	161.198	0	86.5	0	0	0	1	
73.2323	0.1	0.3	1	109.505	0	159.389	159.389	0	86.5	0	0	0	1	
73.9394	0.1	0.3	1	110.359	0	157.62	157.62	0	86.5	0	0	0	1	
74.6465	0.1	0.3	1	111.177	0	155.892	155.892	0	86.5	0	0	0	1	
75.3535	0.1	0.3	1	111.96	0	154.208	154.208	0	86.5	0	0	0	1	
76.0606	0.1	0.3	1	112.709	0	152.57	152.57	0	86.5	0	0	0	1	
76.7677	0.1	0.3	1	113.423	0	150.981	150.981	0	86.5	0	0	0	1	
77.4747	0.1	0.3	1	114.103	0	149.442	149.442	0	86.5	0	0	0	1	
78.1818	0.1	0.3	1	114.749	0	147.956	147.956	0	86.5	0	0	0	1	
78.8889	0.1	0.3	1	115.362	0	146.525	146.525	0	86.5	0	0	0	1	
79.596	0.1	0.3	1	115.941	0	145.153	145.153	0	86.5	0	0	0	1	
80.303	0.1	0.3	1	116.487	0	143.842	143.842	0	86.5	0	0	0	1	
81.0101	0.1	0.3	1	116.999	0	142.594	142.594	0	86.5	0	0	0	1	
81.7172	0.1	0.3	1	117.478	0	141.411	141.411	0	86.5	0	0	0	1	
82.4242	0.1	0.3	1	117.924	0	140.298	140.298	0	86.5	0	0	0	1	
83.1313	0.1	0.3	1	118.337	0	139.255	139.255	0	86.5	0	0	0	1	
83.8384	0.1	0.3	1	118.717	0	138.286	138.286	0	86.5	0	0	0	1	
84.5455	0.1	0.3	1	119.063	0	137.394	137.394	0	86.5	0	0	0	1	
85.2525	0.1	0.3	1	119.376	0	136.58	136.58	0	86.5	0	0	0	1	
85.9596	0.1	0.3	1	119.656	0	135.847	135.847	0	86.5	0	0	0	1	
86.6667	0.1	0.3	1	119.901	0	135.198	135.198	0	86.5	0	0	0	1	
87.3737	0.1	0.3	1	120.113	0	134.635	134.635	0	86.5	0	0	0	1	
88.0808	0.1	0.3	1	120.291	0	134.159	134.159	0	86.5	0	0	0	1	
88.7879	0.1	0.3	1	120.435	0	133.774	133.774	0	86.5	0	0	0	1	
89.4949	0.1	0.3	1	120.544	0	133.48	133.48	0	86.5	0	0	0	1	
90.202	0.1	0.3	1	120.618	0	133.28	133.28	0	86.5	0	0	0	1	
90.9091	0.1	0.3	1	120.657	0	133.175	133.175	0	86.5	0	0	0	1	
91.6162	0.1	0.3	1	120.66	0	133.167	133.167	0	86.5	0	0	0	1	
92.3232	0.1	0.3	1	120.627	0	133.256	133.256	0	86.5	0	0	0	1	
93.0303	0.1	0.3	1	120.557	0	133.444	133.444	0	86.5	0	0	0	1	
93.7374	0.1	0.3	1	120.45	0	133.733	133.733	0	86.5	0	0	0	1	
94.4444	0.1	0.3	1	120.305	0	134.123	134.123	0	86.5	0	0	0	1	
95.1515	0.1	0.3	1	120.121	0	134.615	134.615	0	86.5	0	0	0	1	
95.8586	0.1	0.3	1	nan	0	1599.98	1599.98	0	86.5	0	0	0	1	
96.5657	0.1	0.3	1	nan	0	1599.98	1599.98	0	86.5	0	0	0	1	
97.2727	0.1	0.3	1	nan	0	1599.98	1599.98	0	86.5	0	0	0	1	
97.9798	0.1	0.3	1	nan	0	1599.98	1599.98	0	86.5	0	0	0	1	
98.6869	0.1	0.3	1	nan	0	1599.98	1599.98	0	86.5	0	0	0	1	
99.3939	0.1	0.3	1	nan	0	1599.98	1599.98	0	86.5	0	0	0	1	
100.101	0.1	0.3	1	nan	0	1599.98	1599.98	0	86.5	0	0	0	1	
100.808	0.1	0.3	1	nan	0	1599.98	1599.98	0	86.5	0	0	0	1	
101.515	0.1	0.3	1	nan	0	1599.98	1599.98	0	86.5	0	0	0	1	
102.222	0.1	0.3	1	nan	0	1599.98	1599.98	0	86.5	0	0	0	1	
102.929	0.1	0.3	1	nan	0	1599.98	1599.98	0	86.5	0	0	0	1	
103.636	0.1	0.3	1	nan	0	1599.98	1599.98	0	86.5	0	0	0	1	
104.343	0.1	0.3	1	nan	0	1599.98	1599.98	0	86.5	0	0	0	1	
105.051	0.1	0.3	1	nan	0	1599.98	1599.98	0	86.5	0	0	0	1	
105.758	0.1	0.3	1	nan	0	1599.98	1599.98	0	86.5	0	0	0	1	
106.465	0.1	0.3	1	nan	0	1599.98	1599.98	0	86.5	0	0	0	1	
107.172	0.1	0.3	1	nan	0	1599.98	1599.98	0	86.5	0	0	0	1	
107.879	0.1	0.3	1	nan	0	1599.98	1599.98	0	86.5	0	0	0	1	
108.586	0.1	0.3	1	nan	0	1599.98	1599.98	0	86.5	0	0	0	1	
109.293	0.1	0.3	1	nan	0	1599.98	1599.98	0	86.5	0	0	0	1	
110	0.1	0.3	1	nan	0	1599.98	1599.98	0	86.5	0	0	0	1	
