40	0.1	0.3	-2	0	0	0	0	0	346	1	2	0	1	
40.3518	0.1	0.3	-2	0	0	0	0	0	346	1	2	0	1	
40.7035	0.1	0.3	-2	0	0	0	0	0	346	1	2	0	1	
41.0553	0.1	0.3	-2	0	0	0	0	0	346	1	2	0	1	
41.407	0.1	0.3	-2	0	0	0	0	0	346	1	2	0	1	
41.7588	0.1	0.3	-2	0	0	0	0	0	346	1	2	0	1	
42.1106	0.1	0.3	1	27.7775	-246.167	9.10465e-07	1.24053e-05	268.089	346	1	2	0	1	
42.4623	0.1	0.3	1	34.6026	-245.959	-4.53083e-06	3.15365e-05	267.421	346	1	2	0	1	
42.8141	0.1	0.3	1	39.1628	-245.692	1.02177e-06	5.84789e-06	266.743	346	1	2	0	1	
43.1658	0.1	0.3	1	42.7657	-245.384	-8.04048e-06	1.12608e-05	266.056	346	1	2	0	1	
43.5176	0.1	0.3	1	45.8153	-245.046	4.46239e-06	2.59915e-05	265.361	346	1	2	0	1	
43.8693	0.1	0.3	1	48.5057	-244.681	-5.7141e-06	-4.70942e-06	264.657	346	1	2	0	1	
44.2211	0.1	0.3	1	50.9315	-244.295	1.4345e-05	-3.92027e-06	263.947	346	1	2	0	1	
44.5729	0.1	0.3	1	53.1581	-243.888	-6.38712e-06	1.36965e-05	263.228	346	1	2	0	1	
44.9246	0.1	0.3	1	55.2276	-243.463	-4.93161e-06	-6.43118e-06	262.501	346	1	2	0	1	
45.2764	0.1	0.3	1	57.1692	-243.022	3.20595e-05	-2.84346e-06	261.767	346	1	2	0	1	
45.6281	0.1	0.3	1	59.0047	-242.564	-3.82564e-05	6.68111e-07	261.025	346	1	2	0	1	
45.9799	0.1	0.3	1	60.7501	-242.091	1.51234e-05	7.36093e-06	260.274	346	1	2	0	1	
46.3317	0.1	0.3	1	62.4153	-241.605	-3.42955e-05	-4.60643e-05	259.516	346	1	2	0	1	
46.6834	0.1	0.3	1	64.0189	-241.103	5.05604e-06	-5.50221e-06	258.749	346	1	2	0	1	
47.0352	0.1	0.3	1	65.5605	-240.588	2.86295e-05	4.31479e-05	257.974	346	1	2	0	1	
47.3869	0.1	0.3	1	67.0495	-240.06	7.21532e-06	-3.91825e-06	257.19	346	1	2	0	1	
47.7387	0.1	0.3	1	68.4915	-239.52	2.26324e-05	2.55453e-05	256.398	346	1	2	0	1	
48.0905	0.1	0.3	1	69.8911	-238.967	3.59669e-05	-1.71844e-05	255.598	346	1	2	0	1	
48.4422	0.1	0.3	1	71.2515	-238.402	2.09465e-06	1.54672e-05	254.789	346	1	2	0	1	
48.794	0.1	0.3	1	72.5788	-237.824	1.41736e-05	6.16696e-06	253.971	346	1	2	0	1	
49.1457	0.1	0.3	1	73.8732	-237.234	-1.37818e-05	8.70507e-06	253.145	346	1	2	0	1	
49.4975	0.1	0.3	1	75.1382	-236.633	-9.0979e-06	-2.33822e-05	252.31	346	1	2	0	1	
49.8492	0.1	0.3	1	76.3761	-236.02	8.38667e-05	3.49067e-05	251.465	346	1	2	0	1	
50.201	0.1	0.3	1	77.5888	-235.395	3.96151e-06	5.05313e-05	250.612	346	1	2	0	1	
50.5528	0.1	0.3	1	78.7781	-234.758	3.98873e-06	-7.70886e-06	249.75	346	1	2	0	1	
50.9045	0.1	0.3	1	79.9457	-234.11	4.64279e-07	-2.11597e-05	248.878	346	1	2	0	1	
51.2563	0.1	0.3	1	81.0929	-233.45	-1.44233e-05	-3.80861e-06	247.997	346	1	2	0	1	
51.608	0.1	0.3	1	82.2211	-232.779	-5.78138e-06	-1.00768e-05	247.106	346	1	2	0	1	
51.9598	0.1	0.3	1	83.3313	-232.096	-8.48432e-06	-4.97247e-05	246.206	346	1	2	0	1	
52.3116	0.1	0.3	1	84.4246	-231.402	1.54686e-06	3.48844e-05	245.296	346	1	2	0	1	
52.6633	0.1	0.3	1	85.5021	-230.696	2.6833e-06	2.04415e-05	244.377	346	1	2	0	1	
53.0151	0.1	0.3	1	86.5644	229.979	3.69955e-06	-2.89059e-05	243.447	346	1	2	0	1	
53.3668	0.1	0.3	1	87.6126	229.25	-1.51824e-07	7.07045e-06	242.508	346	1	2	0	1	
53.7186	0.1	0.3	1	88.6472	-228.509	-1.01302e-05	1.90107e-05	241.558	346	1	2	0	1	
54.0704	0.1	0.3	1	89.6689	-227.757	-1.06598e-05	-4.14501e-05	240.598	346	1	2	0	1	
54.4221	0.1	0.3	1	90.6785	226.993	2.96318e-05	3.49393e-06	239.628	346	1	2	0	1	
54.7739	0.1	0.3	1	91.6764	226.217	1.05665e-05	-9.73349e-06	238.647	346	1	2	0	1	
55.1256	0.1	0.3	1	92.6631	225.429	-1.1901e-05	8.2889e-05	237.655	346	1	2	0	1	
55.4774	0.1	0.3	1	93.6393	224.629	-9.8702e-06	-1.21943e-05	236.653	346	1	2	0	1	
55.8291	0.1	0.3	1	94.6052	223.816	-7.81518e-06	-2.66808e-05	235.639	346	1	2	0	1	
56.1809	0.1	0.3	1	95.5615	222.992	2.37694e-05	-3.31192e-06	234.615	346	1	2	0	1	
56.5327	0.1	0.3	1	96.5127	222.152	-1.25263e-05	6.20912e-06	233.578	346	1	2	0	1	
56.8844	0.1	0.3	1	97.4492	221.304	2.21656e-05	-2.74978e-05	232.531	346	1	2	0	1	
57.2362	0.1	0.3	1	98.3776	220.443	-8.47363e-06	1.08081e-06	231.473	346	1	2	0	1	
57.5879	0.1	0.3	1	99.2967	219.571	-2.17376e-05	1.33279e-05	230.402	346	1	2	0	1	
57.9397	0.1	0.3	1	100.21	218.684	-7.49017e-05	-4.1131e-05	229.32	346	1	2	0	1	
58.2915	0.1	0.3	1	101.115	217.785	-7.34638e-06	-4.87047e-06	228.225	346	1	2	0	1	
58.6432	0.1	0.3	1	102.013	216.872	-1.87325e-05	2.60232e-05	227.119	346	1	2	0	1	
58.995	0.1	0.3	1	102.904	215.946	1.39475e-05	3.76143e-06	225.999	346	1	2	0	1	
59.3467	0.1	0.3	1	103.788	215.006	-1.71107e-05	-8.97624e-06	224.867	346	1	2	0	1	
59.6985	0.1	0.3	1	104.665	214.053	-1.99603e-05	5.58858e-06	223.723	346	1	2	0	1	
60.0503	0.1	0.3	1	105.535	213.087	1.79916e-05	5.9922e-06	222.565	346	1	2	0	1	
60.402	0.1	0.3	1	106.4	212.106	7.4893e-06	-5.2326e-06	221.394	346	1	2	0	1	
60.7538	0.1	0.3	1	107.232	211.13	-5.60434e-06	2.40921e-06	220.216	346	1	2	0	1	
61.1055	0.1	0.3	1	108.07	210.132	-1.86823e-05	-5.11265e-06	219.021	346	1	2	0	1	
61.4573	0.1	0.3	1	108.907	209.117	1.32506e-05	-8.30127e-06	217.812	346	1	2	0	1	
61.809	0.1	0.3	1	109.739	208.085	-5.04835e-06	-5.02297e-05	216.589	346	1	2	0	1	
62.1608	0.1	0.3	1	110.568	207.038	1.77829e-05	-7.84405e-06	215.351	346	1	2	0	1	
62.5126	0.1	0.3	1	111.397	205.968	-1.90183e-05	-8.12589e-07	214.097	346	1	2	0	1	
62.8643	0.1	0.3	1	112.212	204.896	9.98123e-06	5.52368e-06	212.832	346	1	2	0	1	
63.2161	0.1	0.3	1	113.027	203.801	-2.55783e-05	1.35758e-05	211.551	346	1	2	0	1	
63.5678	0.1	0.3	1	113.837	202.691	-8.94878e-06	-1.53516e-05	210.264	346	1	2	0	1	
63.9196	0.1	0.3	1	114.644	201.563	-6.63928e-06	5.38228e-06	208.988	346	1	2	0	1	
64.2714	0.1	0.3	1	115.445	200.419	1.11197e-06	2.1843e-05	207.608	346	1	2	0	1	
64.6231	0.1	0.3	1	116.243	199.258	-6.13356e-06	-3.15172e-05	206.252	346	1	2	0	1	
64.9749	0.1	0.3	1	117.036	198.08	3.57019e-06	-2.61664e-05	204.881	346	1	2	0	1	
65.3266	0.1	0.3	1	117.825	196.885	3.57307e-06	9.4571e-06	203.494	346	1	2	0	1	
65.6784	0.1	0.3	1	118.61	195.672	-1.56043e-05	-1.73207e-05	202.09	346	1	2	0	1	
66.0302	0.1	0.3	1	119.391	194.44	2.14766e-06	2.56478e-06	200.668	346	1	2	0	1	
66.3819	0.1	0.3	1	120.168	193.19	1.2214e-05	-5.08031e-06	199.227	346	1	2	0	1	
66.7337	0.1	0.3	1	120.941	191.922	-5.97119e-06	1.78928e-05	197.768	346	1	2	0	1	
67.0854	0.1	0.3	1	121.71	190.634	-2.50287e-06	1.90884e-05	196.29	346	1	2	0	1	
67.4372	0.1	0.3	1	122.475	189.326	6.93764e-06	3.89227e-05	194.792	346	1	2	0	1	
67.7889	0.1	0.3	1	123.236	187.999	1.05872e-05	-1.91098e-05	193.274	346	1	2	0	1	
68.1407	0.1	0.3	1	123.994	186.651	4.74651e-06	-1.26846e-05	191.735	346	1	2	0	1	
68.4925	0.1	0.3	1	124.749	185.281	6.82612e-06	1.51532e-05	190.175	346	1	2	0	1	
68.8442	0.1	0.3	1	125.499	183.891	3.91332e-06	2.3564e-05	188.593	346	1	2	0	1	
69.196	0.1	0.3	1	126.246	182.478	-1.9478e-05	-2.39627e-06	186.988	346	1	2	0	1	
69.5477	0.1	0.3	1	126.99	181.043	-2.49394e-06	-2.56912e-05	185.361	346	1	2	0	1	
69.8995	0.1	0.3	1	127.73	179.585	6.67431e-06	3.35876e-05	183.71	346	1	2	0	1	
70.2513	0.1	0.3	1	128.467	178.103	1.11888e-05	-2.95502e-06	182.034	346	1	2	0	1	
70.603	0.1	0.3	1	129.2	176.596	1.55047e-06	-1.46257e-06	180.333	346	1	2	0	1	
70.9548	0.1	0.3	1	129.93	175.065	2.38909e-05	-3.51318e-06	178.607	346	1	2	0	1	
71.3065	0.1	0.3	1	130.657	173.508	2.45176e-06	-2.72792e-05	176.854	346	1	2	0	1	
71.6583	0.1	0.3	1	131.38	171.924	-1.21118e-05	-6.97271e-06	175.073	346	1	2	0	1	
72.0101	0.1	0.3	1	132.1	170.314	7.63078e-06	1.11283e-05	173.264	346	1	2	0	1	
72.3618	0.1	0.3	1	132.817	168.675	3.32167e-05	-1.18081e-05	171.426	346	1	2	0	1	
72.7136	0.1	0.3	1	133.531	167.007	-3.80075e-06	1.04896e-05	169.558	346	1	2	0	1	
73.0653	0.1	0.3	1	134.241	165.31	1.77639e-06	7.33496e-06	167.658	346	1	2	0	1	
73.4171	0.1	0.3	1	134.948	163.582	-2.23089e-06	9.62862e-06	165.725	346	1	2	0	1	
73.7688	0.1	0.3	1	135.652	161.823	-4.84767e-07	8.95134e-06	163.76	346	1	2	0	1	
74.1206	0.1	0.3	1	136.352	160.031	9.28049e-06	1.58771e-05	161.759	346	1	2	0	1	
74.4724	0.1	0.3	1	137.049	158.206	-1.74996e-05	2.48288e-05	159.721	346	1	2	0	1	
74.8241	0.1	0.3	1	137.743	156.335	-2.74451e-05	-8.20858e-06	157.646	346	1	2	0	1	
75.1759	0.1	0.3	1	138.435	154.419	2.33672e-06	1.12585e-05	155.532	346	1	2	0	1	
75.5276	0.1	0.3	1	139.121	152.517	-1.13989e-05	-7.34927e-06	153.377	346	1	2	0	1	
75.8794	0.1	0.3	1	139.804	150.546	6.91924e-06	3.30454e-06	151.179	346	1	2	0	1	
76.2312	0.1	0.3	1	140.484	148.538	4.26108e-05	1.04236e-05	148.936	346	1	2	0	1	
76.5829	0.1	0.3	1	141.161	146.509	-2.9229e-05	-4.49537e-06	146.646	346	1	2	0	1	
76.9347	0.1	0.3	1	141.833	144.415	1.52097e-05	5.57713e-06	144.307	346	1	2	0	1	
77.2864	0.1	0.3	1	142.502	142.383	-1.38972e-05	2.19673e-06	141.916	346	1	2	0	1	
77.6382	0.1	0.3	1	143.166	140.097	-3.0652e-05	2.53647e-05	139.471	346	1	2	0	1	
77.9899	0.1	0.3	1	143.827	137.799	-8.46228e-07	-7.96502e-06	136.968	346	1	2	0	1	
78.3417	0.1	0.3	1	144.485	135.459	-1.46083e-05	-9.75089e-06	134.404	346	1	2	0	1	
78.6935	0.1	0.3	1	145.139	133.097	7.46133e-06	-3.32294e-05	131.775	346	1	2	0	1	
79.0452	0.1	0.3	1	145.788	130.612	-1.34453e-05	4.34206e-06	129.077	346	1	2	0	1	
79.397	0.1	0.3	1	146.434	128.106	1.11006e-05	-2.74945e-06	126.306	346	1	2	0	1	
79.7487	0.1	0.3	1	147.075	125.53	3.48797e-05	-4.21119e-06	123.456	346	1	2	0	1	
80.1005	0.1	0.3	1	147.712	122.863	-1.22506e-05	3.24251e-06	120.522	346	1	2	0	1	
80.4523	0.1	0.3	1	148.344	120.111	-3.39859e-05	1.99868e-05	117.497	346	1	2	0	1	
80.804	0.1	0.3	1	148.97	117.284	9.58472e-06	1.88201e-05	114.374	346	1	2	0	1	
81.1558	0.1	0.3	1	149.592	114.361	-1.80007e-05	-7.14766e-07	111.144	346	1	2	0	1	
81.5075	0.1	0.3	1	150.207	111.338	-3.21096e-05	-1.27511e-06	107.798	346	1	2	0	1	
81.8593	0.1	0.3	1	150.825	108.156	4.93938e-06	-2.14413e-05	104.318	346	1	2	0	1	
82.2111	0.1	0.3	1	151.429	104.895	-2.19188e-05	1.21441e-05	100.701	346	1	2	0	1	
82.5628	0.1	0.3	1	152.025	101.502	-2.89347e-05	-1.59677e-05	96.9266	346	1	2	0	1	
82.9146	0.1	0.3	1	152.613	97.9613	2.05631e-05	7.52973e-06	92.9757	346	1	2	0	1	
83.2663	0.1	0.3	1	153.191	94.2569	-6.47827e-06	-8.94355e-08	88.8254	346	1	2	0	1	
83.6181	0.1	0.3	1	153.759	90.3685	-1.19852e-05	9.3905e-06	84.4494	346	1	2	0	1	
83.9698	0.1	0.3	1	154.315	86.2707	9.30308e-06	-2.03243e-05	79.8269	346	1	2	0	1	
84.3216	0.1	0.3	1	154.858	81.9291	-1.86655e-05	2.06012e-05	74.9254	346	1	2	0	1	
84.6734	0.1	0.3	1	155.383	77.3099	1.36881e-05	-1.81686e-06	69.4099	346	1	2	0	1	
85.0251	0.1	0.3	1	155.884	72.3956	-7.90204e-06	8.47404e-06	63.4401	346	1	2	0	1	
85.3769	0.1	0.3	1	156.355	67.1448	1.68686e-06	-1.41206e-05	56.8132	346	1	2	0	1	
85.7286	0.1	0.3	1	156.784	61.5495	-4.48712e-05	9.92611e-06	49.2558	346	1	2	0	1	
86.0804	0.1	0.3	1	157.151	55.7412	1.73254e-05	2.257e-05	40.2456	346	1	2	0	1	
86.4322	0.1	0.3	1	157.42	50.3862	4.33602e-05	-7.61177e-06	28.4559	346	1	2	0	1	
86.7839	0.1	0.3	-2	0	0	0	0	0	346	1	2	0	1	
87.1357	0.1	0.3	1	157.55	47.7622	2.89135e-05	7.85115e-06	-3.73619e-05	346	1	2	0	1	
87.4874	0.1	0.3	1	157.565	47.7159	-8.84737e-06	7.07685e-06	2.09282e-05	346	1	2	0	1	
87.8392	0.1	0.3	1	157.581	47.6743	4.81396e-06	-2.17461e-07	-1.74957e-06	346	1	2	0	1	
88.191	0.1	0.3	1	157.595	47.6369	-1.30219e-06	-1.19143e-05	1.35527e-05	346	1	2	0	1	
88.5427	0.1	0.3	1	157.609	47.6032	1.22331e-05	-2.11831e-05	1.84952e-05	346	1	2	0	1	
88.8945	0.1	0.3	1	157.623	47.573	-1.71535e-05	1.49295e-05	3.17824e-05	346	1	2	0	1	
89.2462	0.1	0.3	1	157.637	47.5461	-1.21427e-05	-6.24807e-06	1.02541e-05	346	1	2	0	1	
89.598	0.1	0.3	1	157.65	47.5223	9.05725e-06	-2.15923e-06	1.4606e-05	346	1	2	0	1	
89.9497	0.1	0.3	1	157.663	47.5025	-5.67131e-06	8.82312e-06	3.81057e-05	346	1	2	0	1	
90.3015	0.1	0.3	1	157.675	47.4844	-1.01479e-05	-6.21489e-06	1.98187e-05	346	1	2	0	1	
90.6533	0.1	0.3	1	157.688	47.48	1.95137e-05	-2.08567e-07	-3.01724e-07	346	1	2	0	1	
91.005	0.1	0.3	1	157.7	47.4525	4.04423e-06	-3.60238e-06	1.56044e-05	346	1	2	0	1	
91.3568	0.1	0.3	1	157.712	47.5606	1.50363e-05	1.04666e-05	2.7607e-05	346	1	2	0	1	
91.7085	0.1	0.3	1	157.724	47.3347	2.14028e-05	-1.2147e-06	-2.94119e-05	346	1	2	0	1	
92.0603	0.1	0.3	3	157.738	47.3512	-1.01324e-05	3.81314e-06	3.18494e-06	346	1	2	0	1	
92.4121	0.1	0.3	4	157.742	47.4908	-2.13272e-05	9.70006e-06	-1.01272e-05	346	1	2	0	1	
92.7638	0.1	0.3	1	157.761	47.1385	-1.93069e-05	5.01715e-06	9.3049e-06	346	1	2	0	1	
93.1156	0.1	0.3	1	157.77	47.0928	-2.00682e-06	-2.74995e-06	2.73627e-06	346	1	2	0	1	
93.4673	0.1	0.3	1	157.779	47.0748	-4.2706e-06	4.77197e-06	3.98723e-06	346	1	2	0	1	
93.8191	0.1	0.3	1	157.785	47.1241	-1.30409e-05	4.82686e-06	-1.08427e-05	346	1	2	0	1	
94.1709	0.1	0.3	1	157.792	47.1547	-9.32023e-06	-2.66817e-06	-1.40721e-05	346	1	2	0	1	
94.5226	0.1	0.3	1	157.8	47.1578	-1.51961e-05	-9.94552e-06	1.38799e-05	346	1	2	0	1	
94.8744	0.1	0.3	1	157.808	47.1594	2.59964e-06	6.58502e-06	-9.9599e-06	346	1	2	0	1	
95.2261	0.1	0.3	1	157.816	47.1569	1.57489e-05	5.15019e-06	-9.86152e-06	346	1	2	0	1	
95.5779	0.1	0.3	1	157.824	47.1529	4.27163e-07	4.91592e-06	-8.24358e-06	346	1	2	0	1	
95.9296	0.1	0.3	1	157.832	47.1481	-1.55665e-06	-4.69108e-06	-2.49552e-05	346	1	2	0	1	
96.2814	0.1	0.3	1	157.84	47.1427	-5.67527e-06	1.99749e-06	2.03664e-05	346	1	2	0	1	
96.6332	0.1	0.3	1	157.848	47.1369	-1.2459e-05	6.86626e-06	2.28283e-06	346	1	2	0	1	
96.9849	0.1	0.3	1	157.856	47.131	-8.8888e-06	6.56447e-06	-9.01179e-06	346	1	2	0	1	
97.3367	0.1	0.3	1	157.864	47.125	1.60289e-05	-2.92916e-06	4.04556e-06	346	1	2	0	1	
97.6884	0.1	0.3	1	157.871	47.119	2.74895e-06	-7.64461e-06	1.45105e-05	346	1	2	0	1	
98.0402	0.1	0.3	1	157.879	47.113	-1.19131e-05	2.40142e-06	1.04335e-05	346	1	2	0	1	
98.392	0.1	0.3	1	157.886	47.1071	3.1965e-06	-3.95171e-06	-1.06213e-06	346	1	2	0	1	
98.7437	0.1	0.3	1	157.894	47.1013	3.2246e-07	6.10277e-06	-1.22288e-07	346	1	2	0	1	
99.0955	0.1	0.3	1	157.901	47.0956	-6.73379e-06	-6.5885e-06	-4.88328e-06	346	1	2	0	1	
99.4472	0.1	0.3	1	157.908	47.0901	1.08011e-05	1.3717e-06	1.05112e-05	346	1	2	0	1	
99.799	0.1	0.3	1	157.916	47.0845	-3.07944e-06	-1.36316e-05	1.31683e-05	346	1	2	0	1	
100.151	0.1	0.3	1	157.923	47.0793	-9.49978e-07	-1.16732e-05	-1.21467e-05	346	1	2	0	1	
100.503	0.1	0.3	1	157.93	47.074	5.55532e-06	-4.74621e-06	-1.68799e-05	346	1	2	0	1	
100.854	0.1	0.3	1	157.937	47.0689	-1.61323e-05	4.93834e-06	1.4356e-06	346	1	2	0	1	
101.206	0.1	0.3	1	157.944	47.064	-8.39976e-07	1.50918e-05	1.64177e-05	346	1	2	0	1	
101.558	0.1	0.3	1	157.951	47.0592	-2.21026e-07	-3.36052e-06	-1.49874e-06	346	1	2	0	1	
101.91	0.1	0.3	1	157.958	47.0545	-2.21375e-06	-6.06306e-06	1.26932e-06	346	1	2	0	1	
102.261	0.1	0.3	1	157.964	47.0499	-2.9549e-06	-1.62671e-05	-1.80432e-05	346	1	2	0	1	
102.613	0.1	0.3	1	157.971	47.0454	5.31782e-07	-5.66511e-06	-1.68234e-05	346	1	2	0	1	
102.965	0.1	0.3	1	157.978	47.0411	-6.63741e-06	-5.05064e-06	-4.31104e-06	346	1	2	0	1	
103.317	0.1	0.3	1	157.984	47.0369	-1.00182e-05	-1.13644e-05	4.32825e-06	346	1	2	0	1	
103.668	0.1	0.3	1	157.991	47.0327	8.47041e-06	-4.93066e-06	-1.13336e-05	346	1	2	0	1	
104.02	0.1	0.3	1	157.997	47.0287	9.61106e-06	-3.07507e-06	-6.75187e-06	346	1	2	0	1	
104.372	0.1	0.3	1	158.003	47.0248	-7.84453e-06	3.42424e-06	-5.96348e-06	346	1	2	0	1	
104.724	0.1	0.3	1	158.01	47.021	1.90687e-05	2.71472e-06	-7.2366e-06	346	1	2	0	1	
105.075	0.1	0.3	1	158.016	47.0173	1.37664e-05	1.5531e-05	3.52096e-06	346	1	2	0	1	
105.427	0.1	0.3	1	158.022	47.0137	1.06246e-05	-5.54885e-06	2.48473e-06	346	1	2	0	1	
105.779	0.1	0.3	1	158.028	47.0101	-1.36569e-05	-6.82073e-06	-1.37268e-05	346	1	2	0	1	
106.131	0.1	0.3	1	158.034	47.0067	-8.69969e-06	5.4468e-06	-3.45849e-06	346	1	2	0	1	
106.482	0.1	0.3	1	158.041	47.0034	-5.92108e-06	-1.98984e-05	-5.04589e-06	346	1	2	0	1	
106.834	0.1	0.3	1	158.047	47	4.78529e-07	1.6061e-06	-7.17954e-06	346	1	2	0	1	
107.186	0.1	0.3	1	158.053	46.9969	6.28537e-06	-3.26094e-06	4.37667e-06	346	1	2	0	1	
107.538	0.1	0.3	1	158.058	46.9938	-9.46671e-06	-9.79077e-06	-1.16879e-05	346	1	2	0	1	
107.889	0.1	0.3	1	158.064	46.9907	3.48024e-08	-5.95201e-06	-1.27053e-05	346	1	2	0	1	
108.241	0.1	0.3	1	158.07	46.9878	-1.24525e-06	-7.15253e-06	-1.70708e-05	346	1	2	0	1	
108.593	0.1	0.3	1	158.076	46.9849	1.61279e-05	-9.6155e-06	7.2746e-06	346	1	2	0	1	
108.945	0.1	0.3	1	158.082	46.9822	-1.59061e-05	1.00287e-05	-4.16845e-07	346	1	2	0	1	
109.296	0.1	0.3	1	158.087	46.9794	3.61419e-06	-6.24527e-06	1.04873e-05	346	1	2	0	1	
109.648	0.1	0.3	1	158.093	46.9767	-1.68401e-07	4.01402e-06	-3.97314e-06	346	1	2	0	1	
110	0.1	0.3	1	158.099	46.974	3.612e-06	-7.11763e-07	-5.40762e-06	346	1	2	0	1	
