40	0.1	0.3	-2	0	0	0	0	0	346	1	0	0	1	
40.3518	0.1	0.3	-2	0	0	0	0	0	346	1	0	0	1	
40.7035	0.1	0.3	-2	0	0	0	0	0	346	1	0	0	1	
41.0553	0.1	0.3	-2	0	0	0	0	0	346	1	0	0	1	
41.407	0.1	0.3	-2	0	0	0	0	0	346	1	0	0	1	
41.7588	0.1	0.3	-2	0	0	0	0	0	346	1	0	0	1	
42.1106	0.1	0.3	-2	0	0	0	0	0	346	1	0	0	1	
42.4623	0.1	0.3	-2	0	0	0	0	0	346	1	0	0	1	
42.8141	0.1	0.3	-2	0	0	0	0	0	346	1	0	0	1	
43.1658	0.1	0.3	-2	0	0	0	0	0	346	1	0	0	1	
43.5176	0.1	0.3	-2	0	0	0	0	0	346	1	0	0	1	
43.8693	0.1	0.3	-2	0	0	0	0	0	346	1	0	0	1	
44.2211	0.1	0.3	-2	0	0	0	0	0	346	1	0	0	1	
44.5729	0.1	0.3	-2	0	0	0	0	0	346	1	0	0	1	
44.9246	0.1	0.3	-2	0	0	0	0	0	346	1	0	0	1	
45.2764	0.1	0.3	-2	0	0	0	0	0	346	1	0	0	1	
45.6281	0.1	0.3	-2	0	0	0	0	0	346	1	0	0	1	
45.9799	0.1	0.3	-2	0	0	0	0	0	346	1	0	0	1	
46.3317	0.1	0.3	-2	0	0	0	0	0	346	1	0	0	1	
46.6834	0.1	0.3	-2	0	0	0	0	0	346	1	0	0	1	
47.0352	0.1	0.3	-2	0	0	0	0	0	346	1	0	0	1	
47.3869	0.1	0.3	-2	0	0	0	0	0	346	1	0	0	1	
47.7387	0.1	0.3	-2	0	0	0	0	0	346	1	0	0	1	
48.0905	0.1	0.3	-2	0	0	0	0	0	346	1	0	0	1	
48.4422	0.1	0.3	-2	0	0	0	0	0	346	1	0	0	1	
48.794	0.1	0.3	-2	0	0	0	0	0	346	1	0	0	1	
49.1457	0.1	0.3	-2	0	0	0	0	0	346	1	0	0	1	
49.4975	0.1	0.3	-2	0	0	0	0	0	346	1	0	0	1	
49.8492	0.1	0.3	-2	0	0	0	0	0	346	1	0	0	1	
50.201	0.1	0.3	-2	0	0	0	0	0	346	1	0	0	1	
50.5528	0.1	0.3	-2	0	0	0	0	0	346	1	0	0	1	
50.9045	0.1	0.3	-2	0	0	0	0	0	346	1	0	0	1	
51.2563	0.1	0.3	-2	0	0	0	0	0	346	1	0	0	1	
51.608	0.1	0.3	-2	0	0	0	0	0	346	1	0	0	1	
51.9598	0.1	0.3	-2	0	0	0	0	0	346	1	0	0	1	
52.3116	0.1	0.3	-2	0	0	0	0	0	346	1	0	0	1	
52.6633	0.1	0.3	-2	0	0	0	0	0	346	1	0	0	1	
53.0151	0.1	0.3	-2	0	0	0	0	0	346	1	0	0	1	
53.3668	0.1	0.3	-2	0	0	0	0	0	346	1	0	0	1	
53.7186	0.1	0.3	-2	0	0	0	0	0	346	1	0	0	1	
54.0704	0.1	0.3	-2	0	0	0	0	0	346	1	0	0	1	
54.4221	0.1	0.3	-2	0	0	0	0	0	346	1	0	0	1	
54.7739	0.1	0.3	-2	0	0	0	0	0	346	1	0	0	1	
55.1256	0.1	0.3	-2	0	0	0	0	0	346	1	0	0	1	
55.4774	0.1	0.3	-2	0	0	0	0	0	346	1	0	0	1	
55.8291	0.1	0.3	-2	0	0	0	0	0	346	1	0	0	1	
56.1809	0.1	0.3	-2	0	0	0	0	0	346	1	0	0	1	
56.5327	0.1	0.3	-2	0	0	0	0	0	346	1	0	0	1	
56.8844	0.1	0.3	-2	0	0	0	0	0	346	1	0	0	1	
57.2362	0.1	0.3	-2	0	0	0	0	0	346	1	0	0	1	
57.5879	0.1	0.3	-2	0	0	0	0	0	346	1	0	0	1	
57.9397	0.1	0.3	-2	0	0	0	0	0	346	1	0	0	1	
58.2915	0.1	0.3	-2	0	0	0	0	0	346	1	0	0	1	
58.6432	0.1	0.3	1	17.6563	0	239.222	245.566	0	346	1	0	0	1	
58.995	0.1	0.3	1	29.6441	0	237.462	242.092	0	346	1	0	0	1	
59.3467	0.1	0.3	1	35.2611	0	236.005	239.832	0	346	1	0	0	1	
59.6985	0.1	0.3	1	39.3466	0	234.63	237.925	0	346	1	0	0	1	
60.0503	0.1	0.3	1	42.6673	0	233.293	236.209	0	346	1	0	0	1	
60.402	0.1	0.3	1	45.5138	0	231.978	234.616	0	346	1	0	0	1	
60.7538	0.1	0.3	1	48.0314	0	230.675	233.112	0	346	1	0	0	1	
61.1055	0.1	0.3	1	50.3042	0	229.379	231.675	0	346	1	0	0	1	
61.4573	0.1	0.3	1	52.386	0	228.086	230.292	0	346	1	0	0	1	
61.809	0.1	0.3	1	54.3133	0	226.793	228.954	0	346	1	0	0	1	
62.1608	0.1	0.3	1	56.112	0	225.5	227.654	0	346	1	0	0	1	
62.5126	0.1	0.3	1	57.8012	0	224.204	226.388	0	346	1	0	0	1	
62.8643	0.1	0.3	1	59.3949	0	222.904	225.152	0	346	1	0	0	1	
63.2161	0.1	0.3	1	60.9036	0	221.6	223.945	0	346	1	0	0	1	
63.5678	0.1	0.3	1	62.3407	0	220.29	222.76	0	346	1	0	0	1	
63.9196	0.1	0.3	1	63.7144	0	218.974	221.596	0	346	1	0	0	1	
64.2714	0.1	0.3	1	65.0309	0	217.65	220.45	0	346	1	0	0	1	
64.6231	0.1	0.3	1	66.2955	0	216.318	219.322	0	346	1	0	0	1	
64.9749	0.1	0.3	1	67.5127	0	214.978	218.209	0	346	1	0	0	1	
65.3266	0.1	0.3	1	68.6863	0	213.629	217.112	0	346	1	0	0	1	
65.6784	0.1	0.3	1	69.8194	0	212.27	216.029	0	346	1	0	0	1	
66.0302	0.1	0.3	1	70.9151	0	210.902	214.96	0	346	1	0	0	1	
66.3819	0.1	0.3	1	71.9758	0	209.524	213.905	0	346	1	0	0	1	
66.7337	0.1	0.3	1	73.0036	0	208.135	212.861	0	346	1	0	0	1	
67.0854	0.1	0.3	1	74.0006	0	206.736	211.83	0	346	1	0	0	1	
67.4372	0.1	0.3	1	74.9685	0	205.325	210.811	0	346	1	0	0	1	
67.7889	0.1	0.3	1	75.9088	0	203.903	209.803	0	346	1	0	0	1	
68.1407	0.1	0.3	1	76.8228	0	202.468	208.806	0	346	1	0	0	1	
68.4925	0.1	0.3	1	77.712	0	201.022	207.821	0	346	1	0	0	1	
68.8442	0.1	0.3	1	78.5774	0	199.563	206.846	0	346	1	0	0	1	
69.196	0.1	0.3	1	79.4199	0	198.09	205.883	0	346	1	0	0	1	
69.5477	0.1	0.3	1	80.2407	0	196.605	204.93	0	346	1	0	0	1	
69.8995	0.1	0.3	1	81.0405	0	195.106	203.987	0	346	1	0	0	1	
70.2513	0.1	0.3	1	81.8201	0	193.592	203.055	0	346	1	0	0	1	
70.603	0.1	0.3	1	82.5802	0	192.065	202.134	0	346	1	0	0	1	
70.9548	0.1	0.3	1	83.3215	0	190.522	201.223	0	346	1	0	0	1	
71.3065	0.1	0.3	1	84.0446	0	188.964	200.322	0	346	1	0	0	1	
71.6583	0.1	0.3	1	84.7501	0	187.391	199.432	0	346	1	0	0	1	
72.0101	0.1	0.3	1	85.4384	0	185.801	198.552	0	346	1	0	0	1	
72.3618	0.1	0.3	1	86.1101	0	184.195	197.684	0	346	1	0	0	1	
72.7136	0.1	0.3	1	86.7657	0	182.572	196.825	0	346	1	0	0	1	
73.0653	0.1	0.3	0	87.4054	195.978	2.08693e-05	195.978	2.08693e-05	346	1	0	0	1	
73.4171	0.1	0.3	0	88.0298	195.141	2.28642e-05	195.141	2.28642e-05	346	1	0	0	1	
73.7688	0.1	0.3	0	88.6392	194.315	3.25983e-06	194.315	3.25983e-06	346	1	0	0	1	
74.1206	0.1	0.3	0	89.2338	193.5	5.40914e-06	193.5	5.40914e-06	346	1	0	0	1	
74.4724	0.1	0.3	0	89.8141	192.696	4.01562e-05	192.696	4.01562e-05	346	1	0	0	1	
74.8241	0.1	0.3	0	90.3803	191.903	1.88711e-06	191.903	1.88711e-06	346	1	0	0	1	
75.1759	0.1	0.3	0	90.9327	191.122	2.62395e-06	191.122	2.62395e-06	346	1	0	0	1	
75.5276	0.1	0.3	0	91.4715	190.352	1.63818e-06	190.352	1.63818e-06	346	1	0	0	1	
75.8794	0.1	0.3	0	91.997	189.594	9.69845e-06	189.594	9.69845e-06	346	1	0	0	1	
76.2312	0.1	0.3	0	92.5094	188.848	2.56801e-05	188.848	2.56801e-05	346	1	0	0	1	
76.5829	0.1	0.3	0	93.009	188.113	1.97095e-06	188.113	1.97095e-06	346	1	0	0	1	
76.9347	0.1	0.3	0	93.4958	187.391	3.87012e-06	187.391	3.87012e-06	346	1	0	0	1	
77.2864	0.1	0.3	0	93.9702	186.68	4.52473e-05	186.68	4.52473e-05	346	1	0	0	1	
77.6382	0.1	0.3	0	94.4322	185.982	5.60033e-06	185.982	5.60033e-06	346	1	0	0	1	
77.9899	0.1	0.3	0	94.8821	185.297	2.31354e-05	185.297	2.31354e-05	346	1	0	0	1	
78.3417	0.1	0.3	0	95.3199	184.624	1.27996e-05	184.624	1.27996e-05	346	1	0	0	1	
78.6935	0.1	0.3	0	95.7459	183.965	4.50423e-05	183.965	4.50423e-05	346	1	0	0	1	
79.0452	0.1	0.3	0	96.1601	183.318	1.59876e-05	183.318	1.59876e-05	346	1	0	0	1	
79.397	0.1	0.3	0	96.5627	182.684	3.94461e-06	182.684	3.94461e-06	346	1	0	0	1	
79.7487	0.1	0.3	0	96.9538	182.065	2.43521e-06	182.065	2.43521e-06	346	1	0	0	1	
80.1005	0.1	0.3	0	97.3335	181.458	8.34602e-06	181.458	8.34602e-06	346	1	0	0	1	
80.4523	0.1	0.3	0	97.7019	180.866	9.51156e-06	180.866	9.51156e-06	346	1	0	0	1	
80.804	0.1	0.3	0	98.0591	180.287	2.80693e-05	180.287	2.80693e-05	346	1	0	0	1	
81.1558	0.1	0.3	0	98.4052	179.723	9.63388e-07	179.723	9.63388e-07	346	1	0	0	1	
81.5075	0.1	0.3	0	98.7403	179.173	2.274e-06	179.173	2.274e-06	346	1	0	0	1	
81.8593	0.1	0.3	0	99.0644	178.637	2.56755e-05	178.637	2.56755e-05	346	1	0	0	1	
82.2111	0.1	0.3	0	99.3777	178.117	1.19863e-05	178.117	1.19863e-05	346	1	0	0	1	
82.5628	0.1	0.3	0	99.6801	177.611	7.75436e-06	177.611	7.75436e-06	346	1	0	0	1	
82.9146	0.1	0.3	0	99.9717	177.121	1.82388e-06	177.121	1.82388e-06	346	1	0	0	1	
83.2663	0.1	0.3	0	100.253	176.646	1.88928e-06	176.646	1.88928e-06	346	1	0	0	1	
83.6181	0.1	0.3	0	100.523	176.186	6.28978e-06	176.186	6.28978e-06	346	1	0	0	1	
83.9698	0.1	0.3	0	100.782	175.742	2.79214e-06	175.742	2.79214e-06	346	1	0	0	1	
84.3216	0.1	0.3	0	101.032	175.315	4.2136e-05	175.315	4.2136e-05	346	1	0	0	1	
84.6734	0.1	0.3	0	101.27	174.903	4.33413e-06	174.903	4.33413e-06	346	1	0	0	1	
85.0251	0.1	0.3	0	101.498	174.508	4.91255e-06	174.508	4.91255e-06	346	1	0	0	1	
85.3769	0.1	0.3	0	101.715	174.129	2.06961e-05	174.129	2.06961e-05	346	1	0	0	1	
85.7286	0.1	0.3	0	101.922	173.767	8.23728e-06	173.767	8.23728e-06	346	1	0	0	1	
86.0804	0.1	0.3	0	102.119	173.422	2.22038e-05	173.422	2.22038e-05	346	1	0	0	1	
86.4322	0.1	0.3	0	102.305	173.094	2.5874e-06	173.094	2.5874e-06	346	1	0	0	1	
86.7839	0.1	0.3	0	102.481	172.783	3.62714e-06	172.783	3.62714e-06	346	1	0	0	1	
87.1357	0.1	0.3	0	102.646	172.49	4.47768e-06	172.49	4.47768e-06	346	1	0	0	1	
87.4874	0.1	0.3	0	102.801	172.214	1.45588e-05	172.214	1.45588e-05	346	1	0	0	1	
87.8392	0.1	0.3	0	102.945	171.957	2.0876e-06	171.957	2.0876e-06	346	1	0	0	1	
88.191	0.1	0.3	0	103.079	171.717	2.28134e-07	171.717	2.28134e-07	346	1	0	0	1	
88.5427	0.1	0.3	0	103.202	171.495	4.42405e-06	171.495	4.42405e-06	346	1	0	0	1	
88.8945	0.1	0.3	0	103.315	171.292	1.51084e-05	171.292	1.51084e-05	346	1	0	0	1	
89.2462	0.1	0.3	0	103.417	171.107	1.02315e-05	171.107	1.02315e-05	346	1	0	0	1	
89.598	0.1	0.3	0	103.509	170.941	4.39836e-05	170.941	4.39836e-05	346	1	0	0	1	
89.9497	0.1	0.3	0	103.591	170.794	1.66019e-05	170.794	1.66019e-05	346	1	0	0	1	
90.3015	0.1	0.3	0	103.661	170.666	1.19778e-07	170.666	1.19778e-07	346	1	0	0	1	
90.6533	0.1	0.3	0	103.721	170.557	7.21099e-07	170.557	7.21099e-07	346	1	0	0	1	
91.005	0.1	0.3	0	103.771	170.467	1.19825e-05	170.467	1.19825e-05	346	1	0	0	1	
91.3568	0.1	0.3	0	103.81	170.396	3.03672e-06	170.396	3.03672e-06	346	1	0	0	1	
91.7085	0.1	0.3	0	103.837	170.346	2.20463e-05	170.346	2.20463e-05	346	1	0	0	1	
92.0603	0.1	0.3	0	103.855	170.314	4.19749e-06	170.314	4.19749e-06	346	1	0	0	1	
92.4121	0.1	0.3	0	103.861	170.303	2.06499e-05	170.303	2.06499e-05	346	1	0	0	1	
92.7638	0.1	0.3	0	103.856	170.312	1.34422e-06	170.312	1.34422e-06	346	1	0	0	1	
93.1156	0.1	0.3	0	103.84	170.34	3.30342e-06	170.34	3.30342e-06	346	1	0	0	1	
93.4673	0.1	0.3	0	103.813	170.389	1.31794e-05	170.389	1.31794e-05	346	1	0	0	1	
93.8191	0.1	0.3	0	103.775	170.459	1.62962e-05	170.459	1.62962e-05	346	1	0	0	1	
94.1709	0.1	0.3	0	103.726	170.549	1.65923e-05	170.549	1.65923e-05	346	1	0	0	1	
94.5226	0.1	0.3	0	103.665	170.659	6.3313e-06	170.659	6.3313e-06	346	1	0	0	1	
94.8744	0.1	0.3	0	103.592	170.791	1.87281e-06	170.791	1.87281e-06	346	1	0	0	1	
95.2261	0.1	0.3	0	103.508	170.944	1.41626e-05	170.944	1.41626e-05	346	1	0	0	1	
95.5779	0.1	0.3	0	103.411	171.118	2.5745e-06	171.118	2.5745e-06	346	1	0	0	1	
95.9296	0.1	0.3	0	103.334	171.258	7.93427e-06	171.258	7.93427e-06	346	1	0	0	1	
96.2814	0.1	0.3	0	103.345	171.239	7.20589e-06	171.239	7.20589e-06	346	1	0	0	1	
96.6332	0.1	0.3	0	103.355	171.22	2.00406e-05	171.22	2.00406e-05	346	1	0	0	1	
96.9849	0.1	0.3	0	103.365	171.203	3.14562e-06	171.203	3.14562e-06	346	1	0	0	1	
97.3367	0.1	0.3	0	103.374	171.185	1.46493e-05	171.185	1.46493e-05	346	1	0	0	1	
97.6884	0.1	0.3	0	103.384	171.168	3.93623e-06	171.168	3.93623e-06	346	1	0	0	1	
98.0402	0.1	0.3	0	103.393	171.152	2.68266e-06	171.152	2.68266e-06	346	1	0	0	1	
98.392	0.1	0.3	0	103.402	171.135	8.46341e-06	171.135	8.46341e-06	346	1	0	0	1	
98.7437	0.1	0.3	0	103.411	171.119	3.15949e-06	171.119	3.15949e-06	346	1	0	0	1	
99.0955	0.1	0.3	0	103.42	171.103	1.3053e-05	171.103	1.3053e-05	346	1	0	0	1	
99.4472	0.1	0.3	0	103.429	171.087	3.93991e-05	171.087	3.93991e-05	346	1	0	0	1	
99.799	0.1	0.3	0	103.437	171.071	1.35307e-05	171.071	1.35307e-05	346	1	0	0	1	
100.151	0.1	0.3	0	103.446	171.056	7.62895e-06	171.056	7.62895e-06	346	1	0	0	1	
100.503	0.1	0.3	0	103.454	171.041	9.53906e-06	171.041	9.53906e-06	346	1	0	0	1	
100.854	0.1	0.3	0	103.463	171.026	1.66443e-05	171.026	1.66443e-05	346	1	0	0	1	
101.206	0.1	0.3	0	103.471	171.011	4.57492e-06	171.011	4.57492e-06	346	1	0	0	1	
101.558	0.1	0.3	0	103.479	170.996	1.20516e-06	170.996	1.20516e-06	346	1	0	0	1	
101.91	0.1	0.3	0	103.487	170.981	2.62391e-05	170.981	2.62391e-05	346	1	0	0	1	
102.261	0.1	0.3	0	103.495	170.966	1.1934e-05	170.966	1.1934e-05	346	1	0	0	1	
102.613	0.1	0.3	0	103.503	170.952	1.93584e-05	170.952	1.93584e-05	346	1	0	0	1	
102.965	0.1	0.3	0	103.511	170.937	3.82776e-06	170.937	3.82776e-06	346	1	0	0	1	
103.317	0.1	0.3	0	103.519	170.923	2.30436e-06	170.923	2.30436e-06	346	1	0	0	1	
103.668	0.1	0.3	0	103.527	170.909	6.95037e-07	170.909	6.95037e-07	346	1	0	0	1	
104.02	0.1	0.3	0	103.535	170.895	6.83432e-06	170.895	6.83432e-06	346	1	0	0	1	
104.372	0.1	0.3	0	103.543	170.881	4.37136e-06	170.881	4.37136e-06	346	1	0	0	1	
104.724	0.1	0.3	0	103.55	170.867	1.74844e-05	170.867	1.74844e-05	346	1	0	0	1	
105.075	0.1	0.3	0	103.558	170.853	1.04774e-05	170.853	1.04774e-05	346	1	0	0	1	
105.427	0.1	0.3	0	103.565	170.84	1.19826e-05	170.84	1.19826e-05	346	1	0	0	1	
105.779	0.1	0.3	0	103.573	170.826	2.65261e-05	170.826	2.65261e-05	346	1	0	0	1	
106.131	0.1	0.3	0	103.58	170.813	1.51972e-05	170.813	1.51972e-05	346	1	0	0	1	
106.482	0.1	0.3	0	103.588	170.799	3.64637e-06	170.799	3.64637e-06	346	1	0	0	1	
106.834	0.1	0.3	0	103.595	170.786	2.28181e-05	170.786	2.28181e-05	346	1	0	0	1	
107.186	0.1	0.3	0	103.603	170.772	1.15703e-05	170.772	1.15703e-05	346	1	0	0	1	
107.538	0.1	0.3	0	103.61	170.759	9.97586e-06	170.759	9.97586e-06	346	1	0	0	1	
107.889	0.1	0.3	0	103.617	170.746	1.58744e-06	170.746	1.58744e-06	346	1	0	0	1	
108.241	0.1	0.3	0	103.624	170.733	3.37558e-06	170.733	3.37558e-06	346	1	0	0	1	
108.593	0.1	0.3	0	103.631	170.72	1.16347e-05	170.72	1.16347e-05	346	1	0	0	1	
108.945	0.1	0.3	0	103.639	170.707	4.22012e-06	170.707	4.22012e-06	346	1	0	0	1	
109.296	0.1	0.3	0	103.646	170.694	1.49726e-05	170.694	1.49726e-05	346	1	0	0	1	
109.648	0.1	0.3	0	103.653	170.681	1.38088e-05	170.681	1.38088e-05	346	1	0	0	1	
110	0.1	0.3	0	103.66	170.668	1.63963e-06	170.668	1.63963e-06	346	1	0	0	1	
