40	0.1	0.3	-2	0	0	0	0	0	173	0	0	0	1	
40.7071	0.1	0.3	-2	0	0	0	0	0	173	0	0	0	1	
41.4141	0.1	0.3	-2	0	0	0	0	0	173	0	0	0	1	
42.1212	0.1	0.3	-2	0	0	0	0	0	173	0	0	0	1	
42.8283	0.1	0.3	-2	0	0	0	0	0	173	0	0	0	1	
43.5354	0.1	0.3	-2	0	0	0	0	0	173	0	0	0	1	
44.2424	0.1	0.3	-2	0	0	0	0	0	173	0	0	0	1	
44.9495	0.1	0.3	1	22.9579	-247.473	-3.68154e-06	-1.58184e-08	266.62	173	0	0	0	1	
45.6566	0.1	0.3	1	36.7306	-246.884	-1.84899e-05	-3.48956e-05	265.045	173	0	0	0	1	
46.3636	0.1	0.3	1	43.8439	-246.106	-1.22254e-05	-3.80706e-05	263.443	173	0	0	0	1	
47.0707	0.1	0.3	1	49.1813	-245.215	-2.73567e-05	7.30776e-07	261.808	173	0	0	0	1	
47.7778	0.1	0.3	1	53.6166	-244.238	-4.86002e-05	-8.37952e-05	260.136	173	0	0	0	1	
48.4848	0.1	0.3	1	57.4863	-243.189	-2.69097e-06	-9.01289e-06	258.424	173	0	0	0	1	
49.1919	0.1	0.3	1	60.9727	-242.073	-4.86387e-07	5.9765e-07	256.67	173	0	0	0	1	
49.899	0.1	0.3	1	64.1662	-240.899	1.19864e-05	5.17881e-06	254.872	173	0	0	0	1	
50.6061	0.1	0.3	1	67.1343	-239.669	1.75729e-05	2.31425e-06	253.027	173	0	0	0	1	
51.3131	0.1	0.3	1	69.9211	-238.384	-8.13269e-07	3.244e-07	251.135	173	0	0	0	1	
52.0202	0.1	0.3	1	72.558	-237.047	2.92437e-06	1.52355e-05	249.191	173	0	0	0	1	
52.7273	0.1	0.3	1	75.0682	-235.659	3.10423e-05	-3.09435e-06	247.193	173	0	0	0	1	
53.4343	0.1	0.3	1	77.4696	-234.22	-2.68928e-06	4.59133e-06	245.136	173	0	0	0	1	
54.1414	0.1	0.3	1	79.776	-232.732	-5.82996e-06	1.49809e-05	243.016	173	0	0	0	1	
54.8485	0.1	0.3	1	81.9981	-231.193	3.96294e-06	-1.48438e-05	240.825	173	0	0	0	1	
55.5556	0.1	0.3	1	84.1445	-229.606	-3.12243e-06	2.66198e-05	238.554	173	0	0	0	1	
56.2626	0.1	0.3	1	86.2222	-227.969	-7.92466e-06	9.72802e-06	236.186	173	0	0	0	1	
56.9697	0.1	0.3	1	88.2361	-226.285	-1.13742e-05	-2.48182e-05	233.688	173	0	0	0	1	
57.6768	0.1	0.3	1	90.189	224.554	-7.5998e-06	1.25873e-05	230.956	173	0	0	0	1	
58.3838	0.1	0.3	1	92.0749	222.787	6.86425e-06	1.939e-05	227.556	173	0	0	0	1	
59.0909	0.1	0.3	1	93.9065	220.977	8.09933e-05	2.23095e-05	225.221	173	0	0	0	1	
59.798	0.1	0.3	1	95.6974	219.111	-2.58904e-06	2.18247e-05	222.85	173	0	0	0	1	
60.5051	0.1	0.3	1	97.4505	217.189	1.71462e-05	-1.90299e-05	220.432	173	0	0	0	1	
61.2121	0.1	0.3	1	99.1684	215.207	-1.19637e-05	-2.01656e-05	217.965	173	0	0	0	1	
61.9192	0.1	0.3	1	100.853	213.164	2.02145e-05	5.08117e-06	215.445	173	0	0	0	1	
62.6263	0.1	0.3	1	102.508	211.054	-3.46837e-05	-2.78864e-06	212.871	173	0	0	0	1	
63.3333	0.1	0.3	1	104.133	208.876	-2.58172e-06	-3.99917e-06	210.24	173	0	0	0	1	
64.0404	0.1	0.3	1	105.73	206.623	1.20949e-05	-2.6562e-07	207.549	173	0	0	0	1	
64.7475	0.1	0.3	1	107.302	204.291	1.63046e-05	6.47394e-06	204.796	173	0	0	0	1	
65.4545	0.1	0.3	1	108.85	201.873	1.48584e-05	-2.24863e-05	201.978	173	0	0	0	1	
66.1616	0.1	0.3	1	110.374	199.36	-1.4407e-05	2.51921e-05	199.092	173	0	0	0	1	
66.8687	0.1	0.3	1	111.877	196.74	-3.6496e-05	-2.80023e-06	196.134	173	0	0	0	1	
67.5758	0.1	0.3	1	113.359	193.998	-1.71122e-05	6.63871e-06	193.102	173	0	0	0	1	
68.2828	0.1	0.3	1	114.823	191.113	4.16049e-05	-1.25922e-06	189.989	173	0	0	0	1	
68.9899	0.1	0.3	1	116.27	188.05	-9.91004e-06	1.07531e-05	186.793	173	0	0	0	1	
69.697	0.1	0.3	1	117.702	184.749	-3.98087e-05	8.95333e-06	183.507	173	0	0	0	1	
70.404	0.1	0.3	1	119.125	181.077	1.96567e-05	8.83461e-07	180.124	173	0	0	0	1	
71.1111	0.1	0.3	1	120.55	176.372	-8.6208e-06	-7.34747e-07	176.632	173	0	0	0	1	
71.8182	0.1	0.3	1	121.996	171.205	-4.2683e-05	2.23692e-06	173.017	173	0	0	0	1	
72.5253	0.1	0.3	1	123.442	167.138	4.18087e-06	5.2321e-05	169.277	173	0	0	0	1	
73.2323	0.1	0.3	1	124.902	162.151	-1.11744e-05	2.57299e-05	165.397	173	0	0	0	1	
73.9394	0.1	0.3	1	126.353	158.204	-7.93498e-06	9.78443e-06	161.379	173	0	0	0	1	
74.6465	0.1	0.3	1	127.794	153.91	-1.70914e-05	5.41628e-06	157.209	173	0	0	0	1	
75.3535	0.1	0.3	1	129.23	148.913	-1.0619e-05	-1.56595e-05	152.874	173	0	0	0	1	
76.0606	0.1	0.3	1	130.685	142.144	4.54746e-05	1.27101e-05	148.34	173	0	0	0	1	
76.7677	0.1	0.3	4	132.172	137.563	1.66373e-05	6.53053e-06	143.577	173	0	0	0	1	
77.4747	0.1	0.3	4	133.647	132.934	8.9905e-06	1.76346e-05	138.587	173	0	0	0	1	
78.1818	0.1	0.3	4	135.108	128.1	8.50402e-05	1.55042e-05	133.342	173	0	0	0	1	
78.8889	0.1	0.3	4	136.554	123.02	-4.38043e-05	1.6228e-05	127.804	173	0	0	0	1	
79.596	0.1	0.3	4	137.985	117.655	4.10836e-05	-3.03838e-06	121.925	173	0	0	0	1	
80.303	0.1	0.3	4	139.398	111.96	3.83522e-06	1.57136e-06	115.639	173	0	0	0	1	
81.0101	0.1	0.3	4	140.79	105.883	-1.56601e-06	-8.06322e-06	108.846	173	0	0	0	1	
81.7172	0.1	0.3	4	142.157	99.3602	-1.40668e-05	1.03977e-05	101.384	173	0	0	0	1	
82.4242	0.1	0.3	4	143.487	92.329	6.73062e-07	5.49538e-06	92.8757	173	0	0	0	1	
83.1313	0.1	0.3	1	144.734	84.9135	1.37724e-05	7.5108e-06	81.5028	173	0	0	0	1	
83.8384	0.1	0.3	1	145.89	77.0249	-1.37554e-05	1.50956e-05	72.4418	173	0	0	0	1	
84.5455	0.1	0.3	1	146.973	68.2645	-8.58571e-07	-5.21768e-06	62.1595	173	0	0	0	1	
85.2525	0.1	0.3	1	147.949	58.3355	-2.51861e-05	5.29457e-07	49.9341	173	0	0	0	1	
85.9596	0.1	0.3	1	148.711	47.4453	-6.47221e-06	-1.17624e-05	34.0347	173	0	0	0	1	
86.6667	0.1	0.3	-2	0	0	0	0	0	173	0	0	0	1	
87.3737	0.1	0.3	1	148.996	41.0835	1.7584e-05	5.48571e-06	1.92062e-05	173	0	0	0	1	
88.0808	0.1	0.3	1	148.99	41.0842	-2.05243e-06	-3.01255e-06	-1.67775e-05	173	0	0	0	1	
88.7879	0.1	0.3	1	148.985	41.0854	2.7927e-06	2.99516e-06	-2.7055e-05	173	0	0	0	1	
89.4949	0.1	0.3	1	148.98	41.0875	-7.65003e-06	-1.60889e-05	6.99172e-06	173	0	0	0	1	
90.202	0.1	0.3	1	148.975	41.0907	5.95798e-06	2.16697e-07	1.55592e-05	173	0	0	0	1	
90.9091	0.1	0.3	1	148.97	41.0959	4.29745e-06	1.26842e-05	-1.15496e-05	173	0	0	0	1	
91.6162	0.1	0.3	1	148.965	41.1047	8.75259e-06	-6.80251e-07	-8.61929e-06	173	0	0	0	1	
92.3232	0.1	0.3	1	148.961	41.1206	3.3301e-06	-1.22084e-05	-1.38615e-05	173	0	0	0	1	
93.0303	0.1	0.3	1	148.958	41.152	1.30079e-05	1.64867e-05	3.31438e-06	173	0	0	0	1	
93.7374	0.1	0.3	1	148.959	42.7891	-9.49299e-06	1.22411e-05	1.08157e-05	173	0	0	0	1	
94.4444	0.1	0.3	1	149.024	44.0658	-1.97016e-06	-1.50897e-05	4.6392e-06	173	0	0	0	1	
95.1515	0.1	0.3	1	149.12	43.1007	6.89889e-06	-9.0501e-06	1.19045e-05	173	0	0	0	1	
95.8586	0.1	0.3	1	149.185	42.6049	1.2329e-06	4.9213e-06	3.1262e-06	173	0	0	0	1	
96.5657	0.1	0.3	1	149.234	42.3791	6.74512e-06	1.00159e-05	-1.71942e-05	173	0	0	0	1	
97.2727	0.1	0.3	1	149.274	42.2405	3.64531e-06	1.11613e-05	-6.5004e-06	173	0	0	0	1	
97.9798	0.1	0.3	1	149.309	42.1449	-4.05698e-06	-1.5183e-05	1.20592e-05	173	0	0	0	1	
98.6869	0.1	0.3	1	149.34	42.0747	-9.17122e-07	2.33839e-05	7.09306e-07	173	0	0	0	1	
99.3939	0.1	0.3	1	149.369	42.0205	1.18058e-05	2.45714e-06	3.48522e-06	173	0	0	0	1	
100.101	0.1	0.3	1	149.395	41.9773	-1.36503e-05	-4.51304e-06	6.91082e-06	173	0	0	0	1	
100.808	0.1	0.3	1	149.42	41.9419	-1.91428e-06	8.85012e-06	-3.70317e-06	173	0	0	0	1	
101.515	0.1	0.3	1	149.443	41.9126	2.76019e-06	7.25219e-06	2.78702e-06	173	0	0	0	1	
102.222	0.1	0.3	1	149.465	41.8879	-1.1009e-05	-1.71539e-05	-5.55389e-06	173	0	0	0	1	
102.929	0.1	0.3	1	149.486	41.8667	-2.08303e-06	-1.18908e-05	-3.50521e-06	173	0	0	0	1	
103.636	0.1	0.3	1	149.506	41.8484	5.12364e-06	-1.55065e-05	-2.17934e-05	173	0	0	0	1	
104.343	0.1	0.3	1	149.525	41.8324	4.11893e-06	1.6686e-07	5.03063e-06	173	0	0	0	1	
105.051	0.1	0.3	1	149.543	41.8185	4.97428e-06	-1.61246e-05	-1.08292e-05	173	0	0	0	1	
105.758	0.1	0.3	1	149.561	41.8061	-4.03639e-06	-1.79821e-05	-1.40521e-05	173	0	0	0	1	
106.465	0.1	0.3	1	149.578	41.7951	1.40493e-05	-1.35231e-05	-2.23836e-05	173	0	0	0	1	
107.172	0.1	0.3	1	149.594	41.7854	-9.00503e-06	-8.65846e-06	5.08891e-06	173	0	0	0	1	
107.879	0.1	0.3	1	149.61	41.7766	4.02024e-06	1.26132e-05	-3.45755e-07	173	0	0	0	1	
108.586	0.1	0.3	1	149.625	41.7687	-8.11253e-06	-1.71008e-05	3.27959e-06	173	0	0	0	1	
109.293	0.1	0.3	1	149.64	41.7616	7.31173e-06	-1.44452e-05	-1.9736e-05	173	0	0	0	1	
110	0.1	0.3	1	149.655	41.7552	-1.00041e-05	-9.21068e-06	4.58167e-06	173	0	0	0	1	
