40	0.1	0.3	-2	0	0	0	0	0	173	1	0	0	1	
40.3518	0.1	0.3	-2	0	0	0	0	0	173	1	0	0	1	
40.7035	0.1	0.3	-2	0	0	0	0	0	173	1	0	0	1	
41.0553	0.1	0.3	-2	0	0	0	0	0	173	1	0	0	1	
41.407	0.1	0.3	-2	0	0	0	0	0	173	1	0	0	1	
41.7588	0.1	0.3	-2	0	0	0	0	0	173	1	0	0	1	
42.1106	0.1	0.3	-2	0	0	0	0	0	173	1	0	0	1	
42.4623	0.1	0.3	-2	0	0	0	0	0	173	1	0	0	1	
42.8141	0.1	0.3	-2	0	0	0	0	0	173	1	0	0	1	
43.1658	0.1	0.3	-2	0	0	0	0	0	173	1	0	0	1	
43.5176	0.1	0.3	-2	0	0	0	0	0	173	1	0	0	1	
43.8693	0.1	0.3	-2	0	0	0	0	0	173	1	0	0	1	
44.2211	0.1	0.3	-2	0	0	0	0	0	173	1	0	0	1	
44.5729	0.1	0.3	-2	0	0	0	0	0	173	1	0	0	1	
44.9246	0.1	0.3	-2	0	0	0	0	0	173	1	0	0	1	
45.2764	0.1	0.3	-2	0	0	0	0	0	173	1	0	0	1	
45.6281	0.1	0.3	-2	0	0	0	0	0	173	1	0	0	1	
45.9799	0.1	0.3	-2	0	0	0	0	0	173	1	0	0	1	
46.3317	0.1	0.3	-2	0	0	0	0	0	173	1	0	0	1	
46.6834	0.1	0.3	-2	0	0	0	0	0	173	1	0	0	1	
47.0352	0.1	0.3	-2	0	0	0	0	0	173	1	0	0	1	
47.3869	0.1	0.3	-2	0	0	0	0	0	173	1	0	0	1	
47.7387	0.1	0.3	-2	0	0	0	0	0	173	1	0	0	1	
48.0905	0.1	0.3	-2	0	0	0	0	0	173	1	0	0	1	
48.4422	0.1	0.3	-2	0	0	0	0	0	173	1	0	0	1	
48.794	0.1	0.3	-2	0	0	0	0	0	173	1	0	0	1	
49.1457	0.1	0.3	-2	0	0	0	0	0	173	1	0	0	1	
49.4975	0.1	0.3	-2	0	0	0	0	0	173	1	0	0	1	
49.8492	0.1	0.3	-2	0	0	0	0	0	173	1	0	0	1	
50.201	0.1	0.3	-2	0	0	0	0	0	173	1	0	0	1	
50.5528	0.1	0.3	-2	0	0	0	0	0	173	1	0	0	1	
50.9045	0.1	0.3	-2	0	0	0	0	0	173	1	0	0	1	
51.2563	0.1	0.3	-2	0	0	0	0	0	173	1	0	0	1	
51.608	0.1	0.3	-2	0	0	0	0	0	173	1	0	0	1	
51.9598	0.1	0.3	-2	0	0	0	0	0	173	1	0	0	1	
52.3116	0.1	0.3	-2	0	0	0	0	0	173	1	0	0	1	
52.6633	0.1	0.3	-2	0	0	0	0	0	173	1	0	0	1	
53.0151	0.1	0.3	-2	0	0	0	0	0	173	1	0	0	1	
53.3668	0.1	0.3	-2	0	0	0	0	0	173	1	0	0	1	
53.7186	0.1	0.3	1	22.8536	0	250.202	244.28	0	173	1	0	0	1	
54.0704	0.1	0.3	1	31.73	0	248.714	241.299	0	173	1	0	0	1	
54.4221	0.1	0.3	1	36.8929	0	247.409	239.095	0	173	1	0	0	1	
54.7739	0.1	0.3	1	40.8054	0	246.169	237.188	0	173	1	0	0	1	
55.1256	0.1	0.3	1	44.0471	0	244.962	235.449	0	173	1	0	0	1	
55.4774	0.1	0.3	1	46.8587	0	243.774	233.822	0	173	1	0	0	1	
55.8291	0.1	0.3	1	49.3664	0	242.597	232.275	0	173	1	0	0	1	
56.1809	0.1	0.3	1	51.6451	0	241.426	230.79	0	173	1	0	0	1	
56.5327	0.1	0.3	1	53.7438	0	240.258	229.354	0	173	1	0	0	1	
56.8844	0.1	0.3	1	55.6961	0	239.092	227.958	0	173	1	0	0	1	
57.2362	0.1	0.3	1	57.5265	0	237.924	226.596	0	173	1	0	0	1	
57.5879	0.1	0.3	1	59.2531	0	236.755	225.262	0	173	1	0	0	1	
57.9397	0.1	0.3	1	60.8902	0	235.582	223.954	0	173	1	0	0	1	
58.2915	0.1	0.3	1	62.4487	0	234.406	222.668	0	173	1	0	0	1	
58.6432	0.1	0.3	1	63.9376	0	233.224	221.402	0	173	1	0	0	1	
58.995	0.1	0.3	1	65.3641	0	232.037	220.154	0	173	1	0	0	1	
59.3467	0.1	0.3	1	66.7344	0	230.845	218.922	0	173	1	0	0	1	
59.6985	0.1	0.3	1	68.0535	0	229.646	217.705	0	173	1	0	0	1	
60.0503	0.1	0.3	1	69.3257	0	228.44	216.503	0	173	1	0	0	1	
60.402	0.1	0.3	1	70.5546	0	227.227	215.313	0	173	1	0	0	1	
60.7538	0.1	0.3	1	71.7433	0	226.007	214.137	0	173	1	0	0	1	
61.1055	0.1	0.3	1	72.8946	0	224.779	212.972	0	173	1	0	0	1	
61.4573	0.1	0.3	1	74.0108	0	223.543	211.818	0	173	1	0	0	1	
61.809	0.1	0.3	1	75.094	0	222.299	210.676	0	173	1	0	0	1	
62.1608	0.1	0.3	1	76.1458	0	221.046	209.545	0	173	1	0	0	1	
62.5126	0.1	0.3	1	77.1676	0	219.785	208.425	0	173	1	0	0	1	
62.8643	0.1	0.3	1	78.1603	0	218.515	207.317	0	173	1	0	0	1	
63.2161	0.1	0.3	1	79.1236	0	217.236	206.222	0	173	1	0	0	1	
63.5678	0.1	0.3	1	80.062	0	215.948	205.137	0	173	1	0	0	1	
63.9196	0.1	0.3	1	80.9776	0	214.65	204.061	0	173	1	0	0	1	
64.2714	0.1	0.3	1	81.8714	0	213.341	202.992	0	173	1	0	0	1	
64.6231	0.1	0.3	1	82.7443	0	212.022	201.932	0	173	1	0	0	1	
64.9749	0.1	0.3	1	83.5972	0	210.692	200.88	0	173	1	0	0	1	
65.3266	0.1	0.3	1	84.4308	0	209.351	199.835	0	173	1	0	0	1	
65.6784	0.1	0.3	1	85.2458	0	207.998	198.799	0	173	1	0	0	1	
66.0302	0.1	0.3	1	86.0428	0	206.634	197.77	0	173	1	0	0	1	
66.3819	0.1	0.3	1	86.8226	0	205.257	196.749	0	173	1	0	0	1	
66.7337	0.1	0.3	1	87.5856	0	203.869	195.736	0	173	1	0	0	1	
67.0854	0.1	0.3	1	88.3323	0	202.468	194.731	0	173	1	0	0	1	
67.4372	0.1	0.3	1	89.0632	0	201.054	193.734	0	173	1	0	0	1	
67.7889	0.1	0.3	1	89.7788	0	199.628	192.745	0	173	1	0	0	1	
68.1407	0.1	0.3	1	90.4794	0	198.188	191.763	0	173	1	0	0	1	
68.4925	0.1	0.3	1	91.1654	0	196.734	190.79	0	173	1	0	0	1	
68.8442	0.1	0.3	1	91.8373	0	195.266	189.825	0	173	1	0	0	1	
69.196	0.1	0.3	1	92.4953	0	193.785	188.868	0	173	1	0	0	1	
69.5477	0.1	0.3	1	93.1397	0	192.288	187.919	0	173	1	0	0	1	
69.8995	0.1	0.3	1	93.7709	0	190.777	186.979	0	173	1	0	0	1	
70.2513	0.1	0.3	1	94.3891	0	189.25	186.047	0	173	1	0	0	1	
70.603	0.1	0.3	1	94.9945	0	187.707	185.124	0	173	1	0	0	1	
70.9548	0.1	0.3	1	95.5875	0	186.149	184.21	0	173	1	0	0	1	
71.3065	0.1	0.3	1	96.1682	0	184.573	183.305	0	173	1	0	0	1	
71.6583	0.1	0.3	1	96.7368	0	182.981	182.409	0	173	1	0	0	1	
72.0101	0.1	0.3	1	97.2935	0	181.372	181.522	0	173	1	0	0	1	
72.3618	0.1	0.3	1	97.8386	0	179.745	180.644	0	173	1	0	0	1	
72.7136	0.1	0.3	1	98.3721	0	178.099	179.776	0	173	1	0	0	1	
73.0653	0.1	0.3	1	98.8944	0	176.435	178.918	0	173	1	0	0	1	
73.4171	0.1	0.3	1	99.4054	0	174.751	178.07	0	173	1	0	0	1	
73.7688	0.1	0.3	1	99.9055	0	173.048	177.232	0	173	1	0	0	1	
74.1206	0.1	0.3	1	100.395	0	171.324	176.404	0	173	1	0	0	1	
74.4724	0.1	0.3	1	100.873	0	169.579	175.587	0	173	1	0	0	1	
74.8241	0.1	0.3	1	101.341	0	167.812	174.78	0	173	1	0	0	1	
75.1759	0.1	0.3	1	101.798	0	166.023	173.985	0	173	1	0	0	1	
75.5276	0.1	0.3	1	102.245	0	164.211	173.2	0	173	1	0	0	1	
75.8794	0.1	0.3	1	102.681	0	162.374	172.427	0	173	1	0	0	1	
76.2312	0.1	0.3	1	103.107	0	160.513	171.665	0	173	1	0	0	1	
76.5829	0.1	0.3	1	103.524	0	158.627	170.915	0	173	1	0	0	1	
76.9347	0.1	0.3	0	103.93	170.177	1.6949e-05	170.177	1.6949e-05	173	1	0	0	1	
77.2864	0.1	0.3	0	104.326	169.452	7.2253e-06	169.452	7.2253e-06	173	1	0	0	1	
77.6382	0.1	0.3	0	104.712	168.738	1.88435e-05	168.738	1.88435e-05	173	1	0	0	1	
77.9899	0.1	0.3	0	105.088	168.038	2.2161e-05	168.038	2.2161e-05	173	1	0	0	1	
78.3417	0.1	0.3	0	105.455	167.35	6.19816e-06	167.35	6.19816e-06	173	1	0	0	1	
78.6935	0.1	0.3	0	105.812	166.675	8.66534e-07	166.675	8.66534e-07	173	1	0	0	1	
79.0452	0.1	0.3	0	106.159	166.014	1.51371e-05	166.014	1.51371e-05	173	1	0	0	1	
79.397	0.1	0.3	0	106.497	165.367	1.60956e-05	165.367	1.60956e-05	173	1	0	0	1	
79.7487	0.1	0.3	0	106.825	164.733	2.13291e-05	164.733	2.13291e-05	173	1	0	0	1	
80.1005	0.1	0.3	0	107.144	164.113	3.98771e-05	164.113	3.98771e-05	173	1	0	0	1	
80.4523	0.1	0.3	0	107.453	163.508	2.13013e-05	163.508	2.13013e-05	173	1	0	0	1	
80.804	0.1	0.3	0	107.753	162.917	2.84597e-06	162.917	2.84597e-06	173	1	0	0	1	
81.1558	0.1	0.3	0	108.044	162.342	2.46594e-05	162.342	2.46594e-05	173	1	0	0	1	
81.5075	0.1	0.3	0	108.325	161.781	4.77338e-06	161.781	4.77338e-06	173	1	0	0	1	
81.8593	0.1	0.3	0	108.596	161.236	4.00331e-06	161.236	4.00331e-06	173	1	0	0	1	
82.2111	0.1	0.3	0	108.859	160.706	5.34214e-06	160.706	5.34214e-06	173	1	0	0	1	
82.5628	0.1	0.3	0	109.112	160.192	1.87471e-05	160.192	1.87471e-05	173	1	0	0	1	
82.9146	0.1	0.3	0	109.356	159.694	4.92742e-06	159.694	4.92742e-06	173	1	0	0	1	
83.2663	0.1	0.3	0	109.591	159.213	8.727e-07	159.213	8.727e-07	173	1	0	0	1	
83.6181	0.1	0.3	0	109.816	158.748	3.81479e-06	158.748	3.81479e-06	173	1	0	0	1	
83.9698	0.1	0.3	0	110.033	158.3	1.00631e-05	158.3	1.00631e-05	173	1	0	0	1	
84.3216	0.1	0.3	0	110.24	157.869	5.15846e-06	157.869	5.15846e-06	173	1	0	0	1	
84.6734	0.1	0.3	0	110.437	157.455	4.24138e-06	157.455	4.24138e-06	173	1	0	0	1	
85.0251	0.1	0.3	0	110.626	157.059	2.33451e-05	157.059	2.33451e-05	173	1	0	0	1	
85.3769	0.1	0.3	0	110.805	156.681	4.39418e-05	156.681	4.39418e-05	173	1	0	0	1	
85.7286	0.1	0.3	0	110.976	156.321	5.92946e-07	156.321	5.92946e-07	173	1	0	0	1	
86.0804	0.1	0.3	0	111.137	155.979	7.23028e-06	155.979	7.23028e-06	173	1	0	0	1	
86.4322	0.1	0.3	0	111.288	155.655	1.41041e-05	155.655	1.41041e-05	173	1	0	0	1	
86.7839	0.1	0.3	0	111.431	155.35	3.73741e-05	155.35	3.73741e-05	173	1	0	0	1	
87.1357	0.1	0.3	0	111.564	155.064	1.70457e-05	155.064	1.70457e-05	173	1	0	0	1	
87.4874	0.1	0.3	0	111.688	154.797	1.40037e-05	154.797	1.40037e-05	173	1	0	0	1	
87.8392	0.1	0.3	0	111.803	154.55	1.79461e-05	154.55	1.79461e-05	173	1	0	0	1	
88.191	0.1	0.3	0	111.908	154.322	7.96299e-06	154.322	7.96299e-06	173	1	0	0	1	
88.5427	0.1	0.3	0	112.004	154.113	3.09627e-06	154.113	3.09627e-06	173	1	0	0	1	
88.8945	0.1	0.3	0	112.091	153.925	1.71675e-05	153.925	1.71675e-05	173	1	0	0	1	
89.2462	0.1	0.3	0	112.168	153.757	8.41877e-06	153.757	8.41877e-06	173	1	0	0	1	
89.598	0.1	0.3	0	112.236	153.609	1.05184e-05	153.609	1.05184e-05	173	1	0	0	1	
89.9497	0.1	0.3	0	112.294	153.482	5.20613e-06	153.482	5.20613e-06	173	1	0	0	1	
90.3015	0.1	0.3	0	112.343	153.375	5.64715e-06	153.375	5.64715e-06	173	1	0	0	1	
90.6533	0.1	0.3	0	112.382	153.289	1.34621e-05	153.289	1.34621e-05	173	1	0	0	1	
91.005	0.1	0.3	0	112.412	153.224	3.29989e-06	153.224	3.29989e-06	173	1	0	0	1	
91.3568	0.1	0.3	0	112.432	153.18	5.46049e-06	153.18	5.46049e-06	173	1	0	0	1	
91.7085	0.1	0.3	0	112.442	153.158	1.0752e-05	153.158	1.0752e-05	173	1	0	0	1	
92.0603	0.1	0.3	0	112.442	153.157	1.13077e-05	153.157	1.13077e-05	173	1	0	0	1	
92.4121	0.1	0.3	0	112.433	153.177	1.16401e-05	153.177	1.16401e-05	173	1	0	0	1	
92.7638	0.1	0.3	0	112.414	153.219	3.8571e-06	153.219	3.8571e-06	173	1	0	0	1	
93.1156	0.1	0.3	0	112.385	153.283	8.44028e-06	153.283	8.44028e-06	173	1	0	0	1	
93.4673	0.1	0.3	0	112.345	153.37	2.01486e-06	153.37	2.01486e-06	173	1	0	0	1	
93.8191	0.1	0.3	0	112.296	153.478	3.81061e-06	153.478	3.81061e-06	173	1	0	0	1	
94.1709	0.1	0.3	0	112.236	153.608	2.84035e-06	153.608	2.84035e-06	173	1	0	0	1	
94.5226	0.1	0.3	0	112.166	153.761	1.04863e-05	153.761	1.04863e-05	173	1	0	0	1	
94.8744	0.1	0.3	0	112.085	153.937	1.67357e-06	153.937	1.67357e-06	173	1	0	0	1	
95.2261	0.1	0.3	0	111.994	154.136	2.20042e-05	154.136	2.20042e-05	173	1	0	0	1	
95.5779	0.1	0.3	0	111.891	154.358	2.63634e-06	154.358	2.63634e-06	173	1	0	0	1	
95.9296	0.1	0.3	0	111.81	154.534	1.39477e-05	154.534	1.39477e-05	173	1	0	0	1	
96.2814	0.1	0.3	0	111.819	154.514	7.19544e-07	154.514	7.19544e-07	173	1	0	0	1	
96.6332	0.1	0.3	0	111.828	154.495	5.89657e-06	154.495	5.89657e-06	173	1	0	0	1	
96.9849	0.1	0.3	0	111.836	154.476	4.77266e-06	154.476	4.77266e-06	173	1	0	0	1	
97.3367	0.1	0.3	0	111.845	154.459	1.67288e-05	154.459	1.67288e-05	173	1	0	0	1	
97.6884	0.1	0.3	0	111.853	154.441	1.11238e-06	154.441	1.11238e-06	173	1	0	0	1	
98.0402	0.1	0.3	0	111.861	154.424	8.73963e-07	154.424	8.73963e-07	173	1	0	0	1	
98.392	0.1	0.3	0	111.868	154.407	1.21648e-05	154.407	1.21648e-05	173	1	0	0	1	
98.7437	0.1	0.3	0	111.876	154.391	1.6207e-05	154.391	1.6207e-05	173	1	0	0	1	
99.0955	0.1	0.3	0	111.884	154.374	9.34308e-06	154.374	9.34308e-06	173	1	0	0	1	
99.4472	0.1	0.3	0	111.891	154.358	8.77673e-06	154.358	8.77673e-06	173	1	0	0	1	
99.799	0.1	0.3	0	111.898	154.343	3.67419e-05	154.343	3.67419e-05	173	1	0	0	1	
100.151	0.1	0.3	0	111.905	154.327	1.37483e-05	154.327	1.37483e-05	173	1	0	0	1	
100.503	0.1	0.3	0	111.913	154.312	2.43949e-05	154.312	2.43949e-05	173	1	0	0	1	
100.854	0.1	0.3	0	111.92	154.297	2.26666e-06	154.297	2.26666e-06	173	1	0	0	1	
101.206	0.1	0.3	0	111.926	154.282	1.48581e-05	154.282	1.48581e-05	173	1	0	0	1	
101.558	0.1	0.3	0	111.933	154.267	2.3918e-05	154.267	2.3918e-05	173	1	0	0	1	
101.91	0.1	0.3	0	111.94	154.252	1.31892e-05	154.252	1.31892e-05	173	1	0	0	1	
102.261	0.1	0.3	0	111.947	154.238	7.944e-06	154.238	7.944e-06	173	1	0	0	1	
102.613	0.1	0.3	0	111.953	154.223	6.50539e-06	154.223	6.50539e-06	173	1	0	0	1	
102.965	0.1	0.3	0	111.96	154.209	1.73365e-05	154.209	1.73365e-05	173	1	0	0	1	
103.317	0.1	0.3	0	111.966	154.195	1.33599e-05	154.195	1.33599e-05	173	1	0	0	1	
103.668	0.1	0.3	0	111.973	154.181	2.96926e-06	154.181	2.96926e-06	173	1	0	0	1	
104.02	0.1	0.3	0	111.979	154.167	1.982e-05	154.167	1.982e-05	173	1	0	0	1	
104.372	0.1	0.3	0	111.986	154.154	1.36778e-05	154.154	1.36778e-05	173	1	0	0	1	
104.724	0.1	0.3	0	111.992	154.14	5.51489e-06	154.14	5.51489e-06	173	1	0	0	1	
105.075	0.1	0.3	0	111.998	154.126	6.64446e-06	154.126	6.64446e-06	173	1	0	0	1	
105.427	0.1	0.3	0	112.004	154.113	1.08793e-05	154.113	1.08793e-05	173	1	0	0	1	
105.779	0.1	0.3	0	112.01	154.1	8.00418e-06	154.1	8.00418e-06	173	1	0	0	1	
106.131	0.1	0.3	0	112.016	154.087	9.91153e-06	154.087	9.91153e-06	173	1	0	0	1	
106.482	0.1	0.3	0	112.022	154.074	5.46647e-06	154.074	5.46647e-06	173	1	0	0	1	
106.834	0.1	0.3	0	112.028	154.061	4.18948e-06	154.061	4.18948e-06	173	1	0	0	1	
107.186	0.1	0.3	0	112.034	154.048	1.67914e-05	154.048	1.67914e-05	173	1	0	0	1	
107.538	0.1	0.3	0	112.04	154.035	1.61104e-05	154.035	1.61104e-05	173	1	0	0	1	
107.889	0.1	0.3	0	112.046	154.023	1.11632e-05	154.023	1.11632e-05	173	1	0	0	1	
108.241	0.1	0.3	0	112.052	154.01	1.27726e-05	154.01	1.27726e-05	173	1	0	0	1	
108.593	0.1	0.3	0	112.057	153.998	1.79725e-05	153.998	1.79725e-05	173	1	0	0	1	
108.945	0.1	0.3	0	112.063	153.985	3.56177e-05	153.985	3.56177e-05	173	1	0	0	1	
109.296	0.1	0.3	0	112.069	153.973	6.68589e-06	153.973	6.68589e-06	173	1	0	0	1	
109.648	0.1	0.3	0	112.074	153.961	5.85872e-07	153.961	5.85872e-07	173	1	0	0	1	
110	0.1	0.3	0	112.08	153.949	1.42487e-07	153.949	1.42487e-07	173	1	0	0	1	
