40	0.1	0.3	-2	0	0	0	0	0	86.5	1	0	0	1	
40.3518	0.1	0.3	-2	0	0	0	0	0	86.5	1	0	0	1	
40.7035	0.1	0.3	-2	0	0	0	0	0	86.5	1	0	0	1	
41.0553	0.1	0.3	-2	0	0	0	0	0	86.5	1	0	0	1	
41.407	0.1	0.3	-2	0	0	0	0	0	86.5	1	0	0	1	
41.7588	0.1	0.3	-2	0	0	0	0	0	86.5	1	0	0	1	
42.1106	0.1	0.3	-2	0	0	0	0	0	86.5	1	0	0	1	
42.4623	0.1	0.3	-2	0	0	0	0	0	86.5	1	0	0	1	
42.8141	0.1	0.3	-2	0	0	0	0	0	86.5	1	0	0	1	
43.1658	0.1	0.3	-2	0	0	0	0	0	86.5	1	0	0	1	
43.5176	0.1	0.3	-2	0	0	0	0	0	86.5	1	0	0	1	
43.8693	0.1	0.3	-2	0	0	0	0	0	86.5	1	0	0	1	
44.2211	0.1	0.3	-2	0	0	0	0	0	86.5	1	0	0	1	
44.5729	0.1	0.3	-2	0	0	0	0	0	86.5	1	0	0	1	
44.9246	0.1	0.3	-2	0	0	0	0	0	86.5	1	0	0	1	
45.2764	0.1	0.3	-2	0	0	0	0	0	86.5	1	0	0	1	
45.6281	0.1	0.3	-2	0	0	0	0	0	86.5	1	0	0	1	
45.9799	0.1	0.3	-2	0	0	0	0	0	86.5	1	0	0	1	
46.3317	0.1	0.3	-2	0	0	0	0	0	86.5	1	0	0	1	
46.6834	0.1	0.3	-2	0	0	0	0	0	86.5	1	0	0	1	
47.0352	0.1	0.3	-2	0	0	0	0	0	86.5	1	0	0	1	
47.3869	0.1	0.3	-2	0	0	0	0	0	86.5	1	0	0	1	
47.7387	0.1	0.3	-2	0	0	0	0	0	86.5	1	0	0	1	
48.0905	0.1	0.3	-2	0	0	0	0	0	86.5	1	0	0	1	
48.4422	0.1	0.3	-2	0	0	0	0	0	86.5	1	0	0	1	
48.794	0.1	0.3	-2	0	0	0	0	0	86.5	1	0	0	1	
49.1457	0.1	0.3	-2	0	0	0	0	0	86.5	1	0	0	1	
49.4975	0.1	0.3	-2	0	0	0	0	0	86.5	1	0	0	1	
49.8492	0.1	0.3	-2	0	0	0	0	0	86.5	1	0	0	1	
50.201	0.1	0.3	-2	0	0	0	0	0	86.5	1	0	0	1	
50.5528	0.1	0.3	-2	0	0	0	0	0	86.5	1	0	0	1	
50.9045	0.1	0.3	-2	0	0	0	0	0	86.5	1	0	0	1	
51.2563	0.1	0.3	-2	0	0	0	0	0	86.5	1	0	0	1	
51.608	0.1	0.3	-2	0	0	0	0	0	86.5	1	0	0	1	
51.9598	0.1	0.3	-2	0	0	0	0	0	86.5	1	0	0	1	
52.3116	0.1	0.3	-2	0	0	0	0	0	86.5	1	0	0	1	
52.6633	0.1	0.3	-2	0	0	0	0	0	86.5	1	0	0	1	
53.0151	0.1	0.3	-2	0	0	0	0	0	86.5	1	0	0	1	
53.3668	0.1	0.3	-2	0	0	0	0	0	86.5	1	0	0	1	
53.7186	0.1	0.3	-2	0	0	0	0	0	86.5	1	0	0	1	
54.0704	0.1	0.3	-2	0	0	0	0	0	86.5	1	0	0	1	
54.4221	0.1	0.3	-2	0	0	0	0	0	86.5	1	0	0	1	
54.7739	0.1	0.3	1	30.6489	0	245.274	224.418	0	86.5	1	0	0	1	
55.1256	0.1	0.3	1	37.4469	0	243.769	221.322	0	86.5	1	0	0	1	
55.4774	0.1	0.3	1	42.2057	0	242.378	218.754	0	86.5	1	0	0	1	
55.8291	0.1	0.3	1	46.0229	0	241.039	216.447	0	86.5	1	0	0	1	
56.1809	0.1	0.3	1	49.2756	0	239.729	214.301	0	86.5	1	0	0	1	
56.5327	0.1	0.3	1	52.144	0	238.435	212.269	0	86.5	1	0	0	1	
56.8844	0.1	0.3	1	54.7293	0	237.153	210.32	0	86.5	1	0	0	1	
57.2362	0.1	0.3	1	57.0946	0	235.876	208.437	0	86.5	1	0	0	1	
57.5879	0.1	0.3	1	59.2804	0	234.604	206.611	0	86.5	1	0	0	1	
57.9397	0.1	0.3	1	61.3214	0	233.332	204.828	0	86.5	1	0	0	1	
58.2915	0.1	0.3	1	63.2416	0	232.059	203.081	0	86.5	1	0	0	1	
58.6432	0.1	0.3	1	65.0581	0	230.783	201.364	0	86.5	1	0	0	1	
58.995	0.1	0.3	1	66.7841	0	229.504	199.673	0	86.5	1	0	0	1	
59.3467	0.1	0.3	1	68.4303	0	228.22	198.005	0	86.5	1	0	0	1	
59.6985	0.1	0.3	1	70.0053	0	226.931	196.358	0	86.5	1	0	0	1	
60.0503	0.1	0.3	1	71.5162	0	225.636	194.73	0	86.5	1	0	0	1	
60.402	0.1	0.3	1	72.969	0	224.334	193.117	0	86.5	1	0	0	1	
60.7538	0.1	0.3	1	74.3686	0	223.025	191.52	0	86.5	1	0	0	1	
61.1055	0.1	0.3	1	75.7195	0	221.709	189.937	0	86.5	1	0	0	1	
61.4573	0.1	0.3	1	77.0252	0	220.384	188.367	0	86.5	1	0	0	1	
61.809	0.1	0.3	1	78.2439	0	219.064	186.844	0	86.5	1	0	0	1	
62.1608	0.1	0.3	1	79.4502	0	217.727	185.311	0	86.5	1	0	0	1	
62.5126	0.1	0.3	1	80.6255	0	216.381	183.785	0	86.5	1	0	0	1	
62.8643	0.1	0.3	1	81.7692	0	215.024	182.267	0	86.5	1	0	0	1	
63.2161	0.1	0.3	1	82.8823	0	213.657	180.757	0	86.5	1	0	0	1	
63.5678	0.1	0.3	1	83.966	0	212.28	179.255	0	86.5	1	0	0	1	
63.9196	0.1	0.3	1	85.0215	0	210.891	177.761	0	86.5	1	0	0	1	
64.2714	0.1	0.3	1	86.05	0	209.492	176.275	0	86.5	1	0	0	1	
64.6231	0.1	0.3	1	87.0526	0	208.082	174.798	0	86.5	1	0	0	1	
64.9749	0.1	0.3	1	88.0304	0	206.661	173.328	0	86.5	1	0	0	1	
65.3266	0.1	0.3	1	88.9844	0	205.227	171.866	0	86.5	1	0	0	1	
65.6784	0.1	0.3	1	89.9154	0	203.782	170.411	0	86.5	1	0	0	1	
66.0302	0.1	0.3	1	90.8243	0	202.324	168.965	0	86.5	1	0	0	1	
66.3819	0.1	0.3	1	91.7118	0	200.854	167.526	0	86.5	1	0	0	1	
66.7337	0.1	0.3	1	92.5786	0	199.371	166.095	0	86.5	1	0	0	1	
67.0854	0.1	0.3	1	93.4255	0	197.874	164.672	0	86.5	1	0	0	1	
67.4372	0.1	0.3	1	94.253	0	196.364	163.257	0	86.5	1	0	0	1	
67.7889	0.1	0.3	1	95.0617	0	194.84	161.85	0	86.5	1	0	0	1	
68.1407	0.1	0.3	1	95.8521	0	193.302	160.451	0	86.5	1	0	0	1	
68.4925	0.1	0.3	1	96.6248	0	191.749	159.061	0	86.5	1	0	0	1	
68.8442	0.1	0.3	1	97.3801	0	190.181	157.679	0	86.5	1	0	0	1	
69.196	0.1	0.3	1	98.1185	0	188.598	156.305	0	86.5	1	0	0	1	
69.5477	0.1	0.3	1	98.8404	0	186.999	154.94	0	86.5	1	0	0	1	
69.8995	0.1	0.3	1	99.5462	0	185.383	153.584	0	86.5	1	0	0	1	
70.2513	0.1	0.3	1	100.236	0	183.751	152.238	0	86.5	1	0	0	1	
70.603	0.1	0.3	1	100.911	0	182.102	150.901	0	86.5	1	0	0	1	
70.9548	0.1	0.3	1	101.57	0	180.435	149.573	0	86.5	1	0	0	1	
71.3065	0.1	0.3	1	102.215	0	178.751	148.255	0	86.5	1	0	0	1	
71.6583	0.1	0.3	1	102.845	0	177.048	146.948	0	86.5	1	0	0	1	
72.0101	0.1	0.3	1	103.46	0	175.325	145.651	0	86.5	1	0	0	1	
72.3618	0.1	0.3	1	104.062	0	173.583	144.365	0	86.5	1	0	0	1	
72.7136	0.1	0.3	1	104.65	0	171.821	143.09	0	86.5	1	0	0	1	
73.0653	0.1	0.3	1	105.224	0	170.038	141.827	0	86.5	1	0	0	1	
73.4171	0.1	0.3	1	105.785	0	168.233	140.576	0	86.5	1	0	0	1	
73.7688	0.1	0.3	1	106.332	0	166.406	139.337	0	86.5	1	0	0	1	
74.1206	0.1	0.3	1	106.867	0	164.556	138.11	0	86.5	1	0	0	1	
74.4724	0.1	0.3	1	107.388	0	162.683	136.896	0	86.5	1	0	0	1	
74.8241	0.1	0.3	1	107.897	0	160.785	135.696	0	86.5	1	0	0	1	
75.1759	0.1	0.3	1	108.393	0	158.861	134.51	0	86.5	1	0	0	1	
75.5276	0.1	0.3	1	108.877	0	156.911	133.338	0	86.5	1	0	0	1	
75.8794	0.1	0.3	1	109.348	0	154.934	132.181	0	86.5	1	0	0	1	
76.2312	0.1	0.3	1	109.807	0	152.929	131.039	0	86.5	1	0	0	1	
76.5829	0.1	0.3	1	110.254	0	150.894	129.913	0	86.5	1	0	0	1	
76.9347	0.1	0.3	1	110.69	0	148.828	128.803	0	86.5	1	0	0	1	
77.2864	0.1	0.3	1	111.113	0	146.731	127.71	0	86.5	1	0	0	1	
77.6382	0.1	0.3	1	111.524	0	144.6	126.634	0	86.5	1	0	0	1	
77.9899	0.1	0.3	1	111.924	0	142.435	125.576	0	86.5	1	0	0	1	
78.3417	0.1	0.3	1	112.313	0	140.233	124.536	0	86.5	1	0	0	1	
78.6935	0.1	0.3	1	112.69	0	137.994	123.515	0	86.5	1	0	0	1	
79.0452	0.1	0.3	1	113.055	0	135.714	122.514	0	86.5	1	0	0	1	
79.397	0.1	0.3	1	113.409	0	133.392	121.533	0	86.5	1	0	0	1	
79.7487	0.1	0.3	1	113.752	0	131.027	120.573	0	86.5	1	0	0	1	
80.1005	0.1	0.3	1	114.083	0	128.614	119.634	0	86.5	1	0	0	1	
80.4523	0.1	0.3	1	114.404	0	126.153	118.717	0	86.5	1	0	0	1	
80.804	0.1	0.3	1	114.713	0	123.64	117.822	0	86.5	1	0	0	1	
81.1558	0.1	0.3	1	115.011	0	121.071	116.951	0	86.5	1	0	0	1	
81.5075	0.1	0.3	1	115.298	0	118.443	116.104	0	86.5	1	0	0	1	
81.8593	0.1	0.3	1	115.575	0	115.753	115.281	0	86.5	1	0	0	1	
82.2111	0.1	0.3	1	115.84	0	112.995	114.484	0	86.5	1	0	0	1	
82.5628	0.1	0.3	0	116.094	113.712	1.1142e-05	113.712	1.1142e-05	86.5	1	0	0	1	
82.9146	0.1	0.3	0	116.338	112.967	7.47168e-06	112.967	7.47168e-06	86.5	1	0	0	1	
83.2663	0.1	0.3	0	116.57	112.249	1.33017e-05	112.249	1.33017e-05	86.5	1	0	0	1	
83.6181	0.1	0.3	0	116.792	111.559	3.72845e-06	111.559	3.72845e-06	86.5	1	0	0	1	
83.9698	0.1	0.3	0	117.003	110.897	1.59851e-06	110.897	1.59851e-06	86.5	1	0	0	1	
84.3216	0.1	0.3	0	117.203	110.265	2.02769e-05	110.265	2.02769e-05	86.5	1	0	0	1	
84.6734	0.1	0.3	0	117.393	109.662	3.5982e-06	109.662	3.5982e-06	86.5	1	0	0	1	
85.0251	0.1	0.3	0	117.571	109.09	3.92415e-06	109.09	3.92415e-06	86.5	1	0	0	1	
85.3769	0.1	0.3	0	117.739	108.548	3.243e-06	108.548	3.243e-06	86.5	1	0	0	1	
85.7286	0.1	0.3	0	117.896	108.039	2.67752e-07	108.039	2.67752e-07	86.5	1	0	0	1	
86.0804	0.1	0.3	0	118.042	107.562	8.71873e-07	107.562	8.71873e-07	86.5	1	0	0	1	
86.4322	0.1	0.3	0	118.178	107.117	3.15804e-05	107.117	3.15804e-05	86.5	1	0	0	1	
86.7839	0.1	0.3	0	118.303	106.706	5.17349e-06	106.706	5.17349e-06	86.5	1	0	0	1	
87.1357	0.1	0.3	0	118.417	106.329	1.9645e-05	106.329	1.9645e-05	86.5	1	0	0	1	
87.4874	0.1	0.3	0	118.52	105.986	1.10892e-05	105.986	1.10892e-05	86.5	1	0	0	1	
87.8392	0.1	0.3	0	118.612	105.679	7.29409e-05	105.679	7.29409e-05	86.5	1	0	0	1	
88.191	0.1	0.3	0	118.693	105.406	1.35454e-05	105.406	1.35454e-05	86.5	1	0	0	1	
88.5427	0.1	0.3	0	118.764	105.17	6.60926e-07	105.17	6.60926e-07	86.5	1	0	0	1	
88.8945	0.1	0.3	0	118.823	104.97	4.88202e-06	104.97	4.88202e-06	86.5	1	0	0	1	
89.2462	0.1	0.3	0	118.872	104.806	1.57984e-05	104.806	1.57984e-05	86.5	1	0	0	1	
89.598	0.1	0.3	0	118.91	104.679	3.69675e-06	104.679	3.69675e-06	86.5	1	0	0	1	
89.9497	0.1	0.3	0	118.936	104.59	3.90465e-06	104.59	3.90465e-06	86.5	1	0	0	1	
90.3015	0.1	0.3	0	118.952	104.538	5.68156e-06	104.538	5.68156e-06	86.5	1	0	0	1	
90.6533	0.1	0.3	0	118.957	104.525	6.49262e-06	104.525	6.49262e-06	86.5	1	0	0	1	
91.005	0.1	0.3	0	118.95	104.549	1.30577e-05	104.549	1.30577e-05	86.5	1	0	0	1	
91.3568	0.1	0.3	0	118.932	104.611	8.52775e-06	104.611	8.52775e-06	86.5	1	0	0	1	
91.7085	0.1	0.3	0	118.903	104.712	3.9269e-06	104.712	3.9269e-06	86.5	1	0	0	1	
92.0603	0.1	0.3	0	118.862	104.851	1.88694e-05	104.851	1.88694e-05	86.5	1	0	0	1	
92.4121	0.1	0.3	0	118.81	105.028	2.06891e-05	105.028	2.06891e-05	86.5	1	0	0	1	
92.7638	0.1	0.3	0	118.746	105.245	4.18959e-05	105.245	4.18959e-05	86.5	1	0	0	1	
93.1156	0.1	0.3	0	118.671	105.5	4.34943e-06	105.5	4.34943e-06	86.5	1	0	0	1	
93.4673	0.1	0.3	0	118.584	105.794	2.60941e-06	105.794	2.60941e-06	86.5	1	0	0	1	
93.8191	0.1	0.3	0	118.485	106.127	1.31384e-05	106.127	1.31384e-05	86.5	1	0	0	1	
94.1709	0.1	0.3	0	118.373	106.499	1.77658e-05	106.499	1.77658e-05	86.5	1	0	0	1	
94.5226	0.1	0.3	0	118.25	106.91	1.61345e-05	106.91	1.61345e-05	86.5	1	0	0	1	
94.8744	0.1	0.3	0	118.113	107.36	7.97551e-06	107.36	7.97551e-06	86.5	1	0	0	1	
95.2261	0.1	0.3	0	118.123	107.329	2.53434e-06	107.329	2.53434e-06	86.5	1	0	0	1	
95.5779	0.1	0.3	0	118.133	107.3	9.53205e-06	107.3	9.53205e-06	86.5	1	0	0	1	
95.9296	0.1	0.3	0	118.142	107.272	2.93378e-05	107.272	2.93378e-05	86.5	1	0	0	1	
96.2814	0.1	0.3	0	118.151	107.245	7.6247e-06	107.245	7.6247e-06	86.5	1	0	0	1	
96.6332	0.1	0.3	0	118.159	107.219	3.7504e-06	107.219	3.7504e-06	86.5	1	0	0	1	
96.9849	0.1	0.3	0	118.167	107.193	2.63856e-05	107.193	2.63856e-05	86.5	1	0	0	1	
97.3367	0.1	0.3	0	118.175	107.168	8.02741e-06	107.168	8.02741e-06	86.5	1	0	0	1	
97.6884	0.1	0.3	0	118.183	107.144	5.45065e-06	107.144	5.45065e-06	86.5	1	0	0	1	
98.0402	0.1	0.3	0	118.191	107.12	5.19414e-06	107.12	5.19414e-06	86.5	1	0	0	1	
98.392	0.1	0.3	0	118.199	107.097	1.06778e-05	107.097	1.06778e-05	86.5	1	0	0	1	
98.7437	0.1	0.3	0	118.206	107.074	3.03323e-05	107.074	3.03323e-05	86.5	1	0	0	1	
99.0955	0.1	0.3	0	118.214	107.051	1.38814e-05	107.051	1.38814e-05	86.5	1	0	0	1	
99.4472	0.1	0.3	0	118.221	107.029	1.3641e-05	107.029	1.3641e-05	86.5	1	0	0	1	
99.799	0.1	0.3	0	118.228	107.007	8.87725e-06	107.007	8.87725e-06	86.5	1	0	0	1	
100.151	0.1	0.3	0	118.235	106.986	1.36706e-06	106.986	1.36706e-06	86.5	1	0	0	1	
100.503	0.1	0.3	0	118.242	106.964	3.8649e-06	106.964	3.8649e-06	86.5	1	0	0	1	
100.854	0.1	0.3	0	118.249	106.943	9.24813e-06	106.943	9.24813e-06	86.5	1	0	0	1	
101.206	0.1	0.3	0	118.256	106.923	1.01723e-05	106.923	1.01723e-05	86.5	1	0	0	1	
101.558	0.1	0.3	0	118.263	106.903	2.19313e-05	106.903	2.19313e-05	86.5	1	0	0	1	
101.91	0.1	0.3	0	118.27	106.883	8.10129e-06	106.883	8.10129e-06	86.5	1	0	0	1	
102.261	0.1	0.3	0	118.276	106.863	7.97305e-06	106.863	7.97305e-06	86.5	1	0	0	1	
102.613	0.1	0.3	0	118.283	106.843	9.76119e-06	106.843	9.76119e-06	86.5	1	0	0	1	
102.965	0.1	0.3	0	118.289	106.824	8.99311e-06	106.824	8.99311e-06	86.5	1	0	0	1	
103.317	0.1	0.3	0	118.296	106.805	6.26343e-06	106.805	6.26343e-06	86.5	1	0	0	1	
103.668	0.1	0.3	0	118.302	106.786	3.4661e-06	106.786	3.4661e-06	86.5	1	0	0	1	
104.02	0.1	0.3	0	118.308	106.768	3.29611e-06	106.768	3.29611e-06	86.5	1	0	0	1	
104.372	0.1	0.3	0	118.314	106.749	1.72079e-05	106.749	1.72079e-05	86.5	1	0	0	1	
104.724	0.1	0.3	0	118.32	106.731	2.16385e-06	106.731	2.16385e-06	86.5	1	0	0	1	
105.075	0.1	0.3	0	118.327	106.713	8.16621e-06	106.713	8.16621e-06	86.5	1	0	0	1	
105.427	0.1	0.3	0	118.333	106.696	6.08764e-06	106.696	6.08764e-06	86.5	1	0	0	1	
105.779	0.1	0.3	0	118.339	106.678	2.03319e-05	106.678	2.03319e-05	86.5	1	0	0	1	
106.131	0.1	0.3	0	118.344	106.661	6.32185e-06	106.661	6.32185e-06	86.5	1	0	0	1	
106.482	0.1	0.3	0	118.35	106.644	8.52436e-07	106.644	8.52436e-07	86.5	1	0	0	1	
106.834	0.1	0.3	0	118.356	106.627	2.02771e-06	106.627	2.02771e-06	86.5	1	0	0	1	
107.186	0.1	0.3	0	118.362	106.61	7.98587e-06	106.61	7.98587e-06	86.5	1	0	0	1	
107.538	0.1	0.3	0	118.368	106.593	4.88066e-06	106.593	4.88066e-06	86.5	1	0	0	1	
107.889	0.1	0.3	0	118.373	106.577	8.23236e-06	106.577	8.23236e-06	86.5	1	0	0	1	
108.241	0.1	0.3	0	118.379	106.561	1.14372e-05	106.561	1.14372e-05	86.5	1	0	0	1	
108.593	0.1	0.3	0	118.385	106.545	1.10686e-07	106.545	1.10686e-07	86.5	1	0	0	1	
108.945	0.1	0.3	0	118.39	106.529	1.5412e-06	106.529	1.5412e-06	86.5	1	0	0	1	
109.296	0.1	0.3	0	118.396	106.513	3.80233e-06	106.513	3.80233e-06	86.5	1	0	0	1	
109.648	0.1	0.3	0	118.401	106.497	1.3867e-05	106.497	1.3867e-05	86.5	1	0	0	1	
110	0.1	0.3	0	118.406	106.482	1.72466e-05	106.482	1.72466e-05	86.5	1	0	0	1	
