40	0.1	0.3	-2	0	0	0	0	0	86.5	0	0	0	1	
40.7071	0.1	0.3	-2	0	0	0	0	0	86.5	0	0	0	1	
41.4141	0.1	0.3	-2	0	0	0	0	0	86.5	0	0	0	1	
42.1212	0.1	0.3	-2	0	0	0	0	0	86.5	0	0	0	1	
42.8283	0.1	0.3	-2	0	0	0	0	0	86.5	0	0	0	1	
43.5354	0.1	0.3	-2	0	0	0	0	0	86.5	0	0	0	1	
44.2424	0.1	0.3	-2	0	0	0	0	0	86.5	0	0	0	1	
44.9495	0.1	0.3	-2	0	0	0	0	0	86.5	0	0	0	1	
45.6566	0.1	0.3	1	30.658	-248.971	3.44709e-05	-8.67022e-06	264.895	86.5	0	0	0	1	
46.3636	0.1	0.3	1	39.7128	-248.301	2.99128e-07	5.85592e-06	263.22	86.5	0	0	0	1	
47.0707	0.1	0.3	1	45.6788	-247.496	-8.85391e-06	1.9267e-05	261.528	86.5	0	0	0	1	
47.7778	0.1	0.3	1	50.3964	-246.596	-1.65527e-05	4.45845e-05	259.803	86.5	0	0	0	1	
48.4848	0.1	0.3	1	54.4054	-245.619	9.04561e-07	-1.76069e-06	258.035	86.5	0	0	0	1	
49.1919	0.1	0.3	1	57.9477	-244.575	2.41463e-05	-3.48496e-06	256.218	86.5	0	0	0	1	
49.899	0.1	0.3	1	61.1544	-243.471	-1.15937e-05	-3.5309e-06	254.343	86.5	0	0	0	1	
50.6061	0.1	0.3	1	64.1056	-242.312	-6.03943e-05	6.74911e-06	252.398	86.5	0	0	0	1	
51.3131	0.1	0.3	1	66.8535	-241.1	1.48743e-06	-2.17366e-05	250.36	86.5	0	0	0	1	
52.0202	0.1	0.3	1	69.4334	-239.839	-1.03805e-05	1.82409e-05	248.152	86.5	0	0	0	1	
52.7273	0.1	0.3	1	71.8645	-238.536	-2.67102e-05	-1.49608e-05	245.573	86.5	0	0	0	1	
53.4343	0.1	0.3	1	74.1762	-237.187	8.65934e-06	-1.8703e-05	243.621	86.5	0	0	0	1	
54.1414	0.1	0.3	1	76.3906	-235.79	1.46793e-05	5.62146e-06	241.642	86.5	0	0	0	1	
54.8485	0.1	0.3	1	78.5201	-234.344	-1.95145e-05	-1.01895e-05	239.629	86.5	0	0	0	1	
55.5556	0.1	0.3	1	80.5748	-232.848	1.2354e-05	2.10667e-06	237.58	86.5	0	0	0	1	
56.2626	0.1	0.3	1	82.5628	-231.304	-9.92323e-07	-9.6231e-06	235.494	86.5	0	0	0	1	
56.9697	0.1	0.3	1	84.4909	-229.708	1.30584e-05	-1.54703e-05	233.369	86.5	0	0	0	1	
57.6768	0.1	0.3	1	86.3649	228.061	1.04818e-05	1.22748e-06	231.203	86.5	0	0	0	1	
58.3838	0.1	0.3	1	88.1895	226.36	5.0591e-08	-1.19482e-05	228.995	86.5	0	0	0	1	
59.0909	0.1	0.3	1	89.9689	224.605	1.18369e-05	2.92732e-05	226.743	86.5	0	0	0	1	
59.798	0.1	0.3	1	91.7068	222.793	-8.24612e-06	-4.26485e-05	224.445	86.5	0	0	0	1	
60.5051	0.1	0.3	1	93.4062	220.921	2.78872e-06	-4.84062e-05	222.101	86.5	0	0	0	1	
61.2121	0.1	0.3	1	95.0701	218.988	4.04254e-06	-6.13313e-06	219.708	86.5	0	0	0	1	
61.9192	0.1	0.3	1	96.7007	216.989	-2.78735e-06	4.47953e-06	217.265	86.5	0	0	0	1	
62.6263	0.1	0.3	1	98.3005	214.921	-5.15692e-05	-5.09537e-05	214.769	86.5	0	0	0	1	
63.3333	0.1	0.3	1	99.8713	212.778	8.76195e-08	1.63707e-05	212.218	86.5	0	0	0	1	
64.0404	0.1	0.3	1	101.415	210.554	-1.75931e-05	1.73101e-05	209.61	86.5	0	0	0	1	
64.7475	0.1	0.3	1	102.933	208.242	1.21e-06	5.45504e-06	206.944	86.5	0	0	0	1	
65.4545	0.1	0.3	1	104.428	205.831	1.19198e-05	1.67033e-05	204.215	86.5	0	0	0	1	
66.1616	0.1	0.3	1	105.901	203.306	2.45136e-06	1.36928e-05	201.421	86.5	0	0	0	1	
66.8687	0.1	0.3	1	107.354	200.646	-1.62237e-05	1.04007e-05	198.56	86.5	0	0	0	1	
67.5758	0.1	0.3	1	108.788	197.817	2.25442e-05	-1.13785e-05	195.627	86.5	0	0	0	1	
68.2828	0.1	0.3	1	110.208	194.752	2.10119e-05	-1.87088e-05	192.618	86.5	0	0	0	1	
68.9899	0.1	0.3	1	111.617	191.261	-1.87772e-05	2.99488e-06	189.528	86.5	0	0	0	1	
69.697	0.1	0.3	1	113.03	186.304	-3.4206e-06	-5.81338e-06	186.347	86.5	0	0	0	1	
70.404	0.1	0.3	1	114.443	183.128	-1.09915e-05	1.98836e-07	183.07	86.5	0	0	0	1	
71.1111	0.1	0.3	1	115.844	179.667	6.88967e-06	-3.59593e-05	179.699	86.5	0	0	0	1	
71.8182	0.1	0.3	1	117.244	175.264	6.96823e-06	-2.11214e-06	176.222	86.5	0	0	0	1	
72.5253	0.1	0.3	1	118.631	171.966	-4.13399e-07	7.3086e-06	172.637	86.5	0	0	0	1	
73.2323	0.1	0.3	1	120.016	168.481	8.58137e-06	-1.99441e-05	168.933	86.5	0	0	0	1	
73.9394	0.1	0.3	1	121.381	164.834	3.2637e-05	-1.69715e-05	165.109	86.5	0	0	0	1	
74.6465	0.1	0.3	1	122.733	160.966	6.07268e-06	1.96164e-05	161.153	86.5	0	0	0	1	
75.3535	0.1	0.3	1	124.075	156.808	-4.80623e-06	1.0155e-07	157.053	86.5	0	0	0	1	
76.0606	0.1	0.3	1	125.407	152.209	-8.33731e-06	1.32024e-05	152.795	86.5	0	0	0	1	
76.7677	0.1	0.3	1	126.749	146.314	-1.04396e-05	2.16559e-05	148.353	86.5	0	0	0	1	
77.4747	0.1	0.3	7	128.14	139.426	-7.61122e-06	3.25423e-06	143.685	86.5	0	0	0	1	
78.1818	0.1	0.3	4	129.527	134.83	8.95673e-06	-1.47009e-05	138.795	86.5	0	0	0	1	
78.8889	0.1	0.3	1	130.9	130.05	6.56922e-06	-9.30306e-06	133.664	86.5	0	0	0	1	
79.596	0.1	0.3	4	132.26	125.037	-2.09809e-05	-2.05566e-05	128.258	86.5	0	0	0	1	
80.303	0.1	0.3	1	133.605	119.753	9.3239e-06	-1.92598e-05	122.535	86.5	0	0	0	1	
81.0101	0.1	0.3	1	134.932	114.155	-2.43122e-06	5.68924e-06	116.438	86.5	0	0	0	1	
81.7172	0.1	0.3	1	136.241	108.191	7.36589e-06	-1.65192e-06	109.887	86.5	0	0	0	1	
82.4242	0.1	0.3	1	137.528	101.798	-2.65019e-05	-7.06122e-07	102.763	86.5	0	0	0	1	
83.1313	0.1	0.3	1	138.785	94.899	-1.01325e-05	-1.60013e-05	94.8516	86.5	0	0	0	1	
83.8384	0.1	0.3	1	140	87.4292	6.29446e-06	1.41194e-05	85.5518	86.5	0	0	0	1	
84.5455	0.1	0.3	1	141.112	79.5974	1.63742e-05	2.15095e-05	74.1755	86.5	0	0	0	1	
85.2525	0.1	0.3	1	142.145	71.0487	-6.30062e-06	1.27331e-05	64.2328	86.5	0	0	0	1	
85.9596	0.1	0.3	1	143.085	61.4175	9.60762e-06	-1.41153e-05	52.5481	86.5	0	0	0	1	
86.6667	0.1	0.3	1	143.849	50.7422	-1.42602e-05	5.9266e-06	37.7141	86.5	0	0	0	1	
87.3737	0.1	0.3	-2	0	0	0	0	0	86.5	0	0	0	1	
88.0808	0.1	0.3	1	144.23	42.4636	8.33469e-06	1.38201e-05	-5.36674e-05	86.5	0	0	0	1	
88.7879	0.1	0.3	1	144.225	42.4647	-1.84413e-05	-1.52804e-05	2.22051e-05	86.5	0	0	0	1	
89.4949	0.1	0.3	1	144.22	42.4666	1.30363e-05	-4.58496e-06	3.6149e-05	86.5	0	0	0	1	
90.202	0.1	0.3	1	144.215	42.4698	7.54974e-06	-8.86757e-06	-6.5466e-06	86.5	0	0	0	1	
90.9091	0.1	0.3	1	144.21	42.475	-7.27893e-06	-1.48735e-06	-1.15471e-05	86.5	0	0	0	1	
91.6162	0.1	0.3	1	144.206	42.4844	-1.41156e-05	7.32895e-06	-1.41621e-05	86.5	0	0	0	1	
92.3232	0.1	0.3	1	144.202	42.5048	2.25976e-06	-3.31294e-06	-2.98349e-06	86.5	0	0	0	1	
93.0303	0.1	0.3	1	144.199	42.6146	1.69919e-05	3.63075e-06	2.52014e-05	86.5	0	0	0	1	
93.7374	0.1	0.3	3	144.213	45.347	7.00782e-06	-3.11192e-07	-2.04299e-05	86.5	0	0	0	1	
94.4444	0.1	0.3	1	144.288	45.157	-1.60277e-05	6.5271e-06	-8.22121e-06	86.5	0	0	0	1	
95.1515	0.1	0.3	1	144.371	44.2244	-1.17853e-05	-7.48678e-06	-1.59836e-05	86.5	0	0	0	1	
95.8586	0.1	0.3	1	144.424	43.8804	6.45566e-06	-3.38842e-06	-8.6452e-06	86.5	0	0	0	1	
96.5657	0.1	0.3	1	144.465	43.6961	1.93736e-06	-9.86697e-06	-1.94201e-05	86.5	0	0	0	1	
97.2727	0.1	0.3	1	144.5	43.578	6.19823e-08	-1.05028e-07	-1.3945e-05	86.5	0	0	0	1	
97.9798	0.1	0.3	1	144.531	43.4944	1.10142e-05	1.67364e-05	5.84021e-06	86.5	0	0	0	1	
98.6869	0.1	0.3	1	144.558	43.4318	-1.30883e-06	1.24366e-05	-1.19353e-06	86.5	0	0	0	1	
99.3939	0.1	0.3	1	144.584	43.3829	-8.35288e-06	-1.14159e-05	1.06225e-05	86.5	0	0	0	1	
100.101	0.1	0.3	1	144.607	43.3437	1.02668e-05	5.13617e-06	-9.11348e-06	86.5	0	0	0	1	
100.808	0.1	0.3	1	144.629	43.3115	9.12055e-06	-1.75305e-06	-1.51598e-05	86.5	0	0	0	1	
101.515	0.1	0.3	1	144.65	43.2846	6.83023e-06	7.16139e-06	-1.00529e-05	86.5	0	0	0	1	
102.222	0.1	0.3	1	144.669	43.2618	8.94416e-07	1.7335e-05	1.50505e-05	86.5	0	0	0	1	
102.929	0.1	0.3	1	144.688	43.2423	5.78405e-06	1.32422e-05	5.01342e-06	86.5	0	0	0	1	
103.636	0.1	0.3	1	144.706	43.2253	1.5041e-06	-1.54928e-05	-1.9492e-05	86.5	0	0	0	1	
104.343	0.1	0.3	1	144.723	43.2107	4.16724e-07	4.58968e-06	1.58609e-05	86.5	0	0	0	1	
105.051	0.1	0.3	1	144.739	43.1977	1.32262e-06	-1.07667e-05	-1.07319e-05	86.5	0	0	0	1	
105.758	0.1	0.3	1	144.755	43.1863	-3.24206e-06	-6.41823e-06	-1.03765e-05	86.5	0	0	0	1	
106.465	0.1	0.3	1	144.77	43.1761	-8.08438e-06	9.60842e-06	1.0226e-05	86.5	0	0	0	1	
107.172	0.1	0.3	1	144.785	43.1672	1.01377e-06	-5.95033e-06	3.28733e-06	86.5	0	0	0	1	
107.879	0.1	0.3	1	144.799	43.1591	1.69875e-06	-1.47501e-06	-1.28182e-05	86.5	0	0	0	1	
108.586	0.1	0.3	1	144.813	43.1518	-8.86882e-06	-6.34987e-06	1.43857e-05	86.5	0	0	0	1	
109.293	0.1	0.3	1	144.826	43.1454	1.42917e-05	-3.38363e-06	-1.32815e-05	86.5	0	0	0	1	
110	0.1	0.3	1	144.839	43.1393	4.24083e-06	-4.95693e-06	6.03722e-06	86.5	0	0	0	1	
