55.4774	0.1	0.3	0	34.3259	8.94656e-06	244.364	8.94656e-06	244.364	34.343	1	0	0	1	
55.8291	0.1	0.3	0	40.4081	2.76013e-05	242.666	2.76013e-05	242.666	40.4119	1	0	0	1	
56.1809	0.1	0.3	1	44.5165	0	241.189	201.07	0	44.5208	1	0	0	1	
56.5327	0.1	0.3	1	47.7944	0	239.799	200.662	0	47.7956	1	0	0	1	
56.8844	0.1	0.3	1	50.5901	0	238.456	200.099	0	50.5948	1	0	0	1	
57.2362	0.1	0.3	1	53.0597	0	237.14	199.435	0	53.0614	1	0	0	1	
57.5879	0.1	0.3	1	55.2908	0	235.842	198.708	0	55.2913	1	0	0	1	
57.9397	0.1	0.3	1	57.3373	0	234.556	197.935	0	57.3369	1	0	0	1	
58.2915	0.1	0.3	1	59.2353	0	233.277	197.128	0	59.2351	1	0	0	1	
58.6432	0.1	0.3	1	61.0104	0	232.002	196.295	0	61.0102	1	0	0	1	
58.995	0.1	0.3	1	62.6816	0	230.728	195.443	0	62.6815	1	0	0	1	
59.3467	0.1	0.3	1	64.2633	0	229.454	194.574	0	64.2632	1	0	0	1	
59.6985	0.1	0.3	1	65.7668	0	228.179	193.692	0	65.7667	1	0	0	1	
60.0503	0.1	0.3	1	67.2011	0	226.902	192.8	0	67.201	1	0	0	1	
60.402	0.1	0.3	1	68.5736	0	225.62	191.9	0	68.5736	1	0	0	1	
60.7538	0.1	0.3	1	69.8905	0	224.334	190.993	0	69.8905	1	0	0	1	
61.1055	0.1	0.3	1	71.1568	0	223.043	190.08	0	71.1568	1	0	0	1	
61.4573	0.1	0.3	1	72.3768	0	221.746	189.163	0	72.3768	1	0	0	1	
61.809	0.1	0.3	1	73.5123	0	220.455	188.256	0	73.5123	1	0	0	1	
62.1608	0.1	0.3	1	74.6335	0	219.149	187.339	0	74.6334	1	0	0	1	
62.5126	0.1	0.3	1	75.7233	0	217.835	186.418	0	75.7232	1	0	0	1	
62.8643	0.1	0.3	1	76.7817	0	216.512	185.495	0	76.7816	1	0	0	1	
63.2161	0.1	0.3	1	77.8099	0	215.181	184.57	0	77.8097	1	0	0	1	
63.5678	0.1	0.3	1	78.8092	0	213.841	183.645	0	78.809	1	0	0	1	
63.9196	0.1	0.3	1	79.781	0	212.491	182.72	0	79.7808	1	0	0	1	
64.2714	0.1	0.3	1	80.7267	0	211.132	181.795	0	80.7264	1	0	0	1	
64.6231	0.1	0.3	1	81.6475	0	209.762	180.872	0	81.6472	1	0	0	1	
64.9749	0.1	0.3	1	82.5445	0	208.383	179.949	0	82.5441	1	0	0	1	
65.3266	0.1	0.3	1	83.4187	0	206.993	179.028	0	83.4183	1	0	0	1	
65.6784	0.1	0.3	1	84.2711	0	205.592	178.109	0	84.2706	1	0	0	1	
66.0302	0.1	0.3	1	85.1026	0	204.179	177.192	0	85.1021	1	0	0	1	
66.3819	0.1	0.3	1	85.9139	0	202.756	176.278	0	85.9134	1	0	0	1	
66.7337	0.1	0.3	1	86.7059	0	201.32	175.366	0	86.7053	1	0	0	1	
67.0854	0.1	0.3	1	87.4792	0	199.872	174.458	0	87.4786	1	0	0	1	
67.4372	0.1	0.3	1	88.2345	0	198.411	173.554	0	88.2338	1	0	0	1	
67.7889	0.1	0.3	1	88.9722	0	196.938	172.653	0	88.9715	1	0	0	1	
68.1407	0.1	0.3	1	89.6931	0	195.451	171.756	0	89.6923	1	0	0	1	
68.4925	0.1	0.3	1	90.3976	0	193.951	170.864	0	90.3967	1	0	0	1	
68.8442	0.1	0.3	1	91.086	0	192.437	169.976	0	91.0852	1	0	0	1	
69.196	0.1	0.3	1	91.759	0	190.908	169.093	0	91.7581	1	0	0	1	
69.5477	0.1	0.3	1	92.4169	0	189.364	168.215	0	92.416	1	0	0	1	
69.8995	0.1	0.3	1	93.0601	0	187.806	167.343	0	93.0591	1	0	0	1	
70.2513	0.1	0.3	1	93.6889	0	186.232	166.477	0	93.6879	1	0	0	1	
70.603	0.1	0.3	1	94.3036	0	184.641	165.616	0	94.3026	1	0	0	1	
70.9548	0.1	0.3	1	94.9047	0	183.035	164.762	0	94.9036	1	0	0	1	
71.3065	0.1	0.3	1	95.4923	0	181.411	163.914	0	95.4912	1	0	0	1	
71.6583	0.1	0.3	1	96.0667	0	179.77	163.073	0	96.0656	1	0	0	1	
72.0101	0.1	0.3	1	96.6282	0	178.111	162.239	0	96.6271	1	0	0	1	
72.3618	0.1	0.3	1	97.1771	0	176.434	161.413	0	97.1759	1	0	0	1	
72.7136	0.1	0.3	1	97.7135	0	174.737	160.594	0	97.7123	1	0	0	1	
73.0653	0.1	0.3	1	98.2377	0	173.021	159.783	0	98.2365	1	0	0	1	
73.4171	0.1	0.3	1	98.7499	0	171.285	158.98	0	98.7486	1	0	0	1	
73.7688	0.1	0.3	1	99.2502	0	169.529	158.186	0	99.2489	1	0	0	1	
74.1206	0.1	0.3	1	99.7389	0	167.75	157.4	0	99.7376	1	0	0	1	
74.4724	0.1	0.3	1	100.216	0	165.95	156.623	0	100.215	1	0	0	1	
74.8241	0.1	0.3	1	100.682	0	164.126	155.856	0	100.681	1	0	0	1	
75.1759	0.1	0.3	1	101.136	0	162.279	155.098	0	101.135	1	0	0	1	
75.5276	0.1	0.3	1	101.58	0	160.408	154.351	0	101.579	1	0	0	1	
75.8794	0.1	0.3	1	102.013	0	158.511	153.613	0	102.011	1	0	0	1	
76.2312	0.1	0.3	1	102.435	0	156.588	152.886	0	102.433	1	0	0	1	
76.5829	0.1	0.3	1	102.846	0	154.638	152.169	0	102.844	1	0	0	1	
76.9347	0.1	0.3	1	103.246	0	152.659	151.464	0	103.245	1	0	0	1	
77.2864	0.1	0.3	1	103.636	0	150.651	150.77	0	103.635	1	0	0	1	
77.6382	0.1	0.3	1	104.016	0	148.613	150.088	0	104.015	1	0	0	1	
77.9899	0.1	0.3	1	104.385	0	146.542	149.418	0	104.384	1	0	0	1	
78.3417	0.1	0.3	1	104.744	0	144.438	148.76	0	104.743	1	0	0	1	
78.6935	0.1	0.3	1	105.094	0	142.3	148.115	0	105.092	1	0	0	1	
79.0452	0.1	0.3	1	105.432	0	140.125	147.482	0	105.431	1	0	0	1	
79.397	0.1	0.3	0	105.761	146.863	3.28424e-05	146.863	3.28424e-05	105.76	1	0	0	1	
79.7487	0.1	0.3	0	106.08	146.257	3.54148e-06	146.257	3.54148e-06	106.079	1	0	0	1	
80.1005	0.1	0.3	0	106.39	145.665	1.24543e-06	145.665	1.24543e-06	106.388	1	0	0	1	
80.4523	0.1	0.3	0	106.689	145.088	8.02331e-06	145.088	8.02331e-06	106.687	1	0	0	1	
80.804	0.1	0.3	0	106.978	144.524	1.14568e-07	144.524	1.14568e-07	106.977	1	0	0	1	
81.1558	0.1	0.3	0	107.258	143.976	1.06676e-05	143.976	1.06676e-05	107.257	1	0	0	1	
81.5075	0.1	0.3	0	107.528	143.442	2.00924e-05	143.442	2.00924e-05	107.527	1	0	0	1	
81.8593	0.1	0.3	0	107.789	142.924	1.62597e-06	142.924	1.62597e-06	107.787	1	0	0	1	
82.2111	0.1	0.3	0	108.04	142.422	1.87911e-05	142.422	1.87911e-05	108.038	1	0	0	1	
82.5628	0.1	0.3	0	108.281	141.935	1.51598e-05	141.935	1.51598e-05	108.279	1	0	0	1	
82.9146	0.1	0.3	0	108.512	141.465	9.61597e-08	141.465	9.61597e-08	108.511	1	0	0	1	
83.2663	0.1	0.3	0	108.735	141.011	1.47555e-05	141.011	1.47555e-05	108.733	1	0	0	1	
83.6181	0.1	0.3	0	108.947	140.574	1.65867e-05	140.574	1.65867e-05	108.946	1	0	0	1	
83.9698	0.1	0.3	0	109.15	140.155	1.29547e-05	140.155	1.29547e-05	109.149	1	0	0	1	
84.3216	0.1	0.3	0	109.344	139.752	7.05039e-06	139.752	7.05039e-06	109.342	1	0	0	1	
84.6734	0.1	0.3	0	109.528	139.368	2.99665e-05	139.368	2.99665e-05	109.526	1	0	0	1	
85.0251	0.1	0.3	0	109.702	139.001	2.15613e-05	139.001	2.15613e-05	109.701	1	0	0	1	
85.3769	0.1	0.3	0	109.868	138.653	3.97788e-05	138.653	3.97788e-05	109.866	1	0	0	1	
85.7286	0.1	0.3	0	110.023	138.323	5.87514e-06	138.323	5.87514e-06	110.022	1	0	0	1	
86.0804	0.1	0.3	0	110.169	138.012	3.86489e-05	138.012	3.86489e-05	110.168	1	0	0	1	
86.4322	0.1	0.3	0	110.306	137.72	1.38073e-05	137.72	1.38073e-05	110.304	1	0	0	1	
86.7839	0.1	0.3	0	110.433	137.448	2.43388e-05	137.448	2.43388e-05	110.432	1	0	0	1	
87.1357	0.1	0.3	0	110.551	137.195	1.34826e-06	137.195	1.34826e-06	110.549	1	0	0	1	
87.4874	0.1	0.3	0	110.659	136.962	1.63605e-05	136.962	1.63605e-05	110.657	1	0	0	1	
87.8392	0.1	0.3	0	110.757	136.749	9.81922e-06	136.749	9.81922e-06	110.756	1	0	0	1	
88.191	0.1	0.3	0	110.846	136.556	1.48591e-05	136.556	1.48591e-05	110.845	1	0	0	1	
88.5427	0.1	0.3	0	110.925	136.383	1.85724e-06	136.383	1.85724e-06	110.924	1	0	0	1	
88.8945	0.1	0.3	0	110.995	136.231	1.5962e-05	136.231	1.5962e-05	110.993	1	0	0	1	
89.2462	0.1	0.3	0	111.055	136.101	1.39636e-05	136.101	1.39636e-05	111.053	1	0	0	1	
89.598	0.1	0.3	0	111.105	135.991	3.41987e-06	135.991	3.41987e-06	111.104	1	0	0	1	
89.9497	0.1	0.3	0	111.146	135.903	1.34815e-05	135.903	1.34815e-05	111.144	1	0	0	1	
90.3015	0.1	0.3	0	111.176	135.836	8.53397e-06	135.836	8.53397e-06	111.175	1	0	0	1	
90.6533	0.1	0.3	0	111.197	135.79	3.62338e-06	135.79	3.62338e-06	111.196	1	0	0	1	
91.005	0.1	0.3	0	111.208	135.767	1.18488e-05	135.767	1.18488e-05	111.207	1	0	0	1	
91.3568	0.1	0.3	0	111.209	135.765	2.1649e-05	135.765	2.1649e-05	111.208	1	0	0	1	
91.7085	0.1	0.3	0	111.2	135.786	3.4762e-05	135.786	3.4762e-05	111.199	1	0	0	1	
92.0603	0.1	0.3	0	111.181	135.828	2.90665e-06	135.828	2.90665e-06	111.179	1	0	0	1	
92.4121	0.1	0.3	0	111.151	135.893	3.61038e-06	135.893	3.61038e-06	111.15	1	0	0	1	
92.7638	0.1	0.3	0	111.112	135.981	1.01331e-05	135.981	1.01331e-05	111.11	1	0	0	1	
93.1156	0.1	0.3	0	111.062	136.091	7.17289e-06	136.091	7.17289e-06	111.06	1	0	0	1	
93.4673	0.1	0.3	0	111.001	136.224	1.30793e-05	136.224	1.30793e-05	111	1	0	0	1	
93.8191	0.1	0.3	0	110.93	136.38	2.43891e-05	136.38	2.43891e-05	110.928	1	0	0	1	
94.1709	0.1	0.3	0	110.848	136.559	1.85291e-05	136.559	1.85291e-05	110.846	1	0	0	1	
94.5226	0.1	0.3	0	110.755	136.762	1.65122e-05	136.762	1.65122e-05	110.753	1	0	0	1	
94.8744	0.1	0.3	0	110.65	136.99	5.62291e-06	136.99	5.62291e-06	110.649	1	0	0	1	
95.2261	0.1	0.3	0	110.636	137.021	1.28884e-05	137.021	1.28884e-05	110.634	1	0	0	1	
95.5779	0.1	0.3	0	110.644	137.004	1.94223e-05	137.004	1.94223e-05	110.642	1	0	0	1	
95.9296	0.1	0.3	0	110.652	136.988	4.93832e-06	136.988	4.93832e-06	110.65	1	0	0	1	
96.2814	0.1	0.3	0	110.659	136.973	3.1719e-06	136.973	3.1719e-06	110.658	1	0	0	1	
96.6332	0.1	0.3	0	110.667	136.957	9.0207e-06	136.957	9.0207e-06	110.665	1	0	0	1	
96.9849	0.1	0.3	0	110.674	136.942	4.25863e-06	136.942	4.25863e-06	110.672	1	0	0	1	
97.3367	0.1	0.3	0	110.681	136.928	8.48756e-07	136.928	8.48756e-07	110.679	1	0	0	1	
97.6884	0.1	0.3	0	110.688	136.914	1.05059e-05	136.914	1.05059e-05	110.686	1	0	0	1	
98.0402	0.1	0.3	0	110.694	136.9	4.91332e-06	136.9	4.91332e-06	110.693	1	0	0	1	
98.392	0.1	0.3	0	110.701	136.887	6.05393e-06	136.887	6.05393e-06	110.699	1	0	0	1	
98.7437	0.1	0.3	0	110.707	136.873	1.28777e-05	136.873	1.28777e-05	110.706	1	0	0	1	
99.0955	0.1	0.3	0	110.714	136.86	1.91269e-05	136.86	1.91269e-05	110.712	1	0	0	1	
99.4472	0.1	0.3	0	110.72	136.848	7.41359e-06	136.848	7.41359e-06	110.719	1	0	0	1	
99.799	0.1	0.3	0	110.726	136.835	1.29116e-05	136.835	1.29116e-05	110.725	1	0	0	1	
100.151	0.1	0.3	0	110.733	136.822	6.70324e-06	136.822	6.70324e-06	110.731	1	0	0	1	
100.503	0.1	0.3	0	110.739	136.81	6.52899e-06	136.81	6.52899e-06	110.737	1	0	0	1	
100.854	0.1	0.3	0	110.745	136.798	1.36174e-05	136.798	1.36174e-05	110.743	1	0	0	1	
101.206	0.1	0.3	0	110.751	136.786	2.21235e-06	136.786	2.21235e-06	110.749	1	0	0	1	
101.558	0.1	0.3	0	110.756	136.774	1.3305e-05	136.774	1.3305e-05	110.755	1	0	0	1	
101.91	0.1	0.3	0	110.762	136.763	1.76894e-05	136.763	1.76894e-05	110.761	1	0	0	1	
102.261	0.1	0.3	0	110.768	136.751	1.26906e-05	136.751	1.26906e-05	110.766	1	0	0	1	
102.613	0.1	0.3	0	110.773	136.74	2.41346e-05	136.74	2.41346e-05	110.772	1	0	0	1	
102.965	0.1	0.3	0	110.779	136.729	1.47931e-05	136.729	1.47931e-05	110.778	1	0	0	1	
103.317	0.1	0.3	0	110.785	136.717	2.03959e-05	136.717	2.03959e-05	110.783	1	0	0	1	
103.668	0.1	0.3	0	110.79	136.707	5.87069e-06	136.707	5.87069e-06	110.789	1	0	0	1	
104.02	0.1	0.3	0	110.796	136.696	1.9699e-05	136.696	1.9699e-05	110.794	1	0	0	1	
104.372	0.1	0.3	0	110.801	136.685	1.40268e-05	136.685	1.40268e-05	110.799	1	0	0	1	
104.724	0.1	0.3	0	110.806	136.675	1.50306e-05	136.675	1.50306e-05	110.805	1	0	0	1	
105.075	0.1	0.3	0	110.811	136.664	1.89708e-06	136.664	1.89708e-06	110.81	1	0	0	1	
105.427	0.1	0.3	0	110.817	136.654	3.78983e-05	136.654	3.78983e-05	110.815	1	0	0	1	
105.779	0.1	0.3	0	110.822	136.643	1.86069e-05	136.643	1.86069e-05	110.82	1	0	0	1	
106.131	0.1	0.3	0	110.827	136.633	1.47121e-05	136.633	1.47121e-05	110.825	1	0	0	1	
106.482	0.1	0.3	0	110.832	136.623	2.17088e-06	136.623	2.17088e-06	110.831	1	0	0	1	
106.834	0.1	0.3	0	110.837	136.614	1.47634e-05	136.614	1.47634e-05	110.836	1	0	0	1	
107.186	0.1	0.3	0	110.842	136.604	3.77645e-06	136.604	3.77645e-06	110.841	1	0	0	1	
107.538	0.1	0.3	0	110.847	136.594	1.97472e-05	136.594	1.97472e-05	110.846	1	0	0	1	
107.889	0.1	0.3	0	110.852	136.584	1.2297e-05	136.584	1.2297e-05	110.851	1	0	0	1	
108.241	0.1	0.3	0	110.857	136.575	2.06048e-05	136.575	2.06048e-05	110.855	1	0	0	1	
108.593	0.1	0.3	0	110.862	136.565	3.52631e-08	136.565	3.52631e-08	110.86	1	0	0	1	
108.945	0.1	0.3	0	110.867	136.556	2.83668e-06	136.556	2.83668e-06	110.865	1	0	0	1	
109.296	0.1	0.3	0	110.871	136.547	1.54641e-05	136.547	1.54641e-05	110.87	1	0	0	1	
109.648	0.1	0.3	0	110.876	136.538	1.27223e-05	136.538	1.27223e-05	110.875	1	0	0	1	
110	0.1	0.3	0	110.881	136.528	8.07316e-06	136.528	8.07316e-06	110.879	1	0	0	1	
