54.4221	0.1	0.3	1	24.6054	0	245.883	240.841	0	154.687	1	0	0	1	
54.7739	0.1	0.3	1	31.2764	0	244.242	244.359	0	196.445	1	0	0	1	
55.1256	0.1	0.3	1	35.6837	0	242.836	245.744	0	224.13	1	0	0	1	
55.4774	0.1	0.3	1	39.1628	0	241.52	246.391	0	246.002	1	0	0	1	
55.8291	0.1	0.3	1	42.1022	0	240.252	246.66	0	264.483	1	0	0	1	
56.1809	0.1	0.3	1	44.6792	0	239.012	246.701	0	280.684	1	0	0	1	
56.5327	0.1	0.3	1	46.9924	0	237.792	246.588	0	295.224	1	0	0	1	
56.8844	0.1	0.3	1	49.1026	0	236.583	246.368	0	308.488	1	0	0	1	
57.2362	0.1	0.3	1	51.0509	0	235.383	246.067	0	320.734	1	0	0	1	
57.5879	0.1	0.3	1	52.8661	0	234.187	245.705	0	332.142	1	0	0	1	
57.9397	0.1	0.3	1	54.5695	0	232.994	245.294	0	342.847	1	0	0	1	
58.2915	0.1	0.3	1	56.1772	0	231.801	244.845	0	352.951	1	0	0	1	
58.6432	0.1	0.3	1	57.7019	0	230.608	244.363	0	362.532	1	0	0	1	
58.995	0.1	0.3	1	59.1535	0	229.412	243.856	0	371.654	1	0	0	1	
59.3467	0.1	0.3	1	60.5401	0	228.213	243.326	0	380.368	1	0	0	1	
59.6985	0.1	0.3	1	61.8686	0	227.011	242.778	0	388.716	1	0	0	1	
60.0503	0.1	0.3	1	63.1445	0	225.804	242.214	0	396.734	1	0	0	1	
60.402	0.1	0.3	1	64.3725	0	224.592	241.637	0	404.45	1	0	0	1	
60.7538	0.1	0.3	1	65.5566	0	223.375	241.049	0	411.89	1	0	0	1	
61.1055	0.1	0.3	1	66.7003	0	222.151	240.451	0	419.077	1	0	0	1	
61.4573	0.1	0.3	1	67.8066	0	220.92	239.844	0	426.029	1	0	0	1	
61.809	0.1	0.3	1	68.8322	0	219.694	239.258	0	432.474	1	0	0	1	
62.1608	0.1	0.3	1	69.8521	0	218.454	238.651	0	438.882	1	0	0	1	
62.5126	0.1	0.3	1	70.847	0	217.205	238.036	0	445.134	1	0	0	1	
62.8643	0.1	0.3	1	71.8161	0	215.948	237.416	0	451.223	1	0	0	1	
63.2161	0.1	0.3	1	72.7599	0	214.681	236.791	0	457.153	1	0	0	1	
63.5678	0.1	0.3	1	73.6794	0	213.406	236.162	0	462.931	1	0	0	1	
63.9196	0.1	0.3	1	74.5756	0	212.121	235.531	0	468.562	1	0	0	1	
64.2714	0.1	0.3	1	75.4493	0	210.826	234.898	0	474.053	1	0	0	1	
64.6231	0.1	0.3	1	76.3016	0	209.522	234.263	0	479.408	1	0	0	1	
64.9749	0.1	0.3	1	77.1332	0	208.208	233.628	0	484.633	1	0	0	1	
65.3266	0.1	0.3	1	77.9449	0	206.884	232.992	0	489.734	1	0	0	1	
65.6784	0.1	0.3	1	78.7376	0	205.549	232.356	0	494.714	1	0	0	1	
66.0302	0.1	0.3	1	79.5118	0	204.203	231.72	0	499.579	1	0	0	1	
66.3819	0.1	0.3	1	80.2682	0	202.846	231.085	0	504.332	1	0	0	1	
66.7337	0.1	0.3	1	81.0074	0	201.477	230.452	0	508.976	1	0	0	1	
67.0854	0.1	0.3	1	81.7298	0	200.097	229.82	0	513.516	1	0	0	1	
67.4372	0.1	0.3	1	82.4361	0	198.705	229.189	0	517.954	1	0	0	1	
67.7889	0.1	0.3	1	83.1266	0	197.301	228.562	0	522.292	1	0	0	1	
68.1407	0.1	0.3	1	83.8017	0	195.884	227.937	0	526.535	1	0	0	1	
68.4925	0.1	0.3	1	84.4619	0	194.454	227.314	0	530.683	1	0	0	1	
68.8442	0.1	0.3	1	85.1075	0	193.011	226.695	0	534.739	1	0	0	1	
69.196	0.1	0.3	1	85.7388	0	191.555	226.08	0	538.706	1	0	0	1	
69.5477	0.1	0.3	1	86.3561	0	190.084	225.469	0	542.584	1	0	0	1	
69.8995	0.1	0.3	1	86.9596	0	188.6	224.861	0	546.377	1	0	0	1	
70.2513	0.1	0.3	1	87.5496	0	187.101	224.259	0	550.084	1	0	0	1	
70.603	0.1	0.3	1	88.1263	0	185.588	223.661	0	553.708	1	0	0	1	
70.9548	0.1	0.3	1	88.6898	0	184.059	223.068	0	557.248	1	0	0	1	
71.3065	0.1	0.3	1	89.2402	0	182.515	222.482	0	560.707	1	0	0	1	
71.6583	0.1	0.3	1	89.7775	0	180.955	221.901	0	564.082	1	0	0	1	
72.0101	0.1	0.3	1	90.3013	0	179.38	221.328	0	567.374	1	0	0	1	
72.3618	0.1	0.3	1	90.8105	0	177.788	220.764	0	570.574	1	0	0	1	
72.7136	0.1	0.3	0	91.3073	220.206	6.72585e-06	220.206	6.72585e-06	573.696	1	0	0	1	
73.0653	0.1	0.3	0	91.7932	219.655	1.03977e-05	219.655	1.03977e-05	576.749	1	0	0	1	
73.4171	0.1	0.3	0	92.2684	219.109	2.95007e-06	219.109	2.95007e-06	579.734	1	0	0	1	
73.7688	0.1	0.3	0	92.7331	218.569	5.85607e-06	218.569	5.85607e-06	582.654	1	0	0	1	
74.1206	0.1	0.3	0	93.1875	218.035	9.63597e-06	218.035	9.63597e-06	585.509	1	0	0	1	
74.4724	0.1	0.3	0	93.6316	217.508	1.08388e-05	217.508	1.08388e-05	588.3	1	0	0	1	
74.8241	0.1	0.3	0	94.0656	216.988	2.06337e-06	216.988	2.06337e-06	591.027	1	0	0	1	
75.1759	0.1	0.3	0	94.4897	216.474	2.82149e-05	216.474	2.82149e-05	593.691	1	0	0	1	
75.5276	0.1	0.3	0	94.9039	215.967	1.76413e-05	215.967	1.76413e-05	596.294	1	0	0	1	
75.8794	0.1	0.3	0	95.3084	215.467	1.07257e-05	215.467	1.07257e-05	598.835	1	0	0	1	
76.2312	0.1	0.3	0	95.7032	214.975	1.7644e-05	214.975	1.7644e-05	601.316	1	0	0	1	
76.5829	0.1	0.3	0	96.0885	214.49	3.46929e-05	214.49	3.46929e-05	603.737	1	0	0	1	
76.9347	0.1	0.3	0	96.4643	214.013	2.39934e-05	214.013	2.39934e-05	606.099	1	0	0	1	
77.2864	0.1	0.3	0	96.8308	213.543	8.00057e-06	213.543	8.00057e-06	608.401	1	0	0	1	
77.6382	0.1	0.3	0	97.188	213.082	5.13863e-06	213.082	5.13863e-06	610.646	1	0	0	1	
77.9899	0.1	0.3	0	97.536	212.629	9.09139e-06	212.629	9.09139e-06	612.832	1	0	0	1	
78.3417	0.1	0.3	0	97.8749	212.184	5.71352e-06	212.184	5.71352e-06	614.961	1	0	0	1	
78.6935	0.1	0.3	0	98.2046	211.747	2.75364e-06	211.747	2.75364e-06	617.033	1	0	0	1	
79.0452	0.1	0.3	0	98.5254	211.32	1.04195e-05	211.32	1.04195e-05	619.048	1	0	0	1	
79.397	0.1	0.3	0	98.8372	210.901	1.4687e-05	210.901	1.4687e-05	621.007	1	0	0	1	
79.7487	0.1	0.3	0	99.14	210.491	1.59742e-05	210.491	1.59742e-05	622.911	1	0	0	1	
80.1005	0.1	0.3	0	99.434	210.09	1.59527e-05	210.09	1.59527e-05	624.758	1	0	0	1	
80.4523	0.1	0.3	0	99.7192	209.699	6.55479e-06	209.699	6.55479e-06	626.55	1	0	0	1	
80.804	0.1	0.3	0	99.9956	209.317	3.25666e-06	209.317	3.25666e-06	628.286	1	0	0	1	
81.1558	0.1	0.3	0	100.263	208.945	2.02997e-05	208.945	2.02997e-05	629.965	1	0	0	1	
81.5075	0.1	0.3	0	100.522	208.583	4.35832e-06	208.583	4.35832e-06	631.592	1	0	0	1	
81.8593	0.1	0.3	0	100.772	208.231	1.5517e-05	208.231	1.5517e-05	633.169	1	0	0	1	
82.2111	0.1	0.3	0	101.014	207.889	2.87934e-05	207.889	2.87934e-05	634.683	1	0	0	1	
82.5628	0.1	0.3	0	101.247	207.557	1.93054e-05	207.557	1.93054e-05	636.147	1	0	0	1	
82.9146	0.1	0.3	0	101.471	207.236	1.78326e-06	207.236	1.78326e-06	637.555	1	0	0	1	
83.2663	0.1	0.3	0	101.687	206.925	2.48282e-05	206.925	2.48282e-05	638.912	1	0	0	1	
83.6181	0.1	0.3	0	101.894	206.625	3.67705e-06	206.625	3.67705e-06	640.213	1	0	0	1	
83.9698	0.1	0.3	0	102.092	206.337	1.0918e-05	206.337	1.0918e-05	641.463	1	0	0	1	
84.3216	0.1	0.3	0	102.282	206.059	2.48558e-06	206.059	2.48558e-06	642.65	1	0	0	1	
84.6734	0.1	0.3	0	102.463	205.792	4.49834e-05	205.792	4.49834e-05	643.794	1	0	0	1	
85.0251	0.1	0.3	0	102.636	205.537	1.15694e-05	205.537	1.15694e-05	644.875	1	0	0	1	
85.3769	0.1	0.3	0	102.8	205.294	5.80964e-06	205.294	5.80964e-06	645.911	1	0	0	1	
85.7286	0.1	0.3	0	102.956	205.062	1.52874e-05	205.062	1.52874e-05	646.885	1	0	0	1	
86.0804	0.1	0.3	0	103.103	204.842	1.75961e-05	204.842	1.75961e-05	647.809	1	0	0	1	
86.4322	0.1	0.3	0	103.241	204.633	9.26532e-06	204.633	9.26532e-06	648.676	1	0	0	1	
86.7839	0.1	0.3	0	103.371	204.438	3.84702e-05	204.438	3.84702e-05	649.493	1	0	0	1	
87.1357	0.1	0.3	0	103.492	204.254	1.15868e-06	204.254	1.15868e-06	650.253	1	0	0	1	
87.4874	0.1	0.3	0	103.604	204.083	7.04852e-06	204.083	7.04852e-06	650.963	1	0	0	1	
87.8392	0.1	0.3	0	103.708	203.924	3.88684e-07	203.924	3.88684e-07	651.61	1	0	0	1	
88.191	0.1	0.3	0	103.803	203.777	1.63345e-05	203.777	1.63345e-05	652.207	1	0	0	1	
88.5427	0.1	0.3	0	103.889	203.644	3.71528e-06	203.644	3.71528e-06	652.748	1	0	0	1	
88.8945	0.1	0.3	0	103.966	203.524	3.01493e-06	203.524	3.01493e-06	653.238	1	0	0	1	
89.2462	0.1	0.3	0	104.035	203.416	2.31818e-05	203.416	2.31818e-05	653.665	1	0	0	1	
89.598	0.1	0.3	0	104.095	203.322	1.37457e-05	203.322	1.37457e-05	654.042	1	0	0	1	
89.9497	0.1	0.3	0	104.146	203.24	1.69967e-05	203.24	1.69967e-05	654.362	1	0	0	1	
90.3015	0.1	0.3	0	104.188	203.173	8.13339e-06	203.173	8.13339e-06	654.626	1	0	0	1	
90.6533	0.1	0.3	0	104.221	203.118	1.45765e-05	203.118	1.45765e-05	654.834	1	0	0	1	
91.005	0.1	0.3	0	104.245	203.078	1.08618e-06	203.078	1.08618e-06	654.984	1	0	0	1	
91.3568	0.1	0.3	0	104.259	203.051	4.42404e-06	203.051	4.42404e-06	655.079	1	0	0	1	
91.7085	0.1	0.3	0	104.265	203.037	4.75507e-06	203.037	4.75507e-06	655.11	1	0	0	1	
92.0603	0.1	0.3	0	104.261	203.038	2.34975e-05	203.038	2.34975e-05	655.091	1	0	0	1	
92.4121	0.1	0.3	0	104.249	203.053	3.74179e-06	203.053	3.74179e-06	655.009	1	0	0	1	
92.7638	0.1	0.3	0	104.226	203.082	2.42072e-05	203.082	2.42072e-05	654.871	1	0	0	1	
93.1156	0.1	0.3	0	104.195	203.125	1.02001e-05	203.125	1.02001e-05	654.67	1	0	0	1	
93.4673	0.1	0.3	0	104.153	203.183	1.75716e-06	203.183	1.75716e-06	654.413	1	0	0	1	
93.8191	0.1	0.3	0	104.102	203.255	4.61818e-06	203.255	4.61818e-06	654.092	1	0	0	1	
94.1709	0.1	0.3	0	104.041	203.342	1.2089e-05	203.342	1.2089e-05	653.709	1	0	0	1	
94.5226	0.1	0.3	0	103.971	203.443	1.19911e-05	203.443	1.19911e-05	653.263	1	0	0	1	
94.8744	0.1	0.3	0	103.89	203.559	1.25762e-05	203.559	1.25762e-05	652.754	1	0	0	1	
95.2261	0.1	0.3	0	103.798	203.692	1.08262e-06	203.692	1.08262e-06	652.182	1	0	0	1	
95.5779	0.1	0.3	0	103.733	203.785	1.33803e-05	203.785	1.33803e-05	651.767	1	0	0	1	
95.9296	0.1	0.3	0	103.743	203.765	1.47965e-05	203.765	1.47965e-05	651.83	1	0	0	1	
96.2814	0.1	0.3	0	103.752	203.746	4.34068e-05	203.746	4.34068e-05	651.893	1	0	0	1	
96.6332	0.1	0.3	0	103.762	203.727	9.8798e-06	203.727	9.8798e-06	651.95	1	0	0	1	
96.9849	0.1	0.3	0	103.771	203.708	1.61311e-05	203.708	1.61311e-05	652.012	1	0	0	1	
97.3367	0.1	0.3	0	103.78	203.69	2.3804e-05	203.69	2.3804e-05	652.069	1	0	0	1	
97.6884	0.1	0.3	0	103.789	203.672	1.25388e-05	203.672	1.25388e-05	652.126	1	0	0	1	
98.0402	0.1	0.3	0	103.798	203.654	5.32661e-06	203.654	5.32661e-06	652.182	1	0	0	1	
98.392	0.1	0.3	0	103.807	203.635	2.5848e-06	203.635	2.5848e-06	652.232	1	0	0	1	
98.7437	0.1	0.3	0	103.816	203.618	1.57018e-07	203.618	1.57018e-07	652.289	1	0	0	1	
99.0955	0.1	0.3	0	103.824	203.6	7.8792e-06	203.6	7.8792e-06	652.345	1	0	0	1	
99.4472	0.1	0.3	0	103.833	203.582	3.80786e-06	203.582	3.80786e-06	652.396	1	0	0	1	
99.799	0.1	0.3	0	103.841	203.565	5.06056e-06	203.565	5.06056e-06	652.446	1	0	0	1	
100.151	0.1	0.3	0	103.849	203.548	4.51967e-06	203.548	4.51967e-06	652.502	1	0	0	1	
100.503	0.1	0.3	0	103.857	203.53	2.944e-06	203.53	2.944e-06	652.553	1	0	0	1	
100.854	0.1	0.3	0	103.866	203.513	1.50139e-05	203.513	1.50139e-05	652.603	1	0	0	1	
101.206	0.1	0.3	0	103.874	203.496	1.00181e-05	203.496	1.00181e-05	652.653	1	0	0	1	
101.558	0.1	0.3	0	103.882	203.479	4.05357e-05	203.479	4.05357e-05	652.704	1	0	0	1	
101.91	0.1	0.3	0	103.89	203.461	1.07839e-05	203.461	1.07839e-05	652.754	1	0	0	1	
102.261	0.1	0.3	0	103.898	203.445	8.26437e-06	203.445	8.26437e-06	652.804	1	0	0	1	
102.613	0.1	0.3	0	103.906	203.428	1.06339e-06	203.428	1.06339e-06	652.854	1	0	0	1	
102.965	0.1	0.3	0	103.914	203.411	1.30327e-05	203.411	1.30327e-05	652.905	1	0	0	1	
103.317	0.1	0.3	0	103.921	203.394	7.82888e-06	203.394	7.82888e-06	652.955	1	0	0	1	
103.668	0.1	0.3	0	103.929	203.378	2.27585e-05	203.378	2.27585e-05	653.005	1	0	0	1	
104.02	0.1	0.3	0	103.937	203.361	9.42802e-06	203.361	9.42802e-06	653.049	1	0	0	1	
104.372	0.1	0.3	0	103.944	203.344	4.06361e-06	203.344	4.06361e-06	653.099	1	0	0	1	
104.724	0.1	0.3	0	103.952	203.327	3.76976e-06	203.327	3.76976e-06	653.143	1	0	0	1	
105.075	0.1	0.3	0	103.96	203.311	2.10258e-05	203.311	2.10258e-05	653.194	1	0	0	1	
105.427	0.1	0.3	0	103.967	203.295	1.05354e-05	203.295	1.05354e-05	653.244	1	0	0	1	
105.779	0.1	0.3	0	103.975	203.278	3.8582e-05	203.278	3.8582e-05	653.288	1	0	0	1	
106.131	0.1	0.3	0	103.982	203.262	5.287e-06	203.262	5.287e-06	653.338	1	0	0	1	
106.482	0.1	0.3	0	103.989	203.245	1.5217e-05	203.245	1.5217e-05	653.382	1	0	0	1	
106.834	0.1	0.3	0	103.997	203.229	7.5876e-06	203.229	7.5876e-06	653.426	1	0	0	1	
107.186	0.1	0.3	0	104.004	203.212	3.25664e-05	203.212	3.25664e-05	653.476	1	0	0	1	
107.538	0.1	0.3	0	104.012	203.196	9.90179e-06	203.196	9.90179e-06	653.52	1	0	0	1	
107.889	0.1	0.3	0	104.019	203.18	9.78258e-06	203.18	9.78258e-06	653.564	1	0	0	1	
108.241	0.1	0.3	0	104.026	203.164	9.90179e-06	203.164	9.90179e-06	653.615	1	0	0	1	
108.593	0.1	0.3	0	104.033	203.147	2.38344e-05	203.147	2.38344e-05	653.659	1	0	0	1	
108.945	0.1	0.3	0	104.04	203.131	7.99445e-06	203.131	7.99445e-06	653.703	1	0	0	1	
109.296	0.1	0.3	0	104.048	203.115	2.13834e-06	203.115	2.13834e-06	653.747	1	0	0	1	
109.648	0.1	0.3	0	104.055	203.099	1.76356e-05	203.099	1.76356e-05	653.791	1	0	0	1	
110	0.1	0.3	0	104.062	203.083	2.07498e-05	203.083	2.07498e-05	653.835	1	0	0	1	
