40	0.1	0.3	-2	0	0	0	0	0	346	0	0	0	1	
40.7071	0.1	0.3	-2	0	0	0	0	0	346	0	0	0	1	
41.4141	0.1	0.3	-2	0	0	0	0	0	346	0	0	0	1	
42.1212	0.1	0.3	-2	0	0	0	0	0	346	0	0	0	1	
42.8283	0.1	0.3	-2	0	0	0	0	0	346	0	0	0	1	
43.5354	0.1	0.3	1	19.3902	-249.553	-3.52124e-06	-4.59139e-06	269.485	346	0	0	0	1	
44.2424	0.1	0.3	1	35.9741	-249.012	-8.25754e-05	-3.39156e-06	268.027	346	0	0	0	1	
44.9495	0.1	0.3	1	43.4911	-248.257	-1.98748e-05	-5.57225e-05	266.521	346	0	0	0	1	
45.6566	0.1	0.3	1	49.0519	-247.385	8.20199e-05	1.1607e-05	264.977	346	0	0	0	1	
46.3636	0.1	0.3	1	53.6514	-246.426	-1.69858e-06	2.89003e-06	263.393	346	0	0	0	1	
47.0707	0.1	0.3	1	57.6578	-245.394	5.21974e-07	1.15154e-05	261.77	346	0	0	0	1	
47.7778	0.1	0.3	1	61.2646	-244.295	8.78894e-06	9.63815e-06	260.106	346	0	0	0	1	
48.4848	0.1	0.3	1	64.5691	-243.137	3.40224e-05	-3.99591e-06	258.401	346	0	0	0	1	
49.1919	0.1	0.3	1	67.6421	-241.923	-2.16051e-05	1.98598e-05	256.653	346	0	0	0	1	
49.899	0.1	0.3	1	70.5295	-240.655	1.80658e-05	3.49853e-05	254.862	346	0	0	0	1	
50.6061	0.1	0.3	1	73.2642	-239.334	-1.5016e-05	-1.7725e-05	253.025	346	0	0	0	1	
51.3131	0.1	0.3	1	75.8706	-237.962	1.08872e-05	1.35205e-05	251.141	346	0	0	0	1	
52.0202	0.1	0.3	1	78.367	-236.54	-8.60188e-06	-4.90198e-05	249.208	346	0	0	0	1	
52.7273	0.1	0.3	1	80.7681	-235.066	4.79837e-05	-1.96243e-05	247.226	346	0	0	0	1	
53.4343	0.1	0.3	1	83.0854	-233.542	-1.14937e-05	1.24677e-05	245.19	346	0	0	0	1	
54.1414	0.1	0.3	1	85.3254	-231.969	-3.86442e-06	6.07261e-06	243.101	346	0	0	0	1	
54.8485	0.1	0.3	1	87.5039	-230.342	-1.90866e-06	6.35047e-06	240.953	346	0	0	0	1	
55.5556	0.1	0.3	1	89.6192	-228.664	1.11427e-06	-3.6142e-06	238.744	346	0	0	0	1	
56.2626	0.1	0.3	1	91.679	-226.935	7.53576e-06	2.01441e-05	236.471	346	0	0	0	1	
56.9697	0.1	0.3	4	93.6878	-225.153	-8.14188e-06	-3.38039e-06	234.129	346	0	0	0	1	
57.6768	0.1	0.3	4	95.6492	223.317	5.16323e-07	2.01931e-06	231.712	346	0	0	0	1	
58.3838	0.1	0.3	4	97.5661	221.427	7.3114e-06	-2.00564e-05	229.213	346	0	0	0	1	
59.0909	0.1	0.3	4	99.4409	219.483	2.80433e-05	-2.11866e-05	226.62	346	0	0	0	1	
59.798	0.1	0.3	4	101.275	217.482	2.48667e-05	-1.81961e-05	223.918	346	0	0	0	1	
60.5051	0.1	0.3	4	103.07	215.427	1.54112e-06	-3.2256e-05	221.078	346	0	0	0	1	
61.2121	0.1	0.3	4	104.826	213.316	1.19064e-05	1.71165e-05	218.038	346	0	0	0	1	
61.9192	0.1	0.3	4	106.538	211.156	1.30385e-05	-1.63187e-05	214.518	346	0	0	0	1	
62.6263	0.1	0.3	4	108.194	208.968	5.77303e-06	-1.4938e-06	210.683	346	0	0	0	1	
63.3333	0.1	0.3	4	109.818	206.718	1.21975e-05	-1.96426e-05	207.957	346	0	0	0	1	
64.0404	0.1	0.3	4	111.416	204.397	1.17431e-05	-4.6343e-05	205.176	346	0	0	0	1	
64.7475	0.1	0.3	4	112.991	201.999	-2.04936e-05	-2.19869e-05	202.333	346	0	0	0	1	
65.4545	0.1	0.3	4	114.542	199.519	3.80064e-05	1.96641e-06	199.421	346	0	0	0	1	
66.1616	0.1	0.3	4	116.071	196.95	-8.72514e-06	1.48261e-05	196.439	346	0	0	0	1	
66.8687	0.1	0.3	4	117.579	194.283	-1.15745e-05	3.16741e-06	193.381	346	0	0	0	1	
67.5758	0.1	0.3	4	119.067	191.506	2.3101e-05	1.237e-05	190.244	346	0	0	0	1	
68.2828	0.1	0.3	4	120.536	188.605	-4.98177e-06	1.5374e-06	187.023	346	0	0	0	1	
68.9899	0.1	0.3	4	121.99	185.553	-1.13568e-05	9.54697e-06	183.711	346	0	0	0	1	
69.697	0.1	0.3	1	123.427	182.328	-3.85063e-06	-1.02091e-05	180.305	346	0	0	0	1	
70.404	0.1	0.3	1	124.849	178.877	3.69126e-06	2.93431e-07	176.797	346	0	0	0	1	
71.1111	0.1	0.3	1	126.261	175.11	-3.26307e-05	1.49407e-05	173.178	346	0	0	0	1	
71.8182	0.1	0.3	1	127.668	170.799	-2.24051e-07	-1.87985e-05	169.439	346	0	0	0	1	
72.5253	0.1	0.3	3	129.094	163.483	-3.11921e-05	-1.19024e-05	165.556	346	0	0	0	1	
73.2323	0.1	0.3	3	130.559	158.952	-2.32974e-05	-2.09208e-05	161.506	346	0	0	0	1	
73.9394	0.1	0.3	3	132.043	152.61	2.34662e-05	2.574e-06	157.284	346	0	0	0	1	
74.6465	0.1	0.3	3	133.535	148.053	2.86992e-05	-1.41916e-06	152.882	346	0	0	0	1	
75.3535	0.1	0.3	3	135.05	141.576	-7.47251e-06	2.08385e-05	148.271	346	0	0	0	1	
76.0606	0.1	0.3	3	136.59	136.924	3.29586e-06	-8.00948e-06	143.424	346	0	0	0	1	
76.7677	0.1	0.3	3	138.119	132.215	-2.12628e-05	-1.59326e-05	138.339	346	0	0	0	1	
77.4747	0.1	0.3	3	139.635	127.29	2.7726e-05	1.78379e-05	132.985	346	0	0	0	1	
78.1818	0.1	0.3	3	141.135	122.108	-4.81874e-05	1.86628e-05	127.318	346	0	0	0	1	
78.8889	0.1	0.3	3	142.62	116.628	-1.89573e-05	-1.63718e-05	121.285	346	0	0	0	1	
79.596	0.1	0.3	4	144.086	110.803	-9.68146e-06	-4.15179e-06	114.803	346	0	0	0	1	
80.303	0.1	0.3	4	145.53	104.58	1.21291e-05	1.60394e-06	107.746	346	0	0	0	1	
81.0101	0.1	0.3	4	146.943	97.9024	-3.40331e-05	1.35061e-06	99.8643	346	0	0	0	1	
81.7172	0.1	0.3	5	148.301	90.7711	2.20919e-05	-1.17065e-05	88.4604	346	0	0	0	1	
82.4242	0.1	0.3	5	149.543	83.4272	2.9863e-05	7.42485e-06	80.098	346	0	0	0	1	
83.1313	0.1	0.3	5	150.734	75.3289	1.1515e-05	1.3167e-05	70.8213	346	0	0	0	1	
83.8384	0.1	0.3	1	151.841	66.318	-4.74395e-05	-1.42183e-05	60.2168	346	0	0	0	1	
84.5455	0.1	0.3	1	152.829	56.0494	3.324e-05	-1.12298e-05	47.4698	346	0	0	0	1	
85.2525	0.1	0.3	1	153.562	45.0183	-1.55824e-05	-1.3823e-05	30.4532	346	0	0	0	1	
85.9596	0.1	0.3	1	153.764	40.333	3.63053e-05	-6.87096e-07	3.55097e-06	346	0	0	0	1	
86.6667	0.1	0.3	1	153.759	40.3259	-1.16005e-05	2.14775e-05	-2.46635e-05	346	0	0	0	1	
87.3737	0.1	0.3	1	153.754	40.3264	1.57567e-05	-6.17862e-07	-6.0154e-06	346	0	0	0	1	
88.0808	0.1	0.3	1	153.748	40.3275	1.34349e-05	-1.48229e-05	2.32785e-05	346	0	0	0	1	
88.7879	0.1	0.3	1	153.743	40.329	-3.97456e-06	-1.41981e-05	-5.2394e-06	346	0	0	0	1	
89.4949	0.1	0.3	1	153.737	40.3314	4.03149e-07	-4.02699e-06	-4.73028e-06	346	0	0	0	1	
90.202	0.1	0.3	1	153.732	40.3349	9.13325e-06	3.61018e-06	-1.80349e-05	346	0	0	0	1	
90.9091	0.1	0.3	1	153.727	40.3405	6.97156e-06	1.57049e-05	-4.00788e-06	346	0	0	0	1	
91.6162	0.1	0.3	1	153.722	40.3493	1.09391e-05	-9.8495e-06	-1.47021e-05	346	0	0	0	1	
92.3232	0.1	0.3	1	153.718	40.3652	1.17324e-06	2.00287e-05	3.20346e-06	346	0	0	0	1	
93.0303	0.1	0.3	1	153.714	40.397	3.26535e-06	-1.82005e-05	-1.04762e-05	346	0	0	0	1	
93.7374	0.1	0.3	1	153.713	40.4037	4.80286e-07	-4.01338e-06	-3.60111e-05	346	0	0	0	1	
94.4444	0.1	0.3	2	153.752	43.6626	-9.07269e-06	-9.47111e-06	-1.76867e-05	346	0	0	0	1	
95.1515	0.1	0.3	1	153.853	42.9139	1.31715e-05	2.72211e-06	3.20376e-05	346	0	0	0	1	
95.8586	0.1	0.3	1	153.939	42.0894	-8.51284e-08	-2.07217e-06	-2.76509e-05	346	0	0	0	1	
96.5657	0.1	0.3	1	153.996	41.7848	1.93712e-06	-1.12611e-05	-2.24555e-06	346	0	0	0	1	
97.2727	0.1	0.3	1	154.043	41.6105	1.2244e-05	-9.88081e-06	2.36732e-06	346	0	0	0	1	
97.9798	0.1	0.3	1	154.083	41.4941	6.67791e-06	-8.7843e-06	-2.00239e-05	346	0	0	0	1	
98.6869	0.1	0.3	1	154.118	41.4096	-1.17524e-06	1.80454e-05	-1.70971e-06	346	0	0	0	1	
99.3939	0.1	0.3	1	154.15	41.3452	-3.68952e-06	3.58371e-06	2.89994e-05	346	0	0	0	1	
100.101	0.1	0.3	1	154.18	41.2942	9.77444e-07	-2.22964e-05	4.35068e-06	346	0	0	0	1	
100.808	0.1	0.3	1	154.207	41.2528	-1.54684e-07	6.60191e-06	-1.02648e-05	346	0	0	0	1	
101.515	0.1	0.3	1	154.233	41.2185	2.11137e-06	-1.00131e-05	-6.21191e-06	346	0	0	0	1	
102.222	0.1	0.3	1	154.258	41.1896	-6.98097e-07	1.16052e-05	-9.07738e-06	346	0	0	0	1	
102.929	0.1	0.3	1	154.281	41.1648	2.42942e-06	1.03868e-05	-9.20687e-06	346	0	0	0	1	
103.636	0.1	0.3	1	154.303	41.1435	-2.74566e-06	5.13444e-06	1.49612e-07	346	0	0	0	1	
104.343	0.1	0.3	1	154.324	41.1249	6.26693e-06	-1.50581e-05	-5.36714e-07	346	0	0	0	1	
105.051	0.1	0.3	1	154.344	41.1086	2.545e-06	1.16496e-05	2.15334e-05	346	0	0	0	1	
105.758	0.1	0.3	1	154.364	41.0942	-1.84982e-06	-1.89005e-05	-1.81874e-05	346	0	0	0	1	
106.465	0.1	0.3	1	154.383	41.0814	-4.55631e-06	-1.72149e-05	8.71374e-06	346	0	0	0	1	
107.172	0.1	0.3	1	154.401	41.07	-1.03645e-06	1.91714e-05	-9.6222e-06	346	0	0	0	1	
107.879	0.1	0.3	1	154.418	41.0596	-1.79865e-06	-7.37705e-06	-8.35844e-06	346	0	0	0	1	
108.586	0.1	0.3	1	154.436	41.0504	-1.14061e-05	-6.47682e-06	-1.48522e-05	346	0	0	0	1	
109.293	0.1	0.3	1	154.452	41.0419	1.22567e-05	1.82175e-05	7.45762e-06	346	0	0	0	1	
110	0.1	0.3	1	154.468	41.0343	3.72804e-06	8.71929e-06	-9.59367e-06	346	0	0	0	1	
