40	0.1	0.3	-2	0	0	0	0	0	86.5	1	1	0	1	
40.35175879396985	0.1	0.3	-2	0	0	0	0	0	86.5	1	1	0	1	
40.7035175879397	0.1	0.3	-2	0	0	0	0	0	86.5	1	1	0	1	
41.05527638190955	0.1	0.3	-2	0	0	0	0	0	86.5	1	1	0	1	
41.4070351758794	0.1	0.3	-2	0	0	0	0	0	86.5	1	1	0	1	
41.75879396984924	0.1	0.3	-2	0	0	0	0	0	86.5	1	1	0	1	
42.11055276381909	0.1	0.3	-2	0	0	0	0	0	86.5	1	1	0	1	
42.46231155778894	0.1	0.3	-2	0	0	0	0	0	86.5	1	1	0	1	
42.81407035175879	0.1	0.3	-2	0	0	0	0	0	86.5	1	1	0	1	
43.16582914572864	0.1	0.3	-2	0	0	0	0	0	86.5	1	1	0	1	
43.51758793969849	0.1	0.3	-2	0	0	0	0	0	86.5	1	1	0	1	
43.86934673366834	0.1	0.3	-2	0	0	0	0	0	86.5	1	1	0	1	
44.22110552763819	0.1	0.3	-2	0	0	0	0	0	86.5	1	1	0	1	
44.57286432160804	0.1	0.3	-2	0	0	0	0	0	86.5	1	1	0	1	
44.92462311557789	0.1	0.3	-2	0	0	0	0	0	86.5	1	1	0	1	
45.27638190954774	0.1	0.3	-2	0	0	0	0	0	86.5	1	1	0	1	
45.62814070351759	0.1	0.3	1	25.38020361978737	-249.1337186679838	7.698231271169309e-06	-8.236086846444485e-06	265.124077039888	86.5	1	1	0	1	
45.97989949748744	0.1	0.3	1	32.5872477551635	-248.8526613646539	-3.389107258597313e-06	1.456058603907864e-05	264.3301966727279	86.5	1	1	0	1	
46.33165829145729	0.1	0.3	1	37.24807050618602	-248.5183485373852	-4.098910007622331e-06	-6.142080964919097e-05	263.5419110840838	86.5	1	1	0	1	
46.68341708542714	0.1	0.3	1	40.88718144415229	-248.146537962224	-1.071088986226432e-05	-2.762701886505417e-07	262.7527672337355	86.5	1	1	0	1	
47.03517587939699	0.1	0.3	1	43.94981349018946	-247.7448889552414	-3.533568378781549e-06	1.017509532623851e-06	261.9601102411179	86.5	1	1	0	1	
47.38693467336684	0.1	0.3	1	46.63466698816433	-247.3179465360205	7.982105687554301e-05	-3.69155216834176e-06	261.1625850634802	86.5	1	1	0	1	
47.73869346733668	0.1	0.3	1	49.04960023123004	-246.8687836914738	-2.582943276385774e-05	2.778384659631039e-05	260.359302897185	86.5	1	1	0	1	
48.09045226130653	0.1	0.3	1	51.26042172911552	-246.3995078926011	-6.109812194440845e-06	-1.077967784306492e-05	259.5496386679761	86.5	1	1	0	1	
48.44221105527638	0.1	0.3	1	53.310564877148	-245.9117422396447	-3.896476021836293e-06	-3.956411877298815e-06	258.7331854424668	86.5	1	1	0	1	
48.79396984924623	0.1	0.3	1	55.23036685835775	-245.4067408704321	1.17632580531879e-05	-8.648309068541582e-06	257.9095580071686	86.5	1	1	0	1	
49.14572864321608	0.1	0.3	1	57.04194631339421	-244.8854123904696	5.603451872282506e-06	3.251201464016598e-05	257.0785197200419	86.5	1	1	0	1	
49.49748743718593	0.1	0.3	1	58.75916513581033	-244.3494693854863	1.095473458614937e-05	6.611666639823321e-06	256.2400051914326	86.5	1	1	0	1	
49.84924623115578	0.1	0.3	1	60.40334475762823	-243.7967861781835	1.999901305419979e-06	4.69716927482865e-06	255.3931749992452	86.5	1	1	0	1	
50.20100502512562	0.1	0.3	1	61.97640788526904	-243.230581162126	-1.86858781436143e-05	1.414202138838583e-06	254.5384928198355	86.5	1	1	0	1	
50.55276381909547	0.1	0.3	1	63.4893300927929	-242.6503757642399	2.404755618902465e-05	6.574632194979169e-06	253.6756099286176	86.5	1	1	0	1	
50.90452261306532	0.1	0.3	1	64.94890154271576	-242.0565448135748	2.195629580797887e-05	1.40997638880605e-05	252.8043445699334	86.5	1	1	0	1	
51.25628140703517	0.1	0.3	1	66.36076445936536	-241.4493389038822	-1.220076553820615e-05	-2.54476553758127e-05	251.9245954165133	86.5	1	1	0	1	
51.60804020100502	0.1	0.3	1	67.72966413925769	-240.8290030422054	-1.354369212042995e-05	-5.165411217997271e-06	251.0362296139709	86.5	1	1	0	1	
51.95979899497488	0.1	0.3	1	69.05963412236713	-240.1957451983944	-2.108444540736735e-05	5.311842492831203e-06	250.1391873473837	86.5	1	1	0	1	
52.31155778894473	0.1	0.3	1	70.354136424139	-239.5497128364695	-4.695539487632175e-06	-7.247013360550322e-05	249.233453137398	86.5	1	1	0	1	
52.66331658291458	0.1	0.3	1	71.61616847095031	-238.8910416142547	-5.571553343210883e-06	5.329558648015098e-07	248.3190468136202	86.5	1	1	0	1	
53.01507537688443	0.1	0.3	1	72.84834720945759	-238.2198105896989	-5.152492527783076e-05	4.276043727047263e-06	247.3964292430358	86.5	1	1	0	1	
53.36683417085428	0.1	0.3	1	74.05298235038751	-237.5360880979829	-1.317192928620287e-05	-1.753619181771304e-05	246.467725894185	86.5	1	1	0	1	
53.71859296482413	0.1	0.3	1	75.23216337589878	-236.8399372270698	-6.928467142022776e-06	2.389408536708613e-07	245.5249177612896	86.5	1	1	0	1	
54.07035175879397	0.1	0.3	1	76.38746517216927	-236.1314732799746	3.023708712988904e-06	-1.44183525901206e-05	244.5638358603991	86.5	1	1	0	1	
54.42211055276382	0.1	0.3	1	77.52053681685072	-235.4107350290549	-2.268187199568061e-06	-8.805205887587762e-06	243.5963506344658	86.5	1	1	0	1	
54.77386934673367	0.1	0.3	1	78.632830614553	-234.6777083872578	-1.026357860525674e-05	6.318332640317583e-06	242.6197262652148	86.5	1	1	0	1	
55.12562814070352	0.1	0.3	1	79.72564198832632	-233.9323814581474	-4.828520258537571e-05	7.314431822726467e-06	241.6332899093084	86.5	1	1	0	1	
55.47738693467337	0.1	0.3	1	80.80013806904265	-233.1747452103332	-4.967924092728112e-05	-3.674026790378287e-05	240.6367288656446	86.5	1	1	0	1	
55.82914572864322	0.1	0.3	1	81.85737560442604	-232.4047874958486	2.075956726230177e-06	1.231967336823465e-06	239.6297386148977	86.5	1	1	0	1	
56.18090452261306	0.1	0.3	1	82.8983150296649	-231.6224611248998	5.996250387555445e-06	-1.211563247359871e-06	238.6121797623066	86.5	1	1	0	1	
56.53266331658291	0.1	0.3	1	83.92092122386312	-230.8300240033077	3.458720198371013e-07	-1.689415190183133e-05	237.5842529501681	86.5	1	1	0	1	
56.88442211055276	0.1	0.3	1	84.9346888737112	-230.020545462786	-8.216372634706204e-06	-9.259314935063448e-06	236.544532982689	86.5	1	1	0	1	
57.23618090452261	0.1	0.3	1	85.9317100879959	-229.2007850370297	6.74265357292203e-06	9.282472005666591e-06	235.4940834472757	86.5	1	1	0	1	
57.58793969849246	0.1	0.3	3	86.91551612069807	-228.3684122534131	-2.035608414274748e-05	-2.891038360250398e-06	234.4323300022753	86.5	1	1	0	1	
57.93969849246231	0.1	0.3	1	87.88674106226424	227.5233570467715	2.145061637603626e-05	6.112139216529755e-06	233.3590572172843	86.5	1	1	0	1	
58.29145728643216	0.1	0.3	1	88.84593484821269	226.6655151240883	-1.986290901756504e-07	-3.215215939484338e-05	232.2741326364513	86.5	1	1	0	1	
58.64321608040201	0.1	0.3	1	89.793645066674	225.794815095034	-1.645751910454157e-05	1.605871069473871e-05	231.1773122312898	86.5	1	1	0	1	
58.99497487437186	0.1	0.3	1	90.730365168407	224.9111139660731	-4.938213115995849e-05	3.377454146750715e-06	230.0684446196283	86.5	1	1	0	1	
59.34673366834171	0.1	0.3	1	91.65655303405873	224.0142989535583	5.574591882703817e-06	5.643670643450116e-06	228.9473306219171	86.5	1	1	0	1	
59.69849246231156	0.1	0.3	1	92.57263453610261	223.1042612823156	3.515880598142784e-05	-3.277083758146393e-05	227.8137366079963	86.5	1	1	0	1	
60.05025125628141	0.1	0.3	1	93.47900640989104	222.1808769056292	5.041484777984148e-06	-7.561766327962571e-06	226.6675019740326	86.5	1	1	0	1	
60.40201005025126	0.1	0.3	1	94.37603879642234	221.2439855943451	-1.623426100860054e-05	7.02164927064361e-06	225.5084063037187	86.5	1	1	0	1	
60.75376884422111	0.1	0.3	1	95.26407744115971	220.2934461453712	1.524443367085376e-05	-7.510438113596311e-06	224.3362102018349	86.5	1	1	0	1	
61.10552763819096	0.1	0.3	1	96.14344571089046	219.3291083923828	2.327734387658209e-05	8.669556995771766e-06	223.1506892875279	86.5	1	1	0	1	
61.45728643216081	0.1	0.3	1	97.01444625887066	218.3508062779287	2.469343242747328e-05	1.179709084166841e-06	221.9515859888764	86.5	1	1	0	1	
61.80904522613065	0.1	0.3	1	97.84787281497643	217.3806819696688	1.335789454468689e-05	-2.020511922573576e-05	220.7465605821826	86.5	1	1	0	1	
62.1608040201005	0.1	0.3	1	98.68980799155219	216.3842543080485	-7.054618153021219e-06	-7.106991263772233e-06	219.5233420586849	86.5	1	1	0	1	
62.51256281407035	0.1	0.3	1	99.52761695453265	215.3708753451288	-2.564680450435012e-05	9.728031885154753e-06	218.2849955141781	86.5	1	1	0	1	
62.8643216080402	0.1	0.3	1	100.3598316639091	214.3415831205904	-9.3267715880474e-06	1.144818345678866e-05	217.03173913531	86.5	1	1	0	1	
63.21608040201005	0.1	0.3	1	101.1860373867044	213.2966145904608	2.177843468104644e-05	7.438523307271017e-06	215.7633923646243	86.5	1	1	0	1	
63.5678391959799	0.1	0.3	1	102.0061194023491	212.2360307036308	4.998564343411394e-06	-7.126370866666898e-06	214.479782240704	86.5	1	1	0	1	
63.91959798994975	0.1	0.3	1	102.8200820483268	211.15971042702	1.623058883283291e-05	7.150528466212669e-06	213.180613696175	86.5	1	1	0	1	
64.2713567839196	0.1	0.3	1	103.6279845682472	210.0674730244277	1.123789200166338e-05	3.789146937007836e-06	211.8656631385455	86.5	1	1	0	1	
64.62311557788945	0.1	0.3	1	104.4299132093743	208.9591689453015	2.35820919666091e-05	6.104108064457496e-06	210.5346073191066	86.5	1	1	0	1	
64.9748743718593	0.1	0.3	1	105.2259674321535	207.8345787259285	-8.621307475954743e-06	-1.394109663852656e-05	209.1871174524742	86.5	1	1	0	1	
65.32663316582915	0.1	0.3	1	106.0162524638136	206.6934765480594	9.409151584122144e-06	1.916422988921043e-05	207.8228897626759	86.5	1	1	0	1	
65.678391959799	0.1	0.3	1	106.8008750902875	205.535592154434	5.608184438843367e-06	2.944015436856517e-05	206.4415473270886	86.5	1	1	0	1	
66.03015075376885	0.1	0.3	1	107.5799410705891	204.3606668364366	1.173998800430009e-05	4.864599602361075e-05	205.042750111953	86.5	1	1	0	1	
66.3819095477387	0.1	0.3	1	108.3535535998146	203.1683905689568	3.794920140909319e-06	-1.628156806038339e-05	203.626094876685	86.5	1	1	0	1	
66.73366834170855	0.1	0.3	1	109.1217995904016	201.9584968785157	5.330156700489828e-06	-7.228976116033237e-06	202.1911865272701	86.5	1	1	0	1	
67.0854271356784	0.1	0.3	1	109.8847857008192	200.7306803091082	-6.847453707804763e-06	-1.960430361794795e-05	200.7376011752533	86.5	1	1	0	1	
67.43718592964825	0.1	0.3	1	110.6425986922192	199.4845381966287	-4.596004580144364e-05	-1.512032792394188e-05	199.2649453030698	86.5	1	1	0	1	
67.78894472361809	0.1	0.3	1	111.3953244416921	198.2197897734758	-1.595386350494721e-05	-5.214708846767927e-06	197.7726982581476	86.5	1	1	0	1	
68.14070351758794	0.1	0.3	1	112.1430438947814	196.9360399168146	2.034053557601126e-05	3.457550829408561e-06	196.2604021122587	86.5	1	1	0	1	
68.49246231155779	0.1	0.3	1	112.8858329395648	195.6328960151957	2.063959031402621e-05	-1.017462854877201e-05	194.7275796420321	86.5	1	1	0	1	
68.84422110552764	0.1	0.3	1	113.6237623873209	194.3099827636376	2.542373295513852e-05	3.014407624953085e-05	193.1736752767732	86.5	1	1	0	1	
69.19597989949749	0.1	0.3	1	114.356897935963	192.9668747147953	5.410321321754541e-06	-1.930123654125815e-05	191.5981424350767	86.5	1	1	0	1	
69.54773869346734	0.1	0.3	1	115.0853000527619	191.6031273622761	8.230730115521556e-06	2.905072576366019e-06	190.0004423919606	86.5	1	1	0	1	
69.89949748743719	0.1	0.3	1	115.809024062737	190.2182581206764	5.601935632336408e-06	-1.811500777548769e-06	188.3799093235332	86.5	1	1	0	1	
70.25125628140704	0.1	0.3	1	116.5281199718257	188.811820754162	9.263441046349422e-06	-1.76830902095357e-05	186.7359284704108	86.5	1	1	0	1	
70.60301507537689	0.1	0.3	1	117.2426325120461	187.3832907953335	-1.822426938180577e-05	-9.903022419044394e-07	185.0678182546548	86.5	1	1	0	1	
70.95477386934674	0.1	0.3	1	117.9526009139693	185.932157199921	6.734521785130287e-06	7.076933759154048e-07	183.3748812489226	86.5	1	1	0	1	
71.30653266331659	0.1	0.3	1	118.6580579833371	184.4578742379708	-3.880900573072221e-06	1.866533097619975e-06	181.6563422770983	86.5	1	1	0	1	
71.65829145728644	0.1	0.3	1	119.3590273951828	182.9598578248047	-4.195068027471049e-06	-6.828048140783416e-07	179.9114244368594	86.5	1	1	0	1	
72.01005025125627	0.1	0.3	1	120.0555303131478	181.4375401679202	-1.472340877513637e-07	8.201631223044969e-06	178.1392763872049	86.5	1	1	0	1	
72.36180904522612	0.1	0.3	1	120.7475923537811	179.8902219442415	3.89336594359968e-06	1.844749935889928e-05	176.3390206230088	86.5	1	1	0	1	
72.71356783919597	0.1	0.3	1	121.4352614274593	178.3172139214185	2.037304296170599e-05	2.454842871151854e-05	174.5097165938926	86.5	1	1	0	1	
73.06532663316582	0.1	0.3	1	122.1184909712088	176.7179255948697	2.46145635807854e-05	1.27424199476835e-05	172.6503212436839	86.5	1	1	0	1	
73.41708542713567	0.1	0.3	1	122.7972948128321	175.0915935621271	-5.194015836429422e-06	-1.783390728079572e-05	170.7598431697133	86.5	1	1	0	1	
73.76884422110552	0.1	0.3	1	123.4716581226698	173.4374805297911	9.679582187362406e-06	-2.15513328945191e-05	168.8370255586953	86.5	1	1	0	1	
74.12060301507537	0.1	0.3	1	124.1415632678031	171.7548348997475	-1.18949257953832e-05	-7.022277288798126e-06	166.8807603911212	86.5	1	1	0	1	
74.47236180904522	0.1	0.3	1	124.8069833342195	170.0428356699599	-2.443035186984466e-05	3.523553171070064e-05	164.8897007547766	86.5	1	1	0	1	
74.82412060301507	0.1	0.3	1	125.4678824867942	168.3006835008132	-3.921211033867944e-06	-1.777065422207263e-05	162.862450468265	86.5	1	1	0	1	
75.17587939698493	0.1	0.3	1	126.1242067383738	166.5275232240639	-4.120671479299065e-06	-5.698414465264028e-07	160.7975115625728	86.5	1	1	0	1	
75.52763819095478	0.1	0.3	1	126.7758964210389	164.7225527977062	-8.192239895508273e-06	-3.007156262563315e-05	158.693244933316	86.5	1	1	0	1	
75.87939698492463	0.1	0.3	1	127.4228843304368	162.8848928311345	-7.49724803678813e-06	1.450708184775424e-05	156.5479327107592	86.5	1	1	0	1	
76.23115577889448	0.1	0.3	1	128.0650817702565	161.0137654036928	-1.923750430878751e-05	4.478130341045283e-06	154.3597343471181	86.5	1	1	0	1	
76.58291457286433	0.1	0.3	1	128.7023808464676	159.1084542471959	4.294361362163629e-05	3.918994457752234e-05	152.1265306961498	86.5	1	1	0	1	
76.93467336683418	0.1	0.3	1	129.334648370218	157.1684023847066	-8.043889564657292e-06	-3.24174112459119e-05	149.8460984210014	86.5	1	1	0	1	
77.28643216080403	0.1	0.3	1	129.9617175824725	155.1934246670816	8.406450180190733e-06	2.788868697396751e-05	147.5161197950875	86.5	1	1	0	1	
77.63819095477388	0.1	0.3	1	130.5833572774594	153.1839676426722	1.488698815216326e-05	-1.820297011202732e-05	145.1338716126331	86.5	1	1	0	1	
77.98994974874373	0.1	0.3	1	131.1991019596356	151.1422849564744	-1.508660200509604e-06	-7.143560925074112e-06	142.6965038901575	86.5	1	1	0	1	
78.34170854271358	0.1	0.3	1	131.8175591930105	149.0417795253185	-7.263017158879601e-06	-2.415076193846427e-05	140.1976845526892	86.5	1	1	0	1	
78.69346733668343	0.1	0.3	1	132.4226268105086	146.9486851851723	-5.838784444704703e-06	-2.342200942911635e-06	137.6395106095877	86.5	1	1	0	1	
79.04522613065328	0.1	0.3	1	133.0209159244808	144.8925204118426	1.488345292868093e-06	2.187014676213739e-05	135.0154506253613	86.5	1	1	0	1	
79.39698492462313	0.1	0.3	1	133.6109482891814	142.6534431934492	1.359932737969322e-05	4.787349756840698e-06	132.3214855659659	86.5	1	1	0	1	
79.74874371859298	0.1	0.3	1	134.1965039931504	140.1901911952718	1.851397215132944e-05	2.307361003081598e-06	129.551051826477	86.5	1	1	0	1	
80.10050251256283	0.1	0.3	1	134.7762001999122	137.7516462818388	2.893391690001954e-05	1.730683262257421e-05	126.6987658928946	86.5	1	1	0	1	
80.45226130653268	0.1	0.3	1	135.3493115854329	135.2750523068522	4.849874675982857e-05	2.540210413029447e-07	123.7581192876517	86.5	1	1	0	1	
80.80402010050251	0.1	0.3	1	135.9152844246131	132.7470498382786	-1.490775353174198e-05	-3.575051402824074e-06	120.721583491617	86.5	1	1	0	1	
81.15577889447236	0.1	0.3	1	136.4735479559333	130.1627246333622	1.289963843029152e-05	1.08752925183208e-05	117.5802167617036	86.5	1	1	0	1	
81.50753768844221	0.1	0.3	1	137.0234469562794	127.5282847243298	7.897496974764058e-06	-1.257843504489514e-05	114.3235839275922	86.5	1	1	0	1	
81.85929648241206	0.1	0.3	1	137.5641810672683	124.7913934583474	-1.155729781555231e-05	-1.198114230676478e-05	110.9392981117524	86.5	1	1	0	1	
82.21105527638191	0.1	0.3	1	138.0952133663808	121.9584224352041	-1.466583442364674e-05	5.887965372076975e-06	107.4120443171187	86.5	1	1	0	1	
82.56281407035176	0.1	0.3	1	138.6154527347894	119.0570105196333	-1.591111639942522e-05	-2.007522919294217e-05	103.7232391364174	86.5	1	1	0	1	
82.91457286432161	0.1	0.3	1	139.1236501531521	116.0756248098886	-9.287489704355376e-06	5.305675642098412e-06	99.84929915294192	86.5	1	1	0	1	
83.26633165829146	0.1	0.3	1	139.6182798945338	113.0100988196686	-9.127285866261919e-07	-1.996078485577701e-05	95.75983474549727	86.5	1	1	0	1	
83.6180904522613	0.1	0.3	1	140.0974264269231	109.8594945092894	1.377326090251467e-05	-1.555333774261314e-05	91.41459153342997	86.5	1	1	0	1	
83.96984924623115	0.1	0.3	1	140.5586294168496	106.6268180696276	-1.070375189440886e-05	7.735616851287097e-06	86.75991647801727	86.5	1	1	0	1	
84.321608040201	0.1	0.3	3	140.998629268107	103.3222476289557	1.703070369243886e-06	6.950592304488801e-06	81.74812372401634	86.5	1	1	0	1	
84.67336683417085	0.1	0.3	1	143.5571345703858	69.23876732122727	-1.235706907714474e-05	1.217012851532635e-05	70.19231400394975	86.5	1	1	0	1	
85.0251256281407	0.1	0.3	-2	0	0	0	0	0	86.5	1	1	0	1	
85.37688442211055	0.1	0.3	-2	0	0	0	0	0	86.5	1	1	0	1	
85.7286432160804	0.1	0.3	3	142.3440772577475	91.28149478705841	2.199333476743393e-05	2.832347653114659e-06	49.43427119119348	86.5	1	1	0	1	
86.08040201005025	0.1	0.3	3	142.5382346249089	89.21386858860095	-2.314947268322598e-06	2.940240068395605e-06	41.20983561050353	86.5	1	1	0	1	
86.4321608040201	0.1	0.3	1	142.6722577200235	87.7502341978321	2.018040492111298e-07	2.746273417674542e-06	30.48890287494264	86.5	1	1	0	1	
86.78391959798995	0.1	0.3	-2	0	0	0	0	0	86.5	1	1	0	1	
87.1356783919598	0.1	0.3	1	142.7621565625422	86.94284425925314	-1.9149148143574e-05	1.022124734923233e-05	1.314196183562449e-05	86.5	1	1	0	1	
87.48743718592965	0.1	0.3	1	142.7765864811735	86.92010757059714	-2.93417873853917e-05	8.558114549265267e-06	-8.639587850087635e-06	86.5	1	1	0	1	
87.8391959798995	0.1	0.3	1	142.8046519487661	86.72361922347663	8.203844904667093e-06	-7.150630418727807e-06	-3.351370290021072e-05	86.5	1	1	0	1	
88.19095477386935	0.1	0.3	1	142.8236993564858	86.64625472354177	-5.846972493357867e-06	-2.38234669587645e-06	4.884055711445286e-05	86.5	1	1	0	1	
88.5427135678392	0.1	0.3	1	142.8418834374569	86.59587639825043	-1.403742016138632e-05	7.79676946493558e-06	1.380488476091752e-05	86.5	1	1	0	1	
88.89447236180905	0.1	0.3	1	142.8596871319536	86.70531312804883	2.14578771592748e-06	5.063091614484515e-06	-1.212835958869595e-05	86.5	1	1	0	1	
89.2462311557789	0.1	0.3	1	142.8766937001435	86.41360767357982	3.000364411011314e-06	9.164140866078736e-06	-1.195970109909775e-05	86.5	1	1	0	1	
89.59798994974875	0.1	0.3	1	142.8926169553094	86.28667027341403	-1.786149835891759e-05	-1.075861705023435e-05	-1.022723431534401e-05	86.5	1	1	0	1	
89.9497487437186	0.1	0.3	1	142.9077691025962	86.18724081639483	-1.73761693222918e-06	-1.277732208849449e-05	-1.325209908471103e-05	86.5	1	1	0	1	
90.30150753768845	0.1	0.3	1	142.9222657889542	86.1020139907648	-6.235674879923048e-06	-1.220113799376082e-05	8.236982765335471e-06	86.5	1	1	0	1	
90.6532663316583	0.1	0.3	1	142.9361809742332	86.0264945319347	1.714633130230764e-05	3.047906102996427e-06	3.122687398634372e-05	86.5	1	1	0	1	
91.00502512562815	0.1	0.3	1	142.9495687708726	85.95844374359227	-1.806268683644113e-05	-3.587135425466375e-06	-9.577868962052587e-06	86.5	1	1	0	1	
91.356783919598	0.1	0.3	1	142.9624710672833	85.89664142307535	-8.050818410610013e-06	4.843086671210582e-06	1.151433120362688e-05	86.5	1	1	0	1	
91.70854271356785	0.1	0.3	1	142.9749213858521	85.83987510899576	4.840409423556569e-07	7.445416414311633e-06	2.155104430727893e-06	86.5	1	1	0	1	
92.0603015075377	0.1	0.3	1	142.9869451971788	85.78791965500523	9.751440119536853e-08	1.207436913020033e-05	-9.182042915468027e-06	86.5	1	1	0	1	
92.41206030150755	0.1	0.3	1	142.9985616709494	85.74023812072757	1.595010606424794e-05	2.498485152514577e-06	2.214119030597072e-05	86.5	1	1	0	1	
92.76381909547739	0.1	0.3	1	143.0097872131765	85.69661165185255	1.801954231703219e-05	1.046354580463121e-05	-5.688991451679797e-06	86.5	1	1	0	1	
93.11557788944724	0.1	0.3	1	143.020629717509	85.65680257940832	-5.355547015148312e-06	4.668764633946889e-06	-1.732511355802929e-05	86.5	1	1	0	1	
93.46733668341709	0.1	0.3	1	143.0310901024372	85.62076004504368	-9.275870797762831e-06	5.937225251344003e-06	-1.166781152353955e-05	86.5	1	1	0	1	
93.81909547738694	0.1	0.3	1	143.0411581127056	85.58870287621917	2.108920041238305e-07	-1.599082808478681e-06	-1.239062386339911e-05	86.5	1	1	0	1	
94.17085427135679	0.1	0.3	1	143.0508025468084	85.56094238372815	7.678281653988872e-06	7.264283518657148e-06	1.391057592535669e-05	86.5	1	1	0	1	
94.52261306532664	0.1	0.3	1	143.0599370395796	85.53869742401639	1.43605087605872e-05	-1.557421019516971e-05	-2.373541383556663e-05	86.5	1	1	0	1	
94.87437185929649	0.1	0.3	1	143.0680401704309	85.52873148513396	-4.753092298463713e-06	8.593586814950291e-06	-6.186220663052236e-06	86.5	1	1	0	1	
95.22613065326634	0.1	0.3	1	143.0762430040201	85.51637842425333	-1.235520588344693e-05	-1.243445214821471e-05	6.122177110277959e-06	86.5	1	1	0	1	
95.57788944723617	0.1	0.3	1	143.0847902274868	85.4984242721998	-5.368520279746755e-06	6.546460706801884e-06	-3.166938418103194e-06	86.5	1	1	0	1	
95.92964824120602	0.1	0.3	1	143.0933864974827	85.47890767286938	7.813482229215938e-06	1.884392994159687e-05	1.324461674784461e-05	86.5	1	1	0	1	
96.28140703517587	0.1	0.3	1	143.1019591848857	85.45852357866301	3.559787839106979e-06	1.139733650325551e-05	-8.029304499535708e-06	86.5	1	1	0	1	
96.63316582914572	0.1	0.3	1	143.1104767951466	85.43794175744186	-1.017818781943406e-05	-1.219413313016221e-05	6.474303415425838e-06	86.5	1	1	0	1	
96.98492462311557	0.1	0.3	1	143.1189232605853	85.41722100400806	-1.069312154763783e-05	-1.621397268082505e-05	1.077523814379666e-05	86.5	1	1	0	1	
97.33668341708542	0.1	0.3	1	143.1272899076421	85.39663276457644	-3.15936916430587e-06	-1.739680471356754e-05	1.049130426426452e-05	86.5	1	1	0	1	
97.68844221105527	0.1	0.3	1	143.1355720790361	85.37617299767565	1.421410818561175e-07	1.841450463261165e-05	1.130056729155642e-05	86.5	1	1	0	1	
98.04020100502512	0.1	0.3	1	143.1437674751637	85.35596126281366	-1.124572030656093e-05	-1.198811190215658e-05	-7.787692462795426e-06	86.5	1	1	0	1	
98.39195979899498	0.1	0.3	1	143.1518752650144	85.33601810357233	7.258033482736986e-06	-1.711610776844639e-05	3.894564223717229e-07	86.5	1	1	0	1	
98.74371859296483	0.1	0.3	1	143.1598955702956	85.31623568896184	-1.458611201843232e-05	3.890079196698124e-06	-4.25532767959169e-06	86.5	1	1	0	1	
99.09547738693468	0.1	0.3	1	143.1678291209304	85.29691100596771	8.230887587432067e-06	1.597459841085918e-05	6.843003974703855e-06	86.5	1	1	0	1	
99.44723618090453	0.1	0.3	1	143.1756770453311	85.27765562916001	6.278488140290528e-06	1.63927213875725e-06	-1.307379344682973e-05	86.5	1	1	0	1	
99.79899497487438	0.1	0.3	1	143.1834407567206	85.25876295928188	-6.165797081118807e-06	-1.781248082860912e-05	-1.753558428227713e-05	86.5	1	1	0	1	
100.1507537688442	0.1	0.3	1	143.1911218301807	85.24028336453537	5.731874838571516e-06	-7.445067620405497e-06	-1.403095896171038e-05	86.5	1	1	0	1	
100.5025125628141	0.1	0.3	1	143.1987219582527	85.22187488070894	1.40906459981955e-05	-1.81377287648827e-05	8.531689409902037e-06	86.5	1	1	0	1	
100.8542713567839	0.1	0.3	1	143.2062428868837	85.2038593156597	8.203129508624341e-06	1.694737150437998e-05	-5.579226943963795e-06	86.5	1	1	0	1	
101.2060301507538	0.1	0.3	1	143.2136864042712	85.1861225664483	-1.851610637211001e-05	2.125703552758924e-05	1.259453266974347e-05	86.5	1	1	0	1	
101.5577889447236	0.1	0.3	1	143.2210542895242	85.16862269229422	2.99224411986999e-06	1.702713962538807e-05	1.887096765075104e-05	86.5	1	1	0	1	
101.9095477386935	0.1	0.3	1	143.2283483249965	85.15138233558628	-9.862595898448012e-06	-1.090364812328878e-05	1.13357326877353e-05	86.5	1	1	0	1	
102.2613065326633	0.1	0.3	1	143.2355702652483	85.13436947595694	5.158940704356107e-07	2.747235616214715e-06	1.145297091538985e-06	86.5	1	1	0	1	
102.6130653266332	0.1	0.3	1	143.2427218313487	85.1176165759876	1.505475545616103e-06	-1.547920132017028e-05	6.864379367620887e-06	86.5	1	1	0	1	
102.964824120603	0.1	0.3	1	143.2498046945206	85.1011438508928	9.36249278939811e-06	2.612880766636596e-06	1.278715017866556e-05	86.5	1	1	0	1	
103.3165829145729	0.1	0.3	1	143.2568205226125	85.08488134802776	1.292928585615305e-05	-1.361860259564927e-05	3.000444327453313e-06	86.5	1	1	0	1	
103.6683417085427	0.1	0.3	1	143.2637709001815	85.06886023181663	-3.209623682235308e-06	1.91644549125854e-05	-5.983573934018366e-06	86.5	1	1	0	1	
104.0201005025126	0.1	0.3	1	143.2706573939462	85.05301616051844	1.680747557723621e-07	-1.391434096772796e-05	-7.556010473482367e-06	86.5	1	1	0	1	
104.3718592964824	0.1	0.3	1	143.2774815045299	85.03744045475447	2.002885619648703e-05	9.384082212662095e-06	2.419399039379663e-06	86.5	1	1	0	1	
104.7236180904523	0.1	0.3	1	143.2842447129827	85.02203241942696	-1.385100789209762e-05	-1.60350037261919e-05	4.495322533179315e-06	86.5	1	1	0	1	
105.0753768844221	0.1	0.3	1	143.2909484168948	85.0067773525417	2.065708043043021e-06	1.559248057569459e-05	8.947532163926891e-06	86.5	1	1	0	1	
105.427135678392	0.1	0.3	1	143.2975940153102	84.99179613418562	-6.889559395309094e-06	1.444258136650099e-05	-9.324923946022219e-06	86.5	1	1	0	1	
105.7788944723618	0.1	0.3	1	143.3041828239322	84.97700393713654	-2.137962700612779e-05	-1.521299767488864e-05	-6.643225720314494e-06	86.5	1	1	0	1	
106.1306532663317	0.1	0.3	1	143.3107161381983	84.96232814167821	-3.569614524758478e-06	-8.91670044696721e-06	-2.133134505932972e-05	86.5	1	1	0	1	
106.4824120603015	0.1	0.3	1	143.3171951985564	84.94787117257887	-4.570447798128295e-06	1.900913047771619e-05	1.518001530975351e-06	86.5	1	1	0	1	
106.8341708542714	0.1	0.3	1	143.3236212197884	84.93358129401796	-1.828812005938803e-06	-2.150663317707694e-05	-5.541307417319199e-07	86.5	1	1	0	1	
107.1859296482412	0.1	0.3	1	143.3299953682948	84.91941582800449	1.477243683220292e-05	-5.632894015512391e-06	-5.023445066780319e-06	86.5	1	1	0	1	
107.5376884422111	0.1	0.3	1	143.3363187768134	84.90542601573799	7.718165714992817e-06	-1.421914632373234e-05	-1.079071556940475e-05	86.5	1	1	0	1	
107.8894472361809	0.1	0.3	1	143.342592528466	84.89164529288632	-6.826498478384796e-06	6.891943116422292e-08	-7.806274044198774e-06	86.5	1	1	0	1	
108.2412060301508	0.1	0.3	1	143.3488176912346	84.87802535737765	1.203140692402791e-07	4.827084391401398e-06	1.235345025380143e-05	86.5	1	1	0	1	
108.5929648241206	0.1	0.3	1	143.3549952885526	84.8644829372877	3.103866173827935e-06	-1.596580519332425e-05	-8.547794177438776e-06	86.5	1	1	0	1	
108.9447236180905	0.1	0.3	1	143.3611263069352	84.85113672871285	-1.11029166731836e-06	-1.551464283221577e-05	-1.367071707959698e-05	86.5	1	1	0	1	
109.2964824120603	0.1	0.3	1	143.3672117205419	84.83792806187326	7.51527570595073e-06	2.130475014130147e-05	-1.484790842246391e-06	86.5	1	1	0	1	
109.6482412060301	0.1	0.3	1	143.3732524447044	84.82474441497237	3.815430849556448e-06	-5.592191052169803e-06	1.09646748206837e-05	86.5	1	1	0	1	
110	0.1	0.3	1	143.3792493810588	84.81179382167332	6.342815393537088e-06	-1.553402316611956e-05	6.485674855845781e-06	86.5	1	1	0	1	
