40	0.1	0.3	-2	0	0	0	0	0	173	0	0	0	1	
40.7071	0.1	0.3	-2	0	0	0	0	0	173	0	0	0	1	
41.4141	0.1	0.3	-2	0	0	0	0	0	173	0	0	0	1	
42.1212	0.1	0.3	-2	0	0	0	0	0	173	0	0	0	1	
42.8283	0.1	0.3	-2	0	0	0	0	0	173	0	0	0	1	
43.5354	0.1	0.3	-2	0	0	0	0	0	173	0	0	0	1	
44.2424	0.1	0.3	-2	0	0	0	0	0	173	0	0	0	1	
44.9495	0.1	0.3	1	24.0692	-247.277	1.58656e-05	-1.07398e-05	267.335	173	0	0	0	1	
45.6566	0.1	0.3	1	37.0015	-246.496	-6.76226e-07	1.30606e-09	265.769	173	0	0	0	1	
46.3636	0.1	0.3	1	44.0132	-245.578	1.6645e-05	1.41519e-05	264.175	173	0	0	0	1	
47.0707	0.1	0.3	1	49.3217	-244.561	-1.64516e-05	-2.27356e-05	262.545	173	0	0	0	1	
47.7778	0.1	0.3	1	53.7528	-243.461	-4.68584e-05	-2.72839e-06	260.877	173	0	0	0	1	
48.4848	0.1	0.3	1	57.632	-242.285	-1.46837e-05	-8.39562e-07	259.169	173	0	0	0	1	
49.1919	0.1	0.3	1	61.1327	241.037	2.34332e-06	-1.29311e-06	257.417	173	0	0	0	1	
49.899	0.1	0.3	1	64.3473	239.718	-9.10525e-07	-4.58197e-06	255.622	173	0	0	0	1	
50.6061	0.1	0.3	1	67.3413	238.324	2.34678e-05	-7.10163e-06	253.779	173	0	0	0	1	
51.3131	0.1	0.3	1	70.1586	236.845	6.70012e-06	-4.14395e-05	251.887	173	0	0	0	1	
52.0202	0.1	0.3	1	72.8309	235.246	-2.60216e-05	6.83053e-06	249.943	173	0	0	0	1	
52.7273	0.1	0.3	1	75.3849	233.423	-2.04368e-06	8.00083e-06	247.942	173	0	0	0	1	
53.4343	0.1	0.3	1	77.8345	231.878	-2.66765e-06	1.45825e-05	245.882	173	0	0	0	1	
54.1414	0.1	0.3	1	80.1905	230.284	-4.40271e-05	-3.96102e-06	243.757	173	0	0	0	1	
54.8485	0.1	0.3	1	82.4606	228.644	1.26607e-05	-2.78992e-05	241.562	173	0	0	0	1	
55.5556	0.1	0.3	1	84.6625	226.953	9.33541e-06	1.22373e-05	239.284	173	0	0	0	1	
56.2626	0.1	0.3	1	86.7939	225.216	2.00987e-05	3.98995e-05	236.908	173	0	0	0	1	
56.9697	0.1	0.3	1	88.8626	223.432	1.05883e-05	-1.01988e-05	234.402	173	0	0	0	1	
57.6768	0.1	0.3	1	90.8714	221.604	5.1998e-05	3.45741e-06	231.667	173	0	0	0	1	
58.3838	0.1	0.3	1	92.8142	219.743	4.04457e-06	2.08024e-05	228.221	173	0	0	0	1	
59.0909	0.1	0.3	1	94.7025	217.842	-2.32956e-05	2.25259e-06	225.872	173	0	0	0	1	
59.798	0.1	0.3	1	96.5511	215.888	3.24595e-06	2.63911e-06	223.486	173	0	0	0	1	
60.5051	0.1	0.3	1	98.3631	213.881	4.20985e-05	3.18802e-06	221.054	173	0	0	0	1	
61.2121	0.1	0.3	1	100.141	211.819	-2.46823e-05	3.96924e-06	218.57	173	0	0	0	1	
61.9192	0.1	0.3	1	101.887	209.7	7.93572e-06	-2.16548e-05	216.034	173	0	0	0	1	
62.6263	0.1	0.3	1	103.603	207.521	-2.29252e-05	-1.86117e-05	213.441	173	0	0	0	1	
63.3333	0.1	0.3	1	105.291	205.282	-7.37559e-06	1.17346e-05	210.79	173	0	0	0	1	
64.0404	0.1	0.3	1	106.952	202.979	-8.06625e-06	1.48017e-05	208.078	173	0	0	0	1	
64.7475	0.1	0.3	1	108.587	200.61	2.14355e-06	-2.62736e-05	205.302	173	0	0	0	1	
65.4545	0.1	0.3	1	110.199	198.172	-1.46787e-06	-1.19167e-07	202.46	173	0	0	0	1	
66.1616	0.1	0.3	1	111.788	195.662	4.99728e-05	1.33925e-06	199.549	173	0	0	0	1	
66.8687	0.1	0.3	1	113.354	193.075	-4.65478e-06	-4.59028e-06	196.565	173	0	0	0	1	
67.5758	0.1	0.3	1	114.899	190.408	3.81084e-05	-6.22684e-06	193.505	173	0	0	0	1	
68.2828	0.1	0.3	1	116.424	187.657	-3.25164e-06	-5.74293e-06	190.364	173	0	0	0	1	
68.9899	0.1	0.3	1	117.929	184.814	1.51324e-05	-9.69068e-07	187.139	173	0	0	0	1	
69.697	0.1	0.3	1	119.416	181.874	9.76042e-06	-1.07281e-05	183.825	173	0	0	0	1	
70.404	0.1	0.3	1	120.881	178.833	-2.91164e-06	1.42854e-07	180.416	173	0	0	0	1	
71.1111	0.1	0.3	1	122.33	175.674	-5.19716e-05	9.79175e-06	176.907	173	0	0	0	1	
71.8182	0.1	0.3	1	123.762	172.388	1.51918e-05	-1.26786e-05	173.291	173	0	0	0	1	
72.5253	0.1	0.3	1	125.186	168.934	-2.12373e-06	-1.95894e-05	169.555	173	0	0	0	1	
73.2323	0.1	0.3	1	126.588	165.328	2.4587e-05	1.48635e-06	165.7	173	0	0	0	1	
73.9394	0.1	0.3	1	127.976	161.518	8.07266e-05	2.67849e-06	161.71	173	0	0	0	1	
74.6465	0.1	0.3	1	129.352	157.444	1.37612e-05	-1.95814e-07	157.575	173	0	0	0	1	
75.3535	0.1	0.3	1	130.717	152.977	1.18599e-05	2.89619e-05	153.279	173	0	0	0	1	
76.0606	0.1	0.3	1	132.078	147.537	-4.33267e-05	-7.64486e-06	148.804	173	0	0	0	1	
76.7677	0.1	0.3	4	133.474	140.564	-4.63924e-05	1.13257e-05	144.104	173	0	0	0	1	
77.4747	0.1	0.3	4	134.882	135.954	1.92902e-05	-8.89576e-06	139.167	173	0	0	0	1	
78.1818	0.1	0.3	4	136.276	131.19	1.41185e-05	-6.97555e-06	133.983	173	0	0	0	1	
78.8889	0.1	0.3	1	137.653	126.198	4.86178e-05	-1.892e-05	128.517	173	0	0	0	1	
79.596	0.1	0.3	4	139.012	120.939	8.67514e-08	7.07534e-06	122.723	173	0	0	0	1	
80.303	0.1	0.3	4	140.35	115.369	7.33978e-06	7.1757e-06	116.539	173	0	0	0	1	
81.0101	0.1	0.3	4	141.665	109.441	-8.78146e-06	-2.45715e-05	109.876	173	0	0	0	1	
81.7172	0.1	0.3	4	142.951	103.099	-1.41036e-05	-2.15495e-05	102.584	173	0	0	0	1	
82.4242	0.1	0.3	4	144.198	96.2864	-5.64572e-05	-2.8483e-06	94.3421	173	0	0	0	1	
83.1313	0.1	0.3	1	145.37	89.0911	2.72289e-05	-2.15485e-05	83.0607	173	0	0	0	1	
83.8384	0.1	0.3	1	146.444	81.5349	3.54712e-05	1.79249e-05	74.2581	173	0	0	0	1	
84.5455	0.1	0.3	1	147.445	73.2336	-2.47775e-05	-7.69845e-06	64.3902	173	0	0	0	1	
85.2525	0.1	0.3	1	148.345	63.9612	1.6689e-05	-3.03093e-05	52.828	173	0	0	0	1	
85.9596	0.1	0.3	1	149.056	54.0208	1.65298e-05	-1.34051e-05	38.2863	173	0	0	0	1	
86.6667	0.1	0.3	-2	0	0	0	0	0	173	0	0	0	1	
87.3737	0.1	0.3	1	149.415	46.404	-2.04895e-05	3.10294e-06	-7.04217e-07	173	0	0	0	1	
88.0808	0.1	0.3	1	149.409	46.4051	1.71601e-05	-1.54329e-05	9.75705e-06	173	0	0	0	1	
88.7879	0.1	0.3	1	149.404	46.4068	5.92205e-06	2.00567e-06	1.52696e-05	173	0	0	0	1	
89.4949	0.1	0.3	1	149.399	46.4097	9.42517e-06	-7.7934e-06	1.04306e-06	173	0	0	0	1	
90.202	0.1	0.3	1	149.394	46.414	2.19334e-07	1.27282e-05	-1.11932e-05	173	0	0	0	1	
90.9091	0.1	0.3	1	149.389	46.4208	1.04804e-05	7.42558e-06	1.17878e-06	173	0	0	0	1	
91.6162	0.1	0.3	1	149.384	46.4326	-1.19205e-05	5.6794e-07	-3.8718e-06	173	0	0	0	1	
92.3232	0.1	0.3	1	149.38	46.4558	2.74449e-05	-1.56358e-05	-1.64532e-05	173	0	0	0	1	
93.0303	0.1	0.3	1	149.377	46.5547	1.07021e-05	-6.56823e-06	-2.22417e-05	173	0	0	0	1	
93.7374	0.1	0.3	3	149.385	49.4053	-5.09714e-06	2.79333e-05	1.36215e-05	173	0	0	0	1	
94.4444	0.1	0.3	1	149.448	49.7384	3.71805e-06	1.34046e-05	4.5929e-06	173	0	0	0	1	
95.1515	0.1	0.3	1	149.532	48.9872	1.33034e-06	1.00479e-05	-2.83691e-05	173	0	0	0	1	
95.8586	0.1	0.3	1	149.603	48.3029	-3.66056e-06	2.71773e-05	-1.66474e-07	173	0	0	0	1	
96.5657	0.1	0.3	1	149.652	48.0169	-1.3309e-05	1.04775e-05	1.96847e-05	173	0	0	0	1	
97.2727	0.1	0.3	1	149.693	47.8432	2.57532e-05	-5.62398e-07	-2.19707e-05	173	0	0	0	1	
97.9798	0.1	0.3	1	149.728	47.7234	-4.10229e-06	1.66921e-05	1.32876e-05	173	0	0	0	1	
98.6869	0.1	0.3	1	149.76	47.6347	-8.15937e-06	8.1004e-06	3.09266e-06	173	0	0	0	1	
99.3939	0.1	0.3	1	149.788	47.5661	2.82682e-06	-1.75566e-05	9.49867e-06	173	0	0	0	1	
100.101	0.1	0.3	1	149.815	47.5112	-3.2278e-06	9.98539e-06	-1.47566e-05	173	0	0	0	1	
100.808	0.1	0.3	1	149.84	47.4662	-4.7608e-07	9.55646e-06	-4.71035e-06	173	0	0	0	1	
101.515	0.1	0.3	1	149.863	47.4288	6.92938e-06	9.71221e-06	1.50578e-05	173	0	0	0	1	
102.222	0.1	0.3	1	149.885	47.3969	-9.38038e-06	1.28045e-05	1.21868e-05	173	0	0	0	1	
102.929	0.1	0.3	1	149.906	47.3695	8.83483e-06	-1.82877e-05	-1.24976e-05	173	0	0	0	1	
103.636	0.1	0.3	1	149.926	47.3459	-1.51385e-06	-1.45007e-05	-2.15153e-05	173	0	0	0	1	
104.343	0.1	0.3	1	149.945	47.3252	-1.56729e-06	1.62884e-05	-5.94932e-06	173	0	0	0	1	
105.051	0.1	0.3	1	149.964	47.307	4.73652e-06	-1.44833e-05	-9.20231e-06	173	0	0	0	1	
105.758	0.1	0.3	1	149.981	47.2909	-9.51007e-07	-1.53085e-05	1.57063e-05	173	0	0	0	1	
106.465	0.1	0.3	1	149.998	47.2764	-2.51341e-06	-4.88476e-06	1.31058e-05	173	0	0	0	1	
107.172	0.1	0.3	1	150.015	47.2635	-9.49585e-07	-9.58352e-06	-3.14608e-06	173	0	0	0	1	
107.879	0.1	0.3	1	150.031	47.2518	-6.72882e-06	6.40067e-06	-1.98069e-05	173	0	0	0	1	
108.586	0.1	0.3	1	150.046	47.2414	5.06588e-06	-1.17383e-05	7.60846e-07	173	0	0	0	1	
109.293	0.1	0.3	1	150.061	47.2319	-7.34207e-06	1.33387e-05	-3.08025e-06	173	0	0	0	1	
110	0.1	0.3	1	150.076	47.2232	-1.28152e-05	1.55825e-05	6.78088e-06	173	0	0	0	1	
