40	0.1	0.3	-2	0	0	0	0	0	173	0	2	1	0	
40.7071	0.1	0.3	-2	0	0	0	0	0	173	0	2	1	0	
41.4141	0.1	0.3	-2	0	0	0	0	0	173	0	2	1	0	
42.1212	0.1	0.3	-2	0	0	0	0	0	173	0	2	1	0	
42.8283	0.1	0.3	-2	0	0	0	0	0	173	0	2	1	0	
43.5354	0.1	0.3	-2	0	0	0	0	0	173	0	2	1	0	
44.2424	0.1	0.3	-2	0	0	0	0	0	173	0	2	1	0	
44.9495	0.1	0.3	1	24.355	-247.247	-3.07431e-05	-1.8169e-05	267.61	173	0	2	1	0	
45.6566	0.1	0.3	1	37.5852	-246.358	3.94512e-06	-6.01816e-06	266.117	173	0	2	1	0	
46.3636	0.1	0.3	1	44.6605	-245.395	-5.61588e-06	-1.46682e-05	264.609	173	0	2	1	0	
47.0707	0.1	0.3	1	50.0116	-244.359	-5.56911e-06	-1.57659e-05	263.076	173	0	2	1	0	
47.7778	0.1	0.3	1	54.4798	-243.42	4.77123e-06	7.79293e-05	261.514	173	0	2	1	0	
48.4848	0.1	0.3	1	58.4004	-242.452	-7.54776e-06	-1.11558e-05	259.921	173	0	2	1	0	
49.1919	0.1	0.3	1	61.9461	241.37	-9.7064e-06	4.77068e-06	258.295	173	0	2	1	0	
49.899	0.1	0.3	1	65.2044	240.219	-1.75382e-05	1.02338e-06	256.636	173	0	2	1	0	
50.6061	0.1	0.3	1	68.2415	239.008	7.71406e-05	3.84012e-06	254.942	173	0	2	1	0	
51.3131	0.1	0.3	1	71.101	237.743	1.04765e-05	-7.57427e-06	253.213	173	0	2	1	0	
52.0202	0.1	0.3	1	73.8142	236.426	2.01298e-05	1.5946e-05	251.447	173	0	2	1	0	
52.7273	0.1	0.3	1	76.4044	235.059	9.97444e-06	-2.99548e-05	249.644	173	0	2	1	0	
53.4343	0.1	0.3	1	78.8896	233.642	2.37055e-06	-9.31115e-06	247.802	173	0	2	1	0	
54.1414	0.1	0.3	1	81.2837	232.176	2.57342e-05	8.61389e-05	245.921	173	0	2	1	0	
54.8485	0.1	0.3	1	83.5983	230.661	1.60336e-05	4.26458e-06	244	173	0	2	1	0	
55.5556	0.1	0.3	1	85.8391	229.099	-2.11061e-05	-3.80682e-06	242.037	173	0	2	1	0	
56.2626	0.1	0.3	1	88.0237	227.484	-8.99044e-06	-1.06134e-05	240.032	173	0	2	1	0	
56.9697	0.1	0.3	1	90.1486	225.821	-3.48447e-06	8.53493e-06	237.982	173	0	2	1	0	
57.6768	0.1	0.3	1	92.2225	224.108	-2.0129e-05	-1.87596e-05	235.887	173	0	2	1	0	
58.3838	0.1	0.3	1	94.25	222.344	-3.71765e-06	-6.90112e-08	233.746	173	0	2	1	0	
59.0909	0.1	0.3	1	96.235	220.528	2.67932e-06	-2.31505e-06	231.557	173	0	2	1	0	
59.798	0.1	0.3	1	98.1811	218.66	-1.74771e-06	3.35904e-05	229.319	173	0	2	1	0	
60.5051	0.1	0.3	1	100.091	216.736	1.41692e-05	-3.24982e-07	227.03	173	0	2	1	0	
61.2121	0.1	0.3	1	101.968	214.758	-2.67517e-05	2.52666e-06	224.688	173	0	2	1	0	
61.9192	0.1	0.3	1	103.814	212.722	-4.12483e-05	-1.90703e-06	222.292	173	0	2	1	0	
62.6263	0.1	0.3	1	105.63	210.629	1.65264e-05	4.17192e-06	219.839	173	0	2	1	0	
63.3333	0.1	0.3	1	107.42	208.474	-5.15958e-05	4.94433e-05	217.329	173	0	2	1	0	
64.0404	0.1	0.3	1	109.184	206.258	-2.15017e-05	9.50605e-06	214.757	173	0	2	1	0	
64.7475	0.1	0.3	1	110.925	203.977	-1.17962e-05	-1.24856e-06	212.122	173	0	2	1	0	
65.4545	0.1	0.3	1	112.641	201.631	-7.25448e-05	2.19231e-05	209.423	173	0	2	1	0	
66.1616	0.1	0.3	1	114.337	199.215	1.08804e-05	1.74851e-05	206.654	173	0	2	1	0	
66.8687	0.1	0.3	1	116.012	196.728	-6.67238e-06	-1.14946e-05	203.815	173	0	2	1	0	
67.5758	0.1	0.3	1	117.668	194.166	-4.85199e-05	1.29743e-05	200.901	173	0	2	1	0	
68.2828	0.1	0.3	1	119.305	191.527	-1.28142e-05	8.26318e-05	197.909	173	0	2	1	0	
68.9899	0.1	0.3	1	120.924	188.806	-1.9354e-05	-2.17676e-06	194.835	173	0	2	1	0	
69.697	0.1	0.3	1	122.526	186	-5.39002e-05	4.75588e-06	191.674	173	0	2	1	0	
70.404	0.1	0.3	1	124.111	183.105	2.74706e-05	1.16829e-05	188.423	173	0	2	1	0	
71.1111	0.1	0.3	1	125.68	180.115	-2.24975e-05	-1.04828e-05	185.076	173	0	2	1	0	
71.8182	0.1	0.3	1	127.234	177.026	-1.11622e-05	1.26486e-06	181.628	173	0	2	1	0	
72.5253	0.1	0.3	1	128.772	173.832	-1.86702e-05	-1.86831e-05	178.071	173	0	2	1	0	
73.2323	0.1	0.3	1	130.296	170.526	4.20011e-05	1.50423e-05	174.399	173	0	2	1	0	
73.9394	0.1	0.3	1	131.805	167.1	2.00109e-05	-8.6208e-06	170.603	173	0	2	1	0	
74.6465	0.1	0.3	1	133.3	163.547	-6.72394e-06	-1.32697e-06	166.676	173	0	2	1	0	
75.3535	0.1	0.3	1	134.781	159.857	1.4076e-05	-1.16377e-05	162.606	173	0	2	1	0	
76.0606	0.1	0.3	1	136.248	156.018	7.39424e-06	1.54537e-05	158.381	173	0	2	1	0	
76.7677	0.1	0.3	1	137.701	152.018	-3.95971e-05	-3.01886e-06	153.988	173	0	2	1	0	
77.4747	0.1	0.3	1	139.139	147.843	-4.35715e-05	-1.30861e-05	149.411	173	0	2	1	0	
78.1818	0.1	0.3	1	140.564	143.472	3.75278e-05	1.29935e-05	144.63	173	0	2	1	0	
78.8889	0.1	0.3	1	141.975	138.855	6.3213e-06	2.32519e-05	139.623	173	0	2	1	0	
79.596	0.1	0.3	1	143.368	134.081	-3.89899e-05	-7.60123e-06	134.364	173	0	2	1	0	
80.303	0.1	0.3	1	144.748	128.984	-3.52106e-05	-2.09523e-05	128.817	173	0	2	1	0	
81.0101	0.1	0.3	1	146.11	123.588	-2.42575e-05	1.33866e-05	122.94	173	0	2	1	0	
81.7172	0.1	0.3	1	147.455	117.836	1.73086e-05	-2.08575e-05	116.68	173	0	2	1	0	
82.4242	0.1	0.3	1	148.781	111.666	2.39834e-05	-1.67036e-05	109.964	173	0	2	1	0	
83.1313	0.1	0.3	1	150.084	104.99	-3.92138e-07	-8.65699e-06	102.695	173	0	2	1	0	
83.8384	0.1	0.3	1	151.363	97.6882	-1.43605e-05	1.51282e-05	94.7315	173	0	2	1	0	
84.5455	0.1	0.3	1	152.61	89.5813	2.50004e-05	-1.55697e-05	85.861	173	0	2	1	0	
85.2525	0.1	0.3	1	153.817	80.3804	2.32712e-05	-2.23812e-05	75.7504	173	0	2	1	0	
85.9596	0.1	0.3	1	154.967	69.568	4.3615e-05	1.61297e-05	63.6729	173	0	2	1	0	
86.6667	0.1	0.3	1	156.019	-56.049	-5.52951e-05	4.50395e-05	48.0705	173	0	2	1	0	
87.3737	0.1	0.3	1	156.812	-37.4498	4.40567e-05	-1.3654e-05	21.2909	173	0	2	1	0	
88.0808	0.1	0.3	1	156.91	34.2024	-1.2968e-05	1.68658e-05	-6.89169e-05	173	0	2	1	0	
88.7879	0.1	0.3	1	156.952	33.9652	2.50917e-05	2.38815e-05	-1.08409e-05	173	0	2	1	0	
89.4949	0.1	0.3	1	156.99	33.7795	1.02199e-05	-8.12144e-05	-2.39228e-05	173	0	2	1	0	
90.202	0.1	0.3	1	157.025	33.6288	-7.21982e-06	4.10959e-05	-3.93414e-06	173	0	2	1	0	
90.9091	0.1	0.3	1	157.058	33.5026	1.79689e-05	-6.74935e-05	6.98606e-06	173	0	2	1	0	
91.6162	0.1	0.3	1	157.089	33.3951	1.52541e-06	-0.000101513	6.01635e-06	173	0	2	1	0	
92.3232	0.1	0.3	1	157.118	33.3015	2.82149e-06	1.34949e-05	1.22499e-06	173	0	2	1	0	
93.0303	0.1	0.3	1	157.145	33.2163	4.08844e-07	0.000112881	7.23357e-06	173	0	2	1	0	
93.7374	0.1	0.3	1	157.171	33.1082	-1.77734e-05	6.71184e-05	-6.12062e-07	173	0	2	1	0	
94.4444	0.1	0.3	1	157.192	34.8562	-5.07115e-06	-8.2642e-05	3.73151e-06	173	0	2	1	0	
95.1515	0.1	0.3	1	157.22	32.9328	-1.23691e-05	5.80864e-05	-6.71166e-06	173	0	2	1	0	
95.8586	0.1	0.3	1	157.243	32.968	3.04144e-06	0.000160942	6.05316e-06	173	0	2	1	0	
96.5657	0.1	0.3	1	157.266	32.9114	-2.32894e-05	2.65571e-05	-8.50259e-06	173	0	2	1	0	
97.2727	0.1	0.3	1	157.287	32.8619	-8.27188e-06	-1.89885e-05	1.34247e-05	173	0	2	1	0	
97.9798	0.1	0.3	1	157.308	32.8168	-3.25911e-06	1.60815e-05	5.04875e-07	173	0	2	1	0	
98.6869	0.1	0.3	1	157.328	32.7749	-5.00767e-06	1.9129e-05	1.92915e-06	173	0	2	1	0	
99.3939	0.1	0.3	1	157.348	32.7357	-9.41972e-07	2.31386e-05	2.87277e-06	173	0	2	1	0	
100.101	0.1	0.3	1	157.367	32.6989	-5.38173e-07	-2.36236e-05	-1.611e-06	173	0	2	1	0	
100.808	0.1	0.3	1	157.386	32.6642	-9.91948e-07	2.07633e-05	-2.853e-06	173	0	2	1	0	
101.515	0.1	0.3	1	157.404	32.6316	-4.37651e-06	6.90837e-06	-1.06858e-06	173	0	2	1	0	
102.222	0.1	0.3	1	157.431	31.9919	1.11379e-05	0.000173251	-3.69314e-06	173	0	2	1	0	
102.929	0.1	0.3	1	157.447	32.0539	1.69525e-07	9.23444e-05	1.46075e-06	173	0	2	1	0	
103.636	0.1	0.3	1	157.462	32.1028	-2.25774e-06	3.05069e-05	2.51535e-06	173	0	2	1	0	
104.343	0.1	0.3	1	157.478	32.1583	-2.65163e-06	-4.08548e-05	-1.00529e-05	173	0	2	1	0	
105.051	0.1	0.3	1	157.493	32.2201	-4.37684e-06	6.2008e-08	-5.4134e-06	173	0	2	1	0	
105.758	0.1	0.3	1	157.507	32.2889	-4.974e-06	-5.92785e-06	1.28534e-06	173	0	2	1	0	
106.465	0.1	0.3	1	157.515	32.7692	-6.41455e-06	0.000121207	-9.52089e-06	173	0	2	1	0	
107.172	0.1	0.3	-2	0	0	0	0	0	173	0	2	1	0	
107.879	0.1	0.3	-2	0	0	0	0	0	173	0	2	1	0	
108.586	0.1	0.3	-2	0	0	0	0	0	173	0	2	1	0	
109.293	0.1	0.3	-2	0	0	0	0	0	173	0	2	1	0	
110	0.1	0.3	-3	0	0	0	0	0	173	0	2	1	0	
