40	0.1	0.3	-2	0	0	0	0	0	173	3	0	0	1	
40.7071	0.1	0.3	-2	0	0	0	0	0	173	3	0	0	1	
41.4141	0.1	0.3	-2	0	0	0	0	0	173	3	0	0	1	
42.1212	0.1	0.3	-2	0	0	0	0	0	173	3	0	0	1	
42.8283	0.1	0.3	-2	0	0	0	0	0	173	3	0	0	1	
43.5354	0.1	0.3	-2	0	0	0	0	0	173	3	0	0	1	
44.2424	0.1	0.3	-2	0	0	0	0	0	173	3	0	0	1	
44.9495	0.1	0.3	1	25.7519	247.351	-2.60117e-05	-1.29898e-06	265.971	173	3	0	0	1	
45.6566	0.1	0.3	1	37.7254	246.788	3.27262e-05	7.74911e-06	264.391	173	3	0	0	1	
46.3636	0.1	0.3	1	44.5295	246.054	-5.54971e-06	2.70948e-05	262.784	173	3	0	0	1	
47.0707	0.1	0.3	1	49.7214	245.213	-6.00871e-06	1.45204e-06	261.143	173	3	0	0	1	
47.7778	0.1	0.3	1	54.0657	244.289	3.70045e-06	-5.50949e-06	259.465	173	3	0	0	1	
48.4848	0.1	0.3	1	57.873	243.295	-2.10609e-05	-2.96606e-05	257.747	173	3	0	0	1	
49.1919	0.1	0.3	1	61.3036	242.239	-1.14748e-06	1.35525e-05	255.987	173	3	0	0	1	
49.899	0.1	0.3	1	64.4525	241.127	-7.76688e-06	8.05349e-06	254.183	173	3	0	0	1	
50.6061	0.1	0.3	1	67.3788	239.962	-3.20322e-05	1.61896e-05	252.333	173	3	0	0	1	
51.3131	0.1	0.3	1	70.1314	238.745	-3.88879e-06	1.34555e-05	250.434	173	3	0	0	1	
52.0202	0.1	0.3	1	72.7337	237.479	-4.52252e-06	-1.921e-05	248.484	173	3	0	0	1	
52.7273	0.1	0.3	1	75.2106	236.167	-4.03184e-05	-5.18002e-06	246.479	173	3	0	0	1	
53.4343	0.1	0.3	1	77.5791	234.807	4.02092e-06	-5.46878e-06	244.415	173	3	0	0	1	
54.1414	0.1	0.3	1	79.8526	233.403	-2.82373e-05	4.22989e-07	242.287	173	3	0	0	1	
54.8485	0.1	0.3	1	82.0416	231.953	-1.79067e-05	3.74572e-05	240.088	173	3	0	0	1	
55.5556	0.1	0.3	1	84.1543	230.46	7.182e-06	-5.59517e-06	237.805	173	3	0	0	1	
56.2626	0.1	0.3	1	86.1974	228.924	3.38569e-06	-1.37021e-05	235.42	173	3	0	0	1	
56.9697	0.1	0.3	1	88.1754	227.346	1.01648e-05	1.9903e-05	232.89	173	3	0	0	1	
57.6768	0.1	0.3	1	90.0904	225.73	9.92934e-06	-1.41997e-05	230.048	173	3	0	0	1	
58.3838	0.1	0.3	1	91.9352	224.087	3.11452e-07	-1.22965e-05	226.884	173	3	0	0	1	
59.0909	0.1	0.3	1	93.7303	222.402	2.04187e-05	1.08064e-05	224.558	173	3	0	0	1	
59.798	0.1	0.3	1	95.4831	220.672	4.06066e-06	-5.02759e-06	222.192	173	3	0	0	1	
60.5051	0.1	0.3	1	97.1966	218.896	2.07904e-05	1.32218e-05	219.78	173	3	0	0	1	
61.2121	0.1	0.3	1	98.873	217.071	1.17204e-05	-1.84868e-05	217.319	173	3	0	0	1	
61.9192	0.1	0.3	1	100.514	215.198	-1.83405e-05	2.23441e-05	214.807	173	3	0	0	1	
62.6263	0.1	0.3	1	102.123	213.275	1.04036e-05	-7.52355e-08	212.241	173	3	0	0	1	
63.3333	0.1	0.3	1	103.699	211.3	2.99155e-06	-2.05208e-06	209.62	173	3	0	0	1	
64.0404	0.1	0.3	1	105.246	209.272	-4.60422e-05	4.84401e-05	206.941	173	3	0	0	1	
64.7475	0.1	0.3	1	106.763	207.188	1.53126e-05	-2.96948e-05	204.201	173	3	0	0	1	
65.4545	0.1	0.3	1	108.254	205.046	1.07052e-06	2.48169e-06	201.398	173	3	0	0	1	
66.1616	0.1	0.3	1	109.714	202.849	1.21962e-05	-2.21005e-06	198.53	173	3	0	0	1	
66.8687	0.1	0.3	1	111.15	200.587	7.63076e-06	-1.45076e-05	195.594	173	3	0	0	1	
67.5758	0.1	0.3	1	112.56	198.26	-2.86604e-07	-9.60187e-06	192.585	173	3	0	0	1	
68.2828	0.1	0.3	1	113.945	195.864	1.22573e-05	1.37983e-05	189.501	173	3	0	0	1	
68.9899	0.1	0.3	1	115.305	193.396	7.86295e-06	-1.81221e-05	186.338	173	3	0	0	1	
69.697	0.1	0.3	1	116.641	190.85	1.41175e-05	2.50318e-05	183.092	173	3	0	0	1	
70.404	0.1	0.3	1	117.953	188.22	-1.97349e-05	5.13325e-06	179.758	173	3	0	0	1	
71.1111	0.1	0.3	1	119.242	185.5	-9.29127e-06	-1.71654e-05	176.33	173	3	0	0	1	
71.8182	0.1	0.3	3	120.506	182.68	-2.76096e-05	1.5392e-05	172.805	173	3	0	0	1	
72.5253	0.1	0.3	3	121.748	179.748	1.52113e-06	1.28136e-05	169.174	173	3	0	0	1	
73.2323	0.1	0.3	3	122.967	176.689	-1.36699e-06	5.28361e-05	165.431	173	3	0	0	1	
73.9394	0.1	0.3	3	124.163	173.484	1.04862e-05	6.51494e-06	161.567	173	3	0	0	1	
74.6465	0.1	0.3	5	125.336	170.102	-1.88827e-05	9.50832e-06	157.573	173	3	0	0	1	
75.3535	0.1	0.3	5	126.488	166.499	-2.62716e-06	-7.38157e-07	153.438	173	3	0	0	1	
76.0606	0.1	0.3	7	127.619	162.601	-1.50917e-05	1.94108e-05	149.147	173	3	0	0	1	
76.7677	0.1	0.3	7	128.733	158.271	-1.91455e-05	1.87081e-05	144.686	173	3	0	0	1	
77.4747	0.1	0.3	10	129.833	153.172	-1.82373e-05	4.96654e-07	140.031	173	3	0	0	1	
78.1818	0.1	0.3	11	130.941	145.036	-1.97687e-05	9.52593e-06	135.146	173	3	0	0	1	
78.8889	0.1	0.3	10	132.344	120.658	-1.08417e-05	7.93384e-08	129.783	173	3	0	0	1	
79.596	0.1	0.3	12	134.033	111.072	-2.33787e-05	-1.00894e-05	123.866	173	3	0	0	1	
80.303	0.1	0.3	10	135.74	105.212	-2.70919e-05	1.22517e-05	117.511	173	3	0	0	1	
81.0101	0.1	0.3	10	137.444	98.9318	1.00232e-05	-2.03073e-05	110.635	173	3	0	0	1	
81.7172	0.1	0.3	10	139.144	92.1521	2.51901e-05	1.61318e-05	103.078	173	3	0	0	1	
82.4242	0.1	0.3	10	140.833	84.7813	2.40981e-06	-2.67433e-06	94.5239	173	3	0	0	1	
83.1313	0.1	0.3	7	142.476	76.8189	2.28836e-06	2.34141e-05	82.4749	173	3	0	0	1	
83.8384	0.1	0.3	11	144.018	68.3844	1.45165e-05	-4.08233e-06	72.9532	173	3	0	0	1	
84.5455	0.1	0.3	7	145.522	58.8125	3.46251e-05	-9.76925e-06	62.0766	173	3	0	0	1	
85.2525	0.1	0.3	7	146.967	47.4741	-2.4435e-05	1.31742e-05	48.8624	173	3	0	0	1	
85.9596	0.1	0.3	7	148.218	33.5496	-2.05653e-05	1.25144e-05	30.8441	173	3	0	0	1	
86.6667	0.1	0.3	7	148.658	25.6397	2.30095e-05	3.12944e-06	2.39517e-05	173	3	0	0	1	
87.3737	0.1	0.3	7	148.654	25.6131	-4.92502e-05	-1.33552e-06	7.65462e-06	173	3	0	0	1	
88.0808	0.1	0.3	7	148.648	25.6128	-5.38788e-05	1.16192e-06	-4.20479e-05	173	3	0	0	1	
88.7879	0.1	0.3	7	148.643	25.6126	1.43976e-05	-1.26634e-05	-8.82836e-06	173	3	0	0	1	
89.4949	0.1	0.3	7	148.638	25.6126	-1.40546e-05	4.68111e-06	2.48753e-05	173	3	0	0	1	
90.202	0.1	0.3	7	148.633	25.6129	3.08479e-05	-9.20722e-07	-5.01606e-06	173	3	0	0	1	
90.9091	0.1	0.3	7	148.628	25.6137	-6.03108e-06	5.31169e-06	3.396e-05	173	3	0	0	1	
91.6162	0.1	0.3	9	148.624	25.6153	-2.0229e-05	1.17327e-05	2.50831e-05	173	3	0	0	1	
92.3232	0.1	0.3	9	148.619	25.6185	6.43053e-06	-5.68979e-06	-2.46371e-05	173	3	0	0	1	
93.0303	0.1	0.3	7	148.616	25.6245	1.37e-05	1.44666e-05	1.77022e-05	173	3	0	0	1	
93.7374	0.1	0.3	9	148.613	25.6431	1.99614e-05	3.98397e-06	-2.45205e-05	173	3	0	0	1	
94.4444	0.1	0.3	9	148.623	26.7422	-4.40762e-06	6.41528e-06	-1.01593e-05	173	3	0	0	1	
95.1515	0.1	0.3	9	148.751	26.3881	6.29493e-06	7.50231e-06	-1.3229e-05	173	3	0	0	1	
95.8586	0.1	0.3	9	148.821	26.165	-5.33466e-07	6.01563e-06	-1.53852e-05	173	3	0	0	1	
96.5657	0.1	0.3	9	148.873	26.0721	-6.5704e-06	1.63177e-06	1.43783e-05	173	3	0	0	1	
97.2727	0.1	0.3	9	148.915	26.0211	-9.27185e-06	-3.06088e-07	-2.01265e-05	173	3	0	0	1	
97.9798	0.1	0.3	9	148.951	25.9884	8.2446e-07	1.65432e-05	4.14826e-06	173	3	0	0	1	
98.6869	0.1	0.3	9	148.983	25.9655	-6.8566e-06	-1.37968e-05	-1.52983e-05	173	3	0	0	1	
99.3939	0.1	0.3	9	149.012	25.9487	8.11734e-06	-2.12399e-05	-1.3016e-05	173	3	0	0	1	
100.101	0.1	0.3	9	149.039	25.9358	-9.26105e-06	-1.30809e-05	-1.94301e-05	173	3	0	0	1	
100.808	0.1	0.3	7	149.064	25.9259	-1.46236e-06	-3.27278e-05	1.57899e-05	173	3	0	0	1	
101.515	0.1	0.3	7	149.088	25.9178	1.17036e-05	-1.35393e-05	-9.99347e-06	173	3	0	0	1	
102.222	0.1	0.3	7	149.11	25.9113	5.55457e-06	1.60638e-05	1.38596e-06	173	3	0	0	1	
102.929	0.1	0.3	7	149.131	25.9059	7.44729e-06	1.63913e-05	-3.08228e-06	173	3	0	0	1	
103.636	0.1	0.3	7	149.151	25.9016	2.18509e-06	2.34578e-05	-6.55566e-06	173	3	0	0	1	
104.343	0.1	0.3	7	149.17	25.8979	-7.15905e-06	-3.0953e-06	9.14145e-06	173	3	0	0	1	
105.051	0.1	0.3	7	149.189	25.8949	-4.06848e-06	1.16541e-05	9.15975e-06	173	3	0	0	1	
105.758	0.1	0.3	7	149.206	25.8923	-8.09831e-06	2.24608e-05	-9.96778e-06	173	3	0	0	1	
106.465	0.1	0.3	7	149.215	26.0708	2.93713e-07	-2.51333e-05	-7.23301e-06	173	3	0	0	1	
107.172	0.1	0.3	7	149.232	26.0645	-6.8253e-06	1.46092e-05	5.06439e-06	173	3	0	0	1	
107.879	0.1	0.3	7	149.248	26.0577	1.25369e-05	2.00628e-05	1.53022e-06	173	3	0	0	1	
108.586	0.1	0.3	7	149.263	26.0514	-4.29141e-06	-3.27872e-05	-3.68454e-06	173	3	0	0	1	
109.293	0.1	0.3	7	149.279	26.0456	-9.17109e-06	-1.97073e-05	-7.59071e-06	173	3	0	0	1	
110	0.1	0.3	7	149.293	26.0398	-6.23615e-06	1.93337e-05	-1.28092e-05	173	3	0	0	1	
