40	0.1	0.3	-2	0	0	0	0	0	346	0	2	0	1	
40.7071	0.1	0.3	-2	0	0	0	0	0	346	0	2	0	1	
41.4141	0.1	0.3	-2	0	0	0	0	0	346	0	2	0	1	
42.1212	0.1	0.3	-2	0	0	0	0	0	346	0	2	0	1	
42.8283	0.1	0.3	-2	0	0	0	0	0	346	0	2	0	1	
43.5354	0.1	0.3	-2	0	0	0	0	0	346	0	2	0	1	
44.2424	0.1	0.3	-2	0	0	0	0	0	346	0	2	0	1	
44.9495	0.1	0.3	-2	0	0	0	0	0	346	0	2	0	1	
45.6566	0.1	0.3	-2	0	0	0	0	0	346	0	2	0	1	
46.3636	0.1	0.3	-2	0	0	0	0	0	346	0	2	0	1	
47.0707	0.1	0.3	1	22.955	0	277.398	277.398	0	346	0	2	0	1	
47.7778	0.1	0.3	1	36.5056	0	272.468	272.468	0	346	0	2	0	1	
48.4848	0.1	0.3	1	43.3042	0	269.095	269.095	0	346	0	2	0	1	
49.1919	0.1	0.3	1	48.3383	0	266.193	266.193	0	346	0	2	0	1	
49.899	0.1	0.3	1	52.4776	0	263.541	263.541	0	346	0	2	0	1	
50.6061	0.1	0.3	1	56.0581	0	261.046	261.046	0	346	0	2	0	1	
51.3131	0.1	0.3	1	59.2493	0	258.66	258.66	0	346	0	2	0	1	
52.0202	0.1	0.3	1	62.1498	0	256.357	256.357	0	346	0	2	0	1	
52.7273	0.1	0.3	1	64.8225	0	254.117	254.117	0	346	0	2	0	1	
53.4343	0.1	0.3	1	67.3105	0	251.928	251.928	0	346	0	2	0	1	
54.1414	0.1	0.3	1	69.6444	0	249.78	249.78	0	346	0	2	0	1	
54.8485	0.1	0.3	1	71.8472	0	247.668	247.668	0	346	0	2	0	1	
55.5556	0.1	0.3	1	73.936	0	245.587	245.587	0	346	0	2	0	1	
56.2626	0.1	0.3	1	75.9247	0	243.532	243.532	0	346	0	2	0	1	
56.9697	0.1	0.3	1	77.824	0	241.502	241.502	0	346	0	2	0	1	
57.6768	0.1	0.3	1	79.6428	0	239.494	239.494	0	346	0	2	0	1	
58.3838	0.1	0.3	1	81.3882	0	237.507	237.507	0	346	0	2	0	1	
59.0909	0.1	0.3	1	83.0663	0	235.539	235.539	0	346	0	2	0	1	
59.798	0.1	0.3	1	84.6822	0	233.59	233.59	0	346	0	2	0	1	
60.5051	0.1	0.3	1	86.24	0	231.658	231.658	0	346	0	2	0	1	
61.2121	0.1	0.3	1	87.7435	0	229.745	229.745	0	346	0	2	0	1	
61.9192	0.1	0.3	1	89.1958	0	227.85	227.85	0	346	0	2	0	1	
62.6263	0.1	0.3	1	90.5996	0	225.973	225.973	0	346	0	2	0	1	
63.3333	0.1	0.3	1	91.9573	0	224.114	224.114	0	346	0	2	0	1	
64.0404	0.1	0.3	1	93.2708	0	222.274	222.274	0	346	0	2	0	1	
64.7475	0.1	0.3	1	94.542	0	220.453	220.453	0	346	0	2	0	1	
65.4545	0.1	0.3	1	95.7725	0	218.652	218.652	0	346	0	2	0	1	
66.1616	0.1	0.3	1	96.9636	0	216.872	216.872	0	346	0	2	0	1	
66.8687	0.1	0.3	1	98.1166	0	215.113	215.113	0	346	0	2	0	1	
67.5758	0.1	0.3	1	99.2325	0	213.377	213.377	0	346	0	2	0	1	
68.2828	0.1	0.3	1	100.312	0	211.665	211.665	0	346	0	2	0	1	
68.9899	0.1	0.3	1	101.356	0	209.978	209.978	0	346	0	2	0	1	
69.697	0.1	0.3	1	102.365	0	208.316	208.316	0	346	0	2	0	1	
70.404	0.1	0.3	1	103.341	0	206.682	206.682	0	346	0	2	0	1	
71.1111	0.1	0.3	1	104.282	0	205.077	205.077	0	346	0	2	0	1	
71.8182	0.1	0.3	1	105.191	0	203.502	203.502	0	346	0	2	0	1	
72.5253	0.1	0.3	1	106.067	0	201.959	201.959	0	346	0	2	0	1	
73.2323	0.1	0.3	1	106.91	0	200.449	200.449	0	346	0	2	0	1	
73.9394	0.1	0.3	1	107.721	0	198.974	198.974	0	346	0	2	0	1	
74.6465	0.1	0.3	1	108.501	0	197.536	197.536	0	346	0	2	0	1	
75.3535	0.1	0.3	1	109.248	0	196.136	196.136	0	346	0	2	0	1	
76.0606	0.1	0.3	1	109.964	0	194.776	194.776	0	346	0	2	0	1	
76.7677	0.1	0.3	1	110.649	0	193.459	193.459	0	346	0	2	0	1	
77.4747	0.1	0.3	1	111.301	0	192.186	192.186	0	346	0	2	0	1	
78.1818	0.1	0.3	1	111.923	0	190.96	190.96	0	346	0	2	0	1	
78.8889	0.1	0.3	1	112.512	0	189.781	189.781	0	346	0	2	0	1	
79.596	0.1	0.3	1	113.07	0	188.653	188.653	0	346	0	2	0	1	
80.303	0.1	0.3	1	113.596	0	187.578	187.578	0	346	0	2	0	1	
81.0101	0.1	0.3	1	114.09	0	186.557	186.557	0	346	0	2	0	1	
81.7172	0.1	0.3	1	114.552	0	185.594	185.594	0	346	0	2	0	1	
82.4242	0.1	0.3	1	114.981	0	184.69	184.69	0	346	0	2	0	1	
83.1313	0.1	0.3	1	115.377	0	183.848	183.848	0	346	0	2	0	1	
83.8384	0.1	0.3	1	115.739	0	183.07	183.07	0	346	0	2	0	1	
84.5455	0.1	0.3	1	116.068	0	182.359	182.359	0	346	0	2	0	1	
85.2525	0.1	0.3	1	116.362	0	181.718	181.718	0	346	0	2	0	1	
85.9596	0.1	0.3	1	116.621	0	181.149	181.149	0	346	0	2	0	1	
86.6667	0.1	0.3	1	116.844	0	180.655	180.655	0	346	0	2	0	1	
87.3737	0.1	0.3	1	117.03	0	180.241	180.241	0	346	0	2	0	1	
88.0808	0.1	0.3	1	117.177	0	179.91	179.91	0	346	0	2	0	1	
88.7879	0.1	0.3	1	117.281	0	179.673	179.673	0	346	0	2	0	1	
89.4949	0.1	0.3	1	117.338	0	179.539	179.539	0	346	0	2	0	1	
90.202	0.1	0.3	1	117.359	0	179.481	179.481	0	346	0	2	0	1	
90.9091	0.1	0.3	1	117.347	0	179.501	179.501	0	346	0	2	0	1	
91.6162	0.1	0.3	1	117.298	0	179.598	179.598	0	346	0	2	0	1	
92.3232	0.1	0.3	1	117.214	0	179.773	179.773	0	346	0	2	0	1	
93.0303	0.1	0.3	1	117.094	0	180.029	180.029	0	346	0	2	0	1	
93.7374	0.1	0.3	1	116.936	0	180.364	180.364	0	346	0	2	0	1	
94.4444	0.1	0.3	1	116.741	0	180.78	180.78	0	346	0	2	0	1	
95.1515	0.1	0.3	1	nan	0	1599.98	1599.98	0	346	0	2	0	1	
95.8586	0.1	0.3	1	nan	0	1599.98	1599.98	0	346	0	2	0	1	
96.5657	0.1	0.3	1	nan	0	1599.98	1599.98	0	346	0	2	0	1	
97.2727	0.1	0.3	1	nan	0	1599.98	1599.98	0	346	0	2	0	1	
97.9798	0.1	0.3	1	nan	0	1599.98	1599.98	0	346	0	2	0	1	
98.6869	0.1	0.3	1	nan	0	1599.98	1599.98	0	346	0	2	0	1	
99.3939	0.1	0.3	1	nan	0	1599.98	1599.98	0	346	0	2	0	1	
100.101	0.1	0.3	1	nan	0	1599.98	1599.98	0	346	0	2	0	1	
100.808	0.1	0.3	1	nan	0	1599.98	1599.98	0	346	0	2	0	1	
101.515	0.1	0.3	1	nan	0	1599.98	1599.98	0	346	0	2	0	1	
102.222	0.1	0.3	1	nan	0	1599.98	1599.98	0	346	0	2	0	1	
102.929	0.1	0.3	1	nan	0	1599.98	1599.98	0	346	0	2	0	1	
103.636	0.1	0.3	1	nan	0	1599.98	1599.98	0	346	0	2	0	1	
104.343	0.1	0.3	1	nan	0	1599.98	1599.98	0	346	0	2	0	1	
105.051	0.1	0.3	1	nan	0	1599.98	1599.98	0	346	0	2	0	1	
105.758	0.1	0.3	1	nan	0	1599.98	1599.98	0	346	0	2	0	1	
106.465	0.1	0.3	1	nan	0	1599.98	1599.98	0	346	0	2	0	1	
107.172	0.1	0.3	1	nan	0	1599.98	1599.98	0	346	0	2	0	1	
107.879	0.1	0.3	1	nan	0	1599.98	1599.98	0	346	0	2	0	1	
108.586	0.1	0.3	1	nan	0	1599.98	1599.98	0	346	0	2	0	1	
109.293	0.1	0.3	1	nan	0	1599.98	1599.98	0	346	0	2	0	1	
110	0.1	0.3	1	nan	0	1599.98	1599.98	0	346	0	2	0	1	
