40	0.1	0.3	-2	0	0	0	0	0	346	1	1	0	1	
40.3518	0.1	0.3	-2	0	0	0	0	0	346	1	1	0	1	
40.7035	0.1	0.3	-2	0	0	0	0	0	346	1	1	0	1	
41.0553	0.1	0.3	-2	0	0	0	0	0	346	1	1	0	1	
41.407	0.1	0.3	-2	0	0	0	0	0	346	1	1	0	1	
41.7588	0.1	0.3	-2	0	0	0	0	0	346	1	1	0	1	
42.1106	0.1	0.3	-2	0	0	0	0	0	346	1	1	0	1	
42.4623	0.1	0.3	-2	0	0	0	0	0	346	1	1	0	1	
42.8141	0.1	0.3	-2	0	0	0	0	0	346	1	1	0	1	
43.1658	0.1	0.3	-2	0	0	0	0	0	346	1	1	0	1	
43.5176	0.1	0.3	-2	0	0	0	0	0	346	1	1	0	1	
43.8693	0.1	0.3	1	20.3589	-249.659	-7.68438e-05	-1.48152e-05	268.952	346	1	1	0	1	
44.2211	0.1	0.3	1	32.3499	-249.478	2.52755e-05	7.20625e-06	268.262	346	1	1	0	1	
44.5729	0.1	0.3	1	38.1316	-249.176	-2.01322e-05	4.25064e-05	267.547	346	1	1	0	1	
44.9246	0.1	0.3	1	42.407	-248.817	8.564e-05	1.28479e-05	266.82	346	1	1	0	1	
45.2764	0.1	0.3	1	45.9283	-248.418	8.02031e-05	-5.9111e-06	266.083	346	1	1	0	1	
45.6281	0.1	0.3	1	48.9829	-247.988	-1.8163e-05	-3.08822e-05	265.337	346	1	1	0	1	
45.9799	0.1	0.3	1	51.715	-247.531	-7.3892e-05	-7.23232e-06	264.582	346	1	1	0	1	
46.3317	0.1	0.3	1	54.2087	-247.05	-4.45121e-06	2.56562e-05	263.818	346	1	1	0	1	
46.6834	0.1	0.3	1	56.5174	-246.549	8.79071e-06	1.42909e-05	263.045	346	1	1	0	1	
47.0352	0.1	0.3	1	58.6779	-246.029	4.93398e-05	8.42023e-05	262.263	346	1	1	0	1	
47.3869	0.1	0.3	1	60.7141	-245.492	1.42439e-05	8.38862e-05	261.473	346	1	1	0	1	
47.7387	0.1	0.3	1	62.6524	-244.937	2.76983e-05	6.37562e-05	260.672	346	1	1	0	1	
48.0905	0.1	0.3	1	64.5009	-244.367	2.20451e-05	-1.28531e-05	259.863	346	1	1	0	1	
48.4422	0.1	0.3	1	66.2716	-243.782	-2.23987e-05	-8.04661e-06	259.045	346	1	1	0	1	
48.794	0.1	0.3	1	67.9801	-243.18	-5.91936e-05	-6.53851e-06	258.218	346	1	1	0	1	
49.1457	0.1	0.3	1	69.6279	-242.566	1.24412e-05	-9.53619e-06	257.381	346	1	1	0	1	
49.4975	0.1	0.3	1	71.2234	-241.937	4.86926e-05	2.07731e-05	256.535	346	1	1	0	1	
49.8492	0.1	0.3	1	72.772	-241.294	-6.51694e-06	-2.02734e-05	255.679	346	1	1	0	1	
50.201	0.1	0.3	1	74.2782	-240.639	1.35148e-05	3.22672e-05	254.814	346	1	1	0	1	
50.5528	0.1	0.3	1	75.7458	-239.969	3.75043e-05	1.19055e-05	253.939	346	1	1	0	1	
50.9045	0.1	0.3	1	77.1782	-239.287	2.69077e-05	1.52221e-05	253.055	346	1	1	0	1	
51.2563	0.1	0.3	1	78.5782	-238.592	-1.47384e-05	1.11868e-05	252.161	346	1	1	0	1	
51.608	0.1	0.3	1	79.9485	-237.884	5.62942e-06	-1.02711e-05	251.256	346	1	1	0	1	
51.9598	0.1	0.3	1	81.2912	-237.164	-1.09281e-06	1.9607e-05	250.342	346	1	1	0	1	
52.3116	0.1	0.3	1	82.6083	-236.43	6.19556e-06	-3.44931e-05	249.418	346	1	1	0	1	
52.6633	0.1	0.3	1	83.9016	-235.684	9.17652e-06	1.92615e-05	248.483	346	1	1	0	1	
53.0151	0.1	0.3	1	85.1727	-234.926	6.48122e-06	-1.33283e-05	247.538	346	1	1	0	1	
53.3668	0.1	0.3	1	86.423	-234.154	1.67848e-05	-3.83776e-05	246.582	346	1	1	0	1	
53.7186	0.1	0.3	1	87.6538	-233.37	-9.5127e-06	-1.73002e-05	245.616	346	1	1	0	1	
54.0704	0.1	0.3	1	88.8661	-232.574	-2.27468e-05	-1.72742e-05	244.639	346	1	1	0	1	
54.4221	0.1	0.3	1	90.0568	-231.768	-2.65067e-05	2.79188e-05	243.652	346	1	1	0	1	
54.7739	0.1	0.3	1	91.2365	-230.945	2.81228e-05	-8.27004e-05	242.653	346	1	1	0	1	
55.1256	0.1	0.3	1	92.4031	-230.108	-5.07485e-05	2.12374e-06	241.643	346	1	1	0	1	
55.4774	0.1	0.3	1	93.5517	-229.26	-2.63467e-06	1.99351e-05	240.621	346	1	1	0	1	
55.8291	0.1	0.3	1	94.6864	-228.4	-1.17277e-05	-1.90261e-05	239.588	346	1	1	0	1	
56.1809	0.1	0.3	1	95.8078	227.526	-3.02625e-05	5.77264e-05	238.544	346	1	1	0	1	
56.5327	0.1	0.3	1	96.9167	226.639	-6.8124e-06	-2.19886e-05	237.488	346	1	1	0	1	
56.8844	0.1	0.3	1	98.0135	225.74	-2.35381e-05	-1.15284e-05	236.42	346	1	1	0	1	
57.2362	0.1	0.3	1	99.0988	224.826	-3.48733e-05	1.32808e-05	235.339	346	1	1	0	1	
57.5879	0.1	0.3	1	100.173	223.9	-1.42545e-05	2.60542e-05	234.247	346	1	1	0	1	
57.9397	0.1	0.3	1	101.237	222.96	1.17613e-05	-2.19423e-05	233.142	346	1	1	0	1	
58.2915	0.1	0.3	1	102.291	222.006	1.2136e-05	-7.02088e-05	232.024	346	1	1	0	1	
58.6432	0.1	0.3	1	103.335	-221.038	5.6228e-06	1.71035e-05	230.894	346	1	1	0	1	
58.995	0.1	0.3	1	104.37	220.056	1.78939e-05	1.97429e-05	229.751	346	1	1	0	1	
59.3467	0.1	0.3	1	105.396	219.061	1.3919e-05	-7.41434e-05	228.594	346	1	1	0	1	
59.6985	0.1	0.3	1	106.413	218.05	2.23083e-06	1.41614e-05	227.424	346	1	1	0	1	
60.0503	0.1	0.3	1	107.423	217.026	3.27993e-06	-3.82893e-05	226.241	346	1	1	0	1	
60.402	0.1	0.3	1	108.424	215.986	1.14374e-05	-1.12864e-05	225.043	346	1	1	0	1	
60.7538	0.1	0.3	1	109.417	214.932	-3.61356e-05	9.93615e-06	223.832	346	1	1	0	1	
61.1055	0.1	0.3	1	110.404	213.863	-3.77124e-05	5.86553e-06	222.606	346	1	1	0	1	
61.4573	0.1	0.3	1	111.365	212.791	-8.09537e-06	-3.45689e-05	221.371	346	1	1	0	1	
61.809	0.1	0.3	1	112.315	211.707	-1.84842e-05	6.63026e-06	220.122	346	1	1	0	1	
62.1608	0.1	0.3	1	113.268	210.601	2.96892e-05	-2.34678e-05	218.856	346	1	1	0	1	
62.5126	0.1	0.3	1	114.217	209.477	2.29068e-05	2.60997e-05	217.575	346	1	1	0	1	
62.8643	0.1	0.3	1	115.161	208.336	4.81307e-06	-2.29887e-05	216.278	346	1	1	0	1	
63.2161	0.1	0.3	1	116.1	207.177	2.64343e-05	-2.04096e-05	214.967	346	1	1	0	1	
63.5678	0.1	0.3	1	117.039	205.995	9.65261e-06	-2.2783e-05	213.64	346	1	1	0	1	
63.9196	0.1	0.3	1	117.963	204.807	2.63224e-05	-3.27687e-05	212.306	346	1	1	0	1	
64.2714	0.1	0.3	1	118.887	203.595	-4.05954e-05	2.02202e-05	210.947	346	1	1	0	1	
64.6231	0.1	0.3	1	119.806	202.366	-2.98058e-05	1.40303e-05	209.545	346	1	1	0	1	
64.9749	0.1	0.3	1	120.72	201.118	-2.98556e-05	-1.69893e-05	208.136	346	1	1	0	1	
65.3266	0.1	0.3	1	121.629	199.851	-3.84277e-05	1.23368e-05	206.71	346	1	1	0	1	
65.6784	0.1	0.3	1	122.533	198.566	-8.53414e-07	-1.11614e-05	205.268	346	1	1	0	1	
66.0302	0.1	0.3	1	123.432	197.262	1.22453e-05	-1.28833e-05	203.807	346	1	1	0	1	
66.3819	0.1	0.3	1	124.327	195.937	-1.3625e-05	4.098e-07	202.327	346	1	1	0	1	
66.7337	0.1	0.3	1	125.217	194.593	3.43083e-05	-3.00005e-06	200.827	346	1	1	0	1	
67.0854	0.1	0.3	1	126.103	193.228	1.21101e-05	-1.60875e-05	199.307	346	1	1	0	1	
67.4372	0.1	0.3	1	126.984	191.842	-1.01123e-05	-1.09374e-05	197.767	346	1	1	0	1	
67.7889	0.1	0.3	1	127.861	190.435	1.61185e-05	7.42441e-05	196.205	346	1	1	0	1	
68.1407	0.1	0.3	1	128.734	189.006	7.08947e-06	-7.06963e-06	194.621	346	1	1	0	1	
68.4925	0.1	0.3	1	129.603	187.555	8.06005e-06	6.69307e-05	193.015	346	1	1	0	1	
68.8442	0.1	0.3	1	130.468	186.08	8.11935e-08	-6.04816e-06	191.386	346	1	1	0	1	
69.196	0.1	0.3	1	131.329	184.582	-9.0467e-06	-1.34608e-05	189.733	346	1	1	0	1	
69.5477	0.1	0.3	1	132.186	183.06	-6.45348e-05	-2.89205e-05	188.056	346	1	1	0	1	
69.8995	0.1	0.3	1	133.039	181.514	-1.72647e-05	1.73934e-05	186.354	346	1	1	0	1	
70.2513	0.1	0.3	1	133.888	179.942	9.18174e-06	-1.70329e-05	184.626	346	1	1	0	1	
70.603	0.1	0.3	1	134.734	178.343	-7.99716e-06	2.22731e-05	182.872	346	1	1	0	1	
70.9548	0.1	0.3	1	135.576	176.719	-5.197e-05	-4.20094e-05	181.09	346	1	1	0	1	
71.3065	0.1	0.3	1	136.414	175.066	4.7945e-06	-1.85607e-05	179.28	346	1	1	0	1	
71.6583	0.1	0.3	1	137.249	173.385	-8.64636e-07	-4.95587e-05	177.441	346	1	1	0	1	
72.0101	0.1	0.3	1	138.08	171.675	-2.95792e-05	2.87535e-06	175.572	346	1	1	0	1	
72.3618	0.1	0.3	1	138.908	169.935	-1.74969e-05	2.16406e-05	173.672	346	1	1	0	1	
72.7136	0.1	0.3	1	139.732	168.164	1.88911e-05	6.4631e-08	171.74	346	1	1	0	1	
73.0653	0.1	0.3	1	140.553	166.361	1.02791e-05	-1.63696e-05	169.774	346	1	1	0	1	
73.4171	0.1	0.3	1	141.37	164.525	-1.46141e-05	-1.79603e-05	167.774	346	1	1	0	1	
73.7688	0.1	0.3	1	142.184	162.655	7.18429e-05	8.04341e-06	165.737	346	1	1	0	1	
74.1206	0.1	0.3	1	142.995	160.75	9.48101e-06	2.22337e-05	163.664	346	1	1	0	1	
74.4724	0.1	0.3	1	143.802	158.809	-2.43192e-05	1.77276e-06	161.552	346	1	1	0	1	
74.8241	0.1	0.3	1	144.605	156.831	-2.63643e-05	-1.08514e-05	159.399	346	1	1	0	1	
75.1759	0.1	0.3	1	145.405	154.815	-7.91707e-06	7.01937e-06	157.204	346	1	1	0	1	
75.5276	0.1	0.3	1	146.202	152.76	4.19112e-05	-1.01277e-05	154.965	346	1	1	0	1	
75.8794	0.1	0.3	1	146.995	150.667	7.63795e-05	2.3407e-05	152.681	346	1	1	0	1	
76.2312	0.1	0.3	1	147.784	148.537	-8.05371e-06	-9.84232e-06	150.348	346	1	1	0	1	
76.5829	0.1	0.3	1	148.569	146.373	2.31974e-05	6.31288e-06	147.964	346	1	1	0	1	
76.9347	0.1	0.3	1	149.351	144.193	1.44052e-05	-1.32454e-05	145.528	346	1	1	0	1	
77.2864	0.1	0.3	1	150.128	142.185	-2.25689e-05	-5.64287e-06	143.036	346	1	1	0	1	
77.6382	0.1	0.3	1	150.9	139.524	2.0161e-05	-9.65428e-06	140.485	346	1	1	0	1	
77.9899	0.1	0.3	1	151.671	137.042	-2.67336e-05	-1.21733e-05	137.871	346	1	1	0	1	
78.3417	0.1	0.3	1	152.438	134.518	-1.35709e-05	-2.78311e-05	135.19	346	1	1	0	1	
78.6935	0.1	0.3	1	153.201	131.937	2.05209e-05	-2.51286e-05	132.438	346	1	1	0	1	
79.0452	0.1	0.3	1	153.961	129.289	1.07427e-05	-1.37699e-06	129.61	346	1	1	0	1	
79.397	0.1	0.3	1	154.718	126.567	2.20911e-05	-1.89281e-05	126.702	346	1	1	0	1	
79.7487	0.1	0.3	1	155.47	123.766	-2.43951e-05	-1.54566e-05	123.707	346	1	1	0	1	
80.1005	0.1	0.3	1	156.218	120.879	-1.11175e-05	-1.95946e-06	120.619	346	1	1	0	1	
80.4523	0.1	0.3	1	156.962	117.898	1.28687e-05	3.03807e-05	117.429	346	1	1	0	1	
80.804	0.1	0.3	1	157.701	114.817	2.38243e-05	-1.74524e-05	114.13	346	1	1	0	1	
81.1558	0.1	0.3	1	158.435	111.625	-3.96908e-05	-1.07727e-05	110.711	346	1	1	0	1	
81.5075	0.1	0.3	1	159.174	108.267	7.3612e-06	2.63419e-05	107.154	346	1	1	0	1	
81.8593	0.1	0.3	1	159.898	104.815	-3.58931e-05	2.03212e-05	103.458	346	1	1	0	1	
82.2111	0.1	0.3	1	160.617	101.214	1.438e-05	8.07084e-06	99.6006	346	1	1	0	1	
82.5628	0.1	0.3	1	161.328	97.4479	-3.09938e-05	-9.93364e-06	95.5648	346	1	1	0	1	
82.9146	0.1	0.3	1	162.033	93.4941	1.41845e-05	-1.05461e-05	91.3314	346	1	1	0	1	
83.2663	0.1	0.3	1	162.729	89.3249	1.20743e-05	6.75588e-06	86.8923	346	1	1	0	1	
83.6181	0.1	0.3	1	163.418	84.8955	3.37121e-05	3.00761e-07	82.2271	346	1	1	0	1	
83.9698	0.1	0.3	1	164.093	80.1889	-6.8843e-05	1.86995e-05	76.9014	346	1	1	0	1	
84.3216	0.1	0.3	1	164.753	75.1578	-2.60843e-05	7.41369e-06	71.2673	346	1	1	0	1	
84.6734	0.1	0.3	1	165.392	69.7357	-6.76004e-05	-6.71845e-06	65.1179	346	1	1	0	1	
85.0251	0.1	0.3	1	166.004	63.8421	1.18169e-05	-1.10677e-05	58.2704	346	1	1	0	1	
85.3769	0.1	0.3	1	166.577	57.3846	-1.07259e-05	1.44169e-05	50.4339	346	1	1	0	1	
85.7286	0.1	0.3	1	167.093	50.2212	2.11999e-05	4.46538e-06	41.0397	346	1	1	0	1	
86.0804	0.1	0.3	1	167.483	43.1026	-1.44872e-05	-1.13208e-05	28.718	346	1	1	0	1	
86.4322	0.1	0.3	-2	0	0	0	0	0	346	1	1	0	1	
86.7839	0.1	0.3	1	167.673	39.1289	-3.56249e-05	-4.94117e-06	2.51418e-06	346	1	1	0	1	
87.1357	0.1	0.3	1	167.694	39.0758	-1.47467e-06	-1.25492e-05	2.88363e-05	346	1	1	0	1	
87.4874	0.1	0.3	1	167.713	39.0289	2.79616e-05	-6.67645e-06	-3.50237e-05	346	1	1	0	1	
87.8392	0.1	0.3	1	167.732	38.987	2.38054e-05	-3.34826e-06	-4.18854e-05	346	1	1	0	1	
88.191	0.1	0.3	1	167.751	38.9494	1.15073e-05	-7.52586e-06	-1.16661e-06	346	1	1	0	1	
88.5427	0.1	0.3	1	167.768	38.9154	-1.08879e-05	-2.75528e-05	3.25635e-05	346	1	1	0	1	
88.8945	0.1	0.3	1	167.785	38.8846	1.25126e-06	2.3554e-07	1.91786e-05	346	1	1	0	1	
89.2462	0.1	0.3	1	167.802	38.8566	-9.32877e-06	-9.66335e-06	2.96624e-05	346	1	1	0	1	
89.598	0.1	0.3	1	167.818	38.8311	1.50497e-05	1.46578e-05	1.91226e-05	346	1	1	0	1	
89.9497	0.1	0.3	1	167.834	38.8078	8.69032e-06	1.96836e-06	4.26837e-05	346	1	1	0	1	
90.3015	0.1	0.3	1	167.849	38.7869	8.90759e-06	1.22859e-05	-4.12663e-06	346	1	1	0	1	
90.6533	0.1	0.3	1	167.864	38.7679	-6.89671e-06	2.82372e-06	-1.41638e-05	346	1	1	0	1	
91.005	0.1	0.3	1	167.879	38.7509	1.02388e-05	-1.53311e-05	-1.08702e-05	346	1	1	0	1	
91.3568	0.1	0.3	1	167.893	38.736	-1.72998e-05	-5.88718e-06	3.72226e-05	346	1	1	0	1	
91.7085	0.1	0.3	1	167.907	38.7235	1.77259e-06	-7.39988e-06	3.83566e-05	346	1	1	0	1	
92.0603	0.1	0.3	1	167.921	38.7137	3.23199e-06	-6.56156e-07	5.02147e-07	346	1	1	0	1	
92.4121	0.1	0.3	1	167.935	38.7074	9.9797e-06	3.93101e-06	-6.23447e-06	346	1	1	0	1	
92.7638	0.1	0.3	1	167.949	38.7062	-3.11922e-07	6.8059e-06	1.31681e-05	346	1	1	0	1	
93.1156	0.1	0.3	1	167.963	38.714	4.47634e-06	1.43805e-05	1.87306e-05	346	1	1	0	1	
93.4673	0.1	0.3	1	167.977	38.741	-1.71659e-06	-1.44726e-05	1.98716e-06	346	1	1	0	1	
93.8191	0.1	0.3	1	167.992	38.8345	2.18911e-06	-1.86468e-06	-1.2575e-06	346	1	1	0	1	
94.1709	0.1	0.3	1	168.009	38.8623	7.09028e-06	-7.65619e-06	1.20766e-05	346	1	1	0	1	
94.5226	0.1	0.3	1	168.024	38.4127	-1.04308e-05	1.06685e-05	-7.84823e-06	346	1	1	0	1	
94.8744	0.1	0.3	1	168.035	38.2574	-6.04471e-06	7.10772e-06	-1.06072e-05	346	1	1	0	1	
95.2261	0.1	0.3	1	168.043	38.2573	7.91378e-06	4.66305e-06	1.07363e-05	346	1	1	0	1	
95.5779	0.1	0.3	1	168.047	38.3825	1.83602e-06	1.24723e-07	1.43558e-05	346	1	1	0	1	
95.9296	0.1	0.3	1	168.055	38.4158	-1.15501e-05	-4.54752e-06	9.59948e-06	346	1	1	0	1	
96.2814	0.1	0.3	1	168.063	38.4301	-1.34362e-06	-1.88041e-06	3.31726e-07	346	1	1	0	1	
96.6332	0.1	0.3	1	168.071	38.4366	1.41566e-07	-2.47532e-05	-9.2828e-06	346	1	1	0	1	
96.9849	0.1	0.3	1	168.08	38.4391	6.00242e-06	5.45072e-06	1.19126e-05	346	1	1	0	1	
97.3367	0.1	0.3	1	168.089	38.4392	1.4698e-05	1.59833e-05	2.98011e-06	346	1	1	0	1	
97.6884	0.1	0.3	1	168.098	38.4378	1.46479e-05	9.32956e-06	-2.23087e-05	346	1	1	0	1	
98.0402	0.1	0.3	1	168.107	38.4356	-1.66925e-06	1.29466e-05	1.75372e-05	346	1	1	0	1	
98.392	0.1	0.3	1	168.116	38.4327	2.04242e-06	1.2115e-05	1.0631e-05	346	1	1	0	1	
98.7437	0.1	0.3	1	168.125	38.4293	6.80364e-06	-7.36379e-06	-9.65685e-06	346	1	1	0	1	
99.0955	0.1	0.3	1	168.133	38.4257	-3.55653e-06	-1.16336e-05	1.04926e-06	346	1	1	0	1	
99.4472	0.1	0.3	1	168.142	38.422	-1.20503e-05	9.15228e-06	1.40971e-05	346	1	1	0	1	
99.799	0.1	0.3	1	168.151	38.4182	1.46911e-05	6.09534e-06	2.83431e-05	346	1	1	0	1	
100.151	0.1	0.3	1	168.159	38.4142	-3.21494e-06	-1.29429e-05	-1.0098e-05	346	1	1	0	1	
100.503	0.1	0.3	1	168.168	38.4102	8.44805e-06	1.29506e-06	8.31495e-06	346	1	1	0	1	
100.854	0.1	0.3	1	168.176	38.4063	-2.76735e-06	3.00791e-06	5.84385e-07	346	1	1	0	1	
101.206	0.1	0.3	1	168.184	38.4024	-1.05625e-05	4.97999e-06	-4.49799e-06	346	1	1	0	1	
101.558	0.1	0.3	1	168.193	38.3986	6.66719e-06	3.12693e-06	-1.27424e-05	346	1	1	0	1	
101.91	0.1	0.3	1	168.201	38.3947	-1.36368e-05	8.9943e-07	-4.04945e-06	346	1	1	0	1	
102.261	0.1	0.3	1	168.209	38.3909	3.7087e-06	1.36814e-05	2.56628e-06	346	1	1	0	1	
102.613	0.1	0.3	1	168.217	38.3871	-1.17033e-05	-1.34467e-05	7.55709e-06	346	1	1	0	1	
102.965	0.1	0.3	1	168.225	38.3835	-7.60008e-06	-4.28475e-06	1.38808e-05	346	1	1	0	1	
103.317	0.1	0.3	1	168.233	38.3799	-3.27282e-06	-1.92943e-05	9.56678e-06	346	1	1	0	1	
103.668	0.1	0.3	1	168.241	38.3765	3.14142e-06	-1.05589e-05	-1.23332e-06	346	1	1	0	1	
104.02	0.1	0.3	1	168.249	38.373	-4.99191e-06	8.92543e-06	-1.19728e-05	346	1	1	0	1	
104.372	0.1	0.3	1	168.257	38.3696	-2.55879e-06	1.62844e-05	7.89104e-06	346	1	1	0	1	
104.724	0.1	0.3	1	168.264	38.3663	-5.67928e-06	7.60519e-06	2.0394e-05	346	1	1	0	1	
105.075	0.1	0.3	1	168.272	38.3631	-2.54101e-06	7.57558e-06	2.30846e-06	346	1	1	0	1	
105.427	0.1	0.3	1	168.279	38.3599	-3.25267e-06	-1.00045e-05	-2.06828e-06	346	1	1	0	1	
105.779	0.1	0.3	1	168.287	38.3568	1.53418e-06	4.95143e-06	-1.30839e-05	346	1	1	0	1	
106.131	0.1	0.3	1	168.294	38.3538	1.12536e-06	3.95619e-06	-9.38234e-06	346	1	1	0	1	
106.482	0.1	0.3	1	168.302	38.3508	6.19655e-06	2.76548e-05	3.43334e-06	346	1	1	0	1	
106.834	0.1	0.3	1	168.309	38.348	1.85008e-05	-9.07511e-06	-1.05117e-05	346	1	1	0	1	
107.186	0.1	0.3	1	168.316	38.3452	-2.4126e-07	7.5934e-07	-1.16659e-05	346	1	1	0	1	
107.538	0.1	0.3	1	168.324	38.3423	1.1868e-05	1.8957e-05	3.97616e-06	346	1	1	0	1	
107.889	0.1	0.3	1	168.331	38.3397	-4.73299e-07	-5.23648e-06	-9.93196e-06	346	1	1	0	1	
108.241	0.1	0.3	1	168.338	38.337	-7.66002e-07	-3.53577e-06	9.89217e-06	346	1	1	0	1	
108.593	0.1	0.3	1	168.336	38.6016	-4.1634e-07	-6.03957e-06	-9.47987e-06	346	1	1	0	1	
108.945	0.1	0.3	1	168.343	38.5948	-3.76768e-06	-2.33045e-05	-1.01659e-05	346	1	1	0	1	
109.296	0.1	0.3	1	168.35	38.5878	-8.92924e-06	-2.08913e-05	-6.30478e-06	346	1	1	0	1	
109.648	0.1	0.3	1	168.357	38.581	-2.10761e-06	5.55832e-06	6.50619e-06	346	1	1	0	1	
110	0.1	0.3	1	168.364	38.5744	6.0836e-06	-6.16656e-06	1.10963e-05	346	1	1	0	1	
