44.5729	0.1	0.3	-100	0	0	0	0	0	0	1	2	0	1	
44.9246	0.1	0.3	1	41.7543	-246.653	5.16697e-06	1.56082e-05	265.736	262.194	1	2	0	1	
45.2764	0.1	0.3	1	46.8017	246.076	-6.67562e-06	1.16231e-05	264.795	293.937	1	2	0	1	
45.6281	0.1	0.3	1	50.4964	245.516	4.04056e-06	-2.86539e-05	263.916	317.24	1	2	0	1	
45.9799	0.1	0.3	1	53.556	244.954	2.54183e-06	6.64701e-06	263.06	336.424	1	2	0	1	
46.3317	0.1	0.3	1	56.2363	244.384	-1.94587e-05	1.23209e-05	262.212	353.299	1	2	0	1	
46.6834	0.1	0.3	1	58.6517	243.804	3.76696e-06	9.49394e-06	261.367	368.492	1	2	0	1	
47.0352	0.1	0.3	1	60.8686	243.214	4.09289e-06	-1.05213e-05	260.522	382.431	1	2	0	1	
47.3869	0.1	0.3	1	62.9391	242.611	3.99617e-06	2.44813e-05	259.673	395.446	1	2	0	1	
47.7387	0.1	0.3	1	64.8827	241.998	-2.3151e-05	2.98282e-05	258.821	407.597	1	2	0	1	
48.0905	0.1	0.3	1	66.7266	241.374	3.65845e-05	7.2444e-06	257.964	419.198	1	2	0	1	
48.4422	0.1	0.3	1	68.4833	240.738	4.25095e-06	5.76169e-06	257.1	430.247	1	2	0	1	
48.794	0.1	0.3	1	70.1693	240.089	2.77487e-06	5.88782e-06	256.229	440.848	1	2	0	1	
49.1457	0.1	0.3	1	71.79	239.43	-1.1027e-05	-5.09061e-06	255.352	451.038	1	2	0	1	
49.4975	0.1	0.3	1	73.3546	238.759	-4.84038e-05	1.91862e-06	254.466	460.874	1	2	0	1	
49.8492	0.1	0.3	1	74.8694	238.077	1.28702e-05	6.06575e-06	253.573	470.396	1	2	0	1	
50.201	0.1	0.3	1	76.3397	237.383	1.19298e-05	-1.12683e-05	252.671	479.636	1	2	0	1	
50.5528	0.1	0.3	1	77.7697	236.677	8.43978e-06	1.0496e-05	251.761	488.624	1	2	0	1	
50.9045	0.1	0.3	1	79.1634	235.961	-4.89444e-05	-2.00645e-05	250.842	497.384	1	2	0	1	
51.2563	0.1	0.3	1	80.5239	235.232	2.2549e-05	-1.82443e-05	249.914	505.933	1	2	0	1	
51.608	0.1	0.3	1	81.854	234.492	1.93e-05	-9.03774e-08	248.977	514.293	1	2	0	1	
51.9598	0.1	0.3	1	83.1562	233.74	-6.83579e-06	-3.53697e-05	248.03	522.475	1	2	0	1	
52.3116	0.1	0.3	1	84.4324	232.977	-1.48014e-05	1.58347e-06	247.073	530.496	1	2	0	1	
52.6633	0.1	0.3	1	85.6848	232.202	-1.58142e-05	3.10429e-06	246.107	538.365	1	2	0	1	
53.0151	0.1	0.3	1	86.9148	231.415	-8.58208e-06	1.2806e-05	245.13	546.094	1	2	0	1	
53.3668	0.1	0.3	1	88.1207	230.618	-2.02093e-05	-4.46704e-05	244.144	553.672	1	2	0	1	
53.7186	0.1	0.3	1	89.3138	229.805	-1.76685e-05	-3.10547e-06	243.146	561.169	1	2	0	1	
54.0704	0.1	0.3	1	90.4853	228.982	-5.7512e-06	3.95087e-05	242.138	568.53	1	2	0	1	
54.4221	0.1	0.3	1	91.6397	228.147	-3.98735e-05	-3.61024e-06	241.12	575.784	1	2	0	1	
54.7739	0.1	0.3	1	92.7779	227.3	-2.1143e-05	1.11737e-05	240.09	582.936	1	2	0	1	
55.1256	0.1	0.3	1	93.9008	-226.44	-7.71746e-06	-3.00007e-05	239.049	589.992	1	2	0	1	
55.4774	0.1	0.3	1	95.0093	225.568	9.74056e-06	-1.78514e-05	237.996	596.957	1	2	0	1	
55.8291	0.1	0.3	1	96.104	224.683	-1.52888e-05	-2.32198e-05	236.933	603.835	1	2	0	1	
56.1809	0.1	0.3	1	97.1858	223.786	1.66225e-06	-7.13251e-06	235.857	610.633	1	2	0	1	
56.5327	0.1	0.3	1	98.2552	222.875	9.62117e-06	-1.30526e-05	234.769	617.352	1	2	0	1	
56.8844	0.1	0.3	1	99.3188	221.947	-4.54633e-06	-7.58098e-06	233.669	624.035	1	2	0	1	
57.2362	0.1	0.3	1	100.362	221.012	1.38605e-05	6.71657e-06	232.557	630.593	1	2	0	1	
57.5879	0.1	0.3	1	101.395	220.066	1.14693e-05	2.635e-05	231.433	637.077	1	2	0	1	
57.9397	0.1	0.3	1	102.42	219.102	-1.49721e-05	9.41311e-06	230.295	643.524	1	2	0	1	
58.2915	0.1	0.3	1	103.436	218.125	-1.73806e-05	-6.31731e-06	229.145	649.901	1	2	0	1	
58.6432	0.1	0.3	1	104.442	217.135	1.40459e-05	2.70501e-05	227.981	656.228	1	2	0	1	
58.995	0.1	0.3	1	105.439	216.13	-1.51626e-05	-2.03387e-05	226.804	662.493	1	2	0	1	
59.3467	0.1	0.3	1	106.427	215.111	-2.8103e-05	1.12069e-05	225.614	668.701	1	2	0	1	
59.6985	0.1	0.3	1	107.407	214.078	-1.04288e-05	4.2887e-06	224.409	674.858	1	2	0	1	
60.0503	0.1	0.3	1	108.379	213.03	-1.6788e-05	9.81533e-06	223.19	680.965	1	2	0	1	
60.402	0.1	0.3	1	109.344	211.967	2.18567e-05	-1.24688e-05	221.957	687.022	1	2	0	1	
60.7538	0.1	0.3	1	110.3	210.89	-3.50913e-06	1.9443e-06	220.709	693.035	1	2	0	1	
61.1055	0.1	0.3	1	111.25	209.797	-1.88698e-06	2.70032e-05	219.447	699.004	1	2	0	1	
61.4573	0.1	0.3	1	112.192	208.688	-1.47517e-05	4.88759e-06	218.169	704.923	1	2	0	1	
61.809	0.1	0.3	1	113.128	207.564	2.78719e-06	6.41579e-06	216.875	710.804	1	2	0	1	
62.1608	0.1	0.3	1	114.061	206.42	2.03381e-05	5.3484e-06	215.566	716.66	1	2	0	1	
62.5126	0.1	0.3	1	114.98	205.267	-2.44698e-05	-2.26213e-05	214.241	722.441	1	2	0	1	
62.8643	0.1	0.3	1	115.897	204.094	2.37016e-05	-1.55828e-05	212.899	728.202	1	2	0	1	
63.2161	0.1	0.3	1	116.808	202.904	4.73931e-06	1.14565e-07	211.541	733.926	1	2	0	1	
63.5678	0.1	0.3	1	117.713	201.697	8.44133e-06	2.86119e-06	210.165	739.613	1	2	0	1	
63.9196	0.1	0.3	1	118.612	200.472	-1.56897e-07	-5.75238e-06	208.772	745.261	1	2	0	1	
64.2714	0.1	0.3	1	119.506	199.229	-4.11509e-06	-2.47174e-05	207.362	750.878	1	2	0	1	
64.6231	0.1	0.3	1	120.395	197.968	1.84815e-05	-1.40557e-05	205.933	756.464	1	2	0	1	
64.9749	0.1	0.3	1	121.278	196.689	1.43373e-05	2.50686e-05	204.486	762.012	1	2	0	1	
65.3266	0.1	0.3	1	122.157	195.39	-3.11921e-05	-2.87841e-06	203.019	767.535	1	2	0	1	
65.6784	0.1	0.3	1	123.03	194.072	7.45399e-05	1.28422e-05	201.534	773.02	1	2	0	1	
66.0302	0.1	0.3	1	123.899	192.734	6.58278e-05	1.77969e-05	200.029	778.48	1	2	0	1	
66.3819	0.1	0.3	1	124.763	191.376	1.92265e-05	-4.74569e-05	198.504	783.909	1	2	0	1	
66.7337	0.1	0.3	1	125.622	189.998	-1.65244e-05	-6.14879e-06	196.959	789.306	1	2	0	1	
67.0854	0.1	0.3	1	126.477	188.597	-1.22622e-05	1.52572e-05	195.393	794.678	1	2	0	1	
67.4372	0.1	0.3	1	127.327	187.175	2.36166e-06	3.00633e-05	193.776	800.019	1	2	0	1	
67.7889	0.1	0.3	1	128.174	185.731	1.52628e-05	3.85045e-07	192.208	805.341	1	2	0	1	
68.1407	0.1	0.3	1	129.016	184.264	-9.47353e-07	1.70332e-05	190.554	810.631	1	2	0	1	
68.4925	0.1	0.3	1	129.854	182.774	1.51418e-05	-2.3687e-05	188.885	815.897	1	2	0	1	
68.8442	0.1	0.3	1	130.687	181.259	2.59902e-05	-6.4884e-06	187.193	821.131	1	2	0	1	
69.196	0.1	0.3	1	131.517	179.721	5.61837e-06	1.2932e-06	185.477	826.346	1	2	0	1	
69.5477	0.1	0.3	1	132.342	178.157	-7.25812e-05	4.21962e-05	183.735	831.529	1	2	0	1	
69.8995	0.1	0.3	1	133.164	176.567	-3.95204e-06	-1.22102e-05	181.967	836.694	1	2	0	1	
70.2513	0.1	0.3	1	133.981	174.951	3.41254e-06	-1.77675e-05	180.172	841.827	1	2	0	1	
70.603	0.1	0.3	1	134.795	173.307	5.04724e-05	-2.94373e-06	178.348	846.942	1	2	0	1	
70.9548	0.1	0.3	1	135.605	171.634	-3.76192e-05	-2.50268e-05	176.495	852.031	1	2	0	1	
71.3065	0.1	0.3	1	136.412	169.933	2.07891e-05	9.49311e-06	174.611	857.096	1	2	0	1	
71.6583	0.1	0.3	1	137.214	168.202	2.41544e-05	-1.09232e-06	172.696	862.141	1	2	0	1	
72.0101	0.1	0.3	1	138.013	166.439	9.32477e-06	8.17187e-06	170.748	867.161	1	2	0	1	
72.3618	0.1	0.3	1	138.808	164.645	3.4584e-05	1.57516e-05	168.766	872.156	1	2	0	1	
72.7136	0.1	0.3	1	139.6	162.817	-2.01202e-06	-1.26935e-05	166.75	877.133	1	2	0	1	
73.0653	0.1	0.3	1	140.387	160.956	6.17432e-05	-7.32569e-05	164.697	882.078	1	2	0	1	
73.4171	0.1	0.3	1	141.172	159.059	-1.25914e-05	4.51002e-06	162.606	887.01	1	2	0	1	
73.7688	0.1	0.3	1	141.952	157.126	-2.10861e-05	1.57567e-05	160.475	891.911	1	2	0	1	
74.1206	0.1	0.3	1	142.729	155.154	-3.61702e-05	-3.86598e-05	158.304	896.793	1	2	0	1	
74.4724	0.1	0.3	1	143.502	153.145	8.99209e-06	-1.76749e-06	156.089	901.65	1	2	0	1	
74.8241	0.1	0.3	1	144.272	151.095	-7.80763e-06	1.80151e-05	153.83	906.488	1	2	0	1	
75.1759	0.1	0.3	1	145.037	149.005	-1.87881e-05	-1.31864e-05	151.524	911.294	1	2	0	1	
75.5276	0.1	0.3	1	145.799	146.875	-6.36144e-06	-7.91837e-06	149.169	916.082	1	2	0	1	
75.8794	0.1	0.3	1	146.557	144.713	5.96492e-06	-5.57713e-06	146.762	920.845	1	2	0	1	
76.2312	0.1	0.3	1	147.312	142.474	-2.24823e-05	5.17236e-06	144.3	925.589	1	2	0	1	
76.5829	0.1	0.3	1	148.06	140.185	-4.23357e-06	2.93456e-05	141.783	930.282	1	2	0	1	
76.9347	0.1	0.3	1	148.805	137.809	1.00809e-05	1.56721e-05	139.204	934.969	1	2	0	1	
77.2864	0.1	0.3	1	149.547	135.455	-8.11313e-06	-1.57784e-05	136.561	939.631	1	2	0	1	
77.6382	0.1	0.3	1	150.288	132.832	2.18713e-05	8.50015e-06	133.848	944.287	1	2	0	1	
77.9899	0.1	0.3	1	151.019	130.344	-7.22184e-05	7.50756e-06	131.066	948.88	1	2	0	1	
78.3417	0.1	0.3	1	151.748	127.712	-5.84679e-05	5.91907e-06	128.205	953.461	1	2	0	1	
78.6935	0.1	0.3	1	152.473	125.017	-8.55088e-06	8.74856e-06	125.261	958.016	1	2	0	1	
79.0452	0.1	0.3	1	153.194	122.238	-1.63138e-05	1.14625e-05	122.228	962.546	1	2	0	1	
79.397	0.1	0.3	1	153.909	119.374	-8.46014e-06	-2.38857e-05	119.1	967.039	1	2	0	1	
79.7487	0.1	0.3	1	154.619	116.417	-2.6074e-05	3.66027e-06	115.867	971.5	1	2	0	1	
80.1005	0.1	0.3	1	155.324	113.361	-2.89065e-05	-8.0382e-06	112.521	975.929	1	2	0	1	
80.4523	0.1	0.3	1	156.022	110.196	-1.41202e-05	-2.35572e-05	109.052	980.315	1	2	0	1	
80.804	0.1	0.3	1	156.714	106.912	8.01013e-06	1.0747e-05	105.446	984.663	1	2	0	1	
81.1558	0.1	0.3	1	157.399	103.499	1.30725e-05	1.84311e-05	101.69	988.967	1	2	0	1	
81.5075	0.1	0.3	1	158.077	99.9416	6.61031e-06	-2.33762e-05	97.7662	993.227	1	2	0	1	
81.8593	0.1	0.3	1	158.756	96.1595	-1.15229e-06	-2.17793e-05	93.6448	997.493	1	2	0	1	
82.2111	0.1	0.3	1	159.417	92.2486	-1.80899e-05	2.44386e-06	89.3189	1001.65	1	2	0	1	
82.5628	0.1	0.3	1	160.067	88.1304	1.91314e-05	2.37866e-06	84.7535	1005.73	1	2	0	1	
82.9146	0.1	0.3	1	160.705	83.7719	1.62764e-05	2.31409e-05	80.0094	1009.74	1	2	0	1	
83.2663	0.1	0.3	1	161.33	79.1251	-1.91054e-05	2.27485e-05	74.7177	1013.67	1	2	0	1	
83.6181	0.1	0.3	1	161.933	74.1729	3.24767e-06	-7.51807e-07	68.8658	1017.46	1	2	0	1	
83.9698	0.1	0.3	1	162.511	68.8563	-2.82358e-05	7.96251e-07	62.5371	1021.09	1	2	0	1	
84.3216	0.1	0.3	1	163.055	63.1147	-3.90463e-06	-3.99971e-06	55.457	1024.5	1	2	0	1	
84.6734	0.1	0.3	1	163.55	56.9109	3.87163e-05	-5.58081e-06	47.288	1027.61	1	2	0	1	
85.0251	0.1	0.3	1	163.968	50.3613	-1.209e-06	2.41773e-05	37.3473	1030.24	1	2	0	1	
85.3769	0.1	0.3	1	164.253	44.5582	2.62956e-05	3.93356e-06	23.6099	1032.03	1	2	0	1	
85.7286	0.1	0.3	1	164.329	42.9072	-2.94595e-05	-5.41115e-06	-7.48765e-05	1032.51	1	2	0	1	
86.0804	0.1	0.3	1	164.347	42.8563	3.81948e-06	-1.85622e-05	7.11827e-05	1032.62	1	2	0	1	
86.4322	0.1	0.3	1	164.364	42.8165	-3.47588e-05	-9.71283e-06	1.31838e-05	1032.73	1	2	0	1	
86.7839	0.1	0.3	1	164.381	42.7807	4.10968e-06	-1.27776e-05	2.78174e-05	1032.83	1	2	0	1	
87.1357	0.1	0.3	1	164.397	42.7484	3.59449e-05	-1.37861e-05	-1.72259e-05	1032.94	1	2	0	1	
87.4874	0.1	0.3	1	164.412	42.7192	3.0188e-06	6.35719e-06	1.83438e-05	1033.03	1	2	0	1	
87.8392	0.1	0.3	1	164.427	42.6927	-3.08544e-05	-7.31545e-06	-5.46553e-06	1033.13	1	2	0	1	
88.191	0.1	0.3	1	164.442	42.6687	1.46829e-05	1.9741e-05	-2.41867e-05	1033.22	1	2	0	1	
88.5427	0.1	0.3	1	164.456	42.6471	-3.13078e-06	-1.80966e-06	2.28042e-05	1033.31	1	2	0	1	
88.8945	0.1	0.3	1	164.47	42.6279	9.14675e-06	-1.3966e-06	1.85805e-06	1033.4	1	2	0	1	
89.2462	0.1	0.3	1	164.484	42.6109	-6.49728e-06	1.65416e-05	4.02525e-05	1033.48	1	2	0	1	
89.598	0.1	0.3	1	164.498	42.5967	2.31865e-06	6.81219e-06	5.24192e-06	1033.57	1	2	0	1	
89.9497	0.1	0.3	1	164.511	42.5844	8.35322e-07	-1.28579e-06	1.23905e-05	1033.65	1	2	0	1	
90.3015	0.1	0.3	1	164.524	42.5792	4.4101e-06	-1.29528e-05	-3.55649e-06	1033.73	1	2	0	1	
90.6533	0.1	0.3	1	164.537	42.5719	1.39482e-05	-1.63712e-05	-8.78294e-06	1033.82	1	2	0	1	
91.005	0.1	0.3	1	164.55	42.5908	3.80886e-06	5.70491e-06	-1.26541e-06	1033.89	1	2	0	1	
91.3568	0.1	0.3	1	164.563	42.6183	1.85853e-05	3.01187e-05	1.0959e-05	1033.98	1	2	0	1	
91.7085	0.1	0.3	1	164.577	43.8009	-2.02418e-05	2.50028e-05	2.08468e-05	1034.06	1	2	0	1	
92.0603	0.1	0.3	3	164.751	-38.5005	4.11017e-06	36.2179	5.57396e-06	1035.15	1	2	0	1	
92.4121	0.1	0.3	1	164.604	42.2688	-1.06173e-06	-9.00112e-06	-8.49595e-06	1034.24	1	2	0	1	
92.7638	0.1	0.3	1	164.614	42.2038	7.41339e-06	-1.86649e-05	-9.24561e-06	1034.3	1	2	0	1	
93.1156	0.1	0.3	1	164.624	42.1661	-4.92444e-06	-1.56154e-05	-1.23541e-05	1034.36	1	2	0	1	
93.4673	0.1	0.3	1	164.629	42.2541	-1.17431e-05	-2.70006e-05	7.04929e-06	1034.39	1	2	0	1	
93.8191	0.1	0.3	1	164.636	42.305	9.40878e-06	1.5225e-05	6.41541e-06	1034.44	1	2	0	1	
94.1709	0.1	0.3	1	164.644	42.308	1.78734e-05	1.62e-05	1.17766e-05	1034.49	1	2	0	1	
94.5226	0.1	0.3	1	164.653	42.3138	6.34419e-06	8.77648e-06	1.29106e-05	1034.55	1	2	0	1	
94.8744	0.1	0.3	1	164.662	42.3139	-5.89792e-06	2.1672e-05	-7.47477e-06	1034.6	1	2	0	1	
95.2261	0.1	0.3	1	164.67	42.3128	6.0382e-06	3.16164e-05	-8.93268e-07	1034.65	1	2	0	1	
95.5779	0.1	0.3	1	164.679	42.3103	1.86454e-06	2.61191e-05	-2.47724e-05	1034.71	1	2	0	1	
95.9296	0.1	0.3	1	164.687	42.3074	-2.20503e-07	1.79437e-05	-4.98857e-07	1034.76	1	2	0	1	
96.2814	0.1	0.3	1	164.696	42.3039	-1.53917e-06	8.07454e-06	1.11848e-05	1034.82	1	2	0	1	
96.6332	0.1	0.3	1	164.704	42.3001	2.39112e-06	-1.17158e-05	5.76139e-06	1034.87	1	2	0	1	
96.9849	0.1	0.3	1	164.713	42.2963	8.12014e-06	-9.11747e-06	2.10617e-05	1034.92	1	2	0	1	
97.3367	0.1	0.3	1	164.721	42.2921	1.25697e-05	-1.41626e-05	3.39706e-06	1034.97	1	2	0	1	
97.6884	0.1	0.3	1	164.729	42.2882	-2.74095e-06	-6.9361e-06	5.62282e-06	1035.02	1	2	0	1	
98.0402	0.1	0.3	1	164.737	42.2841	-1.2333e-05	-1.91571e-05	4.48194e-06	1035.07	1	2	0	1	
98.392	0.1	0.3	1	164.745	42.28	-6.09108e-06	1.56541e-05	4.1237e-06	1035.12	1	2	0	1	
98.7437	0.1	0.3	1	164.753	42.2762	9.58031e-06	-1.97217e-05	-1.99494e-05	1035.17	1	2	0	1	
99.0955	0.1	0.3	1	164.761	42.2723	-1.90313e-05	-1.74359e-05	-6.84185e-06	1035.22	1	2	0	1	
99.4472	0.1	0.3	1	164.769	42.2684	-2.24633e-06	-2.38511e-05	-5.62172e-06	1035.27	1	2	0	1	
99.799	0.1	0.3	1	164.777	42.2647	-2.18729e-06	1.81538e-05	-1.83751e-05	1035.32	1	2	0	1	
100.151	0.1	0.3	1	164.785	42.2611	4.38225e-06	-2.08679e-05	-2.48446e-06	1035.37	1	2	0	1	
100.503	0.1	0.3	1	164.792	42.2574	2.86272e-07	-1.81659e-05	-9.90532e-06	1035.42	1	2	0	1	
100.854	0.1	0.3	1	164.8	42.2539	-9.50233e-06	8.03608e-06	4.45298e-06	1035.47	1	2	0	1	
101.206	0.1	0.3	1	164.807	42.2506	-1.72033e-06	1.18753e-05	6.71202e-06	1035.51	1	2	0	1	
101.558	0.1	0.3	1	164.815	42.2473	-1.37276e-05	2.07739e-05	1.33047e-05	1035.56	1	2	0	1	
101.91	0.1	0.3	1	164.822	42.2441	6.0936e-06	3.79931e-05	1.45118e-06	1035.61	1	2	0	1	
102.261	0.1	0.3	1	164.83	42.2409	4.53187e-06	-7.53778e-06	2.8531e-06	1035.65	1	2	0	1	
102.613	0.1	0.3	1	164.837	42.2379	-6.95799e-06	2.2009e-05	1.74376e-06	1035.7	1	2	0	1	
102.965	0.1	0.3	1	164.844	42.235	-9.17202e-06	2.88694e-05	5.90083e-06	1035.75	1	2	0	1	
103.317	0.1	0.3	1	164.851	42.2322	-1.07903e-05	1.51034e-06	2.38934e-05	1035.79	1	2	0	1	
103.668	0.1	0.3	1	164.858	42.2294	-6.86545e-07	-2.48355e-05	4.87708e-07	1035.83	1	2	0	1	
104.02	0.1	0.3	1	164.865	42.2267	-3.26015e-06	2.35929e-06	2.00137e-05	1035.88	1	2	0	1	
104.372	0.1	0.3	1	164.872	42.224	-9.24284e-06	1.70647e-05	-4.64296e-06	1035.92	1	2	0	1	
104.724	0.1	0.3	1	164.879	42.2215	-5.38066e-06	-4.65607e-06	-8.57731e-06	1035.97	1	2	0	1	
105.075	0.1	0.3	1	164.886	42.219	1.68175e-06	8.02516e-06	4.76042e-06	1036	1	2	0	1	
105.427	0.1	0.3	1	164.893	42.2166	-7.98668e-06	-1.036e-05	-1.22836e-05	1036.05	1	2	0	1	
105.779	0.1	0.3	1	164.899	42.2143	1.54418e-06	1.118e-05	1.00463e-05	1036.09	1	2	0	1	
106.131	0.1	0.3	1	164.906	42.212	4.59484e-06	-2.02185e-05	-7.70235e-06	1036.13	1	2	0	1	
106.482	0.1	0.3	1	164.913	42.2098	8.41597e-07	-2.14009e-05	8.9617e-06	1036.17	1	2	0	1	
106.834	0.1	0.3	1	164.919	42.2077	1.03678e-05	-1.64807e-05	-1.34639e-05	1036.22	1	2	0	1	
107.186	0.1	0.3	1	164.926	42.2057	4.76328e-06	5.79668e-06	1.90144e-05	1036.25	1	2	0	1	
107.538	0.1	0.3	1	164.932	42.2037	-3.61682e-06	1.00586e-05	-7.6367e-06	1036.3	1	2	0	1	
107.889	0.1	0.3	1	164.938	42.2017	-1.11705e-06	-1.44565e-05	2.39629e-06	1036.34	1	2	0	1	
108.241	0.1	0.3	1	164.945	42.1998	8.74653e-06	5.94606e-06	-1.05982e-05	1036.38	1	2	0	1	
108.593	0.1	0.3	1	164.951	42.1979	-5.23055e-06	-1.20918e-05	1.38229e-05	1036.42	1	2	0	1	
108.945	0.1	0.3	1	164.948	42.4581	4.18316e-06	-1.43292e-05	-1.49953e-05	1036.4	1	2	0	1	
109.296	0.1	0.3	1	164.955	42.4502	9.11699e-07	1.19148e-07	-9.04342e-06	1036.44	1	2	0	1	
109.648	0.1	0.3	1	164.961	42.4435	7.35871e-06	1.45801e-05	-8.87994e-06	1036.48	1	2	0	1	
110	0.1	0.3	1	164.968	42.4365	1.55192e-06	1.5114e-05	-1.01347e-06	1036.52	1	2	0	1	
