46.75341717171717	0.1	0.3	-2	0	0	0	0	0	86.5	1	2	0	1	
46.75341717171717	0.1	0.3	-2	0	0	0	0	0	86.5	1	2	0	1	
46.75343778185899	0.1	0.3	-2	0	0	0	0	0	86.5	1	2	0	1	
46.75345839200081	0.1	0.3	-2	0	0	0	0	0	86.5	1	2	0	1	
46.75347900214263	0.1	0.3	-2	0	0	0	0	0	86.5	1	2	0	1	
46.75349961228446	0.1	0.3	-2	0	0	0	0	0	86.5	1	2	0	1	
46.75352022242628	0.1	0.3	-2	0	0	0	0	0	86.5	1	2	0	1	
46.7535408325681	0.1	0.3	-2	0	0	0	0	0	86.5	1	2	0	1	
46.75356144270992	0.1	0.3	-2	0	0	0	0	0	86.5	1	2	0	1	
46.75358205285175	0.1	0.3	-2	0	0	0	0	0	86.5	1	2	0	1	
46.75360266299356	0.1	0.3	-2	0	0	0	0	0	86.5	1	2	0	1	
46.75362327313539	0.1	0.3	-2	0	0	0	0	0	86.5	1	2	0	1	
46.75364388327721	0.1	0.3	-2	0	0	0	0	0	86.5	1	2	0	1	
46.75366449341904	0.1	0.3	-2	0	0	0	0	0	86.5	1	2	0	1	
46.75368510356085	0.1	0.3	-2	0	0	0	0	0	86.5	1	2	0	1	
46.75370571370268	0.1	0.3	-2	0	0	0	0	0	86.5	1	2	0	1	
46.7537263238445	0.1	0.3	-2	0	0	0	0	0	86.5	1	2	0	1	
46.75374693398632	0.1	0.3	-2	0	0	0	0	0	86.5	1	2	0	1	
46.75376754412815	0.1	0.3	-2	0	0	0	0	0	86.5	1	2	0	1	
46.75378815426997	0.1	0.3	-2	0	0	0	0	0	86.5	1	2	0	1	
46.75380876441179	0.1	0.3	-2	0	0	0	0	0	86.5	1	2	0	1	
46.75382937455361	0.1	0.3	-2	0	0	0	0	0	86.5	1	2	0	1	
46.75384998469544	0.1	0.3	-2	0	0	0	0	0	86.5	1	2	0	1	
46.75387059483726	0.1	0.3	-2	0	0	0	0	0	86.5	1	2	0	1	
46.75389120497908	0.1	0.3	-2	0	0	0	0	0	86.5	1	2	0	1	
46.7539118151209	0.1	0.3	-2	0	0	0	0	0	86.5	1	2	0	1	
46.75393242526273	0.1	0.3	-2	0	0	0	0	0	86.5	1	2	0	1	
46.75395303540455	0.1	0.3	-2	0	0	0	0	0	86.5	1	2	0	1	
46.75397364554637	0.1	0.3	-2	0	0	0	0	0	86.5	1	2	0	1	
46.75399425568819	0.1	0.3	-2	0	0	0	0	0	86.5	1	2	0	1	
46.75401486583002	0.1	0.3	-2	0	0	0	0	0	86.5	1	2	0	1	
46.75403547597184	0.1	0.3	-2	0	0	0	0	0	86.5	1	2	0	1	
46.75405608611366	0.1	0.3	-2	0	0	0	0	0	86.5	1	2	0	1	
46.75407669625548	0.1	0.3	-2	0	0	0	0	0	86.5	1	2	0	1	
46.75409730639731	0.1	0.3	-2	0	0	0	0	0	86.5	1	2	0	1	
46.75411791653912	0.1	0.3	-2	0	0	0	0	0	86.5	1	2	0	1	
46.75413852668095	0.1	0.3	-2	0	0	0	0	0	86.5	1	2	0	1	
46.75415913682277	0.1	0.3	-2	0	0	0	0	0	86.5	1	2	0	1	
46.7541797469646	0.1	0.3	-2	0	0	0	0	0	86.5	1	2	0	1	
46.75420035710641	0.1	0.3	-2	0	0	0	0	0	86.5	1	2	0	1	
46.75422096724824	0.1	0.3	-2	0	0	0	0	0	86.5	1	2	0	1	
46.75424157739006	0.1	0.3	-2	0	0	0	0	0	86.5	1	2	0	1	
46.75426218753188	0.1	0.3	-2	0	0	0	0	0	86.5	1	2	0	1	
46.7542827976737	0.1	0.3	-2	0	0	0	0	0	86.5	1	2	0	1	
46.75430340781553	0.1	0.3	-2	0	0	0	0	0	86.5	1	2	0	1	
46.75432401795735	0.1	0.3	-2	0	0	0	0	0	86.5	1	2	0	1	
46.75434462809917	0.1	0.3	-2	0	0	0	0	0	86.5	1	2	0	1	
46.75436523824099	0.1	0.3	-2	0	0	0	0	0	86.5	1	2	0	1	
46.75438584838282	0.1	0.3	-2	0	0	0	0	0	86.5	1	2	0	1	
46.75440645852463	0.1	0.3	-2	0	0	0	0	0	86.5	1	2	0	1	
46.75442706866646	0.1	0.3	-2	0	0	0	0	0	86.5	1	2	0	1	
46.75444767880828	0.1	0.3	-2	0	0	0	0	0	86.5	1	2	0	1	
46.75446828895011	0.1	0.3	-2	0	0	0	0	0	86.5	1	2	0	1	
46.75448889909192	0.1	0.3	-2	0	0	0	0	0	86.5	1	2	0	1	
46.75450950923375	0.1	0.3	-2	0	0	0	0	0	86.5	1	2	0	1	
46.75453011937557	0.1	0.3	-2	0	0	0	0	0	86.5	1	2	0	1	
46.75455072951739	0.1	0.3	-2	0	0	0	0	0	86.5	1	2	0	1	
46.75457133965921	0.1	0.3	-2	0	0	0	0	0	86.5	1	2	0	1	
46.75459194980104	0.1	0.3	-2	0	0	0	0	0	86.5	1	2	0	1	
46.75461255994286	0.1	0.3	-2	0	0	0	0	0	86.5	1	2	0	1	
46.75463317008468	0.1	0.3	-2	0	0	0	0	0	86.5	1	2	0	1	
46.7546537802265	0.1	0.3	-2	0	0	0	0	0	86.5	1	2	0	1	
46.75467439036833	0.1	0.3	-2	0	0	0	0	0	86.5	1	2	0	1	
46.75469500051015	0.1	0.3	-2	0	0	0	0	0	86.5	1	2	0	1	
46.75471561065197	0.1	0.3	-2	0	0	0	0	0	86.5	1	2	0	1	
46.7547362207938	0.1	0.3	-2	0	0	0	0	0	86.5	1	2	0	1	
46.75475683093562	0.1	0.3	-2	0	0	0	0	0	86.5	1	2	0	1	
46.75477744107744	0.1	0.3	-2	0	0	0	0	0	86.5	1	2	0	1	
46.75479805121926	0.1	0.3	-2	0	0	0	0	0	86.5	1	2	0	1	
46.75481866136109	0.1	0.3	-2	0	0	0	0	0	86.5	1	2	0	1	
46.7548392715029	0.1	0.3	-2	0	0	0	0	0	86.5	1	2	0	1	
46.75485988164473	0.1	0.3	-2	0	0	0	0	0	86.5	1	2	0	1	
46.75488049178655	0.1	0.3	-2	0	0	0	0	0	86.5	1	2	0	1	
46.75490110192838	0.1	0.3	-2	0	0	0	0	0	86.5	1	2	0	1	
46.75492171207019	0.1	0.3	-2	0	0	0	0	0	86.5	1	2	0	1	
46.75494232221202	0.1	0.3	-2	0	0	0	0	0	86.5	1	2	0	1	
46.75496293235384	0.1	0.3	-2	0	0	0	0	0	86.5	1	2	0	1	
46.75498354249567	0.1	0.3	-2	0	0	0	0	0	86.5	1	2	0	1	
46.75500415263748	0.1	0.3	-2	0	0	0	0	0	86.5	1	2	0	1	
46.75502476277931	0.1	0.3	-2	0	0	0	0	0	86.5	1	2	0	1	
46.75504537292113	0.1	0.3	-2	0	0	0	0	0	86.5	1	2	0	1	
46.75506598306295	0.1	0.3	-2	0	0	0	0	0	86.5	1	2	0	1	
46.75508659320477	0.1	0.3	-2	0	0	0	0	0	86.5	1	2	0	1	
46.7551072033466	0.1	0.3	-2	0	0	0	0	0	86.5	1	2	0	1	
46.75512781348842	0.1	0.3	-2	0	0	0	0	0	86.5	1	2	0	1	
46.75514842363024	0.1	0.3	-2	0	0	0	0	0	86.5	1	2	0	1	
46.75516903377206	0.1	0.3	-2	0	0	0	0	0	86.5	1	2	0	1	
46.75518964391389	0.1	0.3	-2	0	0	0	0	0	86.5	1	2	0	1	
46.7552102540557	0.1	0.3	-2	0	0	0	0	0	86.5	1	2	0	1	
46.75523086419753	0.1	0.3	-2	0	0	0	0	0	86.5	1	2	0	1	
46.75525147433935	0.1	0.3	-2	0	0	0	0	0	86.5	1	2	0	1	
46.75527208448118	0.1	0.3	-2	0	0	0	0	0	86.5	1	2	0	1	
46.75529269462299	0.1	0.3	-2	0	0	0	0	0	86.5	1	2	0	1	
46.75531330476482	0.1	0.3	-2	0	0	0	0	0	86.5	1	2	0	1	
46.75533391490664	0.1	0.3	-2	0	0	0	0	0	86.5	1	2	0	1	
46.75535452504846	0.1	0.3	-2	0	0	0	0	0	86.5	1	2	0	1	
46.75537513519028	0.1	0.3	1	5.79137668440703	-249.2664054578549	-4.715264051779111e-06	6.455265319707439e-06	265.8700615907382	86.5	1	2	0	1	
46.75539574533211	0.1	0.3	1	5.953696312617291	-249.2665064864146	1.181457626710182e-06	-1.699197591885522e-05	265.8700833143429	86.5	1	2	0	1	
46.75541635547393	0.1	0.3	1	6.094425242436582	-249.2665671200443	-1.330149196566988e-05	-7.917413074992261e-06	265.8701018511377	86.5	1	2	0	1	
46.75543696561575	0.1	0.3	1	6.219479635823879	-249.2666627725408	-1.974191465475936e-05	4.925124588882855e-05	265.8700952175028	86.5	1	2	0	1	
46.75545757575757	0.1	0.3	1	6.332537776450678	-249.2667211193733	1.077886934605556e-05	-1.020635697136622e-05	265.8701031737951	86.5	1	2	0	1	
46.78621093765942	0.1	0.3	1	16.72547748178325	-249.2775439365119	1.145953295178873e-05	3.129683091385171e-05	265.7995403086309	86.5	1	2	0	1	
46.81900470360167	0.1	0.3	1	19.75147040738227	-249.2744860142934	2.761751655811916e-06	1.589250231343042e-05	265.721730881858	86.5	1	2	0	1	
46.85179846954392	0.1	0.3	1	21.80135121464906	-249.2667237660653	1.317825702068509e-05	2.138081973075689e-05	265.644776341928	86.5	1	2	0	1	
46.88459223548617	0.1	0.3	1	23.40604549609278	-249.255956372964	1.704956612023564e-05	-1.188568047720551e-05	265.5684856360874	86.5	1	2	0	1	
46.91738600142842	0.1	0.3	1	24.74796273611002	-249.2429640374549	-1.975410275675479e-05	6.975301464207107e-08	265.4927061678942	86.5	1	2	0	1	
46.95017976737067	0.1	0.3	1	25.91360967715445	-249.2282070183585	-7.75646350559267e-06	2.590621329202902e-05	265.4173075004263	86.5	1	2	0	1	
46.98297353331292	0.1	0.3	1	26.95246188043252	-249.2119114014543	1.932269799428954e-06	8.96366233604784e-06	265.3422299278297	86.5	1	2	0	1	
47.01576729925517	0.1	0.3	1	27.89227402388319	-249.1943504669207	1.008155317774959e-05	2.36616093729769e-05	265.2674156004508	86.5	1	2	0	1	
47.04856106519743	0.1	0.3	1	28.75561599644696	-249.1756391432439	-1.552786642709412e-05	-1.018347543513265e-07	265.1927933982693	86.5	1	2	0	1	
47.08135483113968	0.1	0.3	1	29.55626952937635	-249.1558571093933	-9.803119597551549e-07	4.785587080922277e-05	265.1183511457578	86.5	1	2	0	1	
47.11414859708193	0.1	0.3	1	30.30462378828253	-249.1351384908124	2.195240868895429e-05	6.694376149661563e-06	265.0440549550956	86.5	1	2	0	1	
47.14694236302418	0.1	0.3	1	31.00864544780964	-249.1135408783716	-2.466578590331475e-06	-4.043861604241528e-06	264.9698787415279	86.5	1	2	0	1	
47.17973612896643	0.1	0.3	1	31.67453361058005	-249.0911379020813	1.625327648597684e-05	-1.451729882429031e-05	264.895813975425	86.5	1	2	0	1	
47.21252989490868	0.1	0.3	1	32.30721547429954	-249.0679756670664	-4.375466780329879e-05	7.150772665394107e-06	264.8218245851727	86.5	1	2	0	1	
47.24532366085093	0.1	0.3	1	32.9106786329584	-249.0441243861493	1.810486802582452e-05	1.301490536476362e-05	264.7479092998421	86.5	1	2	0	1	
47.27811742679318	0.1	0.3	1	33.48820028803557	-249.0195661258229	5.059290841996286e-06	6.797475333497616e-06	264.6740702087714	86.5	1	2	0	1	
47.31091119273543	0.1	0.3	1	34.0425098542902	-248.9944126374556	6.411179134829803e-06	-2.452234656336039e-05	264.6002785625703	86.5	1	2	0	1	
47.34370495867768	0.1	0.3	1	34.57590704792226	-248.9686311435263	-3.778423801743033e-05	2.609841821597011e-06	264.5265213006685	86.5	1	2	0	1	
47.37649872461994	0.1	0.3	1	35.0903494513063	-248.9423226437655	3.442393153496245e-05	-4.026079459941954e-06	264.4528001970972	86.5	1	2	0	1	
47.40929249056219	0.1	0.3	1	35.5875185784717	-248.9154240241304	6.260793685730626e-05	7.28880701350576e-07	264.3791100301814	86.5	1	2	0	1	
47.44208625650443	0.1	0.3	1	36.06887056414281	-248.8880287447188	1.33711573711004e-05	-2.535988481216708e-06	264.305444328601	86.5	1	2	0	1	
47.47488002244668	0.1	0.3	1	36.53567558791639	-248.8601013939175	-1.171208462069639e-05	-8.977990375469425e-06	264.231791481851	86.5	1	2	0	1	
47.50767378838894	0.1	0.3	1	36.98904893571157	-248.8317254643733	4.784119886663829e-06	-8.268337311062926e-05	264.1581383024007	86.5	1	2	0	1	
47.54046755433119	0.1	0.3	1	37.42997575888036	-248.8028717649545	1.509920354680894e-05	-2.56625789368521e-06	264.0845131447392	86.5	1	2	0	1	
47.57326132027344	0.1	0.3	1	37.8593310181467	-248.7735782945732	-1.958841846126658e-05	1.348078756389925e-05	264.0108662075633	86.5	1	2	0	1	
47.60605508621569	0.1	0.3	1	38.27789570077299	-248.7438312158902	1.428305755235559e-05	8.606878193082035e-06	263.9372456371214	86.5	1	2	0	1	
47.63884885215794	0.1	0.3	1	38.68637011896955	-248.713677835514	2.572278171975029e-05	-4.779039809603425e-06	263.8635994909177	86.5	1	2	0	1	
47.67164261810019	0.1	0.3	1	39.08538490476021	-248.6831128482394	-1.464471321210858e-06	5.875636072127932e-07	263.7899477905352	86.5	1	2	0	1	
47.70443638404244	0.1	0.3	1	39.4755101871681	-248.6521497875734	1.515614620917205e-05	2.313160101530427e-05	263.7162780409541	86.5	1	2	0	1	
47.73723014998469	0.1	0.3	1	39.85726325903516	-248.6208203343316	3.334021803935716e-05	4.51336791168204e-06	263.6426234404756	86.5	1	2	0	1	
47.77002391592694	0.1	0.3	1	40.23111510305674	-248.5890935617993	3.846924052208767e-05	-1.727683095142755e-05	263.5689228530269	86.5	1	2	0	1	
47.80281768186919	0.1	0.3	1	40.59749577476627	-248.5570174623942	2.169455999068148e-06	1.274042532695141e-06	263.4952081074755	86.5	1	2	0	1	
47.83561144781144	0.1	0.3	1	40.95679931152005	-248.5245649013931	2.50861422745885e-05	-2.119639216854191e-05	263.4214713249388	86.5	1	2	0	1	
47.8684052137537	0.1	0.3	1	41.309387598156	-248.4918010373282	2.013000701306389e-05	1.315610845288763e-05	263.3477125484245	86.5	1	2	0	1	
47.90119897969595	0.1	0.3	1	41.65559391436879	-248.4586983721484	2.962326996036602e-06	-1.010299486300254e-05	263.2739403883565	86.5	1	2	0	1	
47.9339927456382	0.1	0.3	1	41.99572593329994	-248.4252279884054	1.602569012502941e-05	2.212020328880868e-05	263.2001204540575	86.5	1	2	0	1	
47.96678651158045	0.1	0.3	1	42.33006834808842	-248.3914633485455	1.654076075230382e-05	-3.031876733277972e-05	263.1263027067097	86.5	1	2	0	1	
47.9995802775227	0.1	0.3	1	42.65888516090114	-248.3573930444509	-3.828293311691766e-06	1.339675398028678e-06	263.0524312441528	86.5	1	2	0	1	
48.03237404346495	0.1	0.3	1	42.98242169545429	-248.3230044542698	-2.737541556427359e-06	-4.077819935728588e-06	262.9785304014612	86.5	1	2	0	1	
48.0651678094072	0.1	0.3	1	43.30090635652389	-248.2883111196411	3.804192347134361e-06	4.312872178009308e-06	262.9045826006313	86.5	1	2	0	1	
48.09796157534945	0.1	0.3	1	43.61455219404566	-248.2533321394395	1.228713651957314e-05	7.591813769063571e-06	262.8306292472689	86.5	1	2	0	1	
48.1307553412917	0.1	0.3	1	43.92355828249515	-248.2180408182613	8.949874069075214e-06	-1.706232144593235e-05	262.7566225589928	86.5	1	2	0	1	
48.16354910723395	0.1	0.3	1	44.22811095174969	-248.1824643782346	-1.549317596549749e-05	2.80835061083895e-06	262.6825882190449	86.5	1	2	0	1	
48.19634287317621	0.1	0.3	1	44.52838487566108	-248.1466455484627	4.058746987167794e-06	4.323080634849145e-06	262.6085092905729	86.5	1	2	0	1	
48.22913663911846	0.1	0.3	1	44.82454405384614	-248.110516526852	-1.038272471576285e-05	-3.047893643352839e-06	262.5344024924705	86.5	1	2	0	1	
48.2619304050607	0.1	0.3	1	45.1167426828809	-248.0741373583543	-8.296124885398548e-06	-7.473782581865485e-05	262.4602472535432	86.5	1	2	0	1	
48.29472417100295	0.1	0.3	1	45.40512594800752	-248.0374852922275	-1.501722603379808e-05	-1.255855096907524e-05	262.3860454521613	86.5	1	2	0	1	
48.32751793694521	0.1	0.3	1	45.68983072628876	-248.0005580174336	-2.227727130242607e-05	-2.207055954009385e-06	262.3117950119064	86.5	1	2	0	1	
48.36031170288746	0.1	0.3	1	45.97098621879661	-247.963371261127	-8.304580262474565e-06	3.628538933279392e-06	262.2375176061845	86.5	1	2	0	1	
48.39310546882971	0.1	0.3	1	46.24871454807753	-247.9259399222499	4.83891400387404e-05	-1.538351565560925e-05	262.1631794273247	86.5	1	2	0	1	
48.42589923477196	0.1	0.3	1	46.52313126057265	-247.8882892798949	1.538337613121721e-05	2.169048067335311e-05	262.088808569978	86.5	1	2	0	1	
48.45869300071421	0.1	0.3	1	46.79434581210726	-247.8503693806705	7.716477522762277e-06	6.057250674949832e-06	262.0143847400823	86.5	1	2	0	1	
48.49148676665646	0.1	0.3	1	47.06246200358606	-247.8121976046718	-1.535703203804206e-06	1.803349124168685e-06	261.9399298772976	86.5	1	2	0	1	
48.52428053259871	0.1	0.3	1	47.32757834930351	-247.7737948353489	3.9141352887722e-06	1.493764017418409e-05	261.8654005151247	86.5	1	2	0	1	
48.55707429854096	0.1	0.3	1	47.58978848903757	-247.7351585863822	1.895449018814513e-05	3.112978394339411e-05	261.7908698861204	86.5	1	2	0	1	
48.58986806448321	0.1	0.3	1	47.84918146496978	-247.6962970161335	-9.985372138553161e-07	1.381530235267103e-05	261.7162350434851	86.5	1	2	0	1	
48.62266183042546	0.1	0.3	1	48.10584204910391	-247.6572083942329	2.036590298422347e-05	-2.860466402926365e-05	261.6415982030516	86.5	1	2	0	1	
48.65545559636772	0.1	0.3	1	48.359851014424	-247.6178616354879	1.34971566331831e-06	4.201014303157734e-06	261.5668671352517	86.5	1	2	0	1	
48.68824936230997	0.1	0.3	1	48.61128538883817	-247.5783238740948	1.036912677821432e-05	-7.631558928574561e-06	261.4921423946139	86.5	1	2	0	1	
48.72104312825222	0.1	0.3	1	48.8602186898547	-247.5385515328252	1.114962265468715e-05	-1.875391004290097e-05	261.4173169930806	86.5	1	2	0	1	
48.75383689419447	0.1	0.3	1	49.10672114360446	-247.498575858362	-1.79008399599363e-05	5.155522357525033e-06	261.3424691220418	86.5	1	2	0	1	
48.78663066013672	0.1	0.3	1	49.3508598821392	-247.4583772863661	-8.565367545987357e-05	6.409374597061458e-06	261.2675492692294	86.5	1	2	0	1	
48.81942442607897	0.1	0.3	1	49.59269912549179	-247.417956667925	-1.601546949630095e-06	4.753089590303627e-06	261.1925844927208	86.5	1	2	0	1	
48.85221819202122	0.1	0.3	1	49.83230035141922	-247.3773395884749	-2.603552652020048e-05	2.881473864514705e-05	261.1175788629002	86.5	1	2	0	1	
48.88501195796347	0.1	0.3	1	50.06972246755947	-247.3365112379332	-3.250883349149468e-05	5.577310637452926e-06	261.0425176263586	86.5	1	2	0	1	
48.91780572390572	0.1	0.3	1	50.30502190435097	-247.2954817167395	-3.223417133681877e-06	-1.734287582860761e-05	260.9673785737423	86.5	1	2	0	1	
48.95059948984797	0.1	0.3	1	50.53825287198355	-247.2542333578131	8.136885268702587e-06	-2.7201814053723e-05	260.8921995526941	86.5	1	2	0	1	
48.98339325579023	0.1	0.3	1	50.76946731303131	-247.2127847107294	1.713297627442783e-05	5.096638111390384e-05	260.8169670801049	86.5	1	2	0	1	
49.01618702173248	0.1	0.3	1	50.99871519536642	-247.1711595677728	-1.348801124621823e-05	9.95398758114191e-06	260.7416639091155	86.5	1	2	0	1	
49.04898078767472	0.1	0.3	1	51.22604450192483	-247.1293196710043	-2.817519692121379e-05	-9.120772532150712e-06	260.6663222756688	86.5	1	2	0	1	
49.08177455361697	0.1	0.3	1	51.45150138176425	-247.0872806245893	1.874207598230593e-05	2.105761629137438e-06	260.5909553420431	86.5	1	2	0	1	
49.11456831955923	0.1	0.3	1	51.67513024374421	-247.0450473924819	4.161330620965038e-05	2.976424909361904e-05	260.5154829849617	86.5	1	2	0	1	
49.14736208550148	0.1	0.3	1	51.89697380253585	-247.002617393761	-1.7513448511388e-05	4.031958400379718e-05	260.4399818510614	86.5	1	2	0	1	
49.18015585144373	0.1	0.3	1	52.11707326452201	-246.9600272529505	-7.485665034737132e-06	1.242917573009497e-05	260.3643974867545	86.5	1	2	0	1	
49.21294961738598	0.1	0.3	1	52.33546829241125	-246.917222355451	-7.592301926089007e-06	-4.444995913649788e-05	260.28876229781	86.5	1	2	0	1	
49.24574338332823	0.1	0.3	1	52.55219714127318	-246.8742415794592	-1.333614796382443e-05	-6.598016798173983e-06	260.2130921146396	86.5	1	2	0	1	
49.27853714927048	0.1	0.3	1	52.76729671887334	-246.8310874645251	-4.349768173516483e-05	-1.555300651880087e-05	260.1373636424416	86.5	1	2	0	1	
49.31133091521274	0.1	0.3	1	52.98080263670325	-246.7877213559245	1.373797437231178e-05	7.631620591530552e-06	260.061546299965	86.5	1	2	0	1	
49.34412468115498	0.1	0.3	1	53.19274928401699	-246.7441977440391	3.895524824285013e-05	-4.14440418053661e-05	259.9856857644266	86.5	1	2	0	1	
49.37691844709723	0.1	0.3	1	53.40316988523324	-246.7004864520852	5.897003398478914e-06	4.192517086349301e-06	259.9097678870064	86.5	1	2	0	1	
49.40971221303948	0.1	0.3	1	53.61209654546374	-246.6566061225739	3.899409698204098e-05	-5.873052047158239e-06	259.8337980818843	86.5	1	2	0	1	
49.44250597898174	0.1	0.3	1	53.81956028794254	-246.6125343964304	1.273046495442465e-05	7.426163312840485e-06	259.757741345644	86.5	1	2	0	1	
49.47529974492399	0.1	0.3	1	54.02559115778858	-246.568305452327	3.55355267938201e-05	-6.530743277823221e-06	259.6816699355998	86.5	1	2	0	1	
49.50809351086624	0.1	0.3	1	54.23021819925691	-246.5238891998576	-1.311151089077034e-05	4.259535018944963e-05	259.6054978868204	86.5	1	2	0	1	
49.54088727680849	0.1	0.3	1	54.43346953123221	-246.4792947685415	-4.274284369342601e-06	-2.429195049829126e-06	259.5292733738157	86.5	1	2	0	1	
49.57368104275074	0.1	0.3	1	54.63537238470838	-246.4345217619497	-2.46468002281508e-05	1.262282019664791e-05	259.453001612946	86.5	1	2	0	1	
49.60647480869299	0.1	0.3	1	54.83595315385105	-246.3895991481718	-3.436788585153838e-05	-4.394635486584808e-06	259.3766536783305	86.5	1	2	0	1	
49.63926857463524	0.1	0.3	1	55.03523740687154	-246.3444902623437	9.257307247559354e-06	-5.549841432996722e-06	259.300261739824	86.5	1	2	0	1	
49.67206234057749	0.1	0.3	1	55.23324992643268	-246.2992233295174	-1.328859682937777e-06	7.763941956788543e-06	259.2237958802586	86.5	1	2	0	1	
49.70485610651974	0.1	0.3	1	55.43001476194264	-246.2537777534692	-1.095912346136402e-05	5.227000098972923e-06	259.1472589480616	86.5	1	2	0	1	
49.73764987246199	0.1	0.3	1	55.62555523395892	-246.208166529423	1.999428382948345e-05	3.411938518972819e-05	259.0706758044752	86.5	1	2	0	1	
49.77044363840425	0.1	0.3	1	55.81989397682286	-246.1624139320471	-6.908732235882953e-06	-7.039613965975633e-06	258.9940147094477	86.5	1	2	0	1	
49.8032374043465	0.1	0.3	1	56.01305296825186	-246.1164847214596	-4.942010932262875e-06	5.008343983220476e-05	258.9173032585939	86.5	1	2	0	1	
49.83603117028875	0.1	0.3	1	56.2050535453888	-246.0703934636667	-2.207204351067915e-06	7.802594688921755e-06	258.8405352847341	86.5	1	2	0	1	
49.86882493623099	0.1	0.3	1	56.39591644895741	-246.0241354110338	3.381364538368459e-07	-3.004581336059803e-06	258.7636923056999	86.5	1	2	0	1	
49.90161870217324	0.1	0.3	1	56.58566181625722	-245.9777230680467	7.681814505212936e-05	-1.319986367423562e-06	258.6867888122279	86.5	1	2	0	1	
49.9344124681155	0.1	0.3	1	56.77430923875551	-245.9311354502782	-2.541131129024654e-05	1.297795962333648e-05	258.6098312194952	86.5	1	2	0	1	
49.96720623405775	0.1	0.3	1	56.96187774649256	-245.8844191402994	2.773348655171759e-07	-2.903186599106469e-06	258.5327948466508	86.5	1	2	0	1	
50	0.1	0.3	1	57.14838586608468	-245.837542060354	-2.103220186105504e-06	2.963662658411796e-05	258.4557060020172	86.5	1	2	0	1	
