57.5879	0.1	0.3	0	52.9064	1.30986e-05	237.086	1.30986e-05	237.086	26.4537	1	0	0	1	
57.9397	0.1	0.3	0	55.3792	2.0164e-05	235.733	2.0164e-05	235.733	27.6898	1	0	0	1	
58.2915	0.1	0.3	0	57.6109	1.77466e-05	234.398	1.77466e-05	234.398	28.8069	1	0	0	1	
58.6432	0.1	0.3	0	59.6649	9.59581e-06	233.073	9.59581e-06	233.073	29.8331	1	0	0	1	
58.995	0.1	0.3	0	61.5727	2.8636e-06	231.755	2.8636e-06	231.755	30.7866	1	0	0	1	
59.3467	0.1	0.3	0	63.3583	3.34579e-06	230.44	3.34579e-06	230.44	31.6792	1	0	0	1	
59.6985	0.1	0.3	0	65.0401	2.56871e-05	229.127	2.56871e-05	229.127	32.5202	1	0	0	1	
60.0503	0.1	0.3	0	66.6324	1.12453e-05	227.814	1.12453e-05	227.814	33.3162	1	0	0	1	
60.402	0.1	0.3	0	68.1463	1.20481e-05	226.499	1.20481e-05	226.499	34.0731	1	0	0	1	
60.7538	0.1	0.3	0	69.5909	2.1421e-05	225.18	2.1421e-05	225.18	34.7955	1	0	0	1	
61.1055	0.1	0.3	0	70.9736	1.3432e-05	223.858	1.3432e-05	223.858	35.4868	1	0	0	1	
61.4573	0.1	0.3	0	72.3003	1.27022e-06	222.531	1.27022e-06	222.531	36.1501	1	0	0	1	
61.809	0.1	0.3	0	73.5318	1.96659e-05	221.211	1.96659e-05	221.211	36.7659	1	0	0	1	
62.1608	0.1	0.3	0	74.7481	1.47935e-05	219.876	1.47935e-05	219.876	37.374	1	0	0	1	
62.5126	0.1	0.3	0	75.9291	7.52472e-05	218.532	7.52472e-05	218.532	37.9645	1	0	0	1	
62.8643	0.1	0.3	0	77.0743	4.87936e-06	217.18	4.87936e-06	217.18	38.5371	1	0	0	1	
63.2161	0.1	0.3	0	78.185	1.4477e-06	215.819	1.4477e-06	215.819	39.0925	1	0	0	1	
63.5678	0.1	0.3	0	79.263	1.37894e-05	214.449	1.37894e-05	214.449	39.6315	1	0	0	1	
63.9196	0.1	0.3	0	80.3099	4.26597e-05	213.07	4.26597e-05	213.07	40.1549	1	0	0	1	
64.2714	0.1	0.3	0	81.3271	7.8331e-05	211.682	7.8331e-05	211.682	40.6634	1	0	0	1	
64.6231	0.1	0.3	0	82.3162	3.18309e-05	210.283	3.18309e-05	210.283	41.1579	1	0	0	1	
64.9749	0.1	0.3	0	83.2786	3.46011e-06	208.874	3.46011e-06	208.874	41.6391	1	0	0	1	
65.3266	0.1	0.3	0	84.2154	4.48572e-06	207.455	4.48572e-06	207.455	42.1075	1	0	0	1	
65.6784	0.1	0.3	0	85.1279	9.46149e-06	206.025	9.46149e-06	206.025	42.5637	1	0	0	1	
66.0302	0.1	0.3	0	86.017	1.40084e-05	204.584	1.40084e-05	204.584	43.0082	1	0	0	1	
66.3819	0.1	0.3	0	86.8837	9.8211e-06	203.131	9.8211e-06	203.131	43.4415	1	0	0	1	
66.7337	0.1	0.3	0	87.7289	3.50998e-05	201.666	3.50998e-05	201.666	43.864	1	0	0	1	
67.0854	0.1	0.3	0	88.5534	3.69993e-06	200.188	3.69993e-06	200.188	44.2763	1	0	0	1	
67.4372	0.1	0.3	0	89.358	2.01778e-05	198.698	2.01778e-05	198.698	44.6785	1	0	0	1	
67.7889	0.1	0.3	0	90.1433	2.63934e-05	197.195	2.63934e-05	197.195	45.0711	1	0	0	1	
68.1407	0.1	0.3	0	90.91	1.52368e-05	195.679	1.52368e-05	195.679	45.4544	1	0	0	1	
68.4925	0.1	0.3	0	91.6586	1.08719e-05	194.149	1.08719e-05	194.149	45.8287	1	0	0	1	
68.8442	0.1	0.3	0	92.3898	1.58735e-06	192.604	1.58735e-06	192.604	46.1942	1	0	0	1	
69.196	0.1	0.3	0	93.104	8.85795e-06	191.045	8.85795e-06	191.045	46.5513	1	0	0	1	
69.5477	0.1	0.3	0	93.8017	2.60889e-05	189.471	2.60889e-05	189.471	46.9001	1	0	0	1	
69.8995	0.1	0.3	0	94.4833	1.10697e-05	187.882	1.10697e-05	187.882	47.2409	1	0	0	1	
70.2513	0.1	0.3	0	95.1493	1.9687e-05	186.277	1.9687e-05	186.277	47.5739	1	0	0	1	
70.603	0.1	0.3	0	95.8001	6.00975e-06	184.655	6.00975e-06	184.655	47.8991	1	0	0	1	
70.9548	0.1	0.3	0	96.4359	2.22118e-05	183.017	2.22118e-05	183.017	48.2171	1	0	0	1	
71.3065	0.1	0.3	0	97.0572	5.1901e-05	181.361	5.1901e-05	181.361	48.5277	1	0	0	1	
71.6583	0.1	0.3	0	97.6642	1.86199e-06	179.688	1.86199e-06	179.688	48.8311	1	0	0	1	
72.0101	0.1	0.3	0	98.2573	3.85878e-05	177.996	3.85878e-05	177.996	49.1276	1	0	0	1	
72.3618	0.1	0.3	0	98.8367	2.22663e-06	176.286	2.22663e-06	176.286	49.4173	1	0	0	1	
72.7136	0.1	0.3	0	99.4027	4.59333e-06	174.556	4.59333e-06	174.556	49.7002	1	0	0	1	
73.0653	0.1	0.3	0	99.9555	1.35363e-06	172.806	1.35363e-06	172.806	49.9766	1	0	0	1	
73.4171	0.1	0.3	0	100.495	4.80905e-06	171.036	4.80905e-06	171.036	50.2465	1	0	0	1	
73.7688	0.1	0.3	0	101.022	9.68254e-06	169.244	9.68254e-06	169.244	50.51	1	0	0	1	
74.1206	0.1	0.3	0	101.537	4.07711e-05	167.43	4.07711e-05	167.43	50.767	1	0	0	1	
74.4724	0.1	0.3	0	102.039	2.09446e-06	165.593	2.09446e-06	165.593	51.0185	1	0	0	1	
74.8241	0.1	0.3	0	102.529	1.01451e-05	163.733	1.01451e-05	163.733	51.2635	1	0	0	1	
75.1759	0.1	0.3	0	103.007	1.53689e-05	161.849	1.53689e-05	161.849	51.504	1	0	0	1	
75.5276	0.1	0.3	0	103.474	2.07569e-05	159.94	2.07569e-05	159.94	51.737	1	0	0	1	
75.8794	0.1	0.3	0	103.928	2.67437e-05	158.004	2.67437e-05	158.004	51.964	1	0	0	1	
76.2312	0.1	0.3	0	104.371	1.53916e-05	156.041	1.53916e-05	156.041	52.186	1	0	0	1	
76.5829	0.1	0.3	0	104.803	2.03785e-05	154.05	2.03785e-05	154.05	52.4015	1	0	0	1	
76.9347	0.1	0.3	0	105.224	1.35451e-05	152.03	1.35451e-05	152.03	52.612	1	0	0	1	
77.2864	0.1	0.3	1	105.633	0	149.98	125.045	0	52.8165	1	0	0	1	
77.6382	0.1	0.3	1	106.031	0	147.897	124.195	0	53.0155	1	0	0	1	
77.9899	0.1	0.3	1	106.418	0	145.782	123.358	0	53.209	1	0	0	1	
78.3417	0.1	0.3	1	106.795	0	143.633	122.535	0	53.3975	1	0	0	1	
78.6935	0.1	0.3	1	107.16	0	141.447	121.726	0	53.58	1	0	0	1	
79.0452	0.1	0.3	1	107.515	0	139.223	120.931	0	53.7575	1	0	0	1	
79.397	0.1	0.3	1	107.859	0	136.96	120.152	0	53.9295	1	0	0	1	
79.7487	0.1	0.3	1	108.193	0	134.656	119.389	0	54.0965	1	0	0	1	
80.1005	0.1	0.3	1	108.516	0	132.307	118.642	0	54.2585	1	0	0	1	
80.4523	0.1	0.3	1	108.829	0	129.913	117.911	0	54.4145	1	0	0	1	
80.804	0.1	0.3	1	109.132	0	127.47	117.197	0	54.566	1	0	0	1	
81.1558	0.1	0.3	1	109.424	0	124.975	116.501	0	54.712	1	0	0	1	
81.5075	0.1	0.3	1	109.706	0	122.426	115.822	0	54.853	1	0	0	1	
81.8593	0.1	0.3	1	109.978	0	119.819	115.163	0	54.989	1	0	0	1	
82.2111	0.1	0.3	1	110.24	0	117.149	114.522	0	55.12	1	0	0	1	
82.5628	0.1	0.3	0	110.492	113.901	1.47682e-06	113.901	1.47682e-06	55.246	1	0	0	1	
82.9146	0.1	0.3	0	110.733	113.299	8.51436e-06	113.299	8.51436e-06	55.3665	1	0	0	1	
83.2663	0.1	0.3	0	110.965	112.718	2.33065e-05	112.718	2.33065e-05	55.4825	1	0	0	1	
83.6181	0.1	0.3	0	111.186	112.158	2.47342e-05	112.158	2.47342e-05	55.593	1	0	0	1	
83.9698	0.1	0.3	0	111.398	111.619	2.23317e-05	111.619	2.23317e-05	55.699	1	0	0	1	
84.3216	0.1	0.3	0	111.599	111.102	5.03478e-06	111.102	5.03478e-06	55.7995	1	0	0	1	
84.6734	0.1	0.3	0	111.791	110.607	1.68608e-05	110.607	1.68608e-05	55.8955	1	0	0	1	
85.0251	0.1	0.3	0	111.972	110.134	4.78888e-06	110.134	4.78888e-06	55.986	1	0	0	1	
85.3769	0.1	0.3	0	112.144	109.686	1.33832e-05	109.686	1.33832e-05	56.072	1	0	0	1	
85.7286	0.1	0.3	0	112.305	109.26	3.20864e-05	109.26	3.20864e-05	56.1525	1	0	0	1	
86.0804	0.1	0.3	0	112.457	108.859	2.68345e-06	108.859	2.68345e-06	56.2285	1	0	0	1	
86.4322	0.1	0.3	0	112.599	108.482	4.96292e-06	108.482	4.96292e-06	56.2995	1	0	0	1	
86.7839	0.1	0.3	0	112.731	108.13	1.79177e-05	108.13	1.79177e-05	56.3655	1	0	0	1	
87.1357	0.1	0.3	0	112.852	107.803	1.351e-05	107.803	1.351e-05	56.4265	1	0	0	1	
87.4874	0.1	0.3	0	112.964	107.502	5.76459e-06	107.502	5.76459e-06	56.482	1	0	0	1	
87.8392	0.1	0.3	0	113.066	107.227	3.19801e-05	107.227	3.19801e-05	56.533	1	0	0	1	
88.191	0.1	0.3	0	113.158	106.979	1.31053e-05	106.979	1.31053e-05	56.579	1	0	0	1	
88.5427	0.1	0.3	0	113.24	106.757	1.24006e-05	106.757	1.24006e-05	56.62	1	0	0	1	
88.8945	0.1	0.3	0	113.311	106.562	8.01799e-06	106.562	8.01799e-06	56.656	1	0	0	1	
89.2462	0.1	0.3	0	113.373	106.395	3.3195e-06	106.395	3.3195e-06	56.6865	1	0	0	1	
89.598	0.1	0.3	0	113.424	106.255	1.08698e-05	106.255	1.08698e-05	56.7125	1	0	0	1	
89.9497	0.1	0.3	0	113.466	106.144	2.08833e-05	106.144	2.08833e-05	56.733	1	0	0	1	
90.3015	0.1	0.3	0	113.497	106.06	8.67722e-06	106.06	8.67722e-06	56.7485	1	0	0	1	
90.6533	0.1	0.3	0	113.518	106.005	1.05225e-05	106.005	1.05225e-05	56.759	1	0	0	1	
91.005	0.1	0.3	0	113.528	105.979	4.7959e-06	105.979	4.7959e-06	56.764	1	0	0	1	
91.3568	0.1	0.3	0	113.528	105.981	1.80877e-05	105.981	1.80877e-05	56.764	1	0	0	1	
91.7085	0.1	0.3	0	113.518	106.013	1.55293e-05	106.013	1.55293e-05	56.759	1	0	0	1	
92.0603	0.1	0.3	0	113.497	106.074	1.48176e-05	106.074	1.48176e-05	56.7485	1	0	0	1	
92.4121	0.1	0.3	0	113.465	106.164	3.75844e-05	106.164	3.75844e-05	56.733	1	0	0	1	
92.7638	0.1	0.3	0	113.423	106.283	1.13162e-05	106.283	1.13162e-05	56.7115	1	0	0	1	
93.1156	0.1	0.3	0	113.37	106.433	1.20776e-05	106.433	1.20776e-05	56.685	1	0	0	1	
93.4673	0.1	0.3	0	113.306	106.612	1.65839e-05	106.612	1.65839e-05	56.653	1	0	0	1	
93.8191	0.1	0.3	0	113.231	106.822	5.39419e-06	106.822	5.39419e-06	56.6155	1	0	0	1	
94.1709	0.1	0.3	0	113.145	107.062	1.13422e-05	107.062	1.13422e-05	56.5725	1	0	0	1	
94.5226	0.1	0.3	0	113.047	107.332	6.30343e-07	107.332	6.30343e-07	56.5235	1	0	0	1	
94.8744	0.1	0.3	0	112.977	107.525	1.67213e-05	107.525	1.67213e-05	56.4885	1	0	0	1	
95.2261	0.1	0.3	0	112.985	107.506	4.1677e-06	107.506	4.1677e-06	56.4925	1	0	0	1	
95.5779	0.1	0.3	0	112.993	107.488	2.1652e-07	107.488	2.1652e-07	56.4965	1	0	0	1	
95.9296	0.1	0.3	0	113	107.472	5.99817e-06	107.472	5.99817e-06	56.5	1	0	0	1	
96.2814	0.1	0.3	0	113.007	107.456	4.38909e-05	107.456	4.38909e-05	56.504	1	0	0	1	
96.6332	0.1	0.3	0	113.014	107.44	3.31922e-06	107.44	3.31922e-06	56.507	1	0	0	1	
96.9849	0.1	0.3	0	113.021	107.425	1.24163e-05	107.425	1.24163e-05	56.5105	1	0	0	1	
97.3367	0.1	0.3	0	113.028	107.41	1.13435e-05	107.41	1.13435e-05	56.514	1	0	0	1	
97.6884	0.1	0.3	0	113.034	107.396	3.0626e-06	107.396	3.0626e-06	56.517	1	0	0	1	
98.0402	0.1	0.3	0	113.04	107.382	1.96327e-05	107.382	1.96327e-05	56.52	1	0	0	1	
98.392	0.1	0.3	0	113.046	107.369	5.67396e-06	107.369	5.67396e-06	56.5235	1	0	0	1	
98.7437	0.1	0.3	0	113.053	107.356	7.8563e-06	107.356	7.8563e-06	56.5265	1	0	0	1	
99.0955	0.1	0.3	0	113.059	107.343	3.08867e-05	107.343	3.08867e-05	56.5295	1	0	0	1	
99.4472	0.1	0.3	0	113.064	107.33	1.3466e-05	107.33	1.3466e-05	56.5325	1	0	0	1	
99.799	0.1	0.3	0	113.07	107.317	1.02567e-05	107.317	1.02567e-05	56.535	1	0	0	1	
100.151	0.1	0.3	0	113.076	107.306	1.66846e-05	107.306	1.66846e-05	56.538	1	0	0	1	
100.503	0.1	0.3	0	113.082	107.294	2.85633e-06	107.294	2.85633e-06	56.541	1	0	0	1	
100.854	0.1	0.3	0	113.087	107.282	1.53827e-05	107.282	1.53827e-05	56.5435	1	0	0	1	
101.206	0.1	0.3	0	113.093	107.271	8.4556e-06	107.271	8.4556e-06	56.5465	1	0	0	1	
101.558	0.1	0.3	0	113.098	107.259	1.26869e-05	107.259	1.26869e-05	56.549	1	0	0	1	
101.91	0.1	0.3	0	113.103	107.248	1.33007e-05	107.248	1.33007e-05	56.5515	1	0	0	1	
102.261	0.1	0.3	0	113.109	107.238	1.01799e-05	107.238	1.01799e-05	56.5545	1	0	0	1	
102.613	0.1	0.3	0	113.114	107.227	1.92399e-05	107.227	1.92399e-05	56.557	1	0	0	1	
102.965	0.1	0.3	0	113.119	107.217	5.5969e-06	107.217	5.5969e-06	56.5595	1	0	0	1	
103.317	0.1	0.3	0	113.124	107.206	1.79407e-06	107.206	1.79407e-06	56.562	1	0	0	1	
103.668	0.1	0.3	0	113.129	107.196	1.05973e-05	107.196	1.05973e-05	56.5645	1	0	0	1	
104.02	0.1	0.3	0	113.134	107.186	7.02098e-06	107.186	7.02098e-06	56.567	1	0	0	1	
104.372	0.1	0.3	0	113.139	107.177	7.80766e-06	107.177	7.80766e-06	56.5695	1	0	0	1	
104.724	0.1	0.3	0	113.144	107.167	1.01163e-05	107.167	1.01163e-05	56.572	1	0	0	1	
105.075	0.1	0.3	0	113.149	107.158	7.11196e-06	107.158	7.11196e-06	56.5745	1	0	0	1	
105.427	0.1	0.3	0	113.154	107.149	1.71965e-06	107.149	1.71965e-06	56.577	1	0	0	1	
105.779	0.1	0.3	0	113.158	107.139	2.05547e-05	107.139	2.05547e-05	56.579	1	0	0	1	
106.131	0.1	0.3	0	113.163	107.131	1.14138e-06	107.131	1.14138e-06	56.5815	1	0	0	1	
106.482	0.1	0.3	0	113.168	107.122	1.81883e-05	107.122	1.81883e-05	56.584	1	0	0	1	
106.834	0.1	0.3	0	113.172	107.113	9.68489e-06	107.113	9.68489e-06	56.586	1	0	0	1	
107.186	0.1	0.3	0	113.177	107.105	9.8976e-06	107.105	9.8976e-06	56.5885	1	0	0	1	
107.538	0.1	0.3	0	113.181	107.096	1.10659e-05	107.096	1.10659e-05	56.5905	1	0	0	1	
107.889	0.1	0.3	0	113.186	107.088	1.20798e-05	107.088	1.20798e-05	56.593	1	0	0	1	
108.241	0.1	0.3	0	113.19	107.08	1.30798e-05	107.08	1.30798e-05	56.595	1	0	0	1	
108.593	0.1	0.3	0	113.195	107.072	1.45768e-05	107.072	1.45768e-05	56.5975	1	0	0	1	
108.945	0.1	0.3	0	113.199	107.064	7.59615e-06	107.064	7.59615e-06	56.5995	1	0	0	1	
109.296	0.1	0.3	0	113.203	107.056	1.97395e-05	107.056	1.97395e-05	56.6015	1	0	0	1	
109.648	0.1	0.3	0	113.208	107.049	1.3697e-05	107.049	1.3697e-05	56.604	1	0	0	1	
110	0.1	0.3	0	113.212	107.041	1.38775e-05	107.041	1.38775e-05	56.606	1	0	0	1	
