40	0.1	0.3	-2	0	0	0	0	0	173	0	2	0	1	
40.7071	0.1	0.3	-2	0	0	0	0	0	173	0	2	0	1	
41.4141	0.1	0.3	-2	0	0	0	0	0	173	0	2	0	1	
42.1212	0.1	0.3	-2	0	0	0	0	0	173	0	2	0	1	
42.8283	0.1	0.3	-2	0	0	0	0	0	173	0	2	0	1	
43.5354	0.1	0.3	-2	0	0	0	0	0	173	0	2	0	1	
44.2424	0.1	0.3	-2	0	0	0	0	0	173	0	2	0	1	
44.9495	0.1	0.3	-2	0	0	0	0	0	173	0	2	0	1	
45.6566	0.1	0.3	1	31.8869	0	254.202	254.202	0	173	0	2	0	1	
46.3636	0.1	0.3	1	40.8746	0	250.353	250.353	0	173	0	2	0	1	
47.0707	0.1	0.3	1	46.8716	0	247.211	247.211	0	173	0	2	0	1	
47.7778	0.1	0.3	1	51.6294	0	244.379	244.379	0	173	0	2	0	1	
48.4848	0.1	0.3	1	55.6746	0	241.726	241.726	0	173	0	2	0	1	
49.1919	0.1	0.3	1	59.2458	0	239.19	239.19	0	173	0	2	0	1	
49.899	0.1	0.3	1	62.4729	0	236.738	236.738	0	173	0	2	0	1	
50.6061	0.1	0.3	1	65.4363	0	234.346	234.346	0	173	0	2	0	1	
51.3131	0.1	0.3	1	68.1889	0	232.002	232.002	0	173	0	2	0	1	
52.0202	0.1	0.3	1	70.7677	0	229.695	229.695	0	173	0	2	0	1	
52.7273	0.1	0.3	1	73.2	0	227.417	227.417	0	173	0	2	0	1	
53.4343	0.1	0.3	1	75.506	0	225.164	225.164	0	173	0	2	0	1	
54.1414	0.1	0.3	1	77.7017	0	222.932	222.932	0	173	0	2	0	1	
54.8485	0.1	0.3	1	79.7994	0	220.718	220.718	0	173	0	2	0	1	
55.5556	0.1	0.3	1	81.8092	0	218.519	218.519	0	173	0	2	0	1	
56.2626	0.1	0.3	1	83.7394	0	232.282	216.334	0	173	0	2	0	1	
56.9697	0.1	0.3	1	85.5968	0	230.038	214.161	0	173	0	2	0	1	
57.6768	0.1	0.3	1	87.387	0	227.757	211.999	0	173	0	2	0	1	
58.3838	0.1	0.3	1	89.1148	0	225.439	209.849	0	173	0	2	0	1	
59.0909	0.1	0.3	1	90.7843	0	223.082	207.709	0	173	0	2	0	1	
59.798	0.1	0.3	1	92.3991	0	220.685	205.58	0	173	0	2	0	1	
60.5051	0.1	0.3	1	93.962	0	218.247	203.461	0	173	0	2	0	1	
61.2121	0.1	0.3	1	95.4759	0	215.766	201.354	0	173	0	2	0	1	
61.9192	0.1	0.3	1	96.943	0	199.257	199.257	0	173	0	2	0	1	
62.6263	0.1	0.3	1	98.3651	0	197.172	197.172	0	173	0	2	0	1	
63.3333	0.1	0.3	1	99.744	0	195.099	195.099	0	173	0	2	0	1	
64.0404	0.1	0.3	1	101.081	0	193.04	193.04	0	173	0	2	0	1	
64.7475	0.1	0.3	1	102.378	0	190.996	190.996	0	173	0	2	0	1	
65.4545	0.1	0.3	1	103.635	0	188.966	188.966	0	173	0	2	0	1	
66.1616	0.1	0.3	1	104.855	0	186.953	186.953	0	173	0	2	0	1	
66.8687	0.1	0.3	1	106.037	0	184.957	184.957	0	173	0	2	0	1	
67.5758	0.1	0.3	1	107.183	0	182.98	182.98	0	173	0	2	0	1	
68.2828	0.1	0.3	1	108.293	0	181.023	181.023	0	173	0	2	0	1	
68.9899	0.1	0.3	1	109.368	0	179.088	179.088	0	173	0	2	0	1	
69.697	0.1	0.3	1	110.408	0	177.177	177.177	0	173	0	2	0	1	
70.404	0.1	0.3	1	111.415	0	175.291	175.291	0	173	0	2	0	1	
71.1111	0.1	0.3	1	112.387	0	173.431	173.431	0	173	0	2	0	1	
71.8182	0.1	0.3	1	113.327	0	171.601	171.601	0	173	0	2	0	1	
72.5253	0.1	0.3	1	114.233	0	169.801	169.801	0	173	0	2	0	1	
73.2323	0.1	0.3	1	115.106	0	168.034	168.034	0	173	0	2	0	1	
73.9394	0.1	0.3	1	115.947	0	166.303	166.303	0	173	0	2	0	1	
74.6465	0.1	0.3	1	116.755	0	164.609	164.609	0	173	0	2	0	1	
75.3535	0.1	0.3	1	117.531	0	162.955	162.955	0	173	0	2	0	1	
76.0606	0.1	0.3	1	118.275	0	161.344	161.344	0	173	0	2	0	1	
76.7677	0.1	0.3	1	118.986	0	159.777	159.777	0	173	0	2	0	1	
77.4747	0.1	0.3	1	119.664	0	158.259	158.259	0	173	0	2	0	1	
78.1818	0.1	0.3	1	120.31	0	156.791	156.791	0	173	0	2	0	1	
78.8889	0.1	0.3	1	120.924	0	155.377	155.377	0	173	0	2	0	1	
79.596	0.1	0.3	1	121.504	0	154.019	154.019	0	173	0	2	0	1	
80.303	0.1	0.3	1	122.052	0	152.721	152.721	0	173	0	2	0	1	
81.0101	0.1	0.3	1	122.567	0	151.486	151.486	0	173	0	2	0	1	
81.7172	0.1	0.3	1	123.048	0	150.317	150.317	0	173	0	2	0	1	
82.4242	0.1	0.3	1	123.495	0	149.217	149.217	0	173	0	2	0	1	
83.1313	0.1	0.3	1	123.908	0	148.191	148.191	0	173	0	2	0	1	
83.8384	0.1	0.3	1	124.286	0	147.24	147.24	0	173	0	2	0	1	
84.5455	0.1	0.3	1	124.629	0	146.37	146.37	0	173	0	2	0	1	
85.2525	0.1	0.3	1	124.936	0	145.583	145.583	0	173	0	2	0	1	
85.9596	0.1	0.3	1	125.207	0	144.885	144.885	0	173	0	2	0	1	
86.6667	0.1	0.3	1	125.44	0	144.278	144.278	0	173	0	2	0	1	
87.3737	0.1	0.3	1	125.634	0	143.769	143.769	0	173	0	2	0	1	
88.0808	0.1	0.3	1	125.788	0	143.364	143.364	0	173	0	2	0	1	
88.7879	0.1	0.3	1	125.896	0	143.076	143.076	0	173	0	2	0	1	
89.4949	0.1	0.3	1	125.954	0	142.916	142.916	0	173	0	2	0	1	
90.202	0.1	0.3	1	125.977	0	142.85	142.85	0	173	0	2	0	1	
90.9091	0.1	0.3	1	125.964	0	142.879	142.879	0	173	0	2	0	1	
91.6162	0.1	0.3	1	125.914	0	143.003	143.003	0	173	0	2	0	1	
92.3232	0.1	0.3	1	125.828	0	143.222	143.222	0	173	0	2	0	1	
93.0303	0.1	0.3	1	125.704	0	143.539	143.539	0	173	0	2	0	1	
93.7374	0.1	0.3	1	125.543	0	143.953	143.953	0	173	0	2	0	1	
94.4444	0.1	0.3	1	125.343	0	144.464	144.464	0	173	0	2	0	1	
95.1515	0.1	0.3	1	125.104	0	145.072	145.072	0	173	0	2	0	1	
95.8586	0.1	0.3	1	nan	0	1599.98	1599.98	0	173	0	2	0	1	
96.5657	0.1	0.3	1	nan	0	1599.98	1599.98	0	173	0	2	0	1	
97.2727	0.1	0.3	1	nan	0	1599.98	1599.98	0	173	0	2	0	1	
97.9798	0.1	0.3	1	nan	0	1599.98	1599.98	0	173	0	2	0	1	
98.6869	0.1	0.3	1	nan	0	1599.98	1599.98	0	173	0	2	0	1	
99.3939	0.1	0.3	1	nan	0	1599.98	1599.98	0	173	0	2	0	1	
100.101	0.1	0.3	1	nan	0	1599.98	1599.98	0	173	0	2	0	1	
100.808	0.1	0.3	1	nan	0	1599.98	1599.98	0	173	0	2	0	1	
101.515	0.1	0.3	1	nan	0	1599.98	1599.98	0	173	0	2	0	1	
102.222	0.1	0.3	1	nan	0	1599.98	1599.98	0	173	0	2	0	1	
102.929	0.1	0.3	1	nan	0	1599.98	1599.98	0	173	0	2	0	1	
103.636	0.1	0.3	1	nan	0	1599.98	1599.98	0	173	0	2	0	1	
104.343	0.1	0.3	1	nan	0	1599.98	1599.98	0	173	0	2	0	1	
105.051	0.1	0.3	1	nan	0	1599.98	1599.98	0	173	0	2	0	1	
105.758	0.1	0.3	1	nan	0	1599.98	1599.98	0	173	0	2	0	1	
106.465	0.1	0.3	1	nan	0	1599.98	1599.98	0	173	0	2	0	1	
107.172	0.1	0.3	1	nan	0	1599.98	1599.98	0	173	0	2	0	1	
107.879	0.1	0.3	1	nan	0	1599.98	1599.98	0	173	0	2	0	1	
108.586	0.1	0.3	1	nan	0	1599.98	1599.98	0	173	0	2	0	1	
109.293	0.1	0.3	1	nan	0	1599.98	1599.98	0	173	0	2	0	1	
110	0.1	0.3	1	nan	0	1599.98	1599.98	0	173	0	2	0	1	
