40	0.1	0.3	-2	0	0	0	0	0	173	0	0	0	1	
40.7071	0.1	0.3	-2	0	0	0	0	0	173	0	0	0	1	
41.4141	0.1	0.3	-2	0	0	0	0	0	173	0	0	0	1	
42.1212	0.1	0.3	-2	0	0	0	0	0	173	0	0	0	1	
42.8283	0.1	0.3	-2	0	0	0	0	0	173	0	0	0	1	
43.5354	0.1	0.3	-2	0	0	0	0	0	173	0	0	0	1	
44.2424	0.1	0.3	-2	0	0	0	0	0	173	0	0	0	1	
44.9495	0.1	0.3	-2	0	0	0	0	0	173	0	0	0	1	
45.6566	0.1	0.3	1	31.0483	0	254.527	254.527	0	173	0	0	0	1	
46.3636	0.1	0.3	1	39.8935	0	251.136	251.136	0	173	0	0	0	1	
47.0707	0.1	0.3	1	45.7548	0	248.389	248.389	0	173	0	0	0	1	
47.7778	0.1	0.3	1	50.3867	0	245.926	245.926	0	173	0	0	0	1	
48.4848	0.1	0.3	1	54.3132	0	243.63	243.63	0	173	0	0	0	1	
49.1919	0.1	0.3	1	57.7702	0	241.446	241.446	0	173	0	0	0	1	
49.899	0.1	0.3	1	60.8868	0	239.343	239.343	0	173	0	0	0	1	
50.6061	0.1	0.3	1	63.742	0	237.301	237.301	0	173	0	0	0	1	
51.3131	0.1	0.3	1	66.3881	0	235.308	235.308	0	173	0	0	0	1	
52.0202	0.1	0.3	1	68.8616	0	244.687	233.355	0	173	0	0	0	1	
52.7273	0.1	0.3	1	71.1892	0	242.664	231.436	0	173	0	0	0	1	
53.4343	0.1	0.3	1	73.3909	0	240.614	229.547	0	173	0	0	0	1	
54.1414	0.1	0.3	1	75.4822	0	238.537	227.684	0	173	0	0	0	1	
54.8485	0.1	0.3	1	77.4755	0	236.431	225.844	0	173	0	0	0	1	
55.5556	0.1	0.3	1	79.3804	0	234.294	224.026	0	173	0	0	0	1	
56.2626	0.1	0.3	1	81.205	0	232.125	222.229	0	173	0	0	0	1	
56.9697	0.1	0.3	1	82.9558	0	229.923	220.452	0	173	0	0	0	1	
57.6768	0.1	0.3	1	84.6382	0	227.687	218.694	0	173	0	0	0	1	
58.3838	0.1	0.3	1	86.2569	0	225.416	216.956	0	173	0	0	0	1	
59.0909	0.1	0.3	1	87.8154	0	223.107	215.237	0	173	0	0	0	1	
59.798	0.1	0.3	1	89.317	0	220.762	213.538	0	173	0	0	0	1	
60.5051	0.1	0.3	1	90.764	0	218.377	211.861	0	173	0	0	0	1	
61.2121	0.1	0.3	1	92.1579	0	215.952	210.206	0	173	0	0	0	1	
61.9192	0.1	0.3	1	93.4975	0	213.488	208.58	0	173	0	0	0	1	
62.6263	0.1	0.3	1	94.7866	0	210.982	206.98	0	173	0	0	0	1	
63.3333	0.1	0.3	1	96.0335	0	208.43	205.399	0	173	0	0	0	1	
64.0404	0.1	0.3	1	97.24	0	205.831	203.838	0	173	0	0	0	1	
64.7475	0.1	0.3	1	98.4073	0	202.297	202.297	0	173	0	0	0	1	
65.4545	0.1	0.3	1	99.5368	0	200.777	200.777	0	173	0	0	0	1	
66.1616	0.1	0.3	1	100.629	0	199.279	199.279	0	173	0	0	0	1	
66.8687	0.1	0.3	1	101.686	0	197.803	197.803	0	173	0	0	0	1	
67.5758	0.1	0.3	1	102.708	0	196.35	196.35	0	173	0	0	0	1	
68.2828	0.1	0.3	1	103.695	0	194.922	194.922	0	173	0	0	0	1	
68.9899	0.1	0.3	1	104.649	0	193.519	193.519	0	173	0	0	0	1	
69.697	0.1	0.3	1	105.57	0	192.143	192.143	0	173	0	0	0	1	
70.404	0.1	0.3	1	106.459	0	190.794	190.794	0	173	0	0	0	1	
71.1111	0.1	0.3	1	107.315	0	189.473	189.473	0	173	0	0	0	1	
71.8182	0.1	0.3	1	108.14	188.182	188.182	188.182	188.182	173	0	0	0	1	
72.5253	0.1	0.3	1	108.934	186.922	186.922	186.922	186.922	173	0	0	0	1	
73.2323	0.1	0.3	1	109.696	185.694	185.694	185.694	185.694	173	0	0	0	1	
73.9394	0.1	0.3	1	110.429	184.5	184.5	184.5	184.5	173	0	0	0	1	
74.6465	0.1	0.3	1	111.13	183.34	183.34	183.34	183.34	173	0	0	0	1	
75.3535	0.1	0.3	1	111.802	182.215	182.215	182.215	182.215	173	0	0	0	1	
76.0606	0.1	0.3	1	112.443	181.128	181.128	181.128	181.128	173	0	0	0	1	
76.7677	0.1	0.3	1	113.055	180.079	180.079	180.079	180.079	173	0	0	0	1	
77.4747	0.1	0.3	1	113.637	179.071	179.071	179.071	179.071	173	0	0	0	1	
78.1818	0.1	0.3	1	114.189	178.103	178.103	178.103	178.103	173	0	0	0	1	
78.8889	0.1	0.3	1	114.711	177.178	177.178	177.178	177.178	173	0	0	0	1	
79.596	0.1	0.3	1	115.204	176.297	176.297	176.297	176.297	173	0	0	0	1	
80.303	0.1	0.3	1	115.667	175.461	175.461	175.461	175.461	173	0	0	0	1	
81.0101	0.1	0.3	1	116.1	174.672	174.672	174.672	174.672	173	0	0	0	1	
81.7172	0.1	0.3	1	116.504	173.931	173.931	173.931	173.931	173	0	0	0	1	
82.4242	0.1	0.3	1	116.877	173.239	173.239	173.239	173.239	173	0	0	0	1	
83.1313	0.1	0.3	1	117.221	172.597	172.597	172.597	172.597	173	0	0	0	1	
83.8384	0.1	0.3	1	117.535	172.008	172.008	172.008	172.008	173	0	0	0	1	
84.5455	0.1	0.3	1	117.818	171.472	171.472	171.472	171.472	173	0	0	0	1	
85.2525	0.1	0.3	1	118.071	170.991	170.991	170.991	170.991	173	0	0	0	1	
85.9596	0.1	0.3	1	118.293	170.565	170.565	170.565	170.565	173	0	0	0	1	
86.6667	0.1	0.3	1	118.484	170.196	170.196	170.196	170.196	173	0	0	0	1	
87.3737	0.1	0.3	1	118.645	169.886	169.886	169.886	169.886	173	0	0	0	1	
88.0808	0.1	0.3	1	118.774	169.634	169.634	169.634	169.634	173	0	0	0	1	
88.7879	0.1	0.3	1	118.871	169.443	169.443	169.443	169.443	173	0	0	0	1	
89.4949	0.1	0.3	1	118.936	169.313	169.313	169.313	169.313	173	0	0	0	1	
90.202	0.1	0.3	1	118.968	169.246	169.246	169.246	169.246	173	0	0	0	1	
90.9091	0.1	0.3	1	118.968	169.242	169.242	169.242	169.242	173	0	0	0	1	
91.6162	0.1	0.3	1	118.934	169.302	169.302	169.302	169.302	173	0	0	0	1	
92.3232	0.1	0.3	1	118.866	169.427	169.427	169.427	169.427	173	0	0	0	1	
93.0303	0.1	0.3	1	118.764	169.618	169.618	169.618	169.618	173	0	0	0	1	
93.7374	0.1	0.3	1	118.626	169.876	169.876	169.876	169.876	173	0	0	0	1	
94.4444	0.1	0.3	1	118.452	170.204	170.204	170.204	170.204	173	0	0	0	1	
95.1515	0.1	0.3	1	nan	0	1599.98	1599.98	0	173	0	0	0	1	
95.8586	0.1	0.3	1	nan	0	1599.98	1599.98	0	173	0	0	0	1	
96.5657	0.1	0.3	1	nan	0	1599.98	1599.98	0	173	0	0	0	1	
97.2727	0.1	0.3	1	nan	0	1599.98	1599.98	0	173	0	0	0	1	
97.9798	0.1	0.3	1	nan	0	1599.98	1599.98	0	173	0	0	0	1	
98.6869	0.1	0.3	1	nan	0	1599.98	1599.98	0	173	0	0	0	1	
99.3939	0.1	0.3	1	nan	0	1599.98	1599.98	0	173	0	0	0	1	
100.101	0.1	0.3	1	nan	0	1599.98	1599.98	0	173	0	0	0	1	
100.808	0.1	0.3	1	nan	0	1599.98	1599.98	0	173	0	0	0	1	
101.515	0.1	0.3	1	nan	0	1599.98	1599.98	0	173	0	0	0	1	
102.222	0.1	0.3	1	nan	0	1599.98	1599.98	0	173	0	0	0	1	
102.929	0.1	0.3	1	nan	0	1599.98	1599.98	0	173	0	0	0	1	
103.636	0.1	0.3	1	nan	0	1599.98	1599.98	0	173	0	0	0	1	
104.343	0.1	0.3	1	nan	0	1599.98	1599.98	0	173	0	0	0	1	
105.051	0.1	0.3	1	nan	0	1599.98	1599.98	0	173	0	0	0	1	
105.758	0.1	0.3	1	nan	0	1599.98	1599.98	0	173	0	0	0	1	
106.465	0.1	0.3	1	nan	0	1599.98	1599.98	0	173	0	0	0	1	
107.172	0.1	0.3	1	nan	0	1599.98	1599.98	0	173	0	0	0	1	
107.879	0.1	0.3	1	nan	0	1599.98	1599.98	0	173	0	0	0	1	
108.586	0.1	0.3	1	nan	0	1599.98	1599.98	0	173	0	0	0	1	
109.293	0.1	0.3	1	nan	0	1599.98	1599.98	0	173	0	0	0	1	
110	0.1	0.3	1	nan	0	1599.98	1599.98	0	173	0	0	0	1	
