40	0.1	0.3	-2	0	0	0	0	0	173	1	0	0	1	
40.7071	0.1	0.3	-2	0	0	0	0	0	173	1	0	0	1	
41.4141	0.1	0.3	-2	0	0	0	0	0	173	1	0	0	1	
42.1212	0.1	0.3	-2	0	0	0	0	0	173	1	0	0	1	
42.8283	0.1	0.3	-2	0	0	0	0	0	173	1	0	0	1	
43.5354	0.1	0.3	-2	0	0	0	0	0	173	1	0	0	1	
44.2424	0.1	0.3	-2	0	0	0	0	0	173	1	0	0	1	
44.9495	0.1	0.3	-2	0	0	0	0	0	173	1	0	0	1	
45.6566	0.1	0.3	-2	0	0	0	0	0	173	1	0	0	1	
46.3636	0.1	0.3	-2	0	0	0	0	0	173	1	0	0	1	
47.0707	0.1	0.3	-2	0	0	0	0	0	173	1	0	0	1	
47.7778	0.1	0.3	-2	0	0	0	0	0	173	1	0	0	1	
48.4848	0.1	0.3	-2	0	0	0	0	0	173	1	0	0	1	
49.1919	0.1	0.3	-2	0	0	0	0	0	173	1	0	0	1	
49.899	0.1	0.3	-2	0	0	0	0	0	173	1	0	0	1	
50.6061	0.1	0.3	-2	0	0	0	0	0	173	1	0	0	1	
51.3131	0.1	0.3	-2	0	0	0	0	0	173	1	0	0	1	
52.0202	0.1	0.3	-2	0	0	0	0	0	173	1	0	0	1	
52.7273	0.1	0.3	-2	0	0	0	0	0	173	1	0	0	1	
53.4343	0.1	0.3	-2	0	0	0	0	0	173	1	0	0	1	
54.1414	0.1	0.3	1	25.964	0	246.259	241.162	0	173	1	0	0	1	
54.8485	0.1	0.3	1	37.6378	0	243.549	236.205	0	173	1	0	0	1	
55.5556	0.1	0.3	1	44.2405	0	241.101	232.529	0	173	1	0	0	1	
56.2626	0.1	0.3	1	49.2265	0	238.725	229.312	0	173	1	0	0	1	
56.9697	0.1	0.3	1	53.3514	0	236.372	226.353	0	173	1	0	0	1	
57.6768	0.1	0.3	1	56.9233	0	234.021	223.562	0	173	1	0	0	1	
58.3838	0.1	0.3	1	60.1018	0	231.659	220.895	0	173	1	0	0	1	
59.0909	0.1	0.3	1	62.9815	0	229.281	218.323	0	173	1	0	0	1	
59.798	0.1	0.3	1	65.6232	0	226.879	215.828	0	173	1	0	0	1	
60.5051	0.1	0.3	1	68.0685	0	224.451	213.401	0	173	1	0	0	1	
61.2121	0.1	0.3	1	70.3469	0	221.994	211.032	0	173	1	0	0	1	
61.9192	0.1	0.3	1	72.4775	0	219.505	208.722	0	173	1	0	0	1	
62.6263	0.1	0.3	1	74.478	0	216.982	206.465	0	173	1	0	0	1	
63.3333	0.1	0.3	1	76.3712	0	214.421	204.248	0	173	1	0	0	1	
64.0404	0.1	0.3	1	78.1681	0	211.82	202.07	0	173	1	0	0	1	
64.7475	0.1	0.3	1	79.8776	0	209.175	199.928	0	173	1	0	0	1	
65.4545	0.1	0.3	1	81.5069	0	197.821	197.821	0	173	1	0	0	1	
66.1616	0.1	0.3	1	83.0623	0	195.748	195.748	0	173	1	0	0	1	
66.8687	0.1	0.3	1	84.5489	0	193.708	193.708	0	173	1	0	0	1	
67.5758	0.1	0.3	1	85.971	0	191.703	191.703	0	173	1	0	0	1	
68.2828	0.1	0.3	1	87.3324	0	189.731	189.731	0	173	1	0	0	1	
68.9899	0.1	0.3	1	88.6363	0	192.285	187.794	0	173	1	0	0	1	
69.697	0.1	0.3	1	89.8855	0	189.277	185.892	0	173	1	0	0	1	
70.404	0.1	0.3	1	91.0825	0	184.026	184.026	0	173	1	0	0	1	
71.1111	0.1	0.3	1	92.2294	0	182.196	182.196	0	173	1	0	0	1	
71.8182	0.1	0.3	1	93.328	0	180.404	180.404	0	173	1	0	0	1	
72.5253	0.1	0.3	1	94.3801	0	178.651	178.651	0	173	1	0	0	1	
73.2323	0.1	0.3	1	95.387	0	176.938	176.938	0	173	1	0	0	1	
73.9394	0.1	0.3	1	96.3501	0	175.267	175.267	0	173	1	0	0	1	
74.6465	0.1	0.3	1	97.2704	0	173.639	173.639	0	173	1	0	0	1	
75.3535	0.1	0.3	1	98.149	0	172.056	172.056	0	173	1	0	0	1	
76.0606	0.1	0.3	1	98.9868	0	170.519	170.519	0	173	1	0	0	1	
76.7677	0.1	0.3	1	99.7845	169.031	169.031	169.031	169.031	173	1	0	0	1	
77.4747	0.1	0.3	1	100.543	167.592	167.592	167.592	167.592	173	1	0	0	1	
78.1818	0.1	0.3	1	101.262	166.206	166.206	166.206	166.206	173	1	0	0	1	
78.8889	0.1	0.3	1	101.943	164.873	164.873	164.873	164.873	173	1	0	0	1	
79.596	0.1	0.3	1	102.587	163.597	163.597	163.597	163.597	173	1	0	0	1	
80.303	0.1	0.3	1	103.193	162.378	162.378	162.378	162.378	173	1	0	0	1	
81.0101	0.1	0.3	1	103.761	161.219	161.219	161.219	161.219	173	1	0	0	1	
81.7172	0.1	0.3	1	104.293	160.121	160.121	160.121	160.121	173	1	0	0	1	
82.4242	0.1	0.3	1	104.788	159.088	159.088	159.088	159.088	173	1	0	0	1	
83.1313	0.1	0.3	1	105.246	158.121	158.121	158.121	158.121	173	1	0	0	1	
83.8384	0.1	0.3	1	105.668	157.221	157.221	157.221	157.221	173	1	0	0	1	
84.5455	0.1	0.3	1	106.054	156.392	156.392	156.392	156.392	173	1	0	0	1	
85.2525	0.1	0.3	1	106.403	155.634	155.634	155.634	155.634	173	1	0	0	1	
85.9596	0.1	0.3	1	106.715	154.951	154.951	154.951	154.951	173	1	0	0	1	
86.6667	0.1	0.3	1	106.991	154.343	154.343	154.343	154.343	173	1	0	0	1	
87.3737	0.1	0.3	1	107.23	153.813	153.813	153.813	153.813	173	1	0	0	1	
88.0808	0.1	0.3	1	107.433	153.362	153.362	153.362	153.362	173	1	0	0	1	
88.7879	0.1	0.3	1	107.598	152.993	152.993	152.993	152.993	173	1	0	0	1	
89.4949	0.1	0.3	1	107.726	152.706	152.706	152.706	152.706	173	1	0	0	1	
90.202	0.1	0.3	1	107.816	152.503	152.503	152.503	152.503	173	1	0	0	1	
90.9091	0.1	0.3	1	107.868	152.386	152.386	152.386	152.386	173	1	0	0	1	
91.6162	0.1	0.3	1	107.881	152.356	152.356	152.356	152.356	173	1	0	0	1	
92.3232	0.1	0.3	1	107.855	152.414	152.414	152.414	152.414	173	1	0	0	1	
93.0303	0.1	0.3	1	107.789	152.562	152.562	152.562	152.562	173	1	0	0	1	
93.7374	0.1	0.3	1	107.683	152.801	152.801	152.801	152.801	173	1	0	0	1	
94.4444	0.1	0.3	1	107.535	153.133	153.133	153.133	153.133	173	1	0	0	1	
95.1515	0.1	0.3	1	nan	0	1599.98	1599.98	0	173	1	0	0	1	
95.8586	0.1	0.3	1	nan	0	1599.98	1599.98	0	173	1	0	0	1	
96.5657	0.1	0.3	1	nan	0	1599.98	1599.98	0	173	1	0	0	1	
97.2727	0.1	0.3	1	nan	0	1599.98	1599.98	0	173	1	0	0	1	
97.9798	0.1	0.3	1	nan	0	1599.98	1599.98	0	173	1	0	0	1	
98.6869	0.1	0.3	1	nan	0	1599.98	1599.98	0	173	1	0	0	1	
99.3939	0.1	0.3	1	nan	0	1599.98	1599.98	0	173	1	0	0	1	
100.101	0.1	0.3	1	nan	0	1599.98	1599.98	0	173	1	0	0	1	
100.808	0.1	0.3	1	nan	0	1599.98	1599.98	0	173	1	0	0	1	
101.515	0.1	0.3	1	nan	0	1599.98	1599.98	0	173	1	0	0	1	
102.222	0.1	0.3	1	nan	0	1599.98	1599.98	0	173	1	0	0	1	
102.929	0.1	0.3	1	nan	0	1599.98	1599.98	0	173	1	0	0	1	
103.636	0.1	0.3	1	nan	0	1599.98	1599.98	0	173	1	0	0	1	
104.343	0.1	0.3	1	nan	0	1599.98	1599.98	0	173	1	0	0	1	
105.051	0.1	0.3	1	nan	0	1599.98	1599.98	0	173	1	0	0	1	
105.758	0.1	0.3	1	nan	0	1599.98	1599.98	0	173	1	0	0	1	
106.465	0.1	0.3	1	nan	0	1599.98	1599.98	0	173	1	0	0	1	
107.172	0.1	0.3	1	nan	0	1599.98	1599.98	0	173	1	0	0	1	
107.879	0.1	0.3	1	nan	0	1599.98	1599.98	0	173	1	0	0	1	
108.586	0.1	0.3	1	nan	0	1599.98	1599.98	0	173	1	0	0	1	
109.293	0.1	0.3	1	nan	0	1599.98	1599.98	0	173	1	0	0	1	
110	0.1	0.3	1	nan	0	1599.98	1599.98	0	173	1	0	0	1	
