53.7186	0.1	0.3	-2	0	0	0	0	0	0	1	0	0	1	
54.0704	0.1	0.3	-2	0	0	0	0	0	0	1	0	0	1	
54.4221	0.1	0.3	-2	0	0	0	0	0	0	1	0	0	1	
54.7739	0.1	0.3	-2	0	0	0	0	0	0	1	0	0	1	
55.1256	0.1	0.3	-2	0	0	0	0	0	0	1	0	0	1	
55.4774	0.1	0.3	-2	0	0	0	0	0	0	1	0	0	1	
55.8291	0.1	0.3	-2	0	0	0	0	0	0	1	0	0	1	
56.1809	0.1	0.3	-2	0	0	0	0	0	0	1	0	0	1	
56.5327	0.1	0.3	-2	0	0	0	0	0	0	1	0	0	1	
56.8844	0.1	0.3	-2	0	0	0	0	0	0	1	0	0	1	
57.2362	0.1	0.3	-2	0	0	0	0	0	0	1	0	0	1	
57.5879	0.1	0.3	-2	0	0	0	0	0	0	1	0	0	1	
57.9397	0.1	0.3	-2	0	0	0	0	0	0	1	0	0	1	
58.2915	0.1	0.3	-2	0	0	0	0	0	0	1	0	0	1	
58.6432	0.1	0.3	-2	0	0	0	0	0	0	1	0	0	1	
58.995	0.1	0.3	-2	0	0	0	0	0	0	1	0	0	1	
59.3467	0.1	0.3	-2	0	0	0	0	0	0	1	0	0	1	
59.6985	0.1	0.3	-2	0	0	0	0	0	0	1	0	0	1	
60.0503	0.1	0.3	-2	0	0	0	0	0	0	1	0	0	1	
60.402	0.1	0.3	-2	0	0	0	0	0	0	1	0	0	1	
60.7538	0.1	0.3	1	51.7632	0	230.067	230.769	0	325.703	1	0	0	1	
61.1055	0.1	0.3	1	52.8742	0	228.943	230.018	0	332.693	1	0	0	1	
61.4573	0.1	0.3	1	53.9698	0	227.807	229.259	0	339.536	1	0	0	1	
61.809	0.1	0.3	1	55.0929	0	226.651	228.462	0	345.84	1	0	0	1	
62.1608	0.1	0.3	1	56.1029	0	225.5	227.729	0	352.859	1	0	0	1	
62.5126	0.1	0.3	1	57.1368	0	224.33	226.962	0	359.364	1	0	0	1	
62.8643	0.1	0.3	1	58.1889	0	223.141	226.165	0	365.328	1	0	0	1	
63.2161	0.1	0.3	1	59.1507	0	221.954	225.42	0	371.908	1	0	0	1	
63.5678	0.1	0.3	1	60.1553	0	220.744	224.627	0	377.711	1	0	0	1	
63.9196	0.1	0.3	1	61.0831	0	219.534	223.88	0	384.087	1	0	0	1	
64.2714	0.1	0.3	1	62.03	0	218.304	223.104	0	389.929	1	0	0	1	
64.6231	0.1	0.3	1	62.9761	0	217.059	222.313	0	395.444	1	0	0	1	
64.9749	0.1	0.3	1	63.8787	0	215.807	221.545	0	401.195	1	0	0	1	
65.3266	0.1	0.3	1	64.748	0	214.547	220.792	0	407.084	1	0	0	1	
65.6784	0.1	0.3	1	65.6259	0	213.27	220.019	0	412.529	1	0	0	1	
66.0302	0.1	0.3	1	66.4865	0	211.98	219.248	0	417.886	1	0	0	1	
66.3819	0.1	0.3	1	67.3307	0	210.677	218.479	0	423.155	1	0	0	1	
66.7337	0.1	0.3	1	68.1712	0	209.359	217.702	0	428.131	1	0	0	1	
67.0854	0.1	0.3	1	68.9808	0	208.032	216.941	0	433.261	1	0	0	1	
67.4372	0.1	0.3	1	69.776	0	206.691	216.183	0	438.29	1	0	0	1	
67.7889	0.1	0.3	1	70.5568	0	205.337	215.427	0	443.222	1	0	0	1	
68.1407	0.1	0.3	1	71.3234	0	203.97	214.673	0	448.059	1	0	0	1	
68.4925	0.1	0.3	1	72.0658	0	202.591	213.934	0	452.997	1	0	0	1	
68.8442	0.1	0.3	1	72.8064	0	201.196	213.186	0	457.619	1	0	0	1	
69.196	0.1	0.3	1	73.5329	0	199.786	212.442	0	462.157	1	0	0	1	
69.5477	0.1	0.3	1	74.2456	0	198.362	211.702	0	466.614	1	0	0	1	
69.8995	0.1	0.3	1	74.9447	0	196.923	210.968	0	470.989	1	0	0	1	
70.2513	0.1	0.3	1	75.6305	0	195.469	210.237	0	475.283	1	0	0	1	
70.603	0.1	0.3	0	76.3031	209.512	4.93859e-05	209.512	4.93859e-05	479.498	1	0	0	1	
70.9548	0.1	0.3	0	76.9628	208.793	2.19911e-06	208.793	2.19911e-06	483.632	1	0	0	1	
71.3065	0.1	0.3	0	77.6098	208.078	1.3314e-05	208.078	1.3314e-05	487.69	1	0	0	1	
71.6583	0.1	0.3	0	78.2442	207.369	2.14593e-05	207.369	2.14593e-05	491.669	1	0	0	1	
72.0101	0.1	0.3	0	78.8726	206.659	5.34904e-06	206.659	5.34904e-06	495.416	1	0	0	1	
72.3618	0.1	0.3	0	79.4816	205.963	3.26277e-06	205.963	3.26277e-06	499.259	1	0	0	1	
72.7136	0.1	0.3	0	80.0787	205.273	1.4807e-05	205.273	1.4807e-05	503.025	1	0	0	1	
73.0653	0.1	0.3	0	80.6639	204.59	2.02328e-06	204.59	2.02328e-06	506.715	1	0	0	1	
73.4171	0.1	0.3	0	81.2374	203.913	8.52669e-07	203.913	8.52669e-07	510.33	1	0	0	1	
73.7688	0.1	0.3	0	81.7994	203.243	1.00625e-06	203.243	1.00625e-06	513.87	1	0	0	1	
74.1206	0.1	0.3	0	82.3499	202.58	2.28769e-05	202.58	2.28769e-05	517.337	1	0	0	1	
74.4724	0.1	0.3	0	82.889	201.924	1.93288e-06	201.924	1.93288e-06	520.732	1	0	0	1	
74.8241	0.1	0.3	0	83.4168	201.276	2.00482e-05	201.276	2.00482e-05	524.055	1	0	0	1	
75.1759	0.1	0.3	0	83.9335	200.635	9.01151e-06	200.635	9.01151e-06	527.308	1	0	0	1	
75.5276	0.1	0.3	0	84.4392	200.002	1.27748e-05	200.002	1.27748e-05	530.491	1	0	0	1	
75.8794	0.1	0.3	0	84.9338	199.377	3.87875e-06	199.377	3.87875e-06	533.603	1	0	0	1	
76.2312	0.1	0.3	0	85.4176	198.761	1.3489e-05	198.761	1.3489e-05	536.647	1	0	0	1	
76.5829	0.1	0.3	0	85.8906	198.153	1.58599e-05	198.153	1.58599e-05	539.623	1	0	0	1	
76.9347	0.1	0.3	0	86.3529	197.554	6.2226e-06	197.554	6.2226e-06	542.53	1	0	0	1	
77.2864	0.1	0.3	0	86.8045	196.963	5.61906e-05	196.963	5.61906e-05	545.371	1	0	0	1	
77.6382	0.1	0.3	0	87.2456	196.382	3.73014e-07	196.382	3.73014e-07	548.145	1	0	0	1	
77.9899	0.1	0.3	0	87.6761	195.81	6.20937e-06	195.81	6.20937e-06	550.853	1	0	0	1	
78.3417	0.1	0.3	0	88.0962	195.248	1.35279e-05	195.248	1.35279e-05	553.495	1	0	0	1	
78.6935	0.1	0.3	0	88.5059	194.696	1.48352e-05	194.696	1.48352e-05	556.071	1	0	0	1	
79.0452	0.1	0.3	0	88.9053	194.153	3.69811e-06	194.153	3.69811e-06	558.583	1	0	0	1	
79.397	0.1	0.3	0	89.2945	193.62	4.88898e-07	193.62	4.88898e-07	561.029	1	0	0	1	
79.7487	0.1	0.3	0	89.6734	193.098	7.94176e-06	193.098	7.94176e-06	563.411	1	0	0	1	
80.1005	0.1	0.3	0	90.0421	192.586	6.32645e-07	192.586	6.32645e-07	565.73	1	0	0	1	
80.4523	0.1	0.3	0	90.4007	192.086	4.49765e-06	192.086	4.49765e-06	567.984	1	0	0	1	
80.804	0.1	0.3	0	90.7462	191.6	5.86338e-06	191.6	5.86338e-06	570.285	1	0	0	1	
81.1558	0.1	0.3	0	91.0848	191.121	4.73033e-05	191.121	4.73033e-05	572.407	1	0	0	1	
81.5075	0.1	0.3	0	91.4134	190.653	1.12422e-05	190.653	1.12422e-05	574.467	1	0	0	1	
81.8593	0.1	0.3	0	91.7319	190.197	1.62502e-06	190.197	1.62502e-06	576.464	1	0	0	1	
82.2111	0.1	0.3	0	92.0405	189.752	1.33734e-05	189.752	1.33734e-05	578.399	1	0	0	1	
82.5628	0.1	0.3	0	92.3391	189.32	4.2673e-06	189.32	4.2673e-06	580.271	1	0	0	1	
82.9146	0.1	0.3	0	92.6278	188.899	1.75341e-05	188.899	1.75341e-05	582.081	1	0	0	1	
83.2663	0.1	0.3	0	92.9065	188.491	1.41051e-05	188.491	1.41051e-05	583.83	1	0	0	1	
83.6181	0.1	0.3	0	93.1754	188.096	3.43517e-05	188.096	3.43517e-05	585.516	1	0	0	1	
83.9698	0.1	0.3	0	93.4343	187.713	2.56873e-05	187.713	2.56873e-05	587.14	1	0	0	1	
84.3216	0.1	0.3	0	93.6834	187.343	2.95105e-05	187.343	2.95105e-05	588.702	1	0	0	1	
84.6734	0.1	0.3	0	93.9226	186.986	7.00321e-06	186.986	7.00321e-06	590.203	1	0	0	1	
85.0251	0.1	0.3	0	94.1519	186.642	6.08607e-06	186.642	6.08607e-06	591.641	1	0	0	1	
85.3769	0.1	0.3	0	94.3714	186.312	8.76127e-06	186.312	8.76127e-06	593.018	1	0	0	1	
85.7286	0.1	0.3	0	94.5809	185.995	2.5358e-05	185.995	2.5358e-05	594.333	1	0	0	1	
86.0804	0.1	0.3	0	94.7806	185.692	3.87391e-06	185.692	3.87391e-06	595.586	1	0	0	1	
86.4322	0.1	0.3	0	94.9705	185.403	8.83079e-06	185.403	8.83079e-06	596.776	1	0	0	1	
86.7839	0.1	0.3	0	95.1504	185.128	4.25871e-05	185.128	4.25871e-05	597.905	1	0	0	1	
87.1357	0.1	0.3	0	95.3204	184.867	3.22042e-06	184.867	3.22042e-06	598.972	1	0	0	1	
87.4874	0.1	0.3	0	95.4805	184.621	8.49944e-06	184.621	8.49944e-06	599.976	1	0	0	1	
87.8392	0.1	0.3	0	95.6307	184.389	1.10593e-05	184.389	1.10593e-05	600.919	1	0	0	1	
88.191	0.1	0.3	0	95.7709	184.173	2.17266e-05	184.173	2.17266e-05	601.798	1	0	0	1	
88.5427	0.1	0.3	0	95.9011	183.971	1.49196e-05	183.971	1.49196e-05	602.615	1	0	0	1	
88.8945	0.1	0.3	0	96.0213	183.784	2.55606e-06	183.784	2.55606e-06	603.37	1	0	0	1	
89.2462	0.1	0.3	0	96.1315	183.612	1.30762e-05	183.612	1.30762e-05	604.061	1	0	0	1	
89.598	0.1	0.3	0	96.2316	183.456	2.0377e-05	183.456	2.0377e-05	604.689	1	0	0	1	
89.9497	0.1	0.3	0	96.3215	183.315	3.69175e-05	183.315	3.69175e-05	605.253	1	0	0	1	
90.3015	0.1	0.3	0	96.4014	183.19	1.09233e-05	183.19	1.09233e-05	605.754	1	0	0	1	
90.6533	0.1	0.3	0	96.471	183.081	4.408e-05	183.081	4.408e-05	606.19	1	0	0	1	
91.005	0.1	0.3	0	96.5304	182.988	8.66657e-06	182.988	8.66657e-06	606.563	1	0	0	1	
91.3568	0.1	0.3	0	96.5795	182.911	9.29821e-06	182.911	9.29821e-06	606.871	1	0	0	1	
91.7085	0.1	0.3	0	96.6182	182.85	1.90686e-05	182.85	1.90686e-05	607.114	1	0	0	1	
92.0603	0.1	0.3	0	96.6465	182.805	1.57873e-05	182.805	1.57873e-05	607.291	1	0	0	1	
92.4121	0.1	0.3	0	96.6644	182.777	1.50792e-06	182.777	1.50792e-06	607.403	1	0	0	1	
92.7638	0.1	0.3	0	96.6717	182.766	1.16515e-07	182.766	1.16515e-07	607.448	1	0	0	1	
93.1156	0.1	0.3	0	96.6684	182.771	2.15564e-05	182.771	2.15564e-05	607.428	1	0	0	1	
93.4673	0.1	0.3	0	96.6544	182.793	1.30959e-06	182.793	1.30959e-06	607.339	1	0	0	1	
93.8191	0.1	0.3	0	96.6296	182.832	1.17404e-05	182.832	1.17404e-05	607.183	1	0	0	1	
94.1709	0.1	0.3	0	96.5938	182.888	1.46048e-05	182.888	1.46048e-05	606.958	1	0	0	1	
94.5226	0.1	0.3	0	96.5471	182.962	9.62729e-06	182.962	9.62729e-06	606.664	1	0	0	1	
94.8744	0.1	0.3	0	96.4892	183.053	1.62763e-05	183.053	1.62763e-05	606.3	1	0	0	1	
95.2261	0.1	0.3	0	96.4199	183.161	1.45209e-05	183.161	1.45209e-05	605.864	1	0	0	1	
95.5779	0.1	0.3	0	96.3389	183.288	1.47964e-05	183.288	1.47964e-05	605.356	1	0	0	1	
95.9296	0.1	0.3	0	96.2737	183.39	4.05884e-06	183.39	4.05884e-06	604.946	1	0	0	1	
96.2814	0.1	0.3	0	96.2841	183.374	8.19477e-06	183.374	8.19477e-06	605.012	1	0	0	1	
96.6332	0.1	0.3	0	96.2941	183.358	8.65459e-10	183.358	8.65459e-10	605.075	1	0	0	1	
96.9849	0.1	0.3	0	96.3039	183.343	3.58532e-06	183.343	3.58532e-06	605.136	1	0	0	1	
97.3367	0.1	0.3	0	96.3135	183.328	1.09167e-05	183.328	1.09167e-05	605.196	1	0	0	1	
97.6884	0.1	0.3	0	96.3229	183.313	1.02939e-05	183.313	1.02939e-05	605.255	1	0	0	1	
98.0402	0.1	0.3	0	96.3322	183.299	1.49019e-05	183.299	1.49019e-05	605.313	1	0	0	1	
98.392	0.1	0.3	0	96.3414	183.284	6.35014e-06	183.284	6.35014e-06	605.371	1	0	0	1	
98.7437	0.1	0.3	0	96.3504	183.27	1.59613e-05	183.27	1.59613e-05	605.428	1	0	0	1	
99.0955	0.1	0.3	0	96.3594	183.256	4.64078e-07	183.256	4.64078e-07	605.484	1	0	0	1	
99.4472	0.1	0.3	0	96.3682	183.242	1.465e-05	183.242	1.465e-05	605.539	1	0	0	1	
99.799	0.1	0.3	0	96.3769	183.229	1.11559e-05	183.229	1.11559e-05	605.594	1	0	0	1	
100.151	0.1	0.3	0	96.3856	183.215	1.61627e-05	183.215	1.61627e-05	605.649	1	0	0	1	
100.503	0.1	0.3	0	96.3942	183.202	5.77184e-06	183.202	5.77184e-06	605.703	1	0	0	1	
100.854	0.1	0.3	0	96.4027	183.188	4.97491e-06	183.188	4.97491e-06	605.756	1	0	0	1	
101.206	0.1	0.3	0	96.4112	183.175	3.60401e-06	183.175	3.60401e-06	605.81	1	0	0	1	
101.558	0.1	0.3	0	96.4196	183.162	6.25029e-06	183.162	6.25029e-06	605.862	1	0	0	1	
101.91	0.1	0.3	0	96.4279	183.149	1.36413e-05	183.149	1.36413e-05	605.915	1	0	0	1	
102.261	0.1	0.3	0	96.4362	183.136	9.24692e-06	183.136	9.24692e-06	605.966	1	0	0	1	
102.613	0.1	0.3	0	96.4444	183.123	3.62768e-06	183.123	3.62768e-06	606.018	1	0	0	1	
102.965	0.1	0.3	0	96.4526	183.11	1.37911e-06	183.11	1.37911e-06	606.069	1	0	0	1	
103.317	0.1	0.3	0	96.4607	183.097	6.22499e-06	183.097	6.22499e-06	606.12	1	0	0	1	
103.668	0.1	0.3	0	96.4688	183.085	1.17086e-05	183.085	1.17086e-05	606.171	1	0	0	1	
104.02	0.1	0.3	0	96.4768	183.072	1.66397e-06	183.072	1.66397e-06	606.221	1	0	0	1	
104.372	0.1	0.3	0	96.4848	183.06	1.33564e-05	183.06	1.33564e-05	606.271	1	0	0	1	
104.724	0.1	0.3	0	96.4927	183.047	8.1708e-06	183.047	8.1708e-06	606.321	1	0	0	1	
105.075	0.1	0.3	0	96.5006	183.035	4.12212e-05	183.035	4.12212e-05	606.371	1	0	0	1	
105.427	0.1	0.3	0	96.5085	183.022	1.59992e-05	183.022	1.59992e-05	606.42	1	0	0	1	
105.779	0.1	0.3	0	96.5163	183.01	1.70125e-05	183.01	1.70125e-05	606.469	1	0	0	1	
106.131	0.1	0.3	0	96.5241	182.998	1.45687e-05	182.998	1.45687e-05	606.518	1	0	0	1	
106.482	0.1	0.3	0	96.5318	182.986	1.23726e-05	182.986	1.23726e-05	606.567	1	0	0	1	
106.834	0.1	0.3	0	96.5396	182.974	1.35647e-05	182.974	1.35647e-05	606.615	1	0	0	1	
107.186	0.1	0.3	0	96.5472	182.962	1.92867e-05	182.962	1.92867e-05	606.664	1	0	0	1	
107.538	0.1	0.3	0	96.5549	182.95	8.36985e-06	182.95	8.36985e-06	606.711	1	0	0	1	
107.889	0.1	0.3	0	96.5625	182.938	9.74996e-06	182.938	9.74996e-06	606.759	1	0	0	1	
108.241	0.1	0.3	0	96.5701	182.926	5.97302e-06	182.926	5.97302e-06	606.807	1	0	0	1	
108.593	0.1	0.3	0	96.5776	182.914	1.55443e-05	182.914	1.55443e-05	606.854	1	0	0	1	
108.945	0.1	0.3	0	96.5852	182.902	1.44769e-05	182.902	1.44769e-05	606.901	1	0	0	1	
109.296	0.1	0.3	0	96.5926	182.89	1.60232e-06	182.89	1.60232e-06	606.948	1	0	0	1	
109.648	0.1	0.3	0	96.6001	182.878	7.20516e-06	182.878	7.20516e-06	606.995	1	0	0	1	
110	0.1	0.3	0	96.6075	182.867	1.6741e-05	182.867	1.6741e-05	607.042	1	0	0	1	
