44.5729	0.1	0.3	-100	0	0	0	0	0	0	1	2	0	1	
44.9246	0.1	0.3	-100	0	0	0	0	0	0	1	2	0	1	
45.2764	0.1	0.3	-100	0	0	0	0	0	0	1	2	0	1	
45.6281	0.1	0.3	-100	0	0	0	0	0	0	1	2	0	1	
45.9799	0.1	0.3	-100	0	0	0	0	0	0	1	2	0	1	
46.3317	0.1	0.3	-100	0	0	0	0	0	0	1	2	0	1	
46.6834	0.1	0.3	-100	0	0	0	0	0	0	1	2	0	1	
47.0352	0.1	0.3	-100	0	0	0	0	0	0	1	2	0	1	
47.3869	0.1	0.3	-100	0	0	0	0	0	0	1	2	0	1	
47.7387	0.1	0.3	-100	0	0	0	0	0	0	1	2	0	1	
48.0905	0.1	0.3	1	37.9202	-246.924	-3.43287e-05	8.13243e-05	262.993	37.9848	1	2	0	1	
48.4422	0.1	0.3	1	45.2878	-246.21	6.62667e-06	-3.44653e-07	261.781	45.3069	1	2	0	1	
48.794	0.1	0.3	1	49.5992	-245.587	-1.64892e-05	-9.8855e-06	260.774	49.6135	1	2	0	1	
49.1457	0.1	0.3	1	52.9892	-244.975	1.17025e-05	1.84726e-05	259.819	53.0124	1	2	0	1	
49.4975	0.1	0.3	1	55.8736	-244.362	2.07475e-05	-3.46273e-06	258.888	55.8859	1	2	0	1	
49.8492	0.1	0.3	1	58.4363	-243.742	-2.45161e-05	5.26244e-05	257.968	58.4434	1	2	0	1	
50.201	0.1	0.3	1	60.7658	-243.113	-2.8641e-05	1.30889e-05	257.054	60.7706	1	2	0	1	
50.5528	0.1	0.3	1	62.924	-242.473	-1.03244e-05	-4.10233e-05	256.14	62.9269	1	2	0	1	
50.9045	0.1	0.3	1	64.9412	241.823	-3.29056e-06	1.70116e-05	255.225	64.9432	1	2	0	1	
51.2563	0.1	0.3	1	66.8438	241.162	-6.10893e-06	-6.06351e-06	254.307	66.855	1	2	0	1	
51.608	0.1	0.3	1	68.6546	240.49	-3.64516e-05	-4.99969e-05	253.385	68.6634	1	2	0	1	
51.9598	0.1	0.3	1	70.3824	239.806	2.47395e-05	-1.16973e-05	252.458	70.3893	1	2	0	1	
52.3116	0.1	0.3	1	72.0405	239.112	8.5366e-06	-2.35358e-06	251.525	72.0461	1	2	0	1	
52.6633	0.1	0.3	1	73.6378	238.406	2.35772e-05	-4.16096e-06	250.586	73.6423	1	2	0	1	
53.0151	0.1	0.3	1	75.1812	237.689	4.83686e-06	-5.25034e-06	249.64	75.185	1	2	0	1	
53.3668	0.1	0.3	1	76.6768	236.96	7.84462e-05	-1.43805e-05	248.687	76.6799	1	2	0	1	
53.7186	0.1	0.3	1	78.1292	236.219	-9.31795e-06	1.97297e-05	247.726	78.1318	1	2	0	1	
54.0704	0.1	0.3	1	79.5427	235.468	1.33861e-06	-3.83601e-07	246.758	79.5449	1	2	0	1	
54.4221	0.1	0.3	1	80.9208	234.704	-8.12524e-06	4.58199e-06	245.782	80.9227	1	2	0	1	
54.7739	0.1	0.3	1	82.2665	233.929	-5.5303e-06	1.10503e-05	244.802	82.2682	1	2	0	1	
55.1256	0.1	0.3	1	83.5826	233.142	1.41265e-05	8.21525e-06	243.811	83.584	1	2	0	1	
55.4774	0.1	0.3	1	84.8712	232.343	-1.34473e-05	6.61102e-06	242.793	84.8724	1	2	0	1	
55.8291	0.1	0.3	1	86.1343	231.532	1.68733e-06	-7.61618e-06	241.773	86.1354	1	2	0	1	
56.1809	0.1	0.3	1	87.3738	230.71	2.96623e-06	-1.05757e-05	240.745	87.3747	1	2	0	1	
56.5327	0.1	0.3	1	88.5875	229.878	1.00557e-05	-3.71345e-05	239.708	88.5883	1	2	0	1	
56.8844	0.1	0.3	1	89.788	229.028	-7.31301e-07	9.50368e-06	238.66	89.7888	1	2	0	1	
57.2362	0.1	0.3	1	90.9656	228.169	-4.93078e-06	1.99537e-06	237.601	90.9662	1	2	0	1	
57.5879	0.1	0.3	1	92.125	227.298	-1.92005e-06	-9.30166e-06	236.532	92.1256	1	2	0	1	
57.9397	0.1	0.3	1	93.2673	226.414	-2.15172e-05	3.0014e-05	235.452	93.2679	1	2	0	1	
58.2915	0.1	0.3	1	94.3935	225.517	-4.81587e-06	2.05111e-05	234.361	94.394	1	2	0	1	
58.6432	0.1	0.3	1	95.5045	224.608	5.39855e-06	-2.72798e-06	233.259	95.5049	1	2	0	1	
58.995	0.1	0.3	1	96.601	223.686	1.09604e-05	-5.07682e-05	232.145	96.6013	1	2	0	1	
59.3467	0.1	0.3	1	97.6837	222.75	-3.97241e-05	6.38832e-06	231.019	97.6841	1	2	0	1	
59.6985	0.1	0.3	1	98.7534	221.802	6.08115e-06	2.23061e-07	229.881	98.7538	1	2	0	1	
60.0503	0.1	0.3	1	99.8107	220.841	-3.41444e-05	-5.0695e-05	228.731	99.811	1	2	0	1	
60.402	0.1	0.3	1	100.856	219.865	-7.74556e-06	-3.73849e-06	227.568	100.856	1	2	0	1	
60.7538	0.1	0.3	1	101.89	218.877	3.46463e-05	-2.13011e-05	226.392	101.891	1	2	0	1	
61.1055	0.1	0.3	1	102.914	217.874	1.3521e-05	3.74605e-06	225.204	102.914	1	2	0	1	
61.4573	0.1	0.3	1	103.926	216.857	-3.43245e-06	5.2438e-06	224.002	103.927	1	2	0	1	
61.809	0.1	0.3	1	104.93	215.826	-4.43808e-06	6.72502e-06	222.786	104.934	1	2	0	1	
62.1608	0.1	0.3	1	105.923	214.781	-7.68305e-06	-3.05569e-06	221.557	105.927	1	2	0	1	
62.5126	0.1	0.3	1	106.907	213.721	-5.60937e-06	8.01999e-06	220.314	106.911	1	2	0	1	
62.8643	0.1	0.3	1	107.883	212.646	-2.89593e-05	-1.96959e-05	219.056	107.886	1	2	0	1	
63.2161	0.1	0.3	1	108.849	211.556	-3.56738e-06	-1.12515e-05	217.784	108.853	1	2	0	1	
63.5678	0.1	0.3	1	109.808	210.451	1.00616e-05	1.4859e-05	216.497	109.811	1	2	0	1	
63.9196	0.1	0.3	1	110.759	209.33	-5.60934e-07	2.45867e-05	215.195	110.762	1	2	0	1	
64.2714	0.1	0.3	1	111.702	208.193	-7.03443e-06	3.42952e-05	213.877	111.705	1	2	0	1	
64.6231	0.1	0.3	1	112.637	207.041	-1.30425e-05	-1.09808e-05	212.544	112.64	1	2	0	1	
64.9749	0.1	0.3	1	113.566	205.871	-1.67061e-05	-1.9504e-05	211.194	113.569	1	2	0	1	
65.3266	0.1	0.3	1	114.492	204.679	-1.97484e-05	1.63241e-05	209.827	114.495	1	2	0	1	
65.6784	0.1	0.3	1	115.402	203.483	1.43236e-05	1.87639e-05	208.445	115.405	1	2	0	1	
66.0302	0.1	0.3	1	116.311	202.262	-2.97139e-06	-5.18667e-06	207.044	116.313	1	2	0	1	
66.3819	0.1	0.3	1	117.213	201.025	2.0016e-05	-5.65796e-06	205.626	117.215	1	2	0	1	
66.7337	0.1	0.3	1	118.108	199.769	-1.67373e-05	1.55129e-05	204.191	118.11	1	2	0	1	
67.0854	0.1	0.3	1	118.998	198.495	5.23895e-05	7.23782e-07	202.736	119	1	2	0	1	
67.4372	0.1	0.3	1	119.882	197.202	-3.19521e-05	-1.15108e-07	201.263	119.884	1	2	0	1	
67.7889	0.1	0.3	1	120.76	195.889	-3.74454e-05	1.4835e-05	199.771	120.762	1	2	0	1	
68.1407	0.1	0.3	1	121.632	194.558	4.83044e-07	-4.43038e-06	198.259	121.634	1	2	0	1	
68.4925	0.1	0.3	1	122.499	193.206	7.22681e-06	-9.45671e-06	196.726	122.501	1	2	0	1	
68.8442	0.1	0.3	1	123.361	191.834	-7.92402e-06	1.12779e-06	195.173	123.363	1	2	0	1	
69.196	0.1	0.3	1	124.218	190.441	9.97481e-06	-5.0763e-05	193.599	124.219	1	2	0	1	
69.5477	0.1	0.3	1	125.069	189.027	-5.6826e-06	-3.71533e-06	192.002	125.071	1	2	0	1	
69.8995	0.1	0.3	1	125.916	187.591	4.99783e-06	-1.7915e-05	190.384	125.917	1	2	0	1	
70.2513	0.1	0.3	1	126.757	186.132	-3.75528e-05	-2.07499e-06	188.742	126.759	1	2	0	1	
70.603	0.1	0.3	1	127.594	184.651	2.12281e-05	-2.57909e-05	187.076	127.595	1	2	0	1	
70.9548	0.1	0.3	1	128.426	183.146	3.72069e-05	-1.53729e-05	185.387	128.427	1	2	0	1	
71.3065	0.1	0.3	1	129.254	181.608	-2.42821e-06	8.88062e-07	183.672	129.255	1	2	0	1	
71.6583	0.1	0.3	1	130.077	180.028	-8.29976e-06	-1.14991e-05	181.931	130.078	1	2	0	1	
72.0101	0.1	0.3	1	130.894	178.483	2.07424e-05	-1.30153e-05	180.164	130.895	1	2	0	1	
72.3618	0.1	0.3	1	131.708	176.876	-9.56361e-06	-2.42579e-06	178.369	131.709	1	2	0	1	
72.7136	0.1	0.3	1	132.517	175.242	4.91891e-06	-2.69753e-06	176.546	132.518	1	2	0	1	
73.0653	0.1	0.3	1	133.322	173.581	3.4243e-05	2.0924e-06	174.694	133.323	1	2	0	1	
73.4171	0.1	0.3	1	134.123	171.892	-9.26528e-07	-2.13756e-05	172.811	134.124	1	2	0	1	
73.7688	0.1	0.3	1	134.92	170.172	1.98409e-08	3.21197e-05	170.897	134.92	1	2	0	1	
74.1206	0.1	0.3	1	135.713	168.397	-3.04779e-05	-5.1104e-06	168.95	135.714	1	2	0	1	
74.4724	0.1	0.3	1	136.5	166.643	1.23199e-06	1.17109e-05	166.971	136.5	1	2	0	1	
74.8241	0.1	0.3	1	137.283	164.829	9.90134e-06	-9.31189e-06	164.956	137.284	1	2	0	1	
75.1759	0.1	0.3	1	138.063	162.983	4.39291e-05	-1.15564e-05	162.905	138.063	1	2	0	1	
75.5276	0.1	0.3	1	138.838	161.102	2.00412e-05	2.31083e-05	160.816	138.838	1	2	0	1	
75.8794	0.1	0.3	1	139.609	159.186	-9.63959e-06	-8.04108e-06	158.688	139.609	1	2	0	1	
76.2312	0.1	0.3	1	140.375	157.234	1.11186e-05	4.23599e-06	156.52	140.376	1	2	0	1	
76.5829	0.1	0.3	1	141.137	155.245	1.50507e-05	1.4737e-05	154.308	141.138	1	2	0	1	
76.9347	0.1	0.3	1	141.895	153.218	-2.70493e-06	-2.74725e-06	152.052	141.896	1	2	0	1	
77.2864	0.1	0.3	1	142.649	151.153	4.64508e-05	-1.97729e-05	149.749	142.649	1	2	0	1	
77.6382	0.1	0.3	1	143.397	149.052	4.23218e-06	-1.59945e-05	147.397	143.398	1	2	0	1	
77.9899	0.1	0.3	1	144.141	146.92	3.59406e-06	-3.06583e-05	144.994	144.141	1	2	0	1	
78.3417	0.1	0.3	1	144.88	144.774	-3.16611e-05	1.81704e-05	142.536	144.88	1	2	0	1	
78.6935	0.1	0.3	1	145.613	142.9	-1.6168e-05	5.49226e-06	140.022	145.613	1	2	0	1	
79.0452	0.1	0.3	1	146.341	140.167	1.5661e-05	-2.17669e-05	137.448	146.341	1	2	0	1	
79.397	0.1	0.3	1	147.065	137.734	1.04747e-05	-5.74464e-06	134.808	147.066	1	2	0	1	
79.7487	0.1	0.3	1	147.785	135.251	-1.73269e-05	-1.76021e-05	132.101	147.786	1	2	0	1	
80.1005	0.1	0.3	1	148.5	132.789	4.35488e-07	1.68236e-05	129.32	148.501	1	2	0	1	
80.4523	0.1	0.3	1	149.211	130.082	-6.96205e-07	-4.78397e-06	126.462	149.211	1	2	0	1	
80.804	0.1	0.3	1	149.916	127.404	-1.31119e-05	-5.58556e-06	123.521	149.916	1	2	0	1	
81.1558	0.1	0.3	1	150.615	124.625	1.56887e-06	9.7745e-06	120.49	150.616	1	2	0	1	
81.5075	0.1	0.3	1	151.309	121.777	-3.25973e-05	5.4069e-06	117.362	151.309	1	2	0	1	
81.8593	0.1	0.3	1	151.997	118.832	-4.35377e-05	9.06489e-06	114.129	151.997	1	2	0	1	
82.2111	0.1	0.3	1	152.687	115.745	-9.11432e-06	3.09434e-06	110.776	152.688	1	2	0	1	
82.5628	0.1	0.3	1	153.362	112.587	-1.45171e-05	-2.03059e-05	107.303	153.363	1	2	0	1	
82.9146	0.1	0.3	1	154.03	109.31	-1.93068e-05	2.16201e-05	103.691	154.03	1	2	0	1	
83.2663	0.1	0.3	1	154.69	105.9	-4.66957e-06	3.46501e-05	99.9255	154.69	1	2	0	1	
83.6181	0.1	0.3	1	155.34	102.345	-1.2125e-05	-1.34524e-06	95.9889	155.341	1	2	0	1	
83.9698	0.1	0.3	1	155.981	98.6261	-1.92436e-05	1.66902e-05	91.8599	155.981	1	2	0	1	
84.3216	0.1	0.3	1	156.611	94.7243	-1.69619e-05	-1.22859e-05	87.5143	156.611	1	2	0	1	
84.6734	0.1	0.3	1	157.228	90.6134	1.0067e-05	-2.31234e-05	82.9349	157.228	1	2	0	1	
85.0251	0.1	0.3	1	157.831	86.2576	2.88517e-05	2.90346e-06	78.1895	157.831	1	2	0	1	
85.3769	0.1	0.3	1	158.416	81.6239	-5.61689e-06	4.75319e-06	72.645	158.416	1	2	0	1	
85.7286	0.1	0.3	1	158.977	76.6903	1.93897e-05	1.87438e-05	66.7762	158.977	1	2	0	1	
86.0804	0.1	0.3	1	159.508	71.4062	1.63223e-05	1.01925e-05	60.306	159.509	1	2	0	1	
86.4322	0.1	0.3	1	160	65.7381	-2.68544e-05	-7.71029e-06	52.9983	160	1	2	0	1	
86.7839	0.1	0.3	1	160.433	59.7248	-1.75323e-05	3.96001e-06	44.4322	160.433	1	2	0	1	
87.1357	0.1	0.3	1	160.776	53.7515	1.01202e-05	1.90031e-05	33.6618	160.776	1	2	0	1	
87.4874	0.1	0.3	1	160.97	49.5276	1.59696e-06	-8.44052e-06	16.9156	160.97	1	2	0	1	
87.8392	0.1	0.3	1	160.995	49.3269	1.98555e-07	-6.33212e-08	-9.32543e-06	160.995	1	2	0	1	
88.191	0.1	0.3	1	161.023	49.0378	1.66232e-05	-1.21689e-05	-2.8968e-06	161.023	1	2	0	1	
88.5427	0.1	0.3	1	161.042	48.9772	2.80028e-05	-1.17799e-06	-3.30617e-05	161.042	1	2	0	1	
88.8945	0.1	0.3	1	161.06	48.9224	3.82057e-06	1.99404e-05	-5.52055e-05	161.06	1	2	0	1	
89.2462	0.1	0.3	1	161.077	48.8727	-2.2546e-05	4.24318e-06	-5.63669e-06	161.077	1	2	0	1	
89.598	0.1	0.3	1	161.094	48.8275	9.33883e-06	-8.65634e-06	-2.16243e-05	161.094	1	2	0	1	
89.9497	0.1	0.3	1	161.11	48.7864	-9.66642e-06	7.22339e-06	-1.455e-05	161.11	1	2	0	1	
90.3015	0.1	0.3	1	161.126	48.749	1.35028e-05	-1.36995e-06	2.23362e-05	161.126	1	2	0	1	
90.6533	0.1	0.3	1	161.142	48.7154	-1.12643e-05	1.53381e-05	-3.98497e-05	161.142	1	2	0	1	
91.005	0.1	0.3	1	161.157	48.6854	3.85896e-07	1.66681e-05	-2.35805e-05	161.157	1	2	0	1	
91.3568	0.1	0.3	1	161.172	48.6598	-4.99362e-06	-1.65554e-05	2.54355e-05	161.172	1	2	0	1	
91.7085	0.1	0.3	1	161.187	48.6371	4.36288e-06	-2.24044e-05	-1.08814e-05	161.187	1	2	0	1	
92.0603	0.1	0.3	1	161.201	48.6287	-4.10453e-06	-1.18552e-05	1.31885e-05	161.201	1	2	0	1	
92.4121	0.1	0.3	1	161.216	48.6011	-1.48447e-05	8.96944e-06	2.02798e-05	161.216	1	2	0	1	
92.7638	0.1	0.3	1	161.23	48.7095	1.46687e-05	-4.83685e-06	-8.34426e-06	161.23	1	2	0	1	
93.1156	0.1	0.3	1	161.244	48.6122	6.44735e-06	1.92028e-06	2.36774e-05	161.244	1	2	0	1	
93.4673	0.1	0.3	3	161.394	-45.954	6.6064e-06	44.4816	-9.58904e-06	161.394	1	2	0	1	
93.8191	0.1	0.3	1	161.266	48.5794	1.32575e-05	-1.08634e-05	3.59811e-06	161.266	1	2	0	1	
94.1709	0.1	0.3	1	161.287	48.1926	-1.06554e-05	-7.22351e-06	1.78047e-05	161.287	1	2	0	1	
94.5226	0.1	0.3	1	161.298	48.1355	9.61495e-06	-7.60922e-06	1.4397e-06	161.298	1	2	0	1	
94.8744	0.1	0.3	1	161.308	48.112	6.68079e-06	1.98294e-05	6.8421e-06	161.308	1	2	0	1	
95.2261	0.1	0.3	1	161.316	48.1698	-1.53635e-05	-1.97174e-05	-1.01612e-05	161.316	1	2	0	1	
95.5779	0.1	0.3	1	161.324	48.2003	2.30139e-06	-1.1982e-05	2.08483e-06	161.324	1	2	0	1	
95.9296	0.1	0.3	1	161.333	48.2073	-1.01559e-05	2.02884e-05	1.7093e-05	161.333	1	2	0	1	
96.2814	0.1	0.3	1	161.342	48.2074	-1.55011e-06	-1.88855e-05	3.57503e-06	161.342	1	2	0	1	
96.6332	0.1	0.3	1	161.352	48.2031	1.41768e-05	-1.50943e-05	1.24381e-06	161.352	1	2	0	1	
96.9849	0.1	0.3	1	161.361	48.1968	-1.06155e-05	-2.42998e-05	1.31899e-05	161.361	1	2	0	1	
97.3367	0.1	0.3	1	161.37	48.1891	-3.05919e-06	1.38626e-05	6.74206e-06	161.37	1	2	0	1	
97.6884	0.1	0.3	1	161.38	48.1807	-3.06096e-06	2.1715e-05	-7.15066e-07	161.38	1	2	0	1	
98.0402	0.1	0.3	1	161.389	48.1719	1.27248e-06	1.13511e-05	3.36635e-06	161.389	1	2	0	1	
98.392	0.1	0.3	1	161.398	48.1627	-8.38651e-06	6.06106e-06	-1.22595e-06	161.398	1	2	0	1	
98.7437	0.1	0.3	1	161.407	48.1533	2.14344e-06	8.32842e-06	-1.12072e-05	161.407	1	2	0	1	
99.0955	0.1	0.3	1	161.416	48.144	-9.82488e-06	8.0616e-06	9.06766e-06	161.416	1	2	0	1	
99.4472	0.1	0.3	1	161.425	48.1347	1.08778e-06	1.37007e-05	1.45692e-05	161.425	1	2	0	1	
99.799	0.1	0.3	1	161.434	48.1254	-4.50065e-06	-1.24427e-05	1.026e-05	161.434	1	2	0	1	
100.151	0.1	0.3	1	161.443	48.1162	-8.77177e-06	-3.01424e-06	-6.80838e-06	161.443	1	2	0	1	
100.503	0.1	0.3	1	161.452	48.1071	-1.27899e-05	2.5456e-05	6.98063e-06	161.452	1	2	0	1	
100.854	0.1	0.3	1	161.46	48.0982	3.20622e-06	1.16776e-05	-1.39254e-05	161.46	1	2	0	1	
101.206	0.1	0.3	1	161.469	48.0893	-3.89002e-06	-2.44964e-05	-4.0182e-06	161.469	1	2	0	1	
101.558	0.1	0.3	1	161.477	48.0807	1.47131e-05	5.81533e-06	8.58288e-06	161.477	1	2	0	1	
101.91	0.1	0.3	1	161.486	48.0722	-8.36619e-06	-1.54031e-05	-9.86019e-07	161.486	1	2	0	1	
102.261	0.1	0.3	1	161.494	48.0639	3.08835e-06	-7.34264e-06	-1.42006e-05	161.494	1	2	0	1	
102.613	0.1	0.3	1	161.502	48.0557	-9.73492e-06	2.37646e-05	1.27024e-05	161.502	1	2	0	1	
102.965	0.1	0.3	1	161.51	48.0476	1.75144e-05	1.46316e-05	-1.54756e-05	161.51	1	2	0	1	
103.317	0.1	0.3	1	161.518	48.0396	1.24086e-05	-5.04523e-06	-1.4488e-05	161.518	1	2	0	1	
103.668	0.1	0.3	1	161.526	48.0319	7.53664e-06	1.12054e-06	4.37145e-06	161.526	1	2	0	1	
104.02	0.1	0.3	1	161.534	48.0244	4.23417e-06	-2.66595e-05	-1.07027e-06	161.534	1	2	0	1	
104.372	0.1	0.3	1	161.542	48.0168	5.91793e-06	2.44557e-05	1.16246e-06	161.542	1	2	0	1	
104.724	0.1	0.3	1	161.55	48.0095	-3.79617e-06	2.59087e-05	1.1021e-06	161.55	1	2	0	1	
105.075	0.1	0.3	1	161.558	48.0023	1.11355e-05	-1.63632e-05	-1.74601e-05	161.558	1	2	0	1	
105.427	0.1	0.3	1	161.565	47.9954	9.04726e-07	-2.59886e-05	-2.27652e-05	161.565	1	2	0	1	
105.779	0.1	0.3	1	161.573	47.9884	-7.96841e-06	6.93028e-06	-1.59879e-05	161.573	1	2	0	1	
106.131	0.1	0.3	1	161.58	47.9816	-9.99351e-06	-1.49844e-05	6.33368e-06	161.58	1	2	0	1	
106.482	0.1	0.3	1	161.588	47.975	-4.95585e-06	-2.27671e-05	-2.00759e-05	161.588	1	2	0	1	
106.834	0.1	0.3	1	161.595	47.9684	-4.93948e-06	2.62939e-05	5.37309e-06	161.595	1	2	0	1	
107.186	0.1	0.3	1	161.602	47.962	2.04391e-06	1.15884e-05	4.05704e-06	161.602	1	2	0	1	
107.538	0.1	0.3	1	161.61	47.9556	-1.02985e-05	1.36398e-05	2.07947e-05	161.61	1	2	0	1	
107.889	0.1	0.3	1	161.617	47.9495	-2.13068e-06	1.13674e-05	1.61345e-07	161.617	1	2	0	1	
108.241	0.1	0.3	1	161.624	47.9434	4.99191e-06	9.83712e-06	-8.47127e-06	161.624	1	2	0	1	
108.593	0.1	0.3	1	161.631	47.9375	9.84319e-06	-1.36193e-05	-1.55903e-05	161.631	1	2	0	1	
108.945	0.1	0.3	1	161.638	47.9315	3.38511e-06	-6.30058e-06	9.58787e-06	161.638	1	2	0	1	
109.296	0.1	0.3	1	161.645	47.9258	4.52377e-06	1.81691e-05	-2.63615e-06	161.645	1	2	0	1	
109.648	0.1	0.3	1	161.652	47.9201	-4.63543e-06	-1.40133e-05	-1.46186e-05	161.652	1	2	0	1	
110	0.1	0.3	1	161.659	47.9145	1.2849e-05	-2.25904e-05	8.21608e-08	161.659	1	2	0	1	
