40	0.1	0.3	-2	0	0	0	0	0	173	1	2	0	1	
40.35175879396985	0.1	0.3	-2	0	0	0	0	0	173	1	2	0	1	
40.7035175879397	0.1	0.3	-2	0	0	0	0	0	173	1	2	0	1	
41.05527638190955	0.1	0.3	-2	0	0	0	0	0	173	1	2	0	1	
41.4070351758794	0.1	0.3	-2	0	0	0	0	0	173	1	2	0	1	
41.75879396984924	0.1	0.3	-2	0	0	0	0	0	173	1	2	0	1	
42.11055276381909	0.1	0.3	-2	0	0	0	0	0	173	1	2	0	1	
42.46231155778894	0.1	0.3	-2	0	0	0	0	0	173	1	2	0	1	
42.81407035175879	0.1	0.3	-2	0	0	0	0	0	173	1	2	0	1	
43.16582914572864	0.1	0.3	-2	0	0	0	0	0	173	1	2	0	1	
43.51758793969849	0.1	0.3	-2	0	0	0	0	0	173	1	2	0	1	
43.86934673366834	0.1	0.3	-2	0	0	0	0	0	173	1	2	0	1	
44.22110552763819	0.1	0.3	-2	0	0	0	0	0	173	1	2	0	1	
44.57286432160804	0.1	0.3	-2	0	0	0	0	0	173	1	2	0	1	
44.92462311557789	0.1	0.3	-2	0	0	0	0	0	173	1	2	0	1	
45.27638190954774	0.1	0.3	1	28.13153521242884	-247.4610003335988	4.469980622645586e-06	1.098771172566069e-05	266.0218907193256	173	1	2	0	1	
45.62814070351759	0.1	0.3	1	35.12366988029527	-247.2100239646059	-5.369481466128978e-06	-2.316180141656891e-06	265.2808444007779	173	1	2	0	1	
45.97989949748744	0.1	0.3	1	39.83306903852902	-246.8926514216334	-2.396105198704257e-05	1.861673715464196e-05	264.533486784194	173	1	2	0	1	
46.33165829145729	0.1	0.3	1	43.5712495172718	-246.5313651874567	7.648898161225219e-05	6.835434151801489e-06	263.7795200111247	173	1	2	0	1	
46.68341708542714	0.1	0.3	1	46.74858332246981	-246.1363389103566	7.184938531873668e-06	-1.316694352726695e-05	263.0185403000939	173	1	2	0	1	
47.03517587939699	0.1	0.3	1	49.55346146461073	-245.7133878555106	1.630627334308489e-06	-3.469723728418425e-06	262.2502235866994	173	1	2	0	1	
47.38693467336684	0.1	0.3	1	52.08985620712927	-245.266288273418	1.791326466075993e-05	1.021219294095738e-05	261.4743404273791	173	1	2	0	1	
47.73869346733668	0.1	0.3	1	54.42192236798549	-244.7976383769006	4.064638807213528e-06	-4.103208415789927e-05	260.6906483781477	173	1	2	0	1	
48.09045226130653	0.1	0.3	1	56.59235372575134	-244.3093626928667	-4.945282230883752e-06	9.197106708753663e-06	259.8990591334281	173	1	2	0	1	
48.44221105527638	0.1	0.3	1	58.6311629224731	-243.8028966435711	2.953490177837192e-05	-7.690050790862689e-06	259.0993387032598	173	1	2	0	1	
48.79396984924623	0.1	0.3	1	60.55785237239283	-243.2800933232687	7.885610707525359e-06	3.948273909085666e-06	258.291603312816	173	1	2	0	1	
49.14572864321608	0.1	0.3	1	62.39653091593107	-242.7396982897633	-5.649522844652921e-06	-3.142998649473261e-06	257.4751690527497	173	1	2	0	1	
49.49748743718593	0.1	0.3	1	64.15274830322338	-242.1845330638864	1.975169704415691e-05	-9.893872984667595e-06	256.6504298857633	173	1	2	0	1	
49.84924623115578	0.1	0.3	1	65.83922561461986	-241.6145103584025	2.920281253926404e-05	-2.103781236523217e-05	255.8171141880197	173	1	2	0	1	
50.20100502512562	0.1	0.3	1	67.46235768818475	-241.0308277178775	-7.417940545613455e-05	1.932686265027073e-06	254.9752602329219	173	1	2	0	1	
50.55276381909547	0.1	0.3	1	69.03484675551769	-240.4316816543312	8.516856950400287e-06	-1.955728902255927e-06	254.1243075543375	173	1	2	0	1	
50.90452261306532	0.1	0.3	1	70.55655381085826	-239.8195832895397	-8.220833755196569e-06	-4.302454793081445e-05	253.2645846876551	173	1	2	0	1	
51.25628140703517	0.1	0.3	1	72.03424037849211	-239.1940797224157	-1.225493239454672e-05	-2.946410901483176e-06	252.3958232772684	173	1	2	0	1	
51.60804020100502	0.1	0.3	1	73.4720054180512	-238.5554103475877	-6.664543559672942e-06	4.267110791489163e-05	251.5179684916909	173	1	2	0	1	
51.95979899497488	0.1	0.3	1	74.87337208438592	-237.9037437618899	-7.185984331248285e-06	-2.154196268433495e-05	250.6308414134976	173	1	2	0	1	
52.31155778894473	0.1	0.3	1	76.24139322913859	-237.2392224804125	-5.480218258191449e-06	2.112861687503763e-06	249.7343630678618	173	1	2	0	1	
52.66331658291458	0.1	0.3	1	77.57873344562492	-236.5619933671682	-1.784594924419871e-05	-7.000564966382766e-06	248.8284029400039	173	1	2	0	1	
53.01507537688443	0.1	0.3	1	78.88773372075553	-235.8721523449892	-1.689234343772716e-06	1.097418276617412e-05	247.912853022372	173	1	2	0	1	
53.36683417085428	0.1	0.3	1	80.1704629788471	-235.1697421690172	-1.201839160813777e-05	-4.352963704157276e-06	246.9876320960808	173	1	2	0	1	
53.71859296482413	0.1	0.3	1	81.42875960366445	-234.4548437164017	2.273507779588754e-05	-1.776865289361218e-06	246.0525745545615	173	1	2	0	1	
54.07035175879397	0.1	0.3	1	82.66426521351002	-233.7275079751999	2.105685745823482e-06	2.171802257078682e-05	245.1075897416571	173	1	2	0	1	
54.42211055276382	0.1	0.3	1	83.8784523795758	-232.9877230744163	2.120727421663277e-05	4.8441380844505e-06	244.1525312058386	173	1	2	0	1	
54.77386934673367	0.1	0.3	1	85.07264755425598	-232.2355105432671	-7.447744495334141e-06	-1.473076462064904e-05	243.1872930014815	173	1	2	0	1	
55.12562814070352	0.1	0.3	1	86.24805019648039	-231.4708374773296	5.888294873424016e-05	-1.753416212407072e-05	242.2117391081518	173	1	2	0	1	
55.47738693467337	0.1	0.3	1	87.40574880261195	-230.6937062849979	-1.438620456062638e-05	-4.726627450102328e-06	241.2257507132977	173	1	2	0	1	
55.82914572864322	0.1	0.3	1	88.54336991852196	-229.9064846700383	-5.39512529140751e-06	6.654552244023115e-06	240.2296230213882	173	1	2	0	1	
56.18090452261306	0.1	0.3	1	89.67186835141425	-229.101997696419	-7.651927832768852e-06	-1.967089276938561e-05	239.2219417997357	173	1	2	0	1	
56.53266331658291	0.1	0.3	1	90.78208257744785	-228.2872478642417	2.87106990880388e-05	-7.237852213256776e-07	238.2038573294005	173	1	2	0	1	
56.88442211055276	0.1	0.3	1	91.87807536444633	-227.4598289261332	-3.201482672155441e-05	-8.348804995561565e-06	237.1747981304567	173	1	2	0	1	
57.23618090452261	0.1	0.3	1	92.96054954034851	-226.6197084734108	1.451174325060867e-05	-2.319930158423134e-06	236.1346908424408	173	1	2	0	1	
57.58793969849246	0.1	0.3	1	94.03015935428732	225.7667495362825	1.138141351629323e-06	2.337353015735566e-05	235.0833573840269	173	1	2	0	1	
57.93969849246231	0.1	0.3	1	95.08749300048839	224.9008898050912	-3.416104421674442e-06	1.774431502484831e-05	234.0207094701546	173	1	2	0	1	
58.29145728643216	0.1	0.3	1	96.13311312907393	224.022033348747	3.358091208804925e-05	-1.763769015091513e-05	232.9466837226346	173	1	2	0	1	
58.64321608040201	0.1	0.3	1	97.16753971771342	223.1300732223472	1.658573399340724e-05	-2.093029923233569e-05	231.8612791641762	173	1	2	0	1	
58.99497487437186	0.1	0.3	1	98.1912574249364	222.2248388120254	4.24551690689671e-05	1.82160074295723e-05	230.764631160344	173	1	2	0	1	
59.34673366834171	0.1	0.3	1	99.20472310494952	221.3062135088035	-2.340806782397294e-05	1.115817919492001e-05	229.6570759029343	173	1	2	0	1	
59.69849246231156	0.1	0.3	1	100.2083936509529	220.3740499793839	-2.508217733002138e-05	2.642823413757911e-05	228.5552992742366	173	1	2	0	1	
60.05025125628141	0.1	0.3	1	101.2027154288544	219.4281062170799	-1.852773217311338e-05	-2.058830432365307e-05	227.4117808925524	173	1	2	0	1	
60.40201005025126	0.1	0.3	1	102.1878002174593	218.46848897034	-4.718686287479013e-06	1.661755748149935e-05	226.248881127325	173	1	2	0	1	
60.75376884422111	0.1	0.3	1	103.1640373948887	217.4950167995694	2.078352002801362e-05	4.454408179541125e-05	225.0815964074318	173	1	2	0	1	
61.10552763819096	0.1	0.3	1	104.1317754717764	216.5074834226748	1.899938003913082e-05	-3.59437959567277e-05	223.902405639948	173	1	2	0	1	
61.45728643216081	0.1	0.3	1	105.0913237999281	215.5056858460227	4.092557846085976e-06	6.605293743522367e-06	222.7103669207352	173	1	2	0	1	
61.80904522613065	0.1	0.3	1	106.010345606064	214.5119580594484	2.969804216834682e-05	1.919265931560332e-05	221.5124699856079	173	1	2	0	1	
62.1608040201005	0.1	0.3	1	106.9397526797414	213.491490007698	-1.541972759162933e-05	-1.614380969927544e-05	220.296866773001	173	1	2	0	1	
62.51256281407035	0.1	0.3	1	107.8655658384767	212.4537276307442	1.016689571431497e-05	3.050852758933187e-05	219.0663847270916	173	1	2	0	1	
62.8643216080402	0.1	0.3	1	108.7861434094126	211.3996721233559	1.693196523883285e-05	-5.877832568584873e-06	217.8211643569487	173	1	2	0	1	
63.21608040201005	0.1	0.3	1	109.701008259388	210.3296312328956	2.088259377974744e-06	5.637273912895147e-06	216.5610471573571	173	1	2	0	1	
63.5678391959799	0.1	0.3	1	110.6100159921791	209.2435312856391	-8.771800249496309e-06	1.884198032853224e-05	215.2858437707643	173	1	2	0	1	
63.91959798994975	0.1	0.3	1	111.5131551934246	208.1412935276123	3.499676059393053e-05	-2.987828296788231e-06	213.9952410651848	173	1	2	0	1	
64.2713567839196	0.1	0.3	1	112.4104766009498	207.0227484919963	-1.828681876372973e-05	8.182349309084069e-06	212.6889680631174	173	1	2	0	1	
64.62311557788945	0.1	0.3	1	113.3020622747011	205.8877176075053	-5.785147368853223e-05	9.533285882202397e-06	211.3667784613647	173	1	2	0	1	
64.9748743718593	0.1	0.3	1	114.188010339669	204.7359375928863	1.325774476196306e-05	-5.802414446143267e-06	210.0283306048121	173	1	2	0	1	
65.32663316582915	0.1	0.3	1	115.0684243086015	203.5671669945999	4.987119327782077e-05	3.215560189562695e-06	208.6732962521744	173	1	2	0	1	
65.678391959799	0.1	0.3	1	115.9434117701225	202.3811322679468	5.106720117321753e-05	1.844623457745997e-05	207.3013541083956	173	1	2	0	1	
66.03015075376885	0.1	0.3	1	116.8130818489642	201.1775557933007	-2.255675036194172e-05	1.541587274514478e-06	205.91214483786	173	1	2	0	1	
66.3819095477387	0.1	0.3	1	117.67754224287	199.9560869156899	8.73346572764222e-05	-1.653720023359756e-05	204.5052868162702	173	1	2	0	1	
66.73366834170855	0.1	0.3	1	118.5368982241662	198.7164460648327	-1.622566063036457e-06	-1.133645688493161e-05	203.0804270464247	173	1	2	0	1	
67.0854271356784	0.1	0.3	1	119.3912517119356	197.4582661255089	2.299173405308219e-06	2.713598036657961e-05	201.6371341145571	173	1	2	0	1	
67.43718592964825	0.1	0.3	1	120.2407011224564	196.1811948181692	1.038967160816879e-05	-1.777102919717569e-06	200.1749912885667	173	1	2	0	1	
67.78894472361809	0.1	0.3	1	121.0853396263222	194.8848018561376	-3.099587605749979e-06	-9.668270682319118e-07	198.6936192818365	173	1	2	0	1	
68.14070351758794	0.1	0.3	1	121.9252582568692	193.5687685986186	-1.943320068304429e-05	-1.864797883975589e-05	197.1924740035044	173	1	2	0	1	
68.49246231155779	0.1	0.3	1	122.7605424049909	192.2326327198309	9.310856384177118e-06	-4.040135800909006e-07	195.6711282723963	173	1	2	0	1	
68.84422110552764	0.1	0.3	1	123.5912734613183	190.8759437820595	-1.002374132072622e-05	1.910188293209603e-05	194.1290866205209	173	1	2	0	1	
69.19597989949749	0.1	0.3	1	124.4175285075335	189.4982679189172	3.491049669080565e-05	-3.724153037065747e-06	192.5658029193582	173	1	2	0	1	
69.54773869346734	0.1	0.3	1	125.2393802300008	188.0991044365673	3.191558818931711e-05	3.505837816164536e-07	190.9807480275716	173	1	2	0	1	
69.89949748743719	0.1	0.3	1	126.0568970188543	186.6779407181948	3.805002621870557e-07	1.729833889578536e-05	189.3733414780306	173	1	2	0	1	
70.25125628140704	0.1	0.3	1	126.8701428803619	185.2342929465557	-1.247172215024239e-05	3.608147531032613e-05	187.742980762867	173	1	2	0	1	
70.60301507537689	0.1	0.3	1	127.679177468577	183.767552380628	-1.861951184603701e-05	-2.222243404956248e-05	186.0890150443772	173	1	2	0	1	
70.95477386934674	0.1	0.3	1	128.4840560909795	182.2771351590296	-1.576731848000189e-05	-1.39458103497192e-06	184.4108195244027	173	1	2	0	1	
71.30653266331659	0.1	0.3	1	129.2848286649578	180.7624791185978	1.711309097489349e-05	-1.621925891214654e-05	182.7076618489021	173	1	2	0	1	
71.65829145728644	0.1	0.3	1	130.0815385917699	179.2229160285139	-3.148732951173405e-06	9.798488578214443e-06	180.9788210685665	173	1	2	0	1	
72.01005025125627	0.1	0.3	1	130.8742301092988	177.6577288123236	2.461780098935579e-06	2.345315943745596e-05	179.2234757244803	173	1	2	0	1	
72.36180904522612	0.1	0.3	1	131.6629068235178	176.0683341765046	3.915163213508155e-05	1.974563519785769e-05	177.4408530306247	173	1	2	0	1	
72.71356783919597	0.1	0.3	1	132.4476833718865	174.5880252165275	-4.68157154276394e-06	3.639792942233822e-05	175.6300541401102	173	1	2	0	1	
73.06532663316582	0.1	0.3	1	133.228584069353	172.8022838880911	1.012719616975272e-05	-1.396275956187798e-05	173.7901545223272	173	1	2	0	1	
73.41708542713567	0.1	0.3	1	134.0055558781717	171.1263748246408	-1.270039885642449e-05	-4.965488881337327e-07	171.9201911817603	173	1	2	0	1	
73.76884422110552	0.1	0.3	1	134.7786478326173	169.4218764509371	-8.258307640403306e-06	-8.724613802427172e-06	170.019081399651	173	1	2	0	1	
74.12060301507537	0.1	0.3	1	135.547871153142	167.6869760248871	-2.521445941190605e-05	1.4447675289464e-05	168.0857788744298	173	1	2	0	1	
74.47236180904522	0.1	0.3	1	136.3132335643376	165.9205610223565	-1.069055242065506e-06	4.394991909292129e-06	166.119064664415	173	1	2	0	1	
74.82412060301507	0.1	0.3	1	137.0763265622743	164.074827232959	-1.441364778977106e-05	3.235107997219544e-07	164.1171865465368	173	1	2	0	1	
75.17587939698493	0.1	0.3	1	137.8323469066494	162.2904321049775	6.296577367059797e-06	2.453452578828931e-06	162.0803771407541	173	1	2	0	1	
75.52763819095478	0.1	0.3	1	138.5860698426407	160.4242457434788	1.086554487761448e-06	8.428312033486283e-06	160.0055688672234	173	1	2	0	1	
75.87939698492463	0.1	0.3	1	139.3358702894766	158.5228289336012	-2.91597422236653e-05	-1.101086808377597e-05	157.8918054108033	173	1	2	0	1	
76.23115577889448	0.1	0.3	1	140.0817063707118	156.5851760067291	-1.131746995364225e-05	2.122498588955997e-05	155.7374330731024	173	1	2	0	1	
76.58291457286433	0.1	0.3	1	140.8235199878424	154.6103912470888	1.060611150504459e-05	1.074360111297593e-05	153.5406453738065	173	1	2	0	1	
76.93467336683418	0.1	0.3	1	141.5612280542787	152.5980045910665	9.426947348976922e-06	1.373129671469091e-05	151.2995468615626	173	1	2	0	1	
77.28643216080403	0.1	0.3	1	142.2946929318715	150.5481520705428	1.595488398547194e-05	-4.049396975513986e-06	149.0120583550547	173	1	2	0	1	
77.63819095477388	0.1	0.3	1	143.0236910522804	148.462678943485	-1.601183531363877e-05	3.69472217614901e-06	146.6759995332119	173	1	2	0	1	
77.98994974874373	0.1	0.3	1	143.7483823105904	146.3465594018434	6.569321674186959e-08	-3.853906477357949e-05	144.2888209899476	173	1	2	0	1	
78.34170854271358	0.1	0.3	1	144.4683907224294	144.2287474714426	-5.778734492069282e-07	-1.990118802915747e-06	141.8479280170387	173	1	2	0	1	
78.69346733668343	0.1	0.3	1	145.1864803312035	142.0375496079908	1.557666721185152e-05	-1.486270958094005e-05	139.3492517676119	173	1	2	0	1	
79.04522613065328	0.1	0.3	1	145.8930977100408	139.6035657961334	-7.618492723156234e-05	-1.607837032735482e-06	136.7933683070185	173	1	2	0	1	
79.39698492462313	0.1	0.3	1	146.5998412144256	137.1921665507903	3.246335072997115e-07	1.146100247773063e-05	134.171898761807	173	1	2	0	1	
79.74874371859298	0.1	0.3	1	147.3022689128668	134.7464484430434	3.433056694591204e-05	1.044561798346777e-05	131.4826530432045	173	1	2	0	1	
80.10050251256283	0.1	0.3	1	148.0001439393022	132.306982457247	2.360813178619886e-05	-1.120608174842719e-05	128.7212312996153	173	1	2	0	1	
80.45226130653268	0.1	0.3	1	148.6931905422145	129.5978770938714	1.919740141922976e-07	1.032474892065957e-05	125.8827620801498	173	1	2	0	1	
80.80402010050251	0.1	0.3	1	149.3812210205473	126.9515190521261	-2.343907540319941e-05	1.120932124490381e-05	122.9615995011388	173	1	2	0	1	
81.15577889447236	0.1	0.3	1	150.0640928077898	124.186810932509	1.247337928798886e-05	-8.65764603075192e-06	119.9514875685151	173	1	2	0	1	
81.50753768844221	0.1	0.3	1	150.7414005667054	121.3562505668858	1.592085875268484e-05	-4.313861959522568e-06	116.8453177954416	173	1	2	0	1	
81.85929648241206	0.1	0.3	1	151.4128276638458	118.4310113098871	-1.475538033979262e-07	-1.265208542390172e-05	113.6350073520782	173	1	2	0	1	
82.21105527638191	0.1	0.3	1	152.0877738586838	115.3605828539328	5.235566295766492e-06	8.988509350204947e-06	110.3058678209494	173	1	2	0	1	
82.56281407035176	0.1	0.3	1	152.747269083093	112.2215951549111	-4.490457010586368e-05	-2.199770458444911e-05	106.8568216232044	173	1	2	0	1	
82.91457286432161	0.1	0.3	1	153.3996140140325	108.9628252956684	-2.104960774129694e-05	8.510766886557497e-06	103.2705441410939	173	1	2	0	1	
83.26633165829146	0.1	0.3	1	154.0441674539878	105.5726675972913	2.510941775272878e-05	2.023483597574094e-05	99.53198546274012	173	1	2	0	1	
83.6180904522613	0.1	0.3	1	154.6801513429439	102.0367611112307	2.365637077103577e-06	-3.816934058022137e-07	95.62343383626624	173	1	2	0	1	
83.96984924623115	0.1	0.3	1	155.3066140853738	98.33823863235968	4.761899610617219e-05	4.366306615797427e-07	91.52391658749545	173	1	2	0	1	
84.321608040201	0.1	0.3	1	155.922385365095	94.4568011902504	-1.065919816733985e-05	-5.261546724425609e-06	87.20942767423116	173	1	2	0	1	
84.67336683417085	0.1	0.3	1	156.5260584891586	90.36670942401747	3.728880987485805e-06	-1.70885738978643e-05	82.66338487825689	173	1	2	0	1	
85.0251256281407	0.1	0.3	1	157.1162429782535	86.0324504805713	2.785509891899526e-05	1.824651995135929e-05	77.86806413726252	173	1	2	0	1	
85.37688442211055	0.1	0.3	1	157.6896713537809	81.41893387847674	1.28389423270231e-05	-2.143055860706752e-05	72.45206357512076	173	1	2	0	1	
85.7286432160804	0.1	0.3	1	158.2396726772209	76.50492817237213	-1.381441789748833e-06	-2.023489820587171e-05	66.62932734904125	173	1	2	0	1	
86.08040201005025	0.1	0.3	1	158.7609318328472	71.23810341569751	-3.105571459605279e-05	1.644491153551808e-05	60.20833071771409	173	1	2	0	1	
86.4321608040201	0.1	0.3	1	159.2436266459663	65.58138740586192	-3.435651645641781e-05	-9.175598348905301e-06	52.9575735697728	173	1	2	0	1	
86.78391959798995	0.1	0.3	1	159.6707620283373	59.56473054026872	3.597355116883444e-05	5.985559957247255e-06	44.46076486995027	173	1	2	0	1	
87.1356783919598	0.1	0.3	1	160.0107238425413	53.55106213841771	8.702623178139489e-06	1.218862314002894e-05	33.78676878241789	173	1	2	0	1	
87.48743718592965	0.1	0.3	1	160.2065496506821	49.21447131977086	1.611329245087894e-06	7.114790672065635e-06	17.28913048450422	173	1	2	0	1	
87.8391959798995	0.1	0.3	1	160.2328549581619	48.9566441545368	-1.202841259981399e-05	1.779005127675951e-06	7.11568380938265e-05	173	1	2	0	1	
88.19095477386935	0.1	0.3	1	160.2589802292743	48.68518976452032	1.910465720103907e-06	7.977739064347238e-07	2.281452707898965e-05	173	1	2	0	1	
88.5427135678392	0.1	0.3	1	160.2771168468747	48.62584124530326	-4.185516201767286e-06	6.335269632925661e-06	-1.049723717258984e-05	173	1	2	0	1	
88.89447236180905	0.1	0.3	1	160.294590016077	48.57231512098915	5.530002620528912e-07	4.675431040250852e-06	2.354596836094781e-05	173	1	2	0	1	
89.2462311557789	0.1	0.3	1	160.3114704824232	48.52391962516533	5.861390249688715e-06	1.334137664963587e-05	2.24728777762453e-05	173	1	2	0	1	
89.59798994974875	0.1	0.3	1	160.3278193834213	48.47997387233855	-1.274377317189018e-05	1.39948396098016e-05	-2.479557636383507e-05	173	1	2	0	1	
89.9497487437186	0.1	0.3	1	160.3436908547862	48.44016955499448	-5.913296534584833e-07	-6.683432273939625e-06	1.941691110403939e-06	173	1	2	0	1	
90.30150753768845	0.1	0.3	1	160.3591337856943	48.40411770142165	5.050224737701905e-06	4.308424930442967e-06	2.2755161731221e-05	173	1	2	0	1	
90.6532663316583	0.1	0.3	1	160.3741939308846	48.371799146703	6.294468802348074e-06	2.441564597759373e-05	8.408851731217166e-06	173	1	2	0	1	
91.00502512562815	0.1	0.3	1	160.3889150085201	48.34328635051035	5.974983699252867e-06	-1.922634960429029e-05	-1.902777002345029e-05	173	1	2	0	1	
91.356783919598	0.1	0.3	1	160.403345029579	48.31896378600427	3.630780752796742e-06	1.883097366471368e-05	-1.224452552516104e-05	173	1	2	0	1	
91.70854271356785	0.1	0.3	1	160.4175249818857	48.29873490238519	-1.787028585503725e-05	-2.424046553711932e-05	2.117259970510069e-05	173	1	2	0	1	
92.0603015075377	0.1	0.3	1	160.4315525343493	48.28988610675205	-1.650358047333711e-06	1.884056058666685e-07	-1.502352370455197e-05	173	1	2	0	1	
92.41206030150755	0.1	0.3	1	160.4453876400252	48.2751651873029	-9.211871862820943e-06	7.565912877341552e-06	5.503077677786563e-06	173	1	2	0	1	
92.76381909547739	0.1	0.3	1	160.459686267874	48.3513776583922	1.01817367183488e-05	1.32518229926355e-05	1.080408996870245e-05	173	1	2	0	1	
93.11557788944724	0.1	0.3	1	160.4737675122816	49.53022380578653	-2.839097537681182e-06	-2.32539731947338e-05	-1.583742844498855e-05	173	1	2	0	1	
93.46733668341709	0.1	0.3	3	160.4882515200939	48.27601131970781	-1.631822410116033e-07	-1.643065313436081e-05	1.324864623018544e-05	173	1	2	0	1	
93.81909547738694	0.1	0.3	1	160.5027321395962	47.95628878267449	1.552619211857374e-05	2.401049913142322e-05	9.902453251476957e-06	173	1	2	0	1	
94.17085427135679	0.1	0.3	1	160.5144912061211	47.85814013777349	-1.519048949158127e-05	-7.054336203368967e-06	-5.978577681773932e-06	173	1	2	0	1	
94.52261306532664	0.1	0.3	1	160.5249547165457	47.79954882506684	8.71697074355561e-06	1.801806327071044e-05	2.147575075858504e-05	173	1	2	0	1	
94.87437185929649	0.1	0.3	1	160.5346080742359	47.77737097801125	1.12283751777971e-05	-1.127282671803974e-05	4.947740930188982e-06	173	1	2	0	1	
95.22613065326634	0.1	0.3	1	160.5412730895836	47.84338544022336	-3.30414478772606e-06	-1.898027141888602e-05	9.187893072786322e-06	173	1	2	0	1	
95.57788944723617	0.1	0.3	1	160.5489649287094	47.88149219744002	-2.87964680756661e-06	-1.679220084939959e-05	-1.472417730488051e-05	173	1	2	0	1	
95.92964824120602	0.1	0.3	1	160.5579326354028	47.88268697967935	-2.701224160871207e-06	-1.569059346393176e-05	-1.450586399804407e-05	173	1	2	0	1	
96.28140703517587	0.1	0.3	1	160.5668876408839	47.88326732960296	-6.480179586143922e-06	8.929562142263308e-06	-1.133705425215259e-05	173	1	2	0	1	
96.63316582914572	0.1	0.3	1	160.5759655099726	47.87877139852867	-7.990371398754669e-06	-1.035905652308425e-05	-1.021538562589309e-05	173	1	2	0	1	
96.98492462311557	0.1	0.3	1	160.585029687107	47.87278199010023	8.411060539596825e-06	1.725107673584092e-05	-6.829821738437122e-06	173	1	2	0	1	
97.33668341708542	0.1	0.3	1	160.5940661078791	47.86558401955915	-1.298027979150236e-05	1.770709503917823e-05	1.645756216705373e-06	173	1	2	0	1	
97.68844221105527	0.1	0.3	1	160.603049166068	47.85760532382561	1.350324776890023e-05	1.369255619640508e-05	6.772308067565594e-06	173	1	2	0	1	
98.04020100502512	0.1	0.3	1	160.6119678150742	47.84929029477291	4.443333833614206e-06	1.28455688915262e-06	1.228901906676758e-05	173	1	2	0	1	
98.39195979899498	0.1	0.3	1	160.6208136848607	47.84076041000051	1.284733421980964e-05	-2.034090836400879e-05	-4.047014093469884e-06	173	1	2	0	1	
98.74371859296483	0.1	0.3	1	160.6295820999396	47.83201636098102	1.097082449478386e-05	6.327606642173204e-07	-7.870424071563782e-06	173	1	2	0	1	
99.09547738693468	0.1	0.3	1	160.6382703053518	47.82332142694469	-3.735069493770809e-07	-1.511116640221304e-05	-2.719624820046151e-05	173	1	2	0	1	
99.44723618090453	0.1	0.3	1	160.6468768083256	47.81463980887803	1.33388786401731e-05	1.485092849991379e-05	-1.800637519694053e-05	173	1	2	0	1	
99.79899497487438	0.1	0.3	1	160.6554008372472	47.80596805251624	1.874021289261633e-05	-6.648368001493617e-06	-1.023467732306054e-05	173	1	2	0	1	
100.1507537688442	0.1	0.3	1	160.6638423920969	47.79738677707891	-6.661665805847937e-06	1.174179517133701e-05	1.231288611846076e-05	173	1	2	0	1	
100.5025125628141	0.1	0.3	1	160.6722021104034	47.78903398121534	-5.813126265697029e-06	4.952787198813177e-06	-5.990760886331973e-06	173	1	2	0	1	
100.8542713567839	0.1	0.3	1	160.6804807220896	47.7807686731603	-9.578966427192066e-06	-6.670526761200643e-06	-3.83187415788467e-06	173	1	2	0	1	
101.2060301507538	0.1	0.3	1	160.6886793102792	47.77265834904505	-6.326921987373025e-06	7.512449929826553e-06	-3.120372252717821e-06	173	1	2	0	1	
101.5577889447236	0.1	0.3	1	160.6967990009435	47.76466775429073	-1.055437294057043e-05	9.538940409138212e-06	-5.190374375099526e-06	173	1	2	0	1	
101.9095477386935	0.1	0.3	1	160.7048412384842	47.75683532829335	-8.09947759784497e-06	6.916506934468445e-06	-2.853932886664546e-05	173	1	2	0	1	
102.2613065326633	0.1	0.3	1	160.71280724387	47.74903066172907	5.828451447670302e-06	1.651087226867068e-05	1.181496820296669e-05	173	1	2	0	1	
102.6130653266332	0.1	0.3	1	160.7206986052842	47.74153389372077	-1.760230481630265e-05	-1.531386759740347e-05	-5.343366262725318e-06	173	1	2	0	1	
102.964824120603	0.1	0.3	1	160.7285166510537	47.73409618943682	-9.531325106567658e-06	1.299572068363499e-05	3.44885192450799e-06	173	1	2	0	1	
103.3165829145729	0.1	0.3	1	160.7362629121133	47.72687028542432	2.431049251891415e-06	1.649656764352905e-05	7.994954223825422e-06	173	1	2	0	1	
103.6683417085427	0.1	0.3	1	160.7439388132636	47.71979392131826	1.920941122522234e-06	2.168066765411058e-05	9.51613556302502e-06	173	1	2	0	1	
104.0201005025126	0.1	0.3	1	160.7515458656353	47.71285207285796	7.445362370852211e-06	-1.377236872803915e-05	2.175363890150732e-05	173	1	2	0	1	
104.3718592964824	0.1	0.3	1	160.7590855220814	47.70604278363612	8.079810360219711e-07	4.151223052872789e-05	-3.950258025802738e-06	173	1	2	0	1	
104.7236180904523	0.1	0.3	1	160.7665590577573	47.69931954261786	2.411322591671381e-06	-3.332905980225408e-06	-1.478041377788654e-05	173	1	2	0	1	
105.0753768844221	0.1	0.3	1	160.773967985316	47.69277351696537	-2.093978423656218e-06	1.755809457113491e-05	6.703889505966568e-07	173	1	2	0	1	
105.427135678392	0.1	0.3	1	160.7813135315172	47.68635548489298	6.126044696399538e-06	-2.571308039311211e-05	1.986047665389748e-05	173	1	2	0	1	
105.7788944723618	0.1	0.3	1	160.7885971414706	47.68002083380144	-4.124931966852314e-06	-2.371096106193381e-05	3.91251886889995e-07	173	1	2	0	1	
106.1306532663317	0.1	0.3	1	160.7958200081006	47.67375380810847	1.308799135277261e-06	1.517652057293764e-06	8.70260135191628e-06	173	1	2	0	1	
106.4824120603015	0.1	0.3	1	160.8029835499685	47.66780836515699	5.043057595671002e-06	2.986767970722603e-05	-1.259071863052473e-05	173	1	2	0	1	
106.8341708542714	0.1	0.3	1	160.8100888473845	47.66186946579482	-1.082976521057233e-05	-7.770584334780925e-06	8.112787356811374e-06	173	1	2	0	1	
107.1859296482412	0.1	0.3	1	160.8171371198808	47.65593814714556	1.377994967499338e-05	-1.943948883021695e-05	-1.118125386743905e-05	173	1	2	0	1	
107.5376884422111	0.1	0.3	1	160.8241295818105	47.65022042473829	1.541261197993138e-05	1.968895858859749e-05	-1.555154927738351e-05	173	1	2	0	1	
107.8894472361809	0.1	0.3	1	160.8310672376277	47.6446894275394	-1.057307677049257e-06	3.860268088922928e-06	1.899098806406496e-05	173	1	2	0	1	
108.2412060301508	0.1	0.3	1	160.8379512645147	47.63918956995388	1.016923166145996e-05	2.555838789382921e-05	-6.616250295450452e-06	173	1	2	0	1	
108.5929648241206	0.1	0.3	1	160.8447826830755	47.6336733781952	6.013784947443007e-06	-6.671470479535297e-06	-8.353684172631322e-06	173	1	2	0	1	
108.9447236180905	0.1	0.3	1	160.8515626412886	47.62843898486626	3.672333318201736e-06	2.081628195905849e-05	3.579390025692495e-06	173	1	2	0	1	
109.2964824120603	0.1	0.3	1	160.8582919367409	47.62323696785713	3.210149932767609e-07	2.451405490675665e-05	5.239084309889064e-06	173	1	2	0	1	
109.6482412060301	0.1	0.3	1	160.8649717455457	47.61815925961848	-3.319214201220888e-06	1.352093804534821e-05	5.862346949217608e-06	173	1	2	0	1	
110	0.1	0.3	1	160.8716028875619	47.61314631756339	-3.958872333479843e-06	6.194905719039361e-06	-1.33925876908971e-06	173	1	2	0	1	
