40	0.1	0.3	-2	0	0	0	0	0	173	1	2	0	1	
40.3518	0.1	0.3	-2	0	0	0	0	0	173	1	2	0	1	
40.7035	0.1	0.3	-2	0	0	0	0	0	173	1	2	0	1	
41.0553	0.1	0.3	-2	0	0	0	0	0	173	1	2	0	1	
41.407	0.1	0.3	-2	0	0	0	0	0	173	1	2	0	1	
41.7588	0.1	0.3	-2	0	0	0	0	0	173	1	2	0	1	
42.1106	0.1	0.3	-2	0	0	0	0	0	173	1	2	0	1	
42.4623	0.1	0.3	-2	0	0	0	0	0	173	1	2	0	1	
42.8141	0.1	0.3	-2	0	0	0	0	0	173	1	2	0	1	
43.1658	0.1	0.3	1	19.4651	-245.573	-2.06619e-05	1.30569e-06	266.965	173	1	2	0	1	
43.5176	0.1	0.3	1	30.5474	-245.411	-2.04704e-05	1.07082e-05	266.274	173	1	2	0	1	
43.8693	0.1	0.3	1	36.0249	-245.166	2.28638e-05	-1.21319e-06	265.574	173	1	2	0	1	
44.2211	0.1	0.3	1	40.051	-244.875	1.47167e-05	6.99516e-06	264.869	173	1	2	0	1	
44.5729	0.1	0.3	1	43.3478	-244.549	1.12983e-05	-1.99191e-05	264.157	173	1	2	0	1	
44.9246	0.1	0.3	1	46.1929	-244.196	6.38233e-06	-3.75343e-06	263.439	173	1	2	0	1	
45.2764	0.1	0.3	1	48.7282	-243.819	-2.48692e-06	5.21755e-06	262.714	173	1	2	0	1	
45.6281	0.1	0.3	1	51.033	-243.421	-6.99263e-06	5.24101e-05	261.982	173	1	2	0	1	
45.9799	0.1	0.3	1	53.1601	-243.004	-6.25695e-06	-9.52549e-06	261.243	173	1	2	0	1	
46.3317	0.1	0.3	1	55.1448	-242.57	-8.3142e-06	4.76599e-06	260.497	173	1	2	0	1	
46.6834	0.1	0.3	1	57.0126	-242.12	-9.80303e-06	-9.85888e-06	259.743	173	1	2	0	1	
47.0352	0.1	0.3	1	58.7823	-241.654	1.03492e-05	1.17681e-05	258.981	173	1	2	0	1	
47.3869	0.1	0.3	1	60.4648	-241.175	-5.29802e-07	7.339e-06	258.212	173	1	2	0	1	
47.7387	0.1	0.3	1	62.0798	240.681	8.96894e-06	1.831e-06	257.435	173	1	2	0	1	
48.0905	0.1	0.3	1	63.6323	240.172	1.24909e-05	-1.79498e-05	256.65	173	1	2	0	1	
48.4422	0.1	0.3	1	65.1268	239.651	3.96828e-06	-1.09018e-05	255.856	173	1	2	0	1	
48.794	0.1	0.3	1	66.5715	239.118	-1.5595e-06	-4.12602e-05	255.055	173	1	2	0	1	
49.1457	0.1	0.3	1	67.9715	238.571	-1.49595e-05	2.85424e-06	254.245	173	1	2	0	1	
49.4975	0.1	0.3	1	69.3311	238.013	-4.89374e-05	4.07781e-05	253.427	173	1	2	0	1	
49.8492	0.1	0.3	1	70.6541	237.442	-2.05306e-05	-1.60746e-05	252.601	173	1	2	0	1	
50.201	0.1	0.3	1	71.9436	236.859	-1.64458e-06	-1.14488e-06	251.765	173	1	2	0	1	
50.5528	0.1	0.3	1	73.2023	236.265	-1.80078e-05	9.06073e-06	250.922	173	1	2	0	1	
50.9045	0.1	0.3	1	74.4327	235.659	-2.22156e-05	-2.29288e-05	250.069	173	1	2	0	1	
51.2563	0.1	0.3	1	75.637	235.041	-1.76336e-05	8.81202e-06	249.207	173	1	2	0	1	
51.608	0.1	0.3	1	76.8169	234.412	2.74744e-05	8.80033e-06	248.337	173	1	2	0	1	
51.9598	0.1	0.3	1	77.9743	233.771	-4.84723e-06	-6.60778e-06	247.457	173	1	2	0	1	
52.3116	0.1	0.3	1	79.1105	233.119	-1.28937e-05	5.28807e-06	246.568	173	1	2	0	1	
52.6633	0.1	0.3	1	80.227	232.455	4.55673e-05	1.8171e-06	245.67	173	1	2	0	1	
53.0151	0.1	0.3	1	81.3249	231.78	-2.07986e-05	6.06194e-06	244.763	173	1	2	0	1	
53.3668	0.1	0.3	1	82.4054	231.093	1.829e-05	-1.20633e-05	243.846	173	1	2	0	1	
53.7186	0.1	0.3	1	83.4694	230.395	-1.9018e-05	2.62897e-05	242.919	173	1	2	0	1	
54.0704	0.1	0.3	1	84.5179	229.685	1.09858e-05	2.17807e-05	241.982	173	1	2	0	1	
54.4221	0.1	0.3	1	85.5516	228.964	-2.63731e-05	-2.40805e-05	241.036	173	1	2	0	1	
54.7739	0.1	0.3	1	86.5714	228.232	-7.64154e-06	-6.67844e-06	240.08	173	1	2	0	1	
55.1256	0.1	0.3	1	87.578	227.487	8.27354e-05	1.09977e-05	239.113	173	1	2	0	1	
55.4774	0.1	0.3	1	88.572	226.732	-4.72362e-06	-4.77674e-05	238.136	173	1	2	0	1	
55.8291	0.1	0.3	1	89.554	225.964	1.31998e-05	-1.07228e-05	237.149	173	1	2	0	1	
56.1809	0.1	0.3	1	90.5245	225.185	-4.23757e-06	-1.83384e-05	236.152	173	1	2	0	1	
56.5327	0.1	0.3	1	91.4841	224.393	7.2982e-06	1.05848e-05	235.144	173	1	2	0	1	
56.8844	0.1	0.3	1	92.4332	223.59	-7.11643e-06	-4.93631e-05	234.126	173	1	2	0	1	
57.2362	0.1	0.3	1	93.3723	222.775	2.60746e-05	1.63405e-05	233.097	173	1	2	0	1	
57.5879	0.1	0.3	1	94.3018	221.948	1.42567e-05	-2.00551e-05	232.059	173	1	2	0	1	
57.9397	0.1	0.3	1	95.2278	221.103	-3.41016e-06	-1.26653e-05	231.014	173	1	2	0	1	
58.2915	0.1	0.3	1	96.1375	220.252	7.16994e-05	1.34679e-05	229.95	173	1	2	0	1	
58.6432	0.1	0.3	1	97.0391	219.388	-1.85278e-06	1.92951e-05	228.864	173	1	2	0	1	
58.995	0.1	0.3	1	97.9313	218.514	1.13297e-05	-1.7631e-05	227.772	173	1	2	0	1	
59.3467	0.1	0.3	1	98.818	217.624	-4.03249e-05	-5.11228e-06	226.668	173	1	2	0	1	
59.6985	0.1	0.3	1	99.697	216.721	4.52023e-06	-1.49829e-05	225.553	173	1	2	0	1	
60.0503	0.1	0.3	1	100.569	215.805	-1.41204e-05	-8.07318e-06	224.425	173	1	2	0	1	
60.402	0.1	0.3	1	101.433	214.876	3.87019e-06	3.49411e-05	223.285	173	1	2	0	1	
60.7538	0.1	0.3	1	102.29	213.934	-8.26188e-05	7.76054e-06	222.132	173	1	2	0	1	
61.1055	0.1	0.3	1	103.141	212.978	7.67681e-06	4.33171e-06	220.967	173	1	2	0	1	
61.4573	0.1	0.3	1	103.986	212.008	6.02981e-06	6.11298e-06	219.788	173	1	2	0	1	
61.809	0.1	0.3	1	104.823	211.025	1.95522e-05	-3.23845e-05	218.595	173	1	2	0	1	
62.1608	0.1	0.3	1	105.655	210.027	1.56203e-05	6.31064e-06	217.389	173	1	2	0	1	
62.5126	0.1	0.3	1	106.481	209.016	4.20581e-06	-1.81766e-06	216.168	173	1	2	0	1	
62.8643	0.1	0.3	1	107.301	207.989	-7.67551e-08	-6.39525e-06	214.934	173	1	2	0	1	
63.2161	0.1	0.3	1	108.116	206.949	-1.04042e-05	1.61249e-05	213.685	173	1	2	0	1	
63.5678	0.1	0.3	1	108.925	205.893	-2.18872e-05	-8.35899e-06	212.421	173	1	2	0	1	
63.9196	0.1	0.3	1	109.735	204.813	-1.06885e-05	1.12725e-05	211.141	173	1	2	0	1	
64.2714	0.1	0.3	1	110.529	203.732	8.5897e-06	-1.25183e-05	209.847	173	1	2	0	1	
64.6231	0.1	0.3	1	111.32	202.633	-1.06124e-06	6.8959e-06	208.537	173	1	2	0	1	
64.9749	0.1	0.3	1	112.108	201.515	1.56741e-05	-9.30732e-06	207.211	173	1	2	0	1	
65.3266	0.1	0.3	1	112.891	200.381	8.32283e-06	8.51011e-06	205.869	173	1	2	0	1	
65.6784	0.1	0.3	1	113.67	199.23	-7.35203e-05	-1.93569e-05	204.51	173	1	2	0	1	
66.0302	0.1	0.3	1	114.444	198.063	8.24997e-06	9.97265e-06	203.134	173	1	2	0	1	
66.3819	0.1	0.3	1	115.213	196.878	-1.93239e-05	2.32023e-05	201.74	173	1	2	0	1	
66.7337	0.1	0.3	1	115.978	195.676	6.52302e-06	1.46849e-05	200.329	173	1	2	0	1	
67.0854	0.1	0.3	1	116.739	194.456	-4.1324e-05	-7.95832e-06	198.899	173	1	2	0	1	
67.4372	0.1	0.3	1	117.495	193.218	-4.7827e-06	-2.03631e-06	197.451	173	1	2	0	1	
67.7889	0.1	0.3	1	118.247	191.961	1.31324e-05	4.61918e-06	195.984	173	1	2	0	1	
68.1407	0.1	0.3	1	118.995	190.686	3.81525e-05	4.4138e-06	194.498	173	1	2	0	1	
68.4925	0.1	0.3	1	119.739	189.391	2.82116e-06	-7.34515e-06	192.991	173	1	2	0	1	
68.8442	0.1	0.3	1	120.478	188.076	4.34897e-05	-2.31279e-06	191.464	173	1	2	0	1	
69.196	0.1	0.3	1	121.214	186.741	6.46948e-06	-7.91089e-05	189.916	173	1	2	0	1	
69.5477	0.1	0.3	1	121.946	185.386	-6.7878e-06	7.96894e-05	188.347	173	1	2	0	1	
69.8995	0.1	0.3	1	122.674	184.009	-2.01507e-05	-1.9806e-06	186.755	173	1	2	0	1	
70.2513	0.1	0.3	1	123.398	182.611	-1.65485e-05	3.09644e-05	185.141	173	1	2	0	1	
70.603	0.1	0.3	1	124.118	181.191	-1.94603e-05	-4.20906e-05	183.503	173	1	2	0	1	
70.9548	0.1	0.3	1	124.834	179.747	-2.41148e-05	-1.7305e-05	181.842	173	1	2	0	1	
71.3065	0.1	0.3	1	125.547	178.281	4.00926e-05	-1.5697e-05	180.155	173	1	2	0	1	
71.6583	0.1	0.3	1	126.256	176.79	2.45783e-05	1.99725e-05	178.444	173	1	2	0	1	
72.0101	0.1	0.3	1	126.961	175.275	-1.32242e-05	1.0189e-05	176.706	173	1	2	0	1	
72.3618	0.1	0.3	1	127.663	173.726	-7.44527e-06	1.57457e-05	174.941	173	1	2	0	1	
72.7136	0.1	0.3	1	128.361	172.175	1.91017e-06	-7.56962e-06	173.149	173	1	2	0	1	
73.0653	0.1	0.3	1	129.055	170.575	1.35477e-05	-1.25891e-05	171.327	173	1	2	0	1	
73.4171	0.1	0.3	1	129.746	168.954	-5.71818e-06	-9.8776e-06	169.476	173	1	2	0	1	
73.7688	0.1	0.3	1	130.433	167.305	-8.25248e-05	-7.67538e-06	167.594	173	1	2	0	1	
74.1206	0.1	0.3	1	131.116	165.627	-7.8871e-06	8.58287e-06	165.68	173	1	2	0	1	
74.4724	0.1	0.3	1	131.796	163.919	2.00009e-06	-1.5103e-05	163.733	173	1	2	0	1	
74.8241	0.1	0.3	1	132.472	162.167	-1.10793e-05	5.55824e-06	161.752	173	1	2	0	1	
75.1759	0.1	0.3	1	133.145	160.408	5.48754e-06	-5.59683e-06	159.735	173	1	2	0	1	
75.5276	0.1	0.3	1	133.813	158.604	-5.19221e-05	1.92839e-05	157.681	173	1	2	0	1	
75.8794	0.1	0.3	1	134.478	156.766	-2.91302e-05	8.22147e-06	155.588	173	1	2	0	1	
76.2312	0.1	0.3	1	135.139	154.894	-6.77915e-06	1.22422e-06	153.455	173	1	2	0	1	
76.5829	0.1	0.3	1	135.796	152.986	8.63125e-06	-1.68996e-06	151.28	173	1	2	0	1	
76.9347	0.1	0.3	1	136.449	151.042	1.50727e-06	7.19088e-06	149.061	173	1	2	0	1	
77.2864	0.1	0.3	1	137.098	149.062	-1.25581e-05	-1.76152e-05	146.796	173	1	2	0	1	
77.6382	0.1	0.3	1	137.743	147.049	-1.21002e-06	-1.67529e-05	144.483	173	1	2	0	1	
77.9899	0.1	0.3	1	138.383	145.007	-7.84702e-07	1.08644e-05	142.119	173	1	2	0	1	
78.3417	0.1	0.3	1	139.019	142.967	4.88877e-05	1.24523e-05	139.702	173	1	2	0	1	
78.6935	0.1	0.3	1	139.653	140.805	6.24409e-06	-7.2907e-06	137.227	173	1	2	0	1	
79.0452	0.1	0.3	1	140.275	138.493	-1.8841e-05	-7.771e-06	134.695	173	1	2	0	1	
79.397	0.1	0.3	1	140.898	136.165	7.66498e-06	-9.38461e-06	132.098	173	1	2	0	1	
79.7487	0.1	0.3	1	141.516	133.794	2.66237e-05	1.27321e-06	129.434	173	1	2	0	1	
80.1005	0.1	0.3	1	142.129	131.362	2.11358e-05	-2.28322e-06	126.698	173	1	2	0	1	
80.4523	0.1	0.3	1	142.737	128.897	-2.4147e-05	8.81182e-07	123.885	173	1	2	0	1	
80.804	0.1	0.3	1	143.339	126.308	-1.23927e-05	-1.4511e-05	120.99	173	1	2	0	1	
81.1558	0.1	0.3	1	143.936	123.686	-3.42202e-05	1.94263e-05	118.007	173	1	2	0	1	
81.5075	0.1	0.3	1	144.527	120.976	-1.22314e-05	-3.85626e-07	114.927	173	1	2	0	1	
81.8593	0.1	0.3	1	145.122	118.118	-1.61569e-05	1.07046e-05	111.739	173	1	2	0	1	
82.2111	0.1	0.3	1	145.701	115.209	1.12016e-05	6.67752e-06	108.441	173	1	2	0	1	
82.5628	0.1	0.3	1	146.273	112.207	-3.109e-05	8.7888e-06	105.019	173	1	2	0	1	
82.9146	0.1	0.3	1	146.837	109.092	1.97322e-05	2.34417e-06	101.459	173	1	2	0	1	
83.2663	0.1	0.3	1	147.392	105.858	4.23735e-06	-1.34725e-05	97.7461	173	1	2	0	1	
83.6181	0.1	0.3	1	147.938	102.493	-1.76416e-06	-7.49728e-06	93.8618	173	1	2	0	1	
83.9698	0.1	0.3	1	148.474	98.9819	-2.87928e-05	2.71313e-05	89.7842	173	1	2	0	1	
84.3216	0.1	0.3	1	148.997	95.3099	3.34288e-05	-1.55432e-05	85.4873	173	1	2	0	1	
84.6734	0.1	0.3	1	149.507	91.4578	9.68306e-06	5.04693e-06	80.941	173	1	2	0	1	
85.0251	0.1	0.3	1	150.001	87.4017	3.44745e-05	1.10324e-05	76.2046	173	1	2	0	1	
85.3769	0.1	0.3	1	150.477	83.111	-2.0469e-05	-1.94755e-05	70.8541	173	1	2	0	1	
85.7286	0.1	0.3	1	150.927	78.5905	2.63817e-06	1.96674e-05	64.9802	173	1	2	0	1	
86.0804	0.1	0.3	1	151.346	73.8271	-2.15397e-05	-2.15189e-08	58.5322	173	1	2	0	1	
86.4322	0.1	0.3	1	151.724	68.8548	-3.58168e-06	-8.21796e-06	51.214	173	1	2	0	1	
86.7839	0.1	0.3	1	152.044	63.8445	1.82424e-05	2.79724e-06	42.5542	173	1	2	0	1	
87.1357	0.1	0.3	1	152.281	59.3676	-3.05079e-05	-7.65824e-06	31.4229	173	1	2	0	1	
87.4874	0.1	0.3	1	152.398	56.9084	2.83189e-05	2.85246e-06	12.1173	173	1	2	0	1	
87.8392	0.1	0.3	1	152.417	56.7739	-1.14757e-05	5.19451e-07	-5.70353e-05	173	1	2	0	1	
88.191	0.1	0.3	1	152.434	56.7058	-1.0809e-05	-8.13348e-06	4.31783e-05	173	1	2	0	1	
88.5427	0.1	0.3	1	152.45	56.645	-4.92056e-06	1.38323e-05	-1.98717e-05	173	1	2	0	1	
88.8945	0.1	0.3	1	152.465	56.5904	-2.13289e-05	-1.37168e-05	3.11777e-05	173	1	2	0	1	
89.2462	0.1	0.3	1	152.48	56.5415	-6.9906e-06	7.14214e-06	-1.58373e-05	173	1	2	0	1	
89.598	0.1	0.3	1	152.495	56.4977	7.18144e-06	-1.4156e-06	-6.69145e-06	173	1	2	0	1	
89.9497	0.1	0.3	1	152.509	56.4598	-9.79192e-06	1.11204e-05	-1.01717e-05	173	1	2	0	1	
90.3015	0.1	0.3	1	152.523	56.4259	-1.55404e-05	5.85144e-06	-1.35788e-05	173	1	2	0	1	
90.6533	0.1	0.3	1	152.536	56.4067	-1.67316e-05	1.1832e-05	-3.03579e-05	173	1	2	0	1	
91.005	0.1	0.3	1	152.549	56.3734	-4.82488e-06	-1.29625e-05	-2.92504e-05	173	1	2	0	1	
91.3568	0.1	0.3	1	152.563	56.4402	1.11426e-05	2.28926e-05	-2.07892e-05	173	1	2	0	1	
91.7085	0.1	0.3	1	152.576	57.2185	2.79233e-05	2.12245e-05	-2.03782e-05	173	1	2	0	1	
92.0603	0.1	0.3	3	152.589	56.407	7.47065e-06	-6.90209e-06	-7.13873e-06	173	1	2	0	1	
92.4121	0.1	0.3	3	152.596	56.2549	2.32453e-06	-8.36784e-06	-1.52875e-05	173	1	2	0	1	
92.7638	0.1	0.3	1	152.614	56.0291	7.08277e-06	-2.01677e-05	-1.26182e-05	173	1	2	0	1	
93.1156	0.1	0.3	3	152.624	55.9467	-2.38648e-06	8.39414e-06	2.12601e-06	173	1	2	0	1	
93.4673	0.1	0.3	1	152.635	55.9005	-1.17531e-05	9.366e-06	1.78997e-05	173	1	2	0	1	
93.8191	0.1	0.3	1	152.644	55.871	-1.87321e-05	-1.5531e-05	-8.13905e-06	173	1	2	0	1	
94.1709	0.1	0.3	1	152.653	55.8589	4.87603e-06	1.54161e-05	-1.01762e-05	173	1	2	0	1	
94.5226	0.1	0.3	1	152.66	55.8917	1.41786e-05	-1.67999e-05	-1.71738e-05	173	1	2	0	1	
94.8744	0.1	0.3	1	152.668	55.9072	-5.10179e-06	9.18916e-06	9.04343e-06	173	1	2	0	1	
95.2261	0.1	0.3	1	152.676	55.9018	-7.85133e-06	2.19584e-05	-1.58746e-05	173	1	2	0	1	
95.5779	0.1	0.3	1	152.685	55.8955	-2.40096e-06	7.67163e-06	1.81634e-05	173	1	2	0	1	
95.9296	0.1	0.3	1	152.693	55.8864	-8.84509e-06	1.07547e-05	-2.53424e-06	173	1	2	0	1	
96.2814	0.1	0.3	1	152.702	55.8765	-5.09687e-07	-1.28584e-06	-1.22631e-05	173	1	2	0	1	
96.6332	0.1	0.3	1	152.71	55.8657	2.6667e-06	3.29721e-06	-8.30929e-06	173	1	2	0	1	
96.9849	0.1	0.3	1	152.718	55.8547	-9.00085e-06	-1.808e-05	-8.70856e-06	173	1	2	0	1	
97.3367	0.1	0.3	1	152.726	55.8435	-1.01276e-05	-8.63408e-07	3.67163e-06	173	1	2	0	1	
97.6884	0.1	0.3	1	152.734	55.8324	-3.49606e-06	1.17383e-05	1.41228e-05	173	1	2	0	1	
98.0402	0.1	0.3	1	152.743	55.8213	-9.47637e-06	2.20975e-05	7.40948e-06	173	1	2	0	1	
98.392	0.1	0.3	1	152.75	55.8103	-1.12079e-05	-1.85385e-05	-2.20466e-06	173	1	2	0	1	
98.7437	0.1	0.3	1	152.758	55.7994	-4.03074e-06	3.02529e-06	-1.02178e-05	173	1	2	0	1	
99.0955	0.1	0.3	1	152.766	55.7887	4.2714e-06	3.558e-06	1.03086e-05	173	1	2	0	1	
99.4472	0.1	0.3	1	152.774	55.7782	3.43959e-06	4.34245e-06	6.09103e-06	173	1	2	0	1	
99.799	0.1	0.3	1	152.781	55.768	8.06608e-07	-2.39197e-05	6.09047e-06	173	1	2	0	1	
100.151	0.1	0.3	1	152.789	55.7579	-1.87545e-06	-2.55976e-05	6.2067e-06	173	1	2	0	1	
100.503	0.1	0.3	1	152.796	55.748	-5.06037e-06	-9.75227e-06	-6.42453e-06	173	1	2	0	1	
100.854	0.1	0.3	1	152.804	55.7384	-5.82807e-06	7.48469e-06	-9.75854e-06	173	1	2	0	1	
101.206	0.1	0.3	1	152.811	55.7288	-1.83191e-05	1.32964e-05	-3.45259e-06	173	1	2	0	1	
101.558	0.1	0.3	1	152.818	55.7196	-2.02087e-05	-1.95371e-05	-7.17766e-06	173	1	2	0	1	
101.91	0.1	0.3	1	152.825	55.7106	-6.21577e-06	9.97289e-06	1.57871e-05	173	1	2	0	1	
102.261	0.1	0.3	1	152.832	55.7017	-4.38081e-06	1.44126e-05	-1.67415e-06	173	1	2	0	1	
102.613	0.1	0.3	1	152.839	55.693	7.14735e-06	-1.76551e-05	-2.06931e-05	173	1	2	0	1	
102.965	0.1	0.3	1	152.846	55.6846	-3.66872e-07	1.34355e-05	7.25636e-06	173	1	2	0	1	
103.317	0.1	0.3	1	152.853	55.6763	-3.62427e-06	-1.55554e-05	-8.32811e-06	173	1	2	0	1	
103.668	0.1	0.3	1	152.86	55.6681	-5.72583e-06	9.82426e-06	2.41846e-05	173	1	2	0	1	
104.02	0.1	0.3	1	152.867	55.6602	-1.59261e-05	-1.16235e-05	-2.27532e-06	173	1	2	0	1	
104.372	0.1	0.3	1	152.873	55.6524	4.57163e-06	-1.11854e-05	-4.62108e-06	173	1	2	0	1	
104.724	0.1	0.3	1	152.88	55.6448	-1.35278e-05	-3.50834e-06	-5.48519e-06	173	1	2	0	1	
105.075	0.1	0.3	1	152.886	55.6373	1.1699e-05	-2.42747e-05	-1.3589e-05	173	1	2	0	1	
105.427	0.1	0.3	1	152.893	55.63	4.86651e-06	-3.06056e-05	3.65985e-06	173	1	2	0	1	
105.779	0.1	0.3	1	152.899	55.6228	5.54467e-06	1.84584e-05	1.08849e-05	173	1	2	0	1	
106.131	0.1	0.3	1	152.906	55.6158	-4.95966e-06	-1.21357e-06	1.70631e-05	173	1	2	0	1	
106.482	0.1	0.3	1	152.912	55.6089	8.64623e-06	-1.5373e-05	4.77834e-06	173	1	2	0	1	
106.834	0.1	0.3	1	152.918	55.6021	5.25281e-06	-1.73554e-05	-2.61716e-06	173	1	2	0	1	
107.186	0.1	0.3	1	152.924	55.5955	2.6626e-06	-5.23286e-06	-3.76302e-06	173	1	2	0	1	
107.538	0.1	0.3	1	152.931	55.589	6.28663e-06	1.68513e-05	3.7997e-06	173	1	2	0	1	
107.889	0.1	0.3	1	152.937	55.5826	-1.72123e-06	2.00651e-05	5.43085e-06	173	1	2	0	1	
108.241	0.1	0.3	1	152.943	55.5763	1.2948e-05	-1.88986e-05	-1.14821e-05	173	1	2	0	1	
108.593	0.1	0.3	1	152.949	55.5701	1.1906e-05	8.987e-06	2.25352e-05	173	1	2	0	1	
108.945	0.1	0.3	1	152.955	55.5641	3.04513e-06	-1.75392e-05	1.29704e-06	173	1	2	0	1	
109.296	0.1	0.3	1	152.961	55.5583	6.65095e-07	9.63182e-06	1.56274e-05	173	1	2	0	1	
109.648	0.1	0.3	1	152.967	55.5524	5.60384e-07	-1.15269e-05	-1.52631e-06	173	1	2	0	1	
110	0.1	0.3	1	152.972	55.5466	-5.814e-06	-1.92562e-05	8.58203e-06	173	1	2	0	1	
