40	0.1	0.3	-2	0	0	0	0	0	173	0	0	0	1	
40.3518	0.1	0.3	-2	0	0	0	0	0	173	0	0	0	1	
40.7035	0.1	0.3	-2	0	0	0	0	0	173	0	0	0	1	
41.0553	0.1	0.3	-2	0	0	0	0	0	173	0	0	0	1	
41.407	0.1	0.3	-2	0	0	0	0	0	173	0	0	0	1	
41.7588	0.1	0.3	-2	0	0	0	0	0	173	0	0	0	1	
42.1106	0.1	0.3	-2	0	0	0	0	0	173	0	0	0	1	
42.4623	0.1	0.3	-2	0	0	0	0	0	173	0	0	0	1	
42.8141	0.1	0.3	-2	0	0	0	0	0	173	0	0	0	1	
43.1658	0.1	0.3	-2	0	0	0	0	0	173	0	0	0	1	
43.5176	0.1	0.3	-2	0	0	0	0	0	173	0	0	0	1	
43.8693	0.1	0.3	-2	0	0	0	0	0	173	0	0	0	1	
44.2211	0.1	0.3	-2	0	0	0	0	0	173	0	0	0	1	
44.5729	0.1	0.3	-2	0	0	0	0	0	173	0	0	0	1	
44.9246	0.1	0.3	1	27.6017	-247.15	-2.70838e-05	-2.31669e-05	267.31	173	0	0	0	1	
45.2764	0.1	0.3	1	33.9798	-246.768	-5.89587e-06	-2.09817e-05	266.535	173	0	0	0	1	
45.6281	0.1	0.3	1	38.4057	-246.348	1.04084e-05	-2.00744e-05	265.753	173	0	0	0	1	
45.9799	0.1	0.3	1	41.9509	-245.897	3.16252e-06	-3.23002e-07	264.964	173	0	0	0	1	
46.3317	0.1	0.3	1	44.976	-245.42	-5.74767e-06	-1.72843e-06	264.167	173	0	0	0	1	
46.6834	0.1	0.3	1	47.6517	-244.92	5.63346e-07	1.4428e-05	263.361	173	0	0	0	1	
47.0352	0.1	0.3	1	50.0737	-244.399	5.14185e-05	-2.734e-05	262.545	173	0	0	0	1	
47.3869	0.1	0.3	1	52.3017	-243.857	9.1017e-06	-2.05353e-06	261.72	173	0	0	0	1	
47.7387	0.1	0.3	1	54.3757	-243.297	2.26276e-05	2.04464e-05	260.885	173	0	0	0	1	
48.0905	0.1	0.3	1	56.3207	-242.719	1.47717e-06	2.21137e-05	260.041	173	0	0	0	1	
48.4422	0.1	0.3	1	58.1671	-242.121	2.99643e-06	1.90617e-05	259.185	173	0	0	0	1	
48.794	0.1	0.3	1	59.9213	-241.507	-1.12409e-05	-4.5424e-06	258.319	173	0	0	0	1	
49.1457	0.1	0.3	1	61.5986	240.875	-6.87286e-06	-6.71771e-06	257.443	173	0	0	0	1	
49.4975	0.1	0.3	1	63.209	240.226	-1.1431e-05	-1.41325e-05	256.555	173	0	0	0	1	
49.8492	0.1	0.3	1	64.7603	239.558	-9.55788e-06	3.94713e-06	255.656	173	0	0	0	1	
50.201	0.1	0.3	1	66.2591	238.873	-9.42008e-06	-1.23667e-05	254.745	173	0	0	0	1	
50.5528	0.1	0.3	1	67.711	238.167	1.08946e-05	-6.09534e-06	253.822	173	0	0	0	1	
50.9045	0.1	0.3	1	69.1205	237.441	1.58336e-05	-2.21948e-05	252.887	173	0	0	0	1	
51.2563	0.1	0.3	1	70.4918	236.69	1.53679e-05	-3.98428e-05	251.939	173	0	0	0	1	
51.608	0.1	0.3	1	71.8282	235.909	-2.12491e-05	4.13235e-05	250.979	173	0	0	0	1	
51.9598	0.1	0.3	1	73.1329	235.082	-7.63746e-06	-5.02791e-05	250.005	173	0	0	0	1	
52.3116	0.1	0.3	1	74.4093	234.041	5.44867e-07	3.3817e-05	249.017	173	0	0	0	1	
52.6633	0.1	0.3	1	75.6599	233.3	-9.08269e-06	7.29502e-06	248.014	173	0	0	0	1	
53.0151	0.1	0.3	1	76.8844	232.538	-7.0405e-06	3.82602e-05	246.997	173	0	0	0	1	
53.3668	0.1	0.3	1	78.0847	231.764	-5.00749e-06	-3.13126e-06	245.964	173	0	0	0	1	
53.7186	0.1	0.3	1	79.2621	230.979	1.36574e-05	1.03606e-05	244.915	173	0	0	0	1	
54.0704	0.1	0.3	1	80.4182	230.181	5.71832e-06	-9.9913e-06	243.849	173	0	0	0	1	
54.4221	0.1	0.3	1	81.5542	229.372	1.59819e-06	-3.09902e-06	242.766	173	0	0	0	1	
54.7739	0.1	0.3	1	82.6681	228.553	-2.6491e-06	-1.94371e-05	241.664	173	0	0	0	1	
55.1256	0.1	0.3	1	83.7697	227.718	1.11848e-05	-8.03387e-06	240.54	173	0	0	0	1	
55.4774	0.1	0.3	1	84.8511	226.874	1.07713e-05	-2.00966e-05	239.395	173	0	0	0	1	
55.8291	0.1	0.3	1	85.916	226.018	-2.2066e-05	1.37948e-05	238.226	173	0	0	0	1	
56.1809	0.1	0.3	1	86.9649	225.15	4.63099e-05	9.73349e-06	237.028	173	0	0	0	1	
56.5327	0.1	0.3	1	87.9986	224.271	1.10981e-05	-9.62404e-06	235.797	173	0	0	0	1	
56.8844	0.1	0.3	1	89.0172	223.381	-2.14482e-05	-3.13182e-06	234.525	173	0	0	0	1	
57.2362	0.1	0.3	1	90.0212	222.479	7.10506e-06	2.32328e-05	233.196	173	0	0	0	1	
57.5879	0.1	0.3	1	91.0104	-221.568	1.73474e-05	2.29592e-06	231.769	173	0	0	0	1	
57.9397	0.1	0.3	1	91.9833	220.648	7.51742e-05	-2.12068e-06	229.641	173	0	0	0	1	
58.2915	0.1	0.3	1	92.937	219.724	-7.78027e-06	-9.71465e-06	228.427	173	0	0	0	1	
58.6432	0.1	0.3	1	93.8801	218.787	-7.25703e-07	1.53309e-05	227.266	173	0	0	0	1	
58.995	0.1	0.3	1	94.8129	217.838	2.65817e-05	2.04853e-05	226.098	173	0	0	0	1	
59.3467	0.1	0.3	1	95.7361	216.876	-2.36081e-05	1.97305e-05	224.92	173	0	0	0	1	
59.6985	0.1	0.3	1	96.6499	215.901	4.28025e-05	1.67603e-05	223.731	173	0	0	0	1	
60.0503	0.1	0.3	1	97.5547	214.913	4.10014e-06	-5.83086e-06	222.53	173	0	0	0	1	
60.402	0.1	0.3	1	98.4508	213.911	1.19019e-05	-4.50328e-06	221.317	173	0	0	0	1	
60.7538	0.1	0.3	1	99.3385	212.895	1.18265e-05	2.91645e-05	220.091	173	0	0	0	1	
61.1055	0.1	0.3	1	100.218	211.866	1.23031e-05	-8.81541e-06	218.853	173	0	0	0	1	
61.4573	0.1	0.3	1	101.09	210.823	4.85414e-07	2.01796e-06	217.601	173	0	0	0	1	
61.809	0.1	0.3	1	101.954	209.765	-9.228e-06	1.09262e-05	216.335	173	0	0	0	1	
62.1608	0.1	0.3	1	102.811	208.693	1.38337e-05	2.1173e-05	215.056	173	0	0	0	1	
62.5126	0.1	0.3	1	103.66	207.606	-9.36251e-06	4.8479e-06	213.763	173	0	0	0	1	
62.8643	0.1	0.3	1	104.503	206.505	2.65463e-05	6.55073e-05	212.456	173	0	0	0	1	
63.2161	0.1	0.3	1	105.339	205.387	1.42592e-05	2.66771e-05	211.134	173	0	0	0	1	
63.5678	0.1	0.3	1	106.168	204.255	2.39507e-05	1.18591e-05	209.796	173	0	0	0	1	
63.9196	0.1	0.3	1	106.991	203.106	-1.99462e-05	-5.81101e-06	208.444	173	0	0	0	1	
64.2714	0.1	0.3	1	107.809	201.94	-3.88104e-06	-1.0518e-05	207.076	173	0	0	0	1	
64.6231	0.1	0.3	1	108.619	200.759	2.24135e-05	4.2176e-06	205.692	173	0	0	0	1	
64.9749	0.1	0.3	1	109.423	199.561	1.45337e-06	-3.0822e-05	204.291	173	0	0	0	1	
65.3266	0.1	0.3	1	110.222	198.345	2.52878e-05	2.80429e-07	202.874	173	0	0	0	1	
65.6784	0.1	0.3	1	111.016	197.111	4.15899e-06	-8.39708e-06	201.44	173	0	0	0	1	
66.0302	0.1	0.3	1	111.803	195.86	-1.12359e-07	-4.39713e-06	199.989	173	0	0	0	1	
66.3819	0.1	0.3	1	112.585	194.589	8.48357e-07	-1.48017e-05	198.519	173	0	0	0	1	
66.7337	0.1	0.3	1	113.362	193.299	6.78276e-06	-4.59219e-05	197.031	173	0	0	0	1	
67.0854	0.1	0.3	1	114.134	191.99	-1.91402e-05	7.46361e-06	195.525	173	0	0	0	1	
67.4372	0.1	0.3	1	114.9	190.661	1.71644e-06	-1.00474e-05	193.999	173	0	0	0	1	
67.7889	0.1	0.3	1	115.662	189.31	5.11593e-06	1.06066e-05	192.453	173	0	0	0	1	
68.1407	0.1	0.3	1	116.418	187.938	-1.40786e-05	2.53936e-05	190.888	173	0	0	0	1	
68.4925	0.1	0.3	1	117.17	186.544	2.84087e-05	-1.87194e-05	189.301	173	0	0	0	1	
68.8442	0.1	0.3	1	117.917	185.127	6.38213e-06	2.26083e-05	187.694	173	0	0	0	1	
69.196	0.1	0.3	1	118.659	183.686	2.62168e-06	4.01688e-06	186.064	173	0	0	0	1	
69.5477	0.1	0.3	1	119.397	182.22	-2.48112e-06	1.28721e-05	184.412	173	0	0	0	1	
69.8995	0.1	0.3	1	120.13	180.729	-1.44591e-06	-1.76581e-05	182.736	173	0	0	0	1	
70.2513	0.1	0.3	1	120.856	179.215	-3.83413e-06	3.86083e-05	181.038	173	0	0	0	1	
70.603	0.1	0.3	1	121.58	177.67	-1.92323e-05	-1.43725e-05	179.315	173	0	0	0	1	
70.9548	0.1	0.3	1	122.3	176.095	-9.13574e-07	-1.19201e-05	177.566	173	0	0	0	1	
71.3065	0.1	0.3	1	123.015	174.489	-5.37255e-06	-3.69911e-05	175.79	173	0	0	0	1	
71.6583	0.1	0.3	1	123.726	172.851	-5.91904e-06	4.15739e-06	173.988	173	0	0	0	1	
72.0101	0.1	0.3	1	124.44	171.159	1.63449e-05	-3.75977e-06	172.154	173	0	0	0	1	
72.3618	0.1	0.3	1	125.144	169.445	-2.75013e-05	2.10778e-06	170.294	173	0	0	0	1	
72.7136	0.1	0.3	1	125.844	167.69	-1.82331e-05	-1.13223e-05	168.404	173	0	0	0	1	
73.0653	0.1	0.3	1	126.541	165.892	-1.79033e-05	1.84511e-05	166.483	173	0	0	0	1	
73.4171	0.1	0.3	1	127.234	164.044	-1.73722e-05	2.58086e-05	164.529	173	0	0	0	1	
73.7688	0.1	0.3	1	127.923	162.143	9.77025e-06	-1.26827e-05	162.541	173	0	0	0	1	
74.1206	0.1	0.3	1	128.61	160.18	-4.68345e-05	-1.22664e-05	160.518	173	0	0	0	1	
74.4724	0.1	0.3	1	129.293	158.145	5.65638e-06	1.34391e-05	158.458	173	0	0	0	1	
74.8241	0.1	0.3	1	129.974	156.023	-9.83226e-06	-6.94167e-06	156.359	173	0	0	0	1	
75.1759	0.1	0.3	1	130.653	153.789	1.62039e-05	-5.97889e-07	154.219	173	0	0	0	1	
75.5276	0.1	0.3	1	131.325	151.418	2.8037e-05	-8.94988e-06	152.039	173	0	0	0	1	
75.8794	0.1	0.3	1	132.005	148.536	5.17778e-06	1.76916e-05	149.807	173	0	0	0	1	
76.2312	0.1	0.3	1	132.687	145.752	2.84704e-05	-4.26769e-06	147.526	173	0	0	0	1	
76.5829	0.1	0.3	1	133.386	141.448	-5.91039e-06	-3.1861e-05	145.183	173	0	0	0	1	
76.9347	0.1	0.3	4	134.089	139.155	-4.3949e-06	-1.6365e-05	142.78	173	0	0	0	1	
77.2864	0.1	0.3	4	134.79	136.869	-2.36898e-05	1.22618e-05	140.322	173	0	0	0	1	
77.6382	0.1	0.3	4	135.486	134.547	-2.35918e-05	2.35385e-05	137.804	173	0	0	0	1	
77.9899	0.1	0.3	4	136.179	132.178	2.01429e-05	-1.53759e-05	135.223	173	0	0	0	1	
78.3417	0.1	0.3	4	136.868	129.755	-5.40062e-06	-9.13408e-06	132.574	173	0	0	0	1	
78.6935	0.1	0.3	4	137.553	127.273	1.23385e-05	1.1059e-05	129.853	173	0	0	0	1	
79.0452	0.1	0.3	4	138.234	124.727	8.68113e-06	-4.6061e-06	127.054	173	0	0	0	1	
79.397	0.1	0.3	4	138.909	122.112	-2.90829e-05	1.20309e-05	124.171	173	0	0	0	1	
79.7487	0.1	0.3	4	139.58	119.424	3.43429e-05	1.24661e-05	121.196	173	0	0	0	1	
80.1005	0.1	0.3	4	140.246	116.655	-6.99969e-06	8.24609e-06	118.119	173	0	0	0	1	
80.4523	0.1	0.3	4	140.906	113.802	4.60656e-06	5.29344e-06	114.931	173	0	0	0	1	
80.804	0.1	0.3	4	141.561	110.857	3.12683e-06	1.23181e-05	111.618	173	0	0	0	1	
81.1558	0.1	0.3	4	142.208	107.813	2.00431e-06	1.76424e-05	108.161	173	0	0	0	1	
81.5075	0.1	0.3	4	142.848	104.663	2.78012e-05	-1.64979e-05	104.539	173	0	0	0	1	
81.8593	0.1	0.3	4	143.479	101.399	1.4816e-05	4.04916e-06	100.715	173	0	0	0	1	
82.2111	0.1	0.3	4	144.101	98.017	-1.9251e-06	1.66624e-05	96.632	173	0	0	0	1	
82.5628	0.1	0.3	4	144.708	94.5145	2.0537e-05	2.20383e-05	92.1643	173	0	0	0	1	
82.9146	0.1	0.3	5	145.296	90.9144	-3.43883e-05	-1.30301e-05	85.2676	173	0	0	0	1	
83.2663	0.1	0.3	1	145.846	87.3237	-1.76692e-05	1.09637e-05	81.1082	173	0	0	0	1	
83.6181	0.1	0.3	1	146.382	83.5783	1.28002e-05	1.69073e-05	76.7539	173	0	0	0	1	
83.9698	0.1	0.3	1	146.901	79.6596	-1.94853e-05	-2.61954e-06	72.1645	173	0	0	0	1	
84.3216	0.1	0.3	5	147.4	75.5485	3.99379e-09	2.45811e-05	67.2826	173	0	0	0	1	
84.6734	0.1	0.3	1	147.877	71.2235	2.07632e-05	9.00973e-06	62.041	173	0	0	0	1	
85.0251	0.1	0.3	1	148.33	66.6103	2.81216e-05	1.24854e-05	56.3376	173	0	0	0	1	
85.3769	0.1	0.3	1	148.742	61.7944	7.21019e-06	-4.14512e-07	50.0496	173	0	0	0	1	
85.7286	0.1	0.3	1	149.104	56.8188	1.34728e-05	-1.04688e-05	42.9469	173	0	0	0	1	
86.0804	0.1	0.3	1	149.389	52.0363	-1.09157e-05	2.25076e-05	34.6079	173	0	0	0	1	
86.4322	0.1	0.3	1	149.584	47.9364	-1.16878e-06	-9.40996e-07	23.8291	173	0	0	0	1	
86.7839	0.1	0.3	-2	0	0	0	0	0	173	0	0	0	1	
87.1357	0.1	0.3	1	149.638	46.4612	-1.251e-05	3.56879e-06	-2.77849e-05	173	0	0	0	1	
87.4874	0.1	0.3	1	149.64	46.3429	9.98873e-06	1.70877e-05	-4.05401e-05	173	0	0	0	1	
87.8392	0.1	0.3	1	149.637	46.3434	-2.38152e-05	6.83845e-06	-2.9085e-05	173	0	0	0	1	
88.191	0.1	0.3	1	149.635	46.344	-2.07486e-06	3.30307e-06	-1.6606e-05	173	0	0	0	1	
88.5427	0.1	0.3	1	149.632	46.3449	2.15986e-05	-1.16334e-05	1.1377e-05	173	0	0	0	1	
88.8945	0.1	0.3	1	149.629	46.3459	-3.85231e-06	1.32184e-05	3.12273e-05	173	0	0	0	1	
89.2462	0.1	0.3	1	149.627	46.3472	-5.79754e-06	-1.60426e-05	1.94797e-05	173	0	0	0	1	
89.598	0.1	0.3	1	149.624	46.3488	4.2139e-06	-1.1508e-05	-4.25427e-05	173	0	0	0	1	
89.9497	0.1	0.3	1	149.622	46.3509	1.82527e-05	2.50879e-06	-1.03869e-05	173	0	0	0	1	
90.3015	0.1	0.3	1	149.619	46.3534	-5.46595e-06	1.21696e-05	-6.14582e-06	173	0	0	0	1	
90.6533	0.1	0.3	1	149.617	46.3567	8.78314e-06	-5.61108e-06	-1.78196e-06	173	0	0	0	1	
91.005	0.1	0.3	1	149.615	46.3608	-3.61956e-06	1.34206e-05	-9.61965e-06	173	0	0	0	1	
91.3568	0.1	0.3	1	149.612	46.3663	-6.74664e-06	-4.16946e-06	-2.73951e-05	173	0	0	0	1	
91.7085	0.1	0.3	1	149.61	46.3734	-8.37553e-07	-1.02609e-05	-1.88811e-05	173	0	0	0	1	
92.0603	0.1	0.3	1	149.608	46.3834	-5.91325e-06	-7.04736e-06	-9.21147e-06	173	0	0	0	1	
92.4121	0.1	0.3	1	149.606	46.4007	1.5516e-05	-9.35139e-06	-1.07982e-05	173	0	0	0	1	
92.7638	0.1	0.3	1	149.604	46.4107	-1.22633e-06	-4.85299e-06	-8.96473e-06	173	0	0	0	1	
93.1156	0.1	0.3	1	149.603	46.5255	-9.57661e-07	-1.87588e-05	6.39728e-08	173	0	0	0	1	
93.4673	0.1	0.3	1	149.602	46.661	8.56101e-07	-3.25495e-06	-2.88922e-05	173	0	0	0	1	
93.8191	0.1	0.3	1	149.619	49.3681	-1.48666e-05	-1.58715e-05	-1.0224e-05	173	0	0	0	1	
94.1709	0.1	0.3	4	149.868	-40.779	-4.28166e-06	37.9673	-5.59394e-06	173	0	0	0	1	
94.5226	0.1	0.3	1	149.682	49.6265	7.09163e-06	-1.80024e-05	-9.87466e-06	173	0	0	0	1	
94.8744	0.1	0.3	1	149.722	49.3169	-7.01816e-06	-2.51336e-05	-1.77252e-05	173	0	0	0	1	
95.2261	0.1	0.3	1	149.767	48.7938	6.74355e-06	-1.33208e-05	2.11015e-05	173	0	0	0	1	
95.5779	0.1	0.3	1	149.805	48.4066	-1.23746e-05	-1.6294e-05	1.25664e-05	173	0	0	0	1	
95.9296	0.1	0.3	1	149.834	48.1955	1.00074e-05	-4.32111e-06	-3.80113e-06	173	0	0	0	1	
96.2814	0.1	0.3	1	149.859	48.0437	-1.88321e-06	-1.44287e-05	-8.29157e-06	173	0	0	0	1	
96.6332	0.1	0.3	1	149.882	47.9286	9.37401e-06	-2.24967e-05	5.16003e-06	173	0	0	0	1	
96.9849	0.1	0.3	1	149.903	47.8376	7.36879e-07	-1.4779e-05	-4.27443e-06	173	0	0	0	1	
97.3367	0.1	0.3	1	149.922	47.7631	-4.72544e-06	-1.77499e-05	2.3715e-06	173	0	0	0	1	
97.6884	0.1	0.3	1	149.94	47.7007	7.70746e-06	-1.54737e-05	-1.54518e-06	173	0	0	0	1	
98.0402	0.1	0.3	1	149.957	47.6477	-3.11324e-06	-9.21071e-06	9.44602e-06	173	0	0	0	1	
98.392	0.1	0.3	1	149.973	47.6017	1.42919e-05	2.75411e-06	-1.05319e-05	173	0	0	0	1	
98.7437	0.1	0.3	1	149.988	47.5617	5.7736e-06	-2.80238e-07	1.45804e-05	173	0	0	0	1	
99.0955	0.1	0.3	1	150.002	47.5264	1.61044e-05	-2.17386e-05	-2.26178e-05	173	0	0	0	1	
99.4472	0.1	0.3	1	150.016	47.495	4.94976e-06	1.09765e-05	8.65152e-06	173	0	0	0	1	
99.799	0.1	0.3	1	150.03	47.4668	-1.23628e-07	-3.28355e-06	-2.68878e-06	173	0	0	0	1	
100.151	0.1	0.3	1	150.043	47.4414	-3.57827e-06	-1.31195e-05	-1.18949e-05	173	0	0	0	1	
100.503	0.1	0.3	1	150.055	47.4184	1.24888e-05	-1.64757e-05	-9.20668e-07	173	0	0	0	1	
100.854	0.1	0.3	1	150.067	47.3974	3.28772e-06	1.90871e-05	2.44735e-05	173	0	0	0	1	
101.206	0.1	0.3	1	150.079	47.3783	-5.24505e-06	4.35149e-07	1.05979e-05	173	0	0	0	1	
101.558	0.1	0.3	1	150.09	47.3606	8.8579e-06	-2.949e-05	-5.5746e-06	173	0	0	0	1	
101.91	0.1	0.3	1	150.102	47.3444	-3.83226e-06	2.68405e-05	-3.82375e-07	173	0	0	0	1	
102.261	0.1	0.3	1	150.112	47.3294	-9.58775e-06	-1.04807e-05	1.38351e-05	173	0	0	0	1	
102.613	0.1	0.3	1	150.123	47.3155	-2.96456e-06	1.9085e-05	4.72444e-06	173	0	0	0	1	
102.965	0.1	0.3	1	150.133	47.3026	-1.50066e-05	1.11413e-05	7.75038e-08	173	0	0	0	1	
103.317	0.1	0.3	1	150.143	47.2906	1.20094e-05	1.40151e-05	9.60333e-06	173	0	0	0	1	
103.668	0.1	0.3	1	150.153	47.2794	1.52498e-05	3.63043e-06	1.42669e-05	173	0	0	0	1	
104.02	0.1	0.3	1	150.163	47.2688	9.39134e-06	1.43441e-05	6.8596e-06	173	0	0	0	1	
104.372	0.1	0.3	1	150.172	47.2589	-5.95169e-06	-2.10852e-06	8.32215e-06	173	0	0	0	1	
104.724	0.1	0.3	1	150.181	47.2497	4.913e-06	-1.42849e-05	-2.06745e-05	173	0	0	0	1	
105.075	0.1	0.3	1	150.19	47.2409	-2.83098e-07	-1.03044e-05	-1.02931e-05	173	0	0	0	1	
105.427	0.1	0.3	1	150.199	47.2328	-2.08782e-06	-9.2585e-06	-1.39702e-05	173	0	0	0	1	
105.779	0.1	0.3	1	150.208	47.225	-6.81292e-07	1.14866e-05	-5.01465e-06	173	0	0	0	1	
106.131	0.1	0.3	1	150.216	47.2177	-1.69072e-06	1.47286e-05	9.46186e-06	173	0	0	0	1	
106.482	0.1	0.3	1	150.225	47.2108	-1.61065e-06	7.0004e-06	1.10444e-05	173	0	0	0	1	
106.834	0.1	0.3	1	150.233	47.2043	6.77931e-06	-1.31197e-05	-4.31426e-06	173	0	0	0	1	
107.186	0.1	0.3	1	150.241	47.198	-2.67721e-06	-1.48291e-05	-2.05477e-06	173	0	0	0	1	
107.538	0.1	0.3	1	150.249	47.1921	5.99606e-06	-1.08914e-05	-6.70547e-06	173	0	0	0	1	
107.889	0.1	0.3	1	150.257	47.1866	2.329e-06	2.69196e-05	6.9924e-06	173	0	0	0	1	
108.241	0.1	0.3	1	150.265	47.1813	4.61269e-06	-9.13258e-06	-1.36446e-05	173	0	0	0	1	
108.593	0.1	0.3	1	150.272	47.1762	1.17579e-05	-8.68905e-06	-1.12534e-05	173	0	0	0	1	
108.945	0.1	0.3	1	150.28	47.1714	3.17514e-06	1.22189e-05	-1.63729e-10	173	0	0	0	1	
109.296	0.1	0.3	1	150.287	47.1668	-5.63967e-06	9.21372e-06	2.88063e-06	173	0	0	0	1	
109.648	0.1	0.3	1	150.295	47.1625	-2.85935e-06	2.77107e-05	-1.5797e-05	173	0	0	0	1	
110	0.1	0.3	1	150.302	47.1583	2.06643e-06	-4.05174e-06	-2.12989e-05	173	0	0	0	1	
