65	0.1	0.3	1	111.54	203.147	-1.83654e-05	-2.89207e-06	211.165	173	0	2	1	0	
65	0.1	0.3	1	111.855	203.091	7.91996e-05	1.26209e-05	210.992	173	0.0502513	2	1	0	
65	0.1	0.3	1	112.521	202.707	-2.13848e-05	7.33902e-06	210.694	173	0.100503	2	1	0	
65	0.1	0.3	1	112.446	202.847	-1.66544e-05	1.05403e-05	210.575	173	0.150754	2	1	0	
65	0.1	0.3	1	112.337	203.03	6.85009e-05	2.90797e-06	210.502	173	0.201005	2	1	0	
65	0.1	0.3	1	112.347	203.122	1.29788e-05	3.37525e-06	210.413	173	0.251256	2	1	0	
65	0.1	0.3	1	112.387	203.189	-6.90416e-06	-8.44025e-06	210.325	173	0.301508	2	1	0	
65	0.1	0.3	1	112.439	203.243	-2.44398e-05	-3.45587e-06	210.241	173	0.351759	2	1	0	
65	0.1	0.3	1	112.496	203.289	-1.15208e-05	2.72918e-06	210.16	173	0.40201	2	1	0	
65	0.1	0.3	1	112.556	203.331	-2.00087e-05	1.83419e-06	210.083	173	0.452261	2	1	0	
65	0.1	0.3	1	112.617	203.368	8.27992e-06	5.63671e-06	210.009	173	0.502513	2	1	0	
65	0.1	0.3	1	112.678	203.403	-1.10271e-05	1.21187e-05	209.939	173	0.552764	2	1	0	
65	0.1	0.3	1	112.738	203.434	-1.2469e-05	1.25527e-05	209.871	173	0.603015	2	1	0	
65	0.1	0.3	1	112.798	203.466	2.21982e-05	-2.84943e-05	209.806	173	0.653266	2	1	0	
65	0.1	0.3	1	112.857	203.495	8.20336e-06	1.26396e-05	209.744	173	0.703518	2	1	0	
65	0.1	0.3	1	112.916	203.521	3.04732e-06	-1.90665e-05	209.684	173	0.753769	2	1	0	
65	0.1	0.3	1	112.973	203.55	1.04514e-05	3.7808e-06	209.626	173	0.80402	2	1	0	
65	0.1	0.3	1	113.03	203.576	-4.97615e-06	-4.36082e-05	209.57	173	0.854271	2	1	0	
65	0.1	0.3	1	113.085	203.601	-3.17759e-06	-4.78126e-06	209.516	173	0.904523	2	1	0	
65	0.1	0.3	1	113.139	203.625	-2.58487e-06	-9.76589e-06	209.464	173	0.954774	2	1	0	
65	0.1	0.3	1	113.193	203.648	5.46172e-06	5.19172e-06	209.413	173	1.00503	2	1	0	
65	0.1	0.3	1	113.245	203.671	1.86557e-05	1.55487e-05	209.364	173	1.05528	2	1	0	
65	0.1	0.3	1	113.297	203.694	3.82345e-05	-2.49834e-06	209.317	173	1.10553	2	1	0	
65	0.1	0.3	1	113.347	203.716	6.65181e-06	4.88928e-05	209.271	173	1.15578	2	1	0	
65	0.1	0.3	1	113.397	203.738	-8.46518e-05	4.43968e-06	209.227	173	1.20603	2	1	0	
65	0.1	0.3	1	113.445	203.759	2.48718e-05	-9.09728e-07	209.184	173	1.25628	2	1	0	
65	0.1	0.3	1	113.493	203.781	3.35332e-06	5.70048e-06	209.143	173	1.30653	2	1	0	
65	0.1	0.3	1	113.54	203.802	-4.83117e-06	1.82712e-05	209.102	173	1.35678	2	1	0	
65	0.1	0.3	1	113.586	203.822	-6.48265e-06	1.77708e-05	209.063	173	1.40704	2	1	0	
65	0.1	0.3	1	113.631	203.843	6.33572e-06	-1.46214e-05	209.025	173	1.45729	2	1	0	
65	0.1	0.3	1	113.676	203.863	7.34947e-06	-1.38153e-05	208.988	173	1.50754	2	1	0	
65	0.1	0.3	1	113.719	203.883	-1.98602e-05	1.77974e-05	208.953	173	1.55779	2	1	0	
65	0.1	0.3	1	113.762	203.903	-1.76747e-05	4.09059e-05	208.918	173	1.60804	2	1	0	
65	0.1	0.3	1	113.805	203.923	-4.50178e-06	6.53106e-06	208.884	173	1.65829	2	1	0	
65	0.1	0.3	1	113.846	203.943	-5.68479e-06	2.35504e-05	208.852	173	1.70854	2	1	0	
65	0.1	0.3	1	113.887	203.963	9.66605e-06	6.17676e-06	208.82	173	1.75879	2	1	0	
65	0.1	0.3	1	113.927	203.983	1.20246e-05	5.52245e-05	208.789	173	1.80905	2	1	0	
65	0.1	0.3	1	113.966	204.003	-4.95443e-05	4.54214e-05	208.759	173	1.8593	2	1	0	
65	0.1	0.3	1	114.005	204.022	7.42686e-06	-3.58628e-05	208.73	173	1.90955	2	1	0	
65	0.1	0.3	1	114.043	204.042	-1.47051e-05	-1.50469e-05	208.702	173	1.9598	2	1	0	
65	0.1	0.3	1	114.08	204.061	1.10078e-05	3.02261e-05	208.675	173	2.01005	2	1	0	
65	0.1	0.3	1	114.117	204.081	-4.11774e-06	3.65543e-05	208.648	173	2.0603	2	1	0	
65	0.1	0.3	1	114.153	204.101	-4.08862e-05	1.44517e-05	208.623	173	2.11055	2	1	0	
65	0.1	0.3	1	114.189	204.12	7.13207e-06	3.09068e-06	208.598	173	2.1608	2	1	0	
65	0.1	0.3	1	114.224	204.14	4.91488e-06	7.10954e-05	208.574	173	2.21106	2	1	0	
65	0.1	0.3	1	114.258	204.159	-2.37609e-06	-4.96207e-05	208.55	173	2.26131	2	1	0	
65	0.1	0.3	1	114.292	204.179	1.79833e-05	7.15443e-06	208.528	173	2.31156	2	1	0	
65	0.1	0.3	1	114.326	204.199	-3.37431e-06	-7.83123e-06	208.506	173	2.36181	2	1	0	
65	0.1	0.3	1	114.358	204.219	-2.15593e-05	-3.21067e-06	208.485	173	2.41206	2	1	0	
65	0.1	0.3	1	114.391	204.238	7.47236e-06	3.30475e-05	208.464	173	2.46231	2	1	0	
65	0.1	0.3	1	114.423	204.258	-1.60968e-06	2.01165e-05	208.444	173	2.51256	2	1	0	
65	0.1	0.3	1	114.454	204.278	2.1462e-06	-3.97218e-05	208.425	173	2.56281	2	1	0	
65	0.1	0.3	1	114.485	204.298	1.85381e-05	2.17692e-06	208.406	173	2.61307	2	1	0	
65	0.1	0.3	1	114.515	204.318	1.45239e-06	2.22946e-06	208.388	173	2.66332	2	1	0	
65	0.1	0.3	1	114.545	204.338	-2.96921e-05	-2.01259e-05	208.371	173	2.71357	2	1	0	
65	0.1	0.3	1	114.574	204.358	9.5142e-06	-3.80598e-06	208.354	173	2.76382	2	1	0	
65	0.1	0.3	1	114.603	204.378	1.9613e-05	1.78093e-05	208.338	173	2.81407	2	1	0	
65	0.1	0.3	1	114.631	204.399	-1.18092e-05	2.46859e-05	208.323	173	2.86432	2	1	0	
65	0.1	0.3	1	114.659	204.419	1.32125e-05	-3.37616e-06	208.308	173	2.91457	2	1	0	
65	0.1	0.3	1	114.687	204.439	-2.29848e-05	-2.86534e-05	208.293	173	2.96482	2	1	0	
65	0.1	0.3	1	114.714	204.46	1.13573e-05	3.45679e-05	208.279	173	3.01508	2	1	0	
65	0.1	0.3	1	114.74	204.48	-8.44602e-06	2.66586e-05	208.266	173	3.06533	2	1	0	
65	0.1	0.3	1	114.767	204.501	5.76254e-07	-1.01075e-05	208.253	173	3.11558	2	1	0	
65	0.1	0.3	1	114.792	204.522	-7.72001e-06	-7.56245e-06	208.241	173	3.16583	2	1	0	
65	0.1	0.3	1	114.818	204.542	-6.69857e-05	4.4194e-06	208.229	173	3.21608	2	1	0	
65	0.1	0.3	1	114.843	204.563	-7.1336e-06	1.46479e-05	208.218	173	3.26633	2	1	0	
65	0.1	0.3	1	114.867	204.584	6.45194e-06	1.34588e-05	208.207	173	3.31658	2	1	0	
65	0.1	0.3	1	114.891	204.605	1.6423e-05	-1.69828e-06	208.197	173	3.36683	2	1	0	
65	0.1	0.3	1	114.915	204.626	-2.94109e-05	-6.00141e-06	208.187	173	3.41709	2	1	0	
65	0.1	0.3	1	114.939	204.648	-8.85439e-07	8.04395e-05	208.178	173	3.46734	2	1	0	
65	0.1	0.3	1	114.962	204.669	-1.177e-06	-2.53077e-05	208.169	173	3.51759	2	1	0	
65	0.1	0.3	1	114.984	204.69	2.73063e-06	-2.39042e-06	208.161	173	3.56784	2	1	0	
65	0.1	0.3	1	115.007	204.712	6.66186e-06	-4.50986e-05	208.153	173	3.61809	2	1	0	
65	0.1	0.3	1	115.029	204.733	4.04235e-05	-9.01356e-06	208.146	173	3.66834	2	1	0	
65	0.1	0.3	1	115.05	204.755	5.73057e-06	-2.84303e-05	208.139	173	3.71859	2	1	0	
65	0.1	0.3	1	115.071	204.777	-2.11508e-06	-2.31223e-06	208.132	173	3.76884	2	1	0	
65	0.1	0.3	1	115.092	204.799	7.86178e-06	1.05179e-05	208.126	173	3.8191	2	1	0	
65	0.1	0.3	1	115.113	204.82	-2.29526e-05	-1.0833e-05	208.121	173	3.86935	2	1	0	
65	0.1	0.3	1	115.133	204.843	2.99931e-05	9.67872e-06	208.115	173	3.9196	2	1	0	
65	0.1	0.3	1	115.153	204.865	-1.99844e-05	2.26083e-06	208.111	173	3.96985	2	1	0	
65	0.1	0.3	1	115.172	204.887	2.44921e-05	-4.89876e-06	208.106	173	4.0201	2	1	0	
65	0.1	0.3	1	115.191	204.909	-2.37653e-05	2.1964e-05	208.102	173	4.07035	2	1	0	
65	0.1	0.3	1	115.21	204.932	1.61532e-05	-1.68075e-05	208.099	173	4.1206	2	1	0	
65	0.1	0.3	1	115.229	204.954	1.9379e-05	-1.48088e-05	208.095	173	4.17085	2	1	0	
65	0.1	0.3	1	115.247	204.977	-4.72289e-05	-1.63983e-05	208.093	173	4.22111	2	1	0	
65	0.1	0.3	1	115.265	205	-1.15882e-05	3.95941e-06	208.09	173	4.27136	2	1	0	
65	0.1	0.3	1	115.283	205.022	4.61135e-06	4.77639e-05	208.088	173	4.32161	2	1	0	
65	0.1	0.3	1	115.3	205.045	-2.28829e-05	-1.49703e-05	208.087	173	4.37186	2	1	0	
65	0.1	0.3	1	115.317	205.068	1.84348e-05	1.93781e-06	208.085	173	4.42211	2	1	0	
65	0.1	0.3	1	115.333	205.091	-8.77567e-06	1.01955e-05	208.084	173	4.47236	2	1	0	
65	0.1	0.3	1	115.35	205.115	1.45742e-05	1.9368e-05	208.084	173	4.52261	2	1	0	
65	0.1	0.3	1	115.366	205.138	8.14358e-07	1.90762e-05	208.084	173	4.57286	2	1	0	
65	0.1	0.3	1	115.382	205.161	1.0292e-05	7.24464e-06	208.084	173	4.62312	2	1	0	
65	0.1	0.3	1	115.397	205.185	6.51692e-06	2.44646e-06	208.084	173	4.67337	2	1	0	
65	0.1	0.3	1	115.412	205.208	-2.05897e-05	2.83254e-05	208.085	173	4.72362	2	1	0	
65	0.1	0.3	1	115.427	205.232	4.79412e-05	-6.49192e-05	208.087	173	4.77387	2	1	0	
65	0.1	0.3	1	115.442	205.256	-1.75488e-05	-3.17782e-06	208.088	173	4.82412	2	1	0	
65	0.1	0.3	1	115.456	205.28	-7.15248e-06	4.7428e-05	208.09	173	4.87437	2	1	0	
65	0.1	0.3	1	115.47	205.304	-2.041e-05	1.24756e-05	208.092	173	4.92462	2	1	0	
65	0.1	0.3	1	115.484	205.328	2.37543e-05	-3.0123e-05	208.095	173	4.97487	2	1	0	
65	0.1	0.3	1	115.498	205.352	3.16372e-05	-3.38729e-05	208.098	173	5.02513	2	1	0	
65	0.1	0.3	1	115.511	205.377	2.94349e-06	-8.90836e-06	208.101	173	5.07538	2	1	0	
65	0.1	0.3	1	115.524	205.401	-1.79707e-05	1.16083e-05	208.105	173	5.12563	2	1	0	
65	0.1	0.3	1	115.536	205.425	-7.66732e-05	-1.60315e-05	208.108	173	5.17588	2	1	0	
65	0.1	0.3	1	115.549	205.45	-3.92311e-05	4.77148e-06	208.113	173	5.22613	2	1	0	
65	0.1	0.3	1	115.561	205.475	-1.23441e-05	1.79215e-05	208.117	173	5.27638	2	1	0	
65	0.1	0.3	1	115.573	205.5	9.97929e-06	1.84433e-05	208.122	173	5.32663	2	1	0	
65	0.1	0.3	1	115.585	205.524	1.20854e-05	-1.20641e-05	208.127	173	5.37688	2	1	0	
65	0.1	0.3	1	115.596	205.549	9.21696e-06	-3.6516e-06	208.133	173	5.42714	2	1	0	
65	0.1	0.3	1	115.607	205.574	-1.04092e-05	-2.00066e-05	208.138	173	5.47739	2	1	0	
65	0.1	0.3	1	115.618	205.6	1.7163e-05	3.65627e-06	208.144	173	5.52764	2	1	0	
65	0.1	0.3	1	115.629	205.625	-1.15842e-05	-1.53303e-05	208.151	173	5.57789	2	1	0	
65	0.1	0.3	1	115.639	205.65	-9.25244e-06	-3.46873e-06	208.157	173	5.62814	2	1	0	
65	0.1	0.3	1	115.649	205.676	2.32396e-05	4.91517e-07	208.164	173	5.67839	2	1	0	
65	0.1	0.3	1	115.659	205.701	1.79263e-05	2.95442e-06	208.171	173	5.72864	2	1	0	
65	0.1	0.3	1	115.669	205.727	-4.4534e-06	1.28969e-05	208.179	173	5.77889	2	1	0	
65	0.1	0.3	1	115.679	205.753	1.10152e-05	-4.38503e-06	208.187	173	5.82915	2	1	0	
65	0.1	0.3	1	115.688	205.779	7.71303e-05	-2.42395e-06	208.195	173	5.8794	2	1	0	
65	0.1	0.3	1	115.697	205.805	5.2073e-06	-1.92372e-05	208.203	173	5.92965	2	1	0	
65	0.1	0.3	1	115.705	205.831	4.83591e-06	-7.92511e-07	208.212	173	5.9799	2	1	0	
65	0.1	0.3	1	115.714	205.857	-2.69207e-05	-5.21743e-06	208.221	173	6.03015	2	1	0	
65	0.1	0.3	1	115.722	205.883	4.89013e-06	-2.74769e-06	208.23	173	6.0804	2	1	0	
65	0.1	0.3	1	115.73	205.91	-4.5467e-05	-7.20114e-06	208.239	173	6.13065	2	1	0	
65	0.1	0.3	1	115.738	205.936	1.14984e-05	2.2971e-07	208.249	173	6.1809	2	1	0	
65	0.1	0.3	1	115.746	205.962	-3.71572e-06	3.80416e-06	208.259	173	6.23116	2	1	0	
65	0.1	0.3	1	115.753	205.989	-3.09487e-06	-3.03531e-06	208.269	173	6.28141	2	1	0	
65	0.1	0.3	1	115.76	206.016	1.04414e-05	-9.86276e-06	208.279	173	6.33166	2	1	0	
65	0.1	0.3	1	115.767	206.043	4.35948e-06	1.62044e-05	208.29	173	6.38191	2	1	0	
65	0.1	0.3	1	115.774	206.07	-2.01474e-05	9.48977e-06	208.301	173	6.43216	2	1	0	
65	0.1	0.3	1	115.78	206.097	-1.04265e-05	2.04891e-05	208.312	173	6.48241	2	1	0	
65	0.1	0.3	1	115.787	206.124	-7.12175e-06	3.53941e-05	208.324	173	6.53266	2	1	0	
65	0.1	0.3	1	115.793	206.151	5.7111e-06	-2.69561e-06	208.336	173	6.58291	2	1	0	
65	0.1	0.3	1	115.798	206.178	-2.31607e-06	2.20515e-06	208.348	173	6.63317	2	1	0	
65	0.1	0.3	1	115.804	206.206	3.70536e-05	1.67189e-05	208.36	173	6.68342	2	1	0	
65	0.1	0.3	1	115.809	206.233	-2.13436e-05	1.44379e-06	208.372	173	6.73367	2	1	0	
65	0.1	0.3	1	115.815	206.261	4.94808e-05	1.76258e-05	208.385	173	6.78392	2	1	0	
65	0.1	0.3	1	115.82	206.288	-1.17975e-05	2.11269e-05	208.398	173	6.83417	2	1	0	
65	0.1	0.3	1	115.824	206.316	7.8403e-06	-4.87287e-07	208.411	173	6.88442	2	1	0	
65	0.1	0.3	1	115.829	206.344	-1.22705e-05	7.35694e-05	208.425	173	6.93467	2	1	0	
65	0.1	0.3	1	115.833	206.372	2.97948e-05	-2.34256e-06	208.438	173	6.98492	2	1	0	
65	0.1	0.3	1	115.837	206.4	-1.22461e-05	-2.89152e-05	208.452	173	7.03518	2	1	0	
65	0.1	0.3	1	115.841	206.428	8.45536e-06	4.08092e-05	208.466	173	7.08543	2	1	0	
65	0.1	0.3	1	115.845	206.456	-1.49689e-05	1.1244e-05	208.481	173	7.13568	2	1	0	
65	0.1	0.3	1	115.849	206.485	2.51242e-05	9.80791e-08	208.495	173	7.18593	2	1	0	
65	0.1	0.3	1	115.852	206.513	-6.66112e-06	9.82726e-06	208.51	173	7.23618	2	1	0	
65	0.1	0.3	1	115.855	206.541	-1.69048e-05	2.92877e-06	208.525	173	7.28643	2	1	0	
65	0.1	0.3	1	115.858	206.57	4.68841e-05	7.11829e-06	208.54	173	7.33668	2	1	0	
65	0.1	0.3	1	115.861	206.599	-1.71037e-05	-6.90697e-06	208.556	173	7.38693	2	1	0	
65	0.1	0.3	1	115.863	206.628	1.57208e-05	-1.57908e-05	208.572	173	7.43719	2	1	0	
65	0.1	0.3	1	115.866	206.656	5.83092e-06	1.97223e-05	208.587	173	7.48744	2	1	0	
65	0.1	0.3	1	115.868	206.685	2.99224e-06	-3.82713e-06	208.604	173	7.53769	2	1	0	
65	0.1	0.3	1	115.87	206.714	-8.81039e-06	-1.05555e-05	208.62	173	7.58794	2	1	0	
65	0.1	0.3	1	115.871	206.743	1.87284e-05	-1.99853e-05	208.637	173	7.63819	2	1	0	
65	0.1	0.3	1	115.873	206.773	1.72967e-05	3.58191e-05	208.653	173	7.68844	2	1	0	
65	0.1	0.3	1	115.874	206.802	-2.4774e-05	-2.67305e-05	208.67	173	7.73869	2	1	0	
65	0.1	0.3	1	115.876	206.831	8.97733e-06	5.26656e-05	208.688	173	7.78894	2	1	0	
65	0.1	0.3	1	115.877	206.861	8.67505e-06	-1.32561e-05	208.705	173	7.8392	2	1	0	
65	0.1	0.3	1	115.877	206.89	7.34689e-05	5.03994e-05	208.723	173	7.88945	2	1	0	
65	0.1	0.3	1	115.878	206.92	-2.67804e-06	-6.92938e-06	208.74	173	7.9397	2	1	0	
65	0.1	0.3	1	115.878	206.95	-8.08899e-05	1.5725e-06	208.758	173	7.98995	2	1	0	
65	0.1	0.3	1	115.879	206.98	-1.66544e-05	5.78917e-06	208.777	173	8.0402	2	1	0	
65	0.1	0.3	1	115.879	207.01	-1.16404e-05	-7.42123e-06	208.795	173	8.09045	2	1	0	
65	0.1	0.3	1	115.879	207.04	2.94694e-06	1.10736e-06	208.814	173	8.1407	2	1	0	
65	0.1	0.3	1	115.878	207.07	3.31069e-05	1.04991e-06	208.833	173	8.19095	2	1	0	
65	0.1	0.3	1	115.878	207.1	2.0119e-05	-7.98054e-06	208.852	173	8.24121	2	1	0	
65	0.1	0.3	1	115.877	207.13	2.32414e-05	1.30944e-06	208.871	173	8.29146	2	1	0	
65	0.1	0.3	1	115.876	207.16	-6.61172e-06	-1.12708e-05	208.89	173	8.34171	2	1	0	
65	0.1	0.3	1	115.875	207.191	2.03688e-06	-6.35244e-06	208.91	173	8.39196	2	1	0	
65	0.1	0.3	1	115.874	207.221	1.51617e-05	1.51959e-05	208.93	173	8.44221	2	1	0	
65	0.1	0.3	1	115.872	207.252	-9.30021e-06	-2.35196e-05	208.95	173	8.49246	2	1	0	
65	0.1	0.3	1	115.871	207.283	3.9927e-05	2.03941e-05	208.97	173	8.54271	2	1	0	
65	0.1	0.3	1	115.869	207.313	1.25676e-05	-4.57808e-06	208.99	173	8.59296	2	1	0	
65	0.1	0.3	1	115.867	207.344	-1.20336e-05	-6.03473e-06	209.011	173	8.64322	2	1	0	
65	0.1	0.3	1	115.865	207.375	-1.30375e-05	1.79764e-05	209.032	173	8.69347	2	1	0	
65	0.1	0.3	1	115.863	207.406	-3.3424e-05	1.57549e-05	209.053	173	8.74372	2	1	0	
65	0.1	0.3	1	115.86	207.437	4.70918e-06	-3.91878e-06	209.074	173	8.79397	2	1	0	
65	0.1	0.3	1	115.858	207.469	-7.79577e-06	-2.16047e-05	209.095	173	8.84422	2	1	0	
65	0.1	0.3	1	115.855	207.5	1.27959e-05	-1.6508e-06	209.116	173	8.89447	2	1	0	
65	0.1	0.3	1	115.852	207.531	1.29514e-05	-1.88885e-06	209.138	173	8.94472	2	1	0	
65	0.1	0.3	1	115.849	207.563	1.20988e-05	2.34074e-07	209.16	173	8.99497	2	1	0	
65	0.1	0.3	1	115.845	207.594	4.83366e-06	-6.99662e-06	209.182	173	9.04523	2	1	0	
65	0.1	0.3	1	115.842	207.626	6.182e-06	-1.70084e-05	209.204	173	9.09548	2	1	0	
65	0.1	0.3	1	115.838	207.658	-1.43773e-05	-2.28704e-05	209.227	173	9.14573	2	1	0	
65	0.1	0.3	1	115.834	207.689	1.75621e-05	3.72849e-05	209.249	173	9.19598	2	1	0	
65	0.1	0.3	1	115.83	207.721	3.51762e-06	-1.36787e-05	209.272	173	9.24623	2	1	0	
65	0.1	0.3	1	115.826	207.753	-1.83357e-05	-1.89487e-06	209.295	173	9.29648	2	1	0	
65	0.1	0.3	1	115.822	207.785	7.25322e-06	2.8985e-06	209.318	173	9.34673	2	1	0	
65	0.1	0.3	1	115.817	207.817	-8.27185e-06	6.46787e-06	209.341	173	9.39698	2	1	0	
65	0.1	0.3	1	115.812	207.849	4.47024e-08	1.54283e-05	209.365	173	9.44724	2	1	0	
65	0.1	0.3	1	115.807	207.882	-9.97536e-06	-1.88384e-05	209.388	173	9.49749	2	1	0	
65	0.1	0.3	1	115.802	207.914	1.27939e-05	2.60193e-05	209.412	173	9.54774	2	1	0	
65	0.1	0.3	1	115.797	207.946	-2.19129e-05	-9.83161e-06	209.436	173	9.59799	2	1	0	
65	0.1	0.3	1	115.792	207.979	-7.41769e-05	1.72116e-05	209.46	173	9.64824	2	1	0	
65	0.1	0.3	1	115.786	208.012	-4.16509e-05	1.85649e-05	209.485	173	9.69849	2	1	0	
65	0.1	0.3	1	115.78	208.044	-1.57844e-06	7.13792e-07	209.509	173	9.74874	2	1	0	
65	0.1	0.3	1	115.775	208.077	3.60703e-06	-7.7085e-07	209.534	173	9.79899	2	1	0	
65	0.1	0.3	1	115.769	208.11	4.14858e-05	1.1133e-05	209.558	173	9.84925	2	1	0	
65	0.1	0.3	1	115.762	208.143	-3.67648e-06	6.26568e-06	209.583	173	9.8995	2	1	0	
65	0.1	0.3	1	115.756	208.176	-3.18496e-06	1.22922e-05	209.608	173	9.94975	2	1	0	
65	0.1	0.3	1	115.749	208.209	3.69545e-06	1.67187e-05	209.634	173	10	2	1	0	
