65	0.1	0.3	1	115.486	201.662	-3.58451e-06	5.26042e-06	210.777	173	0	2	0	0	
65	0.1	0.3	1	114.883	202.712	1.30065e-05	-4.62037e-06	210.419	173	0.301508	2	0	0	
65	0.1	0.3	1	115.401	202.782	-9.79093e-06	1.46438e-05	209.964	173	0.603015	2	0	0	
65	0.1	0.3	1	115.853	202.838	-1.36405e-05	4.1967e-07	209.602	173	0.904523	2	0	0	
65	0.1	0.3	1	116.251	202.886	-7.95631e-05	5.90596e-06	209.305	173	1.20603	2	0	0	
65	0.1	0.3	1	116.606	202.935	2.82831e-05	6.84784e-05	209.056	173	1.50754	2	0	0	
65	0.1	0.3	1	116.926	202.987	2.57624e-06	1.16938e-05	208.846	173	1.80905	2	0	0	
65	0.1	0.3	1	117.216	203.044	-1.09718e-05	-2.91813e-05	208.669	173	2.11055	2	0	0	
65	0.1	0.3	1	117.481	203.107	-4.46351e-05	1.75975e-06	208.52	173	2.41206	2	0	0	
65	0.1	0.3	1	117.724	203.174	2.59384e-06	8.33365e-07	208.396	173	2.71357	2	0	0	
65	0.1	0.3	1	117.948	203.247	9.70807e-06	3.36369e-06	208.294	173	3.01508	2	0	0	
65	0.1	0.3	1	118.154	203.326	-8.88931e-06	1.86585e-05	208.212	173	3.31658	2	0	0	
65	0.1	0.3	1	118.344	203.409	-1.90172e-05	-1.72657e-06	208.148	173	3.61809	2	0	0	
65	0.1	0.3	1	118.519	203.498	-7.96544e-05	-1.34498e-05	208.101	173	3.9196	2	0	0	
65	0.1	0.3	1	118.681	203.592	-2.6302e-06	-7.95014e-06	208.069	173	4.22111	2	0	0	
65	0.1	0.3	1	118.831	203.691	4.41414e-05	-5.30643e-05	208.051	173	4.52261	2	0	0	
65	0.1	0.3	1	118.968	203.795	1.61863e-05	-2.5702e-06	208.046	173	4.82412	2	0	0	
65	0.1	0.3	1	119.095	203.903	-1.71857e-05	-1.60226e-05	208.054	173	5.12563	2	0	0	
65	0.1	0.3	1	119.212	204.016	-3.91437e-07	-1.04954e-06	208.074	173	5.42714	2	0	0	
65	0.1	0.3	1	119.319	204.133	-1.58233e-05	6.94281e-06	208.105	173	5.72864	2	0	0	
65	0.1	0.3	1	119.416	204.255	-1.97108e-06	-2.72122e-05	208.146	173	6.03015	2	0	0	
65	0.1	0.3	1	119.505	204.381	-1.49766e-06	8.97414e-06	208.197	173	6.33166	2	0	0	
65	0.1	0.3	1	119.585	204.511	2.55146e-06	1.28195e-05	208.257	173	6.63317	2	0	0	
65	0.1	0.3	1	119.656	204.645	8.60094e-06	4.37019e-05	208.327	173	6.93467	2	0	0	
65	0.1	0.3	1	119.721	204.783	-1.76139e-05	-1.95674e-05	208.405	173	7.23618	2	0	0	
65	0.1	0.3	1	119.777	204.925	3.38659e-06	-1.97926e-05	208.492	173	7.53769	2	0	0	
65	0.1	0.3	1	119.826	205.07	2.131e-05	-2.77332e-05	208.586	173	7.8392	2	0	0	
65	0.1	0.3	1	119.868	205.219	6.89922e-06	1.72518e-06	208.688	173	8.1407	2	0	0	
65	0.1	0.3	1	119.903	205.372	-6.5788e-06	2.08598e-07	208.798	173	8.44221	2	0	0	
65	0.1	0.3	1	119.932	205.528	2.16522e-05	1.11947e-05	208.914	173	8.74372	2	0	0	
65	0.1	0.3	1	119.953	205.688	-9.23699e-06	2.78087e-05	209.038	173	9.04523	2	0	0	
65	0.1	0.3	1	119.969	205.851	2.54686e-05	1.25768e-05	209.168	173	9.34673	2	0	0	
65	0.1	0.3	1	119.978	206.017	-7.99306e-07	-1.9188e-05	209.304	173	9.64824	2	0	0	
65	0.1	0.3	1	119.981	206.187	4.61875e-06	1.91011e-05	209.446	173	9.94975	2	0	0	
65	0.1	0.3	1	119.977	206.36	1.27133e-05	8.50964e-07	209.595	173	10.2513	2	0	0	
65	0.1	0.3	1	119.968	206.536	1.15264e-05	-1.6601e-05	209.749	173	10.5528	2	0	0	
65	0.1	0.3	1	119.953	206.715	1.67098e-05	-2.85006e-08	209.909	173	10.8543	2	0	0	
65	0.1	0.3	1	119.933	206.898	-1.21495e-05	-1.82763e-05	210.074	173	11.1558	2	0	0	
65	0.1	0.3	1	119.906	207.083	1.2976e-05	2.51481e-05	210.244	173	11.4573	2	0	0	
65	0.1	0.3	1	119.874	207.271	1.12624e-05	2.75598e-05	210.42	173	11.7588	2	0	0	
65	0.1	0.3	2	120.984	-206.132	8.46159e-06	0.986458	210.68	173	12.0603	2	0	0	
65	0.1	0.3	2	119.793	-207.657	-8.1311e-05	2.42412	210.769	173	12.3618	2	0	0	
65	0.1	0.3	2	119.744	-207.854	6.37256e-06	3.28089	210.946	173	12.6633	2	0	0	
65	0.1	0.3	2	119.69	-208.054	9.20411e-06	4.02759	211.126	173	12.9648	2	0	0	
65	0.1	0.3	2	119.63	-208.258	-2.94826e-06	4.81159	211.306	173	13.2663	2	0	0	
65	0.1	0.3	2	119.564	-208.464	6.77663e-06	5.83323	211.48	173	13.5678	2	0	0	
65	0.1	0.3	2	119.493	-208.674	-1.3119e-05	6.78005	211.656	173	13.8693	2	0	0	
65	0.1	0.3	2	119.416	-208.886	-2.06764e-05	7.59129	211.837	173	14.1709	2	0	0	
65	0.1	0.3	2	119.334	-209.102	7.41417e-06	8.38155	212.021	173	14.4724	2	0	0	
65	0.1	0.3	2	119.246	-209.32	3.08793e-05	9.16643	212.205	173	14.7739	2	0	0	
65	0.1	0.3	2	119.153	-209.541	1.35783e-06	9.91461	212.393	173	15.0754	2	0	0	
65	0.1	0.3	2	119.054	-209.766	2.44955e-05	10.6282	212.583	173	15.3769	2	0	0	
65	0.1	0.3	2	118.95	-209.993	4.44137e-06	11.314	212.777	173	15.6784	2	0	0	
65	0.1	0.3	2	118.84	-210.223	1.35011e-05	12.0849	212.977	173	15.9799	2	0	0	
65	0.1	0.3	2	118.724	-210.456	-1.65355e-05	12.3872	213.165	173	16.2814	2	0	0	
65	0.1	0.3	2	118.604	-210.692	-7.70703e-06	13.2176	213.381	173	16.5829	2	0	0	
65	0.1	0.3	2	118.477	-210.93	1.70958e-05	13.7872	213.589	173	16.8844	2	0	0	
65	0.1	0.3	2	118.346	-211.172	1.56729e-06	14.3366	213.801	173	17.1859	2	0	0	
65	0.1	0.3	2	118.208	-211.416	6.26782e-06	14.8641	214.018	173	17.4874	2	0	0	
65	0.1	0.3	2	118.066	-211.662	-1.04952e-05	15.3686	214.238	173	17.7889	2	0	0	
65	0.1	0.3	2	117.918	-211.911	-6.00366e-07	15.8493	214.463	173	18.0905	2	0	0	
65	0.1	0.3	2	117.764	-212.163	2.89142e-05	16.3121	214.691	173	18.392	2	0	0	
65	0.1	0.3	2	117.605	212.417	5.51451e-06	-16.747	214.928	173	18.6935	2	0	0	
65	0.1	0.3	2	117.443	-212.672	-2.32023e-05	17.1821	215.153	173	18.995	2	0	0	
65	0.1	0.3	2	117.271	212.933	-4.86916e-06	-17.5874	215.39	173	19.2965	2	0	0	
65	0.1	0.3	2	117.095	213.195	1.47666e-05	-17.9459	215.656	173	19.598	2	0	0	
65	0.1	0.3	2	116.915	213.459	-1.05785e-05	-18.3232	215.895	173	19.8995	2	0	0	
65	0.1	0.3	2	116.728	-213.725	2.44936e-06	18.6694	216.151	173	20.201	2	0	0	
65	0.1	0.3	4	116.537	-213.994	2.43578e-05	19.0047	216.407	173	20.5025	2	0	0	
65	0.1	0.3	6	116.339	214.265	-2.54374e-05	-19.3225	216.668	173	20.804	2	0	0	
65	0.1	0.3	6	116.136	214.538	-1.9751e-05	-19.6276	216.933	173	21.1055	2	0	0	
65	0.1	0.3	6	115.928	214.814	-4.98752e-05	-19.9171	217.201	173	21.407	2	0	0	
65	0.1	0.3	6	115.714	215.091	-2.84319e-05	-20.1928	217.473	173	21.7085	2	0	0	
65	0.1	0.3	4	115.495	215.371	2.10009e-05	-20.4564	217.749	173	22.0101	2	0	0	
65	0.1	0.3	4	115.27	215.653	-2.44745e-05	-20.7071	218.028	173	22.3116	2	0	0	
65	0.1	0.3	6	115.04	215.936	5.6508e-06	-20.9466	218.311	173	22.6131	2	0	0	
65	0.1	0.3	4	114.804	216.222	3.42535e-06	-21.1731	218.597	173	22.9146	2	0	0	
65	0.1	0.3	2	114.562	-216.51	-1.49032e-05	21.3884	218.886	173	23.2161	2	0	0	
65	0.1	0.3	2	114.315	-216.8	-1.2925e-05	21.5922	219.179	173	23.5176	2	0	0	
65	0.1	0.3	2	114.062	-217.091	9.20146e-06	21.7852	219.476	173	23.8191	2	0	0	
65	0.1	0.3	2	113.803	-217.385	-2.62651e-06	21.9683	219.775	173	24.1206	2	0	0	
65	0.1	0.3	2	113.539	-217.68	-1.61963e-05	22.1403	220.078	173	24.4221	2	0	0	
65	0.1	0.3	2	113.269	217.977	2.5839e-05	-22.3025	220.384	173	24.7236	2	0	0	
65	0.1	0.3	2	112.994	218.276	-4.51818e-07	-22.4551	220.692	173	25.0251	2	0	0	
65	0.1	0.3	2	112.713	218.577	-1.65377e-05	-22.5973	221.004	173	25.3266	2	0	0	
65	0.1	0.3	2	112.425	218.879	3.74947e-05	-22.7309	221.319	173	25.6281	2	0	0	
65	0.1	0.3	2	112.132	219.183	1.40057e-05	-22.8542	221.637	173	25.9296	2	0	0	
65	0.1	0.3	2	111.833	219.489	6.3536e-06	-22.9688	221.958	173	26.2312	2	0	0	
65	0.1	0.3	2	111.528	219.796	-9.90763e-06	-23.0739	222.282	173	26.5327	2	0	0	
65	0.1	0.3	2	111.218	220.105	-5.06906e-07	-23.1703	222.608	173	26.8342	2	0	0	
65	0.1	0.3	2	110.901	-220.415	1.51856e-05	23.2583	222.937	173	27.1357	2	0	0	
65	0.1	0.3	2	110.578	-220.727	9.46414e-06	23.337	223.269	173	27.4372	2	0	0	
65	0.1	0.3	2	110.249	221.04	3.96657e-06	-23.4086	223.604	173	27.7387	2	0	0	
65	0.1	0.3	2	109.914	221.355	-5.69643e-06	-23.4727	223.941	173	28.0402	2	0	0	
65	0.1	0.3	2	109.573	221.671	-7.61124e-06	-23.5271	224.281	173	28.3417	2	0	0	
65	0.1	0.3	2	109.225	221.988	-1.51061e-06	-23.5735	224.623	173	28.6432	2	0	0	
65	0.1	0.3	2	108.871	222.307	-7.48899e-06	-23.6132	224.968	173	28.9447	2	0	0	
65	0.1	0.3	2	108.512	222.627	1.88782e-05	-23.6449	225.315	173	29.2462	2	0	0	
65	0.1	0.3	2	108.145	222.948	-2.65016e-05	-23.6693	225.665	173	29.5477	2	0	0	
65	0.1	0.3	2	107.773	223.27	-6.88257e-05	-23.6852	226.017	173	29.8492	2	0	0	
65	0.1	0.3	2	107.393	223.594	5.67756e-06	-23.6951	226.37	173	30.1508	2	0	0	
65	0.1	0.3	2	107.008	223.919	1.3006e-05	-23.6979	226.727	173	30.4523	2	0	0	
65	0.1	0.3	2	106.616	224.244	1.2725e-05	-23.6942	227.085	173	30.7538	2	0	0	
65	0.1	0.3	2	106.217	224.571	2.17249e-05	-23.6822	227.446	173	31.0553	2	0	0	
65	0.1	0.3	2	105.811	224.899	1.95616e-05	-23.6637	227.809	173	31.3568	2	0	0	
65	0.1	0.3	2	105.4	225.227	-1.11643e-05	-23.6398	228.173	173	31.6583	2	0	0	
65	0.1	0.3	2	104.981	225.557	5.35181e-05	-23.6077	228.54	173	31.9598	2	0	0	
65	0.1	0.3	2	104.555	225.887	8.36341e-05	-23.5704	228.908	173	32.2613	2	0	0	
65	0.1	0.3	2	104.122	226.218	-4.87554e-06	-23.5251	229.279	173	32.5628	2	0	0	
65	0.1	0.3	2	103.682	226.551	7.58096e-06	-23.4744	229.651	173	32.8643	2	0	0	
65	0.1	0.3	2	103.235	226.883	2.27131e-05	-23.4165	230.025	173	33.1658	2	0	0	
65	0.1	0.3	2	102.781	227.217	-1.50349e-05	-23.3531	230.401	173	33.4673	2	0	0	
65	0.1	0.3	2	102.319	227.551	-2.09811e-05	-23.2837	230.779	173	33.7688	2	0	0	
65	0.1	0.3	2	101.85	227.886	-8.09956e-05	-23.2077	231.158	173	34.0704	2	0	0	
65	0.1	0.3	2	101.373	228.221	1.19538e-05	-23.1261	231.539	173	34.3719	2	0	0	
65	0.1	0.3	2	100.888	228.557	-5.44224e-06	-23.0381	231.921	173	34.6734	2	0	0	
65	0.1	0.3	2	100.396	228.894	7.25104e-06	-22.9433	232.306	173	34.9749	2	0	0	
65	0.1	0.3	2	99.8958	229.231	-8.21229e-06	-22.8435	232.691	173	35.2764	2	0	0	
65	0.1	0.3	2	99.388	229.568	-2.41532e-06	-22.7377	233.078	173	35.5779	2	0	0	
65	0.1	0.3	2	98.8692	229.908	2.67286e-05	-22.625	233.468	173	35.8794	2	0	0	
65	0.1	0.3	2	98.3451	230.246	-9.86075e-07	-22.5085	233.857	173	36.1809	2	0	0	
65	0.1	0.3	2	97.8127	230.584	3.81521e-06	-22.3851	234.249	173	36.4824	2	0	0	
65	0.1	0.3	6	97.2719	230.922	-1.6386e-05	-22.256	234.642	173	36.7839	2	0	0	
65	0.1	0.3	2	96.7242	231.261	2.06525e-05	-22.1222	235.035	173	37.0854	2	0	0	
65	0.1	0.3	6	96.1691	231.598	4.99536e-05	-21.9834	235.43	173	37.3869	2	0	0	
65	0.1	0.3	6	95.6023	231.937	5.33301e-06	-21.8378	235.826	173	37.6884	2	0	0	
65	0.1	0.3	2	95.0264	232.275	-7.86253e-06	-21.6864	236.224	173	37.9899	2	0	0	
65	0.1	0.3	2	94.4414	232.614	7.08147e-06	-21.5303	236.622	173	38.2915	2	0	0	
65	0.1	0.3	6	93.8469	232.953	6.64405e-06	-21.3668	237.022	173	38.593	2	0	0	
65	0.1	0.3	2	93.2429	233.291	-1.53665e-05	-21.1984	237.423	173	38.8945	2	0	0	
65	0.1	0.3	6	92.627	233.629	3.82398e-06	-21.0236	237.825	173	39.196	2	0	0	
65	0.1	0.3	6	92.0027	233.967	1.61838e-05	-20.8437	238.228	173	39.4975	2	0	0	
65	0.1	0.3	2	91.3644	-234.307	8.02602e-06	20.6571	238.633	173	39.799	2	0	0	
65	0.1	0.3	2	90.72	-234.644	2.24667e-05	20.466	239.037	173	40.1005	2	0	0	
65	0.1	0.3	6	90.0669	-234.979	7.24274e-06	20.2696	239.442	173	40.402	2	0	0	
65	0.1	0.3	6	89.3998	-235.315	-2.07678e-06	20.0671	239.849	173	40.7035	2	0	0	
65	0.1	0.3	6	88.7212	-235.651	-3.90074e-06	19.8583	240.256	173	41.005	2	0	0	
65	0.1	0.3	6	88.0285	-235.989	-5.07266e-06	19.6438	240.665	173	41.3065	2	0	0	
65	0.1	0.3	6	87.3315	-236.321	1.56928e-06	19.4239	241.073	173	41.608	2	0	0	
65	0.1	0.3	6	86.6173	-236.654	-4.82698e-05	19.1978	241.483	173	41.9095	2	0	0	
65	0.1	0.3	6	85.8903	236.987	-5.2528e-06	-18.9647	241.893	173	42.2111	2	0	0	
65	0.1	0.3	6	85.1502	237.319	-1.56139e-06	-18.7251	242.304	173	42.5126	2	0	0	
65	0.1	0.3	6	84.3966	237.65	-1.40741e-06	-18.4795	242.716	173	42.8141	2	0	0	
65	0.1	0.3	6	83.6262	237.98	-4.56773e-05	-18.2262	243.129	173	43.1156	2	0	0	
65	0.1	0.3	6	82.8435	238.308	8.12584e-06	-17.9671	243.542	173	43.4171	2	0	0	
65	0.1	0.3	6	82.0457	-238.636	7.73158e-06	17.701	243.955	173	43.7186	2	0	0	
65	0.1	0.3	6	81.2321	-238.962	2.42515e-05	17.4275	244.369	173	44.0201	2	0	0	
65	0.1	0.3	6	80.4021	-239.287	3.64962e-05	17.1474	244.784	173	44.3216	2	0	0	
65	0.1	0.3	6	79.5551	-239.61	-2.60742e-06	16.859	245.199	173	44.6231	2	0	0	
65	0.1	0.3	6	78.6936	-239.931	-8.35268e-06	16.5642	245.615	173	44.9246	2	0	0	
65	0.1	0.3	6	77.8106	-240.251	-6.39659e-06	16.26	246.031	173	45.2261	2	0	0	
65	0.1	0.3	6	76.9081	-240.569	-7.25426e-06	15.9474	246.447	173	45.5276	2	0	0	
65	0.1	0.3	6	75.9852	-240.885	-1.09557e-05	15.6261	246.864	173	45.8291	2	0	0	
65	0.1	0.3	6	75.0406	-241.199	1.56962e-05	15.2947	247.281	173	46.1307	2	0	0	
65	0.1	0.3	6	74.0695	-241.51	-1.67046e-05	14.9526	247.699	173	46.4322	2	0	0	
65	0.1	0.3	6	73.0773	-241.82	-4.36525e-05	14.601	248.117	173	46.7337	2	0	0	
65	0.1	0.3	6	72.0595	-242.127	3.12712e-06	14.2389	248.535	173	47.0352	2	0	0	
65	0.1	0.3	6	71.0142	-242.431	-2.51666e-06	13.8638	248.954	173	47.3367	2	0	0	
65	0.1	0.3	6	69.9396	-242.732	1.04765e-05	13.4769	249.373	173	47.6382	2	0	0	
65	0.1	0.3	6	68.8384	-243.031	-1.38278e-05	13.0781	249.792	173	47.9397	2	0	0	
65	0.1	0.3	6	67.6994	-243.326	1.55823e-05	12.6632	250.211	173	48.2412	2	0	0	
65	0.1	0.3	6	66.5239	-243.617	2.84694e-05	12.2321	250.63	173	48.5427	2	0	0	
65	0.1	0.3	6	65.3087	-243.905	1.5719e-05	11.7832	251.05	173	48.8442	2	0	0	
65	0.1	0.3	6	64.0445	-244.189	-9.99116e-06	11.3128	251.47	173	49.1457	2	0	0	
65	0.1	0.3	6	62.7368	-244.469	-1.4361e-05	10.8222	251.89	173	49.4472	2	0	0	
65	0.1	0.3	6	61.3758	-244.744	-8.67398e-06	10.3084	252.31	173	49.7487	2	0	0	
65	0.1	0.3	6	59.9552	-245.014	5.20066e-06	9.76646	252.731	173	50.0503	2	0	0	
65	0.1	0.3	5	58.4741	-245.279	2.95228e-05	9.19606	253.15	173	50.3518	2	0	0	
65	0.1	0.3	5	56.9112	-245.538	-4.52565e-05	8.58698	253.571	173	50.6533	2	0	0	
65	0.1	0.3	5	55.2599	-245.791	-2.10895e-06	7.9343	253.991	173	50.9548	2	0	0	
65	0.1	0.3	5	53.4975	-246.035	-1.66158e-05	7.22701	254.411	173	51.2563	2	0	0	
65	0.1	0.3	6	51.6168	-246.272	-2.78288e-05	6.45847	254.831	173	51.5578	2	0	0	
65	0.1	0.3	15	49.5839	-246.499	-1.39312e-05	5.61135	255.25	173	51.8593	2	0	0	
65	0.1	0.3	10	47.359	-246.716	1.1354e-05	4.66057	255.669	173	52.1608	2	0	0	
65	0.1	0.3	10	44.8942	-246.92	-8.10831e-06	3.57605	256.085	173	52.4623	2	0	0	
65	0.1	0.3	10	42.0708	247.109	4.17265e-05	-2.28658	256.498	173	52.7638	2	0	0	
65	0.1	0.3	10	38.718	-247.277	-7.72644e-06	0.668859	256.906	173	53.0653	2	0	0	
65	0.1	0.3	9	34.4108	247.416	-2.0367e-05	-7.35452e-06	257.304	173	53.3668	2	0	0	
65	0.1	0.3	9	27.7763	247.506	-4.04665e-05	-8.10859e-06	257.698	173	53.6683	2	0	0	
65	0.1	0.3	-3	0	0	0	0	0	173	53.9698	2	0	0	
65	0.1	0.3	-3	0	0	0	0	0	173	54.2714	2	0	0	
65	0.1	0.3	-3	0	0	0	0	0	173	54.5729	2	0	0	
65	0.1	0.3	-3	0	0	0	0	0	173	54.8744	2	0	0	
65	0.1	0.3	-3	0	0	0	0	0	173	55.1759	2	0	0	
65	0.1	0.3	-3	0	0	0	0	0	173	55.4774	2	0	0	
65	0.1	0.3	-2	0	0	0	0	0	173	55.7789	2	0	0	
65	0.1	0.3	-3	0	0	0	0	0	173	56.0804	2	0	0	
65	0.1	0.3	-2	0	0	0	0	0	173	56.3819	2	0	0	
65	0.1	0.3	-3	0	0	0	0	0	173	56.6834	2	0	0	
65	0.1	0.3	-2	0	0	0	0	0	173	56.9849	2	0	0	
65	0.1	0.3	-2	0	0	0	0	0	173	57.2864	2	0	0	
65	0.1	0.3	-2	0	0	0	0	0	173	57.5879	2	0	0	
65	0.1	0.3	-2	0	0	0	0	0	173	57.8894	2	0	0	
65	0.1	0.3	-2	0	0	0	0	0	173	58.191	2	0	0	
65	0.1	0.3	-2	0	0	0	0	0	173	58.4925	2	0	0	
65	0.1	0.3	-2	0	0	0	0	0	173	58.794	2	0	0	
65	0.1	0.3	-2	0	0	0	0	0	173	59.0955	2	0	0	
65	0.1	0.3	-2	0	0	0	0	0	173	59.397	2	0	0	
65	0.1	0.3	-2	0	0	0	0	0	173	59.6985	2	0	0	
65	0.1	0.3	-2	0	0	0	0	0	173	60	2	0	0	
