65	0.1	0.3	1	114.102	202.182	-3.73909e-06	8.49383e-06	210.634	173	0	2	1	0	
65	0.1	0.3	1	114.108	202.182	-7.825e-05	6.16338e-06	210.63	173	0.00100503	2	1	0	
65	0.1	0.3	1	114.115	202.182	-7.09353e-05	-1.41387e-05	210.627	173	0.00201005	2	1	0	
65	0.1	0.3	1	114.121	202.181	-2.07872e-05	3.33195e-05	210.624	173	0.00301508	2	1	0	
65	0.1	0.3	1	114.127	202.181	-1.65806e-05	2.94729e-06	210.62	173	0.0040201	2	1	0	
65	0.1	0.3	1	114.133	202.18	-4.72809e-05	-6.96218e-06	210.617	173	0.00502513	2	1	0	
65	0.1	0.3	1	114.139	202.18	1.57242e-05	7.16423e-07	210.614	173	0.00603015	2	1	0	
65	0.1	0.3	1	114.145	202.179	-1.17133e-05	-9.08294e-07	210.61	173	0.00703518	2	1	0	
65	0.1	0.3	1	114.151	202.178	3.74697e-06	8.33825e-06	210.607	173	0.0080402	2	1	0	
65	0.1	0.3	1	114.158	202.178	1.64626e-05	1.05915e-06	210.604	173	0.00904523	2	1	0	
65	0.1	0.3	1	114.164	202.177	3.07721e-05	5.32957e-06	210.6	173	0.0100503	2	1	0	
65	0.1	0.3	1	114.17	202.176	7.34494e-06	-5.21367e-05	210.597	173	0.0110553	2	1	0	
65	0.1	0.3	1	114.176	202.176	2.77877e-05	-1.23848e-05	210.594	173	0.0120603	2	1	0	
65	0.1	0.3	1	114.182	202.175	-3.47074e-05	-2.03117e-05	210.59	173	0.0130653	2	1	0	
65	0.1	0.3	1	114.189	202.174	-4.44269e-05	-1.59549e-05	210.587	173	0.0140704	2	1	0	
65	0.1	0.3	1	114.195	202.173	4.19839e-05	-4.33876e-06	210.583	173	0.0150754	2	1	0	
65	0.1	0.3	1	114.201	202.172	-1.33852e-05	5.70326e-07	210.58	173	0.0160804	2	1	0	
65	0.1	0.3	1	114.207	202.171	-3.91788e-05	-7.67563e-06	210.577	173	0.0170854	2	1	0	
65	0.1	0.3	1	114.214	202.17	1.61344e-05	1.25413e-05	210.573	173	0.0180905	2	1	0	
65	0.1	0.3	1	114.22	202.169	-2.59104e-06	9.44629e-06	210.57	173	0.0190955	2	1	0	
65	0.1	0.3	1	114.226	202.168	5.56152e-06	5.01297e-05	210.566	173	0.0201005	2	1	0	
65	0.1	0.3	1	114.233	202.166	1.3253e-05	9.93121e-06	210.563	173	0.0211055	2	1	0	
65	0.1	0.3	1	114.239	202.165	4.57112e-05	8.10754e-07	210.559	173	0.0221106	2	1	0	
65	0.1	0.3	1	114.246	202.164	1.1557e-05	-1.21245e-06	210.556	173	0.0231156	2	1	0	
65	0.1	0.3	1	114.252	202.162	6.71227e-06	5.03358e-06	210.552	173	0.0241206	2	1	0	
65	0.1	0.3	1	114.258	202.161	-1.51968e-05	-9.3013e-06	210.549	173	0.0251256	2	1	0	
65	0.1	0.3	1	114.265	202.16	5.06038e-06	-1.06642e-06	210.545	173	0.0261307	2	1	0	
65	0.1	0.3	1	114.272	202.158	-1.76656e-06	5.89457e-06	210.541	173	0.0271357	2	1	0	
65	0.1	0.3	1	114.278	202.157	1.74388e-05	2.7488e-05	210.538	173	0.0281407	2	1	0	
65	0.1	0.3	1	114.285	202.155	4.13083e-05	-5.9052e-06	210.534	173	0.0291457	2	1	0	
65	0.1	0.3	1	114.291	202.154	-1.44042e-05	1.45917e-05	210.531	173	0.0301508	2	1	0	
65	0.1	0.3	1	114.298	202.152	-1.84529e-05	-1.96504e-05	210.527	173	0.0311558	2	1	0	
65	0.1	0.3	1	114.305	202.15	-6.13323e-06	1.00903e-05	210.523	173	0.0321608	2	1	0	
65	0.1	0.3	1	114.312	202.148	1.46312e-05	6.15017e-06	210.52	173	0.0331658	2	1	0	
65	0.1	0.3	1	114.318	202.147	-8.4649e-06	8.46588e-06	210.516	173	0.0341709	2	1	0	
65	0.1	0.3	1	114.325	202.145	4.34977e-07	-2.38461e-05	210.512	173	0.0351759	2	1	0	
65	0.1	0.3	1	114.332	202.143	6.16749e-06	2.17357e-05	210.509	173	0.0361809	2	1	0	
65	0.1	0.3	1	114.339	202.141	4.77779e-05	-8.6897e-06	210.505	173	0.0371859	2	1	0	
65	0.1	0.3	1	114.346	202.139	5.29069e-06	-6.80504e-06	210.501	173	0.038191	2	1	0	
65	0.1	0.3	1	114.353	202.137	9.68751e-06	5.00403e-05	210.497	173	0.039196	2	1	0	
65	0.1	0.3	1	114.36	202.135	-2.89544e-06	1.01698e-05	210.494	173	0.040201	2	1	0	
65	0.1	0.3	1	114.367	202.133	-2.93902e-06	2.7482e-06	210.49	173	0.041206	2	1	0	
65	0.1	0.3	1	114.374	202.13	3.97796e-06	1.11325e-05	210.486	173	0.0422111	2	1	0	
65	0.1	0.3	1	114.382	202.128	8.56815e-06	7.32631e-06	210.482	173	0.0432161	2	1	0	
65	0.1	0.3	1	114.389	202.126	8.87078e-06	-2.57271e-06	210.478	173	0.0442211	2	1	0	
65	0.1	0.3	1	114.396	202.123	2.00326e-05	-5.89568e-06	210.474	173	0.0452261	2	1	0	
65	0.1	0.3	1	114.404	202.121	-1.79946e-05	-1.49744e-05	210.47	173	0.0462312	2	1	0	
65	0.1	0.3	1	114.411	202.118	-3.83338e-05	1.75689e-05	210.466	173	0.0472362	2	1	0	
65	0.1	0.3	1	114.419	202.116	-2.42175e-06	-4.45301e-05	210.462	173	0.0482412	2	1	0	
65	0.1	0.3	1	114.426	202.113	-2.1951e-05	-3.78993e-06	210.458	173	0.0492462	2	1	0	
65	0.1	0.3	1	114.434	202.11	-1.13954e-07	1.89843e-05	210.454	173	0.0502513	2	1	0	
65	0.1	0.3	1	114.441	202.107	-2.39908e-05	7.59858e-06	210.45	173	0.0512563	2	1	0	
65	0.1	0.3	1	114.449	202.105	-1.4872e-05	2.89784e-06	210.446	173	0.0522613	2	1	0	
65	0.1	0.3	1	114.457	202.102	-3.48201e-06	7.90109e-06	210.442	173	0.0532663	2	1	0	
65	0.1	0.3	1	114.465	202.098	8.15175e-06	-1.74163e-05	210.438	173	0.0542714	2	1	0	
65	0.1	0.3	1	114.473	202.095	-1.62889e-06	-8.19274e-06	210.434	173	0.0552764	2	1	0	
65	0.1	0.3	1	114.481	202.092	-1.42816e-05	-3.03832e-06	210.429	173	0.0562814	2	1	0	
65	0.1	0.3	1	114.489	202.089	-9.70181e-06	-1.06e-05	210.425	173	0.0572864	2	1	0	
65	0.1	0.3	1	114.498	202.085	-2.00631e-05	-9.33468e-06	210.421	173	0.0582915	2	1	0	
65	0.1	0.3	1	114.506	202.082	3.11531e-05	6.28696e-06	210.417	173	0.0592965	2	1	0	
65	0.1	0.3	1	114.514	202.078	1.42592e-05	4.42714e-07	210.412	173	0.0603015	2	1	0	
65	0.1	0.3	1	114.523	202.075	1.62102e-05	-1.78302e-05	210.408	173	0.0613065	2	1	0	
65	0.1	0.3	1	114.532	202.071	-1.37123e-05	3.31328e-06	210.403	173	0.0623116	2	1	0	
65	0.1	0.3	1	114.541	202.067	-1.13536e-05	1.58914e-05	210.399	173	0.0633166	2	1	0	
65	0.1	0.3	1	114.549	202.063	5.88553e-06	7.26292e-05	210.394	173	0.0643216	2	1	0	
65	0.1	0.3	1	114.558	202.059	1.03051e-05	1.02472e-05	210.39	173	0.0653266	2	1	0	
65	0.1	0.3	1	114.568	202.055	-3.25571e-05	-3.69145e-05	210.385	173	0.0663317	2	1	0	
65	0.1	0.3	1	114.577	202.05	-1.95906e-05	-1.38881e-05	210.381	173	0.0673367	2	1	0	
65	0.1	0.3	1	114.586	202.046	7.29699e-06	2.10339e-05	210.376	173	0.0683417	2	1	0	
65	0.1	0.3	1	114.596	202.041	2.62063e-06	-9.35924e-06	210.371	173	0.0693467	2	1	0	
65	0.1	0.3	1	114.606	202.036	-5.13763e-06	-3.78365e-05	210.366	173	0.0703518	2	1	0	
65	0.1	0.3	1	114.616	202.032	-4.71496e-05	-4.3581e-05	210.361	173	0.0713568	2	1	0	
65	0.1	0.3	1	114.626	202.026	4.48597e-05	3.1973e-05	210.356	173	0.0723618	2	1	0	
65	0.1	0.3	1	114.636	202.021	-2.21824e-06	-1.23117e-05	210.351	173	0.0733668	2	1	0	
65	0.1	0.3	1	114.647	202.016	2.27492e-06	9.69914e-06	210.346	173	0.0743719	2	1	0	
65	0.1	0.3	1	114.657	202.01	9.84741e-06	-4.71688e-06	210.341	173	0.0753769	2	1	0	
65	0.1	0.3	1	114.668	202.004	6.83494e-06	1.44816e-05	210.336	173	0.0763819	2	1	0	
65	0.1	0.3	1	114.679	201.998	1.81597e-05	-1.07064e-05	210.331	173	0.0773869	2	1	0	
65	0.1	0.3	1	114.691	201.992	5.74097e-06	-2.33769e-05	210.325	173	0.078392	2	1	0	
65	0.1	0.3	1	114.703	201.986	-1.0685e-06	-2.19661e-06	210.32	173	0.079397	2	1	0	
65	0.1	0.3	1	114.715	201.979	-1.04106e-06	-5.66524e-06	210.314	173	0.080402	2	1	0	
65	0.1	0.3	1	114.727	201.972	-3.38768e-05	-9.00362e-06	210.308	173	0.081407	2	1	0	
65	0.1	0.3	1	114.74	201.964	-1.96623e-05	-1.21065e-06	210.302	173	0.0824121	2	1	0	
65	0.1	0.3	1	114.753	201.957	1.15369e-05	-1.36694e-05	210.296	173	0.0834171	2	1	0	
65	0.1	0.3	1	114.767	201.948	-1.04499e-05	-1.81937e-05	210.29	173	0.0844221	2	1	0	
65	0.1	0.3	1	114.781	201.94	-5.47917e-06	-3.15491e-05	210.284	173	0.0854271	2	1	0	
65	0.1	0.3	1	114.796	201.931	-5.71182e-06	1.04199e-05	210.277	173	0.0864322	2	1	0	
65	0.1	0.3	1	114.811	201.921	6.25467e-06	2.25403e-05	210.271	173	0.0874372	2	1	0	
65	0.1	0.3	1	114.828	201.911	-5.47353e-06	1.57143e-07	210.264	173	0.0884422	2	1	0	
65	0.1	0.3	1	114.845	201.9	5.02664e-05	1.83365e-05	210.256	173	0.0894472	2	1	0	
65	0.1	0.3	1	114.863	201.888	2.3021e-05	-4.7516e-06	210.249	173	0.0904523	2	1	0	
65	0.1	0.3	1	114.883	201.875	-1.22379e-05	1.23642e-05	210.241	173	0.0914573	2	1	0	
65	0.1	0.3	1	114.905	201.861	-1.04275e-06	-5.55748e-06	210.232	173	0.0924623	2	1	0	
65	0.1	0.3	1	114.929	201.845	-4.39691e-06	4.53275e-06	210.223	173	0.0934673	2	1	0	
65	0.1	0.3	1	114.956	201.826	2.16467e-05	1.87128e-05	210.213	173	0.0944724	2	1	0	
65	0.1	0.3	1	114.987	201.804	1.70211e-05	1.28244e-05	210.201	173	0.0954774	2	1	0	
65	0.1	0.3	1	115.027	201.776	-6.07913e-06	2.50711e-05	210.188	173	0.0964824	2	1	0	
65	0.1	0.3	1	115.082	201.735	2.88524e-05	1.41832e-05	210.169	173	0.0974874	2	1	0	
65	0.1	0.3	1	115.206	201.641	2.00447e-05	-2.94254e-06	210.132	173	0.0984925	2	1	0	
65	0.1	0.3	1	115.24	201.617	-2.28537e-05	1.45937e-05	210.119	173	0.0994975	2	1	0	
65	0.1	0.3	1	115.123	201.708	2.13138e-06	1.75286e-05	210.149	173	0.100503	2	1	0	
65	0.1	0.3	1	115.085	201.739	-3.17194e-05	6.40205e-06	210.156	173	0.101508	2	1	0	
65	0.1	0.3	1	115.064	201.756	-1.2595e-05	1.88768e-05	210.159	173	0.102513	2	1	0	
65	0.1	0.3	1	115.053	201.767	-2.04121e-06	-6.84211e-06	210.16	173	0.103518	2	1	0	
65	0.1	0.3	1	115.046	201.774	-2.9549e-05	-2.55936e-05	210.159	173	0.104523	2	1	0	
65	0.1	0.3	1	115.042	201.779	1.49457e-05	-1.98761e-06	210.157	173	0.105528	2	1	0	
65	0.1	0.3	1	115.041	201.781	-3.09961e-05	4.74263e-05	210.155	173	0.106533	2	1	0	
65	0.1	0.3	1	115.042	201.782	-1.62406e-05	-2.35285e-05	210.152	173	0.107538	2	1	0	
65	0.1	0.3	1	115.045	201.782	5.71219e-06	-6.15731e-06	210.148	173	0.108543	2	1	0	
65	0.1	0.3	1	115.049	201.781	1.78077e-05	6.58518e-06	210.144	173	0.109548	2	1	0	
65	0.1	0.3	1	115.054	201.779	-2.778e-05	-4.46547e-05	210.14	173	0.110553	2	1	0	
65	0.1	0.3	1	115.061	201.775	2.75908e-05	-2.3047e-05	210.136	173	0.111558	2	1	0	
65	0.1	0.3	1	115.069	201.771	2.28378e-05	4.7459e-06	210.131	173	0.112563	2	1	0	
65	0.1	0.3	1	115.078	201.766	7.84532e-06	3.56108e-06	210.125	173	0.113568	2	1	0	
65	0.1	0.3	1	115.088	201.76	-9.29104e-06	1.45181e-05	210.12	173	0.114573	2	1	0	
65	0.1	0.3	1	115.1	201.753	-5.14834e-05	3.73312e-05	210.114	173	0.115578	2	1	0	
65	0.1	0.3	1	115.112	201.745	-1.05238e-05	-2.68403e-05	210.108	173	0.116583	2	1	0	
65	0.1	0.3	1	115.126	201.736	-1.65132e-05	-2.09291e-05	210.101	173	0.117588	2	1	0	
65	0.1	0.3	1	115.142	201.725	-4.53363e-06	-5.3375e-06	210.094	173	0.118593	2	1	0	
65	0.1	0.3	1	115.16	201.713	2.34813e-06	1.00266e-06	210.086	173	0.119598	2	1	0	
65	0.1	0.3	1	115.181	201.699	-3.59576e-05	-7.55334e-06	210.078	173	0.120603	2	1	0	
65	0.1	0.3	1	115.204	201.683	2.96711e-06	1.62477e-05	210.068	173	0.121608	2	1	0	
65	0.1	0.3	1	115.231	201.664	-1.94493e-05	5.35311e-06	210.058	173	0.122613	2	1	0	
65	0.1	0.3	1	115.263	201.641	1.7769e-05	1.24871e-05	210.046	173	0.123618	2	1	0	
65	0.1	0.3	1	115.302	201.613	-1.34533e-05	-3.85627e-06	210.032	173	0.124623	2	1	0	
65	0.1	0.3	1	115.351	201.577	1.32341e-05	-2.77745e-05	210.015	173	0.125628	2	1	0	
65	0.1	0.3	1	115.421	201.525	-5.0044e-07	2.35289e-05	209.993	173	0.126633	2	1	0	
65	0.1	0.3	1	115.54	201.435	4.32507e-06	-1.70417e-05	209.956	173	0.127638	2	1	0	
65	0.1	0.3	1	115.806	201.233	1.08894e-05	-7.7361e-06	209.878	173	0.128643	2	1	0	
65	0.1	0.3	1	115.663	201.342	1.15589e-05	-5.08489e-05	209.914	173	0.129648	2	1	0	
65	0.1	0.3	1	115.479	201.484	-1.11915e-05	3.26374e-06	209.963	173	0.130653	2	1	0	
65	0.1	0.3	1	115.395	201.549	1.63872e-05	1.59704e-05	209.983	173	0.131658	2	1	0	
65	0.1	0.3	1	115.34	201.593	-2.62042e-06	-5.53185e-06	209.995	173	0.132663	2	1	0	
65	0.1	0.3	1	115.298	201.626	4.50162e-05	-2.54434e-05	210.004	173	0.133668	2	1	0	
65	0.1	0.3	1	115.265	201.653	8.25608e-05	3.83714e-06	210.01	173	0.134673	2	1	0	
65	0.1	0.3	1	115.238	201.675	7.29706e-06	1.90074e-05	210.015	173	0.135678	2	1	0	
65	0.1	0.3	1	115.214	201.694	5.95637e-06	1.63328e-06	210.019	173	0.136683	2	1	0	
65	0.1	0.3	1	115.194	201.712	-3.04723e-05	4.40072e-05	210.022	173	0.137688	2	1	0	
65	0.1	0.3	1	115.177	201.727	9.07203e-06	1.11145e-05	210.024	173	0.138693	2	1	0	
65	0.1	0.3	1	115.161	201.74	-1.39548e-05	-6.89309e-06	210.026	173	0.139698	2	1	0	
65	0.1	0.3	1	115.146	201.753	-6.61084e-06	-5.38686e-06	210.027	173	0.140704	2	1	0	
65	0.1	0.3	1	115.134	201.765	1.78908e-07	2.26027e-06	210.028	173	0.141709	2	1	0	
65	0.1	0.3	1	115.122	201.775	2.68118e-05	4.82181e-05	210.029	173	0.142714	2	1	0	
65	0.1	0.3	1	115.111	201.785	-3.72751e-05	-3.7239e-06	210.029	173	0.143719	2	1	0	
65	0.1	0.3	1	115.101	201.795	-2.65979e-05	3.21122e-06	210.03	173	0.144724	2	1	0	
65	0.1	0.3	1	115.092	201.803	1.27553e-06	-8.84896e-06	210.03	173	0.145729	2	1	0	
65	0.1	0.3	1	115.083	201.812	7.66699e-06	-2.53164e-05	210.03	173	0.146734	2	1	0	
65	0.1	0.3	1	115.075	201.819	-2.93958e-06	-4.96033e-06	210.029	173	0.147739	2	1	0	
65	0.1	0.3	1	115.068	201.827	-2.00948e-05	8.68743e-06	210.029	173	0.148744	2	1	0	
65	0.1	0.3	1	115.061	201.834	1.89333e-06	-3.6978e-06	210.029	173	0.149749	2	1	0	
65	0.1	0.3	1	115.055	201.841	-4.41769e-06	-1.08955e-05	210.028	173	0.150754	2	1	0	
65	0.1	0.3	1	115.048	201.847	1.06182e-05	5.16791e-06	210.027	173	0.151759	2	1	0	
65	0.1	0.3	1	115.043	201.853	-5.04886e-05	2.62614e-05	210.027	173	0.152764	2	1	0	
65	0.1	0.3	1	115.037	201.859	1.59345e-05	3.44439e-05	210.026	173	0.153769	2	1	0	
65	0.1	0.3	1	115.032	201.865	1.36047e-05	3.9612e-05	210.025	173	0.154774	2	1	0	
65	0.1	0.3	1	115.027	201.871	-6.17397e-07	-4.96611e-06	210.024	173	0.155779	2	1	0	
65	0.1	0.3	1	115.023	201.876	-6.78757e-06	1.90321e-05	210.023	173	0.156784	2	1	0	
65	0.1	0.3	1	115.019	201.881	-1.75025e-05	3.52316e-05	210.022	173	0.157789	2	1	0	
65	0.1	0.3	1	115.014	201.886	-2.69972e-06	-1.99924e-06	210.021	173	0.158794	2	1	0	
65	0.1	0.3	1	115.011	201.891	4.69487e-06	-1.53855e-06	210.02	173	0.159799	2	1	0	
65	0.1	0.3	1	115.007	201.896	-5.02881e-06	-5.67582e-06	210.019	173	0.160804	2	1	0	
65	0.1	0.3	1	115.003	201.9	-2.25461e-05	-4.77932e-06	210.017	173	0.161809	2	1	0	
65	0.1	0.3	1	115	201.905	5.16396e-05	-3.10091e-06	210.016	173	0.162814	2	1	0	
65	0.1	0.3	1	114.997	201.909	-4.34526e-06	8.64296e-06	210.015	173	0.163819	2	1	0	
65	0.1	0.3	1	114.994	201.913	1.1079e-05	-1.52495e-06	210.013	173	0.164824	2	1	0	
65	0.1	0.3	1	114.991	201.917	-3.67207e-06	-1.21248e-05	210.012	173	0.165829	2	1	0	
65	0.1	0.3	1	114.988	201.921	-8.82024e-06	5.77633e-06	210.011	173	0.166834	2	1	0	
65	0.1	0.3	1	114.986	201.925	-1.64442e-05	-5.06052e-06	210.009	173	0.167839	2	1	0	
65	0.1	0.3	1	114.983	201.929	-1.54119e-05	1.23922e-05	210.008	173	0.168844	2	1	0	
65	0.1	0.3	1	114.981	201.933	1.43324e-05	-8.1362e-05	210.006	173	0.169849	2	1	0	
65	0.1	0.3	1	114.979	201.936	1.19938e-05	1.01391e-05	210.005	173	0.170854	2	1	0	
65	0.1	0.3	1	114.977	201.94	-2.0444e-05	-2.34218e-05	210.003	173	0.171859	2	1	0	
65	0.1	0.3	1	114.975	201.943	-1.11101e-05	-7.63425e-05	210.002	173	0.172864	2	1	0	
65	0.1	0.3	1	114.973	201.947	2.61315e-06	-9.59512e-06	210	173	0.173869	2	1	0	
65	0.1	0.3	1	114.971	201.95	-1.9328e-05	-2.22074e-05	209.999	173	0.174874	2	1	0	
65	0.1	0.3	1	114.969	201.953	1.94826e-05	5.95561e-06	209.997	173	0.175879	2	1	0	
65	0.1	0.3	1	114.968	201.956	-1.65217e-05	-2.79232e-05	209.996	173	0.176884	2	1	0	
65	0.1	0.3	1	114.966	201.96	1.56416e-05	-4.42087e-06	209.994	173	0.177889	2	1	0	
65	0.1	0.3	1	114.965	201.963	3.7017e-06	2.00819e-05	209.992	173	0.178894	2	1	0	
65	0.1	0.3	1	114.963	201.966	3.6901e-06	-4.08509e-06	209.991	173	0.179899	2	1	0	
65	0.1	0.3	1	114.962	201.969	-3.72657e-06	-1.52571e-05	209.989	173	0.180905	2	1	0	
65	0.1	0.3	1	114.961	201.971	-5.79454e-06	8.02117e-06	209.988	173	0.18191	2	1	0	
65	0.1	0.3	1	114.96	201.974	2.18238e-05	1.64973e-05	209.986	173	0.182915	2	1	0	
65	0.1	0.3	1	114.959	201.977	1.58236e-05	2.05788e-05	209.984	173	0.18392	2	1	0	
65	0.1	0.3	1	114.958	201.98	-7.10273e-08	-1.08756e-05	209.983	173	0.184925	2	1	0	
65	0.1	0.3	1	114.957	201.983	-2.4794e-05	2.43668e-05	209.981	173	0.18593	2	1	0	
65	0.1	0.3	1	114.956	201.985	-4.36623e-06	-1.69088e-05	209.979	173	0.186935	2	1	0	
65	0.1	0.3	1	114.955	201.988	-3.05422e-05	7.96239e-06	209.977	173	0.18794	2	1	0	
65	0.1	0.3	1	114.954	201.99	-2.22942e-05	3.2425e-06	209.976	173	0.188945	2	1	0	
65	0.1	0.3	1	114.953	201.993	-4.1805e-06	2.731e-05	209.974	173	0.18995	2	1	0	
65	0.1	0.3	1	114.952	201.996	1.05519e-05	1.88373e-05	209.972	173	0.190955	2	1	0	
65	0.1	0.3	1	114.952	201.998	-1.34625e-05	-4.78877e-05	209.971	173	0.19196	2	1	0	
65	0.1	0.3	1	114.951	202	2.30132e-05	-1.36189e-05	209.969	173	0.192965	2	1	0	
65	0.1	0.3	1	114.951	202.003	-3.23685e-05	2.70255e-05	209.967	173	0.19397	2	1	0	
65	0.1	0.3	1	114.95	202.005	2.43146e-05	2.67651e-05	209.965	173	0.194975	2	1	0	
65	0.1	0.3	1	114.95	202.008	-3.16021e-05	5.41688e-06	209.964	173	0.19598	2	1	0	
65	0.1	0.3	1	114.949	202.01	3.75259e-06	4.99272e-06	209.962	173	0.196985	2	1	0	
65	0.1	0.3	1	114.949	202.012	-8.5882e-06	2.90051e-06	209.96	173	0.19799	2	1	0	
65	0.1	0.3	1	114.948	202.014	7.56419e-06	2.97113e-05	209.958	173	0.198995	2	1	0	
65	0.1	0.3	1	114.948	202.017	1.74027e-05	-8.52355e-06	209.956	173	0.2	2	1	0	
65	0.1	0.3	1	114.948	202.017	1.74027e-05	-8.52355e-06	209.956	173	0.2	2	1	0	
65	0.1	0.3	1	114.947	202.025	-1.15075e-05	7.49635e-06	209.949	173	0.20402	2	1	0	
65	0.1	0.3	1	114.947	202.034	-2.12584e-05	4.67746e-05	209.942	173	0.20804	2	1	0	
65	0.1	0.3	1	114.947	202.041	2.33204e-05	3.59057e-06	209.935	173	0.21206	2	1	0	
65	0.1	0.3	1	114.947	202.049	1.63081e-05	1.7752e-06	209.928	173	0.21608	2	1	0	
65	0.1	0.3	1	114.948	202.056	-1.27094e-05	1.1074e-05	209.92	173	0.220101	2	1	0	
65	0.1	0.3	1	114.949	202.063	4.64067e-06	3.55063e-06	209.913	173	0.224121	2	1	0	
65	0.1	0.3	1	114.951	202.07	4.75378e-05	7.68335e-06	209.906	173	0.228141	2	1	0	
65	0.1	0.3	1	114.953	202.077	4.37885e-05	-1.76809e-05	209.898	173	0.232161	2	1	0	
65	0.1	0.3	1	114.955	202.083	-1.45328e-05	-7.34965e-06	209.891	173	0.236181	2	1	0	
65	0.1	0.3	1	114.957	202.089	1.15935e-05	4.76466e-05	209.884	173	0.240201	2	1	0	
65	0.1	0.3	1	114.959	202.095	-8.51846e-05	1.01012e-05	209.877	173	0.244221	2	1	0	
65	0.1	0.3	1	114.962	202.101	-7.20396e-06	-1.74902e-06	209.869	173	0.248241	2	1	0	
65	0.1	0.3	1	114.965	202.106	4.72492e-06	8.12098e-06	209.862	173	0.252261	2	1	0	
65	0.1	0.3	1	114.968	202.112	-1.28489e-05	1.59764e-05	209.855	173	0.256281	2	1	0	
65	0.1	0.3	1	114.971	202.117	-1.25529e-05	-3.92044e-05	209.847	173	0.260302	2	1	0	
65	0.1	0.3	1	114.975	202.122	-6.75852e-06	-2.35854e-05	209.84	173	0.264322	2	1	0	
65	0.1	0.3	1	114.978	202.127	-7.93948e-05	1.25655e-05	209.833	173	0.268342	2	1	0	
65	0.1	0.3	1	114.982	202.132	1.03191e-05	2.2563e-05	209.826	173	0.272362	2	1	0	
65	0.1	0.3	1	114.985	202.137	-1.24831e-06	1.47867e-05	209.818	173	0.276382	2	1	0	
65	0.1	0.3	1	114.989	202.142	-2.45364e-05	1.18358e-06	209.811	173	0.280402	2	1	0	
65	0.1	0.3	1	114.993	202.147	1.10048e-05	1.82433e-06	209.804	173	0.284422	2	1	0	
65	0.1	0.3	1	114.997	202.151	-2.91297e-05	8.66196e-06	209.797	173	0.288442	2	1	0	
65	0.1	0.3	1	115.001	202.156	2.60966e-05	2.22633e-05	209.79	173	0.292462	2	1	0	
65	0.1	0.3	1	115.006	202.16	-3.07996e-05	8.09141e-08	209.783	173	0.296482	2	1	0	
65	0.1	0.3	1	115.01	202.165	-5.54711e-06	-1.70166e-05	209.776	173	0.300503	2	1	0	
65	0.1	0.3	1	115.014	202.169	-2.09752e-05	-1.88474e-05	209.769	173	0.304523	2	1	0	
65	0.1	0.3	1	115.019	202.173	-2.4838e-05	-3.12531e-07	209.762	173	0.308543	2	1	0	
65	0.1	0.3	1	115.023	202.177	-7.40777e-05	2.71355e-06	209.755	173	0.312563	2	1	0	
65	0.1	0.3	1	115.028	202.181	-9.38333e-07	-5.53708e-06	209.748	173	0.316583	2	1	0	
65	0.1	0.3	1	115.032	202.185	-1.08069e-05	4.44317e-05	209.741	173	0.320603	2	1	0	
65	0.1	0.3	1	115.037	202.189	1.66027e-05	-2.14091e-05	209.734	173	0.324623	2	1	0	
65	0.1	0.3	1	115.042	202.193	-8.66909e-06	1.01226e-05	209.727	173	0.328643	2	1	0	
65	0.1	0.3	1	115.047	202.197	3.20748e-06	2.13722e-05	209.72	173	0.332663	2	1	0	
65	0.1	0.3	1	115.051	202.201	6.53167e-06	1.20643e-05	209.713	173	0.336683	2	1	0	
65	0.1	0.3	1	115.056	202.204	-6.85679e-06	-8.60363e-06	209.706	173	0.340704	2	1	0	
65	0.1	0.3	1	115.061	202.208	1.90464e-05	-3.37746e-06	209.699	173	0.344724	2	1	0	
65	0.1	0.3	1	115.066	202.212	2.55412e-06	-1.88291e-06	209.693	173	0.348744	2	1	0	
65	0.1	0.3	1	115.071	202.215	-2.09841e-05	1.04682e-05	209.686	173	0.352764	2	1	0	
65	0.1	0.3	1	115.076	202.219	-2.19139e-06	-3.27599e-05	209.679	173	0.356784	2	1	0	
65	0.1	0.3	1	115.081	202.222	1.69969e-05	1.66627e-05	209.672	173	0.360804	2	1	0	
65	0.1	0.3	1	115.086	202.226	-1.30517e-05	-3.19582e-05	209.666	173	0.364824	2	1	0	
65	0.1	0.3	1	115.091	202.229	-6.18882e-06	-3.17944e-05	209.659	173	0.368844	2	1	0	
65	0.1	0.3	1	115.096	202.232	3.52662e-06	3.30777e-05	209.652	173	0.372864	2	1	0	
65	0.1	0.3	1	115.102	202.236	4.88048e-05	2.50434e-05	209.646	173	0.376884	2	1	0	
65	0.1	0.3	1	115.107	202.239	-1.53506e-05	-8.1468e-06	209.639	173	0.380905	2	1	0	
65	0.1	0.3	1	115.112	202.242	-1.68544e-05	1.12769e-05	209.633	173	0.384925	2	1	0	
65	0.1	0.3	1	115.117	202.246	-1.74648e-05	2.64209e-05	209.626	173	0.388945	2	1	0	
65	0.1	0.3	1	115.122	202.249	-2.44723e-05	2.23923e-05	209.62	173	0.392965	2	1	0	
65	0.1	0.3	1	115.128	202.252	-1.02311e-05	2.27941e-05	209.613	173	0.396985	2	1	0	
65	0.1	0.3	1	115.133	202.255	4.64921e-06	-4.78334e-05	209.607	173	0.401005	2	1	0	
65	0.1	0.3	1	115.138	202.258	1.60019e-05	-1.7604e-05	209.6	173	0.405025	2	1	0	
65	0.1	0.3	1	115.143	202.261	-2.12945e-05	-6.96264e-07	209.594	173	0.409045	2	1	0	
65	0.1	0.3	1	115.149	202.264	-4.95065e-06	-1.52434e-05	209.587	173	0.413065	2	1	0	
65	0.1	0.3	1	115.154	202.267	-1.74972e-05	1.63394e-06	209.581	173	0.417085	2	1	0	
65	0.1	0.3	1	115.159	202.27	-2.08797e-06	3.29691e-06	209.575	173	0.421106	2	1	0	
65	0.1	0.3	1	115.165	202.273	-2.13293e-05	4.18341e-05	209.568	173	0.425126	2	1	0	
65	0.1	0.3	1	115.17	202.276	-1.4619e-05	1.86134e-05	209.562	173	0.429146	2	1	0	
65	0.1	0.3	1	115.175	202.279	3.12311e-05	-1.64504e-05	209.556	173	0.433166	2	1	0	
65	0.1	0.3	1	115.181	202.282	3.23009e-06	2.93203e-06	209.549	173	0.437186	2	1	0	
65	0.1	0.3	1	115.186	202.285	-5.0634e-06	-6.88325e-06	209.543	173	0.441206	2	1	0	
65	0.1	0.3	1	115.192	202.288	9.68573e-06	-2.52528e-05	209.537	173	0.445226	2	1	0	
65	0.1	0.3	1	115.197	202.29	9.00696e-06	-1.13916e-05	209.531	173	0.449246	2	1	0	
65	0.1	0.3	1	115.202	202.293	3.8727e-06	-2.15385e-06	209.524	173	0.453266	2	1	0	
65	0.1	0.3	1	115.208	202.296	7.92267e-06	-1.0071e-05	209.518	173	0.457286	2	1	0	
65	0.1	0.3	1	115.213	202.299	-3.00116e-06	3.14894e-06	209.512	173	0.461307	2	1	0	
65	0.1	0.3	1	115.218	202.301	5.93966e-06	-9.75222e-06	209.506	173	0.465327	2	1	0	
65	0.1	0.3	1	115.224	202.304	1.93027e-05	-9.50762e-07	209.5	173	0.469347	2	1	0	
65	0.1	0.3	1	115.229	202.307	2.2953e-05	-1.40696e-05	209.494	173	0.473367	2	1	0	
65	0.1	0.3	1	115.235	202.309	7.15168e-06	-2.59918e-05	209.488	173	0.477387	2	1	0	
65	0.1	0.3	1	115.24	202.312	-8.65058e-06	-2.25366e-06	209.482	173	0.481407	2	1	0	
65	0.1	0.3	1	115.246	202.315	5.13001e-05	2.96588e-05	209.476	173	0.485427	2	1	0	
65	0.1	0.3	1	115.251	202.317	3.31274e-05	-6.30386e-06	209.47	173	0.489447	2	1	0	
65	0.1	0.3	1	115.256	202.32	-6.67021e-06	-2.09766e-05	209.464	173	0.493467	2	1	0	
65	0.1	0.3	1	115.262	202.322	-1.05624e-05	2.47004e-05	209.458	173	0.497487	2	1	0	
65	0.1	0.3	1	115.267	202.325	2.16282e-05	3.05599e-05	209.452	173	0.501508	2	1	0	
65	0.1	0.3	1	115.273	202.327	1.45977e-05	-1.22899e-05	209.446	173	0.505528	2	1	0	
65	0.1	0.3	1	115.278	202.33	6.74838e-05	8.25978e-06	209.44	173	0.509548	2	1	0	
65	0.1	0.3	1	115.284	202.333	-2.70941e-06	-1.6385e-05	209.434	173	0.513568	2	1	0	
65	0.1	0.3	1	115.289	202.335	6.60878e-06	-2.85069e-05	209.428	173	0.517588	2	1	0	
65	0.1	0.3	1	115.294	202.337	3.33593e-05	-9.84464e-06	209.423	173	0.521608	2	1	0	
65	0.1	0.3	1	115.3	202.34	1.45702e-05	-1.08036e-05	209.417	173	0.525628	2	1	0	
65	0.1	0.3	1	115.305	202.342	-2.15226e-05	3.91187e-06	209.411	173	0.529648	2	1	0	
65	0.1	0.3	1	115.311	202.345	9.53745e-06	-1.33218e-05	209.405	173	0.533668	2	1	0	
65	0.1	0.3	1	115.316	202.347	4.56679e-06	2.24528e-05	209.399	173	0.537688	2	1	0	
65	0.1	0.3	1	115.321	202.35	-6.42004e-06	7.96971e-06	209.394	173	0.541709	2	1	0	
65	0.1	0.3	1	115.327	202.352	-8.36538e-06	-1.00366e-05	209.388	173	0.545729	2	1	0	
65	0.1	0.3	1	115.332	202.354	7.95417e-05	7.18931e-06	209.382	173	0.549749	2	1	0	
65	0.1	0.3	1	115.338	202.357	-2.31995e-05	-1.07016e-05	209.377	173	0.553769	2	1	0	
65	0.1	0.3	1	115.343	202.359	4.62242e-08	1.12357e-05	209.371	173	0.557789	2	1	0	
65	0.1	0.3	1	115.348	202.361	3.61995e-06	-2.90726e-05	209.365	173	0.561809	2	1	0	
65	0.1	0.3	1	115.354	202.364	-1.74921e-05	-5.80591e-06	209.36	173	0.565829	2	1	0	
65	0.1	0.3	1	115.359	202.366	-1.24591e-05	2.24763e-07	209.354	173	0.569849	2	1	0	
65	0.1	0.3	1	115.365	202.368	3.67874e-05	1.08651e-05	209.348	173	0.573869	2	1	0	
65	0.1	0.3	1	115.37	202.371	-7.35215e-06	7.40921e-05	209.343	173	0.577889	2	1	0	
65	0.1	0.3	1	115.375	202.373	-5.30763e-05	-7.94091e-06	209.337	173	0.58191	2	1	0	
65	0.1	0.3	1	115.381	202.375	4.10885e-06	-1.63771e-06	209.332	173	0.58593	2	1	0	
65	0.1	0.3	1	115.386	202.378	2.97346e-05	-1.36024e-05	209.326	173	0.58995	2	1	0	
65	0.1	0.3	1	115.392	202.379	-5.18284e-06	5.25287e-05	209.321	173	0.59397	2	1	0	
65	0.1	0.3	1	115.397	202.382	2.436e-06	3.41212e-05	209.315	173	0.59799	2	1	0	
65	0.1	0.3	1	115.402	202.388	2.09468e-06	7.7024e-06	209.31	173	0.60201	2	1	0	
65	0.1	0.3	1	115.408	202.376	6.44259e-06	-2.45118e-05	209.304	173	0.60603	2	1	0	
65	0.1	0.3	1	115.413	202.429	2.47591e-05	-1.09939e-05	209.299	173	0.61005	2	1	0	
65	0.1	0.3	1	115.418	202.386	-5.57305e-06	1.83737e-05	209.294	173	0.61407	2	1	0	
65	0.1	0.3	1	115.424	202.399	1.47009e-05	-1.22656e-05	209.288	173	0.61809	2	1	0	
65	0.1	0.3	1	115.429	202.393	-4.97689e-05	4.20603e-06	209.283	173	0.622111	2	1	0	
65	0.1	0.3	1	115.434	202.397	-2.56412e-06	8.34152e-06	209.277	173	0.626131	2	1	0	
65	0.1	0.3	1	115.44	202.4	2.39132e-06	-3.67853e-06	209.272	173	0.630151	2	1	0	
65	0.1	0.3	1	115.445	202.401	-1.06114e-05	2.07487e-05	209.267	173	0.634171	2	1	0	
65	0.1	0.3	1	115.45	202.403	2.51127e-05	-7.78474e-06	209.261	173	0.638191	2	1	0	
65	0.1	0.3	1	115.456	202.406	4.02384e-05	-4.87033e-05	209.256	173	0.642211	2	1	0	
65	0.1	0.3	1	115.461	202.408	2.11762e-06	1.53369e-05	209.251	173	0.646231	2	1	0	
65	0.1	0.3	1	115.466	202.41	-3.4017e-05	2.00364e-05	209.246	173	0.650251	2	1	0	
65	0.1	0.3	1	115.472	202.412	-1.0211e-05	-2.17293e-05	209.24	173	0.654271	2	1	0	
65	0.1	0.3	1	115.477	202.414	-1.38209e-05	2.68643e-06	209.235	173	0.658291	2	1	0	
65	0.1	0.3	1	115.482	202.416	-8.4182e-06	-4.20203e-07	209.23	173	0.662312	2	1	0	
65	0.1	0.3	1	115.487	202.418	-6.43402e-06	1.16695e-05	209.225	173	0.666332	2	1	0	
65	0.1	0.3	1	115.493	202.42	2.66811e-05	6.60497e-06	209.22	173	0.670352	2	1	0	
65	0.1	0.3	1	115.498	202.422	-1.13028e-05	4.73858e-06	209.214	173	0.674372	2	1	0	
65	0.1	0.3	1	115.503	202.424	1.22134e-05	1.13556e-05	209.209	173	0.678392	2	1	0	
65	0.1	0.3	1	115.508	202.426	4.48692e-05	2.6752e-05	209.204	173	0.682412	2	1	0	
65	0.1	0.3	1	115.514	202.428	3.87666e-06	-2.71623e-05	209.199	173	0.686432	2	1	0	
65	0.1	0.3	1	115.519	202.43	1.36195e-05	-2.03324e-05	209.194	173	0.690452	2	1	0	
65	0.1	0.3	1	115.524	202.432	3.02677e-05	-1.51501e-05	209.189	173	0.694472	2	1	0	
65	0.1	0.3	1	115.529	202.434	1.37559e-05	-1.27252e-05	209.184	173	0.698492	2	1	0	
65	0.1	0.3	1	115.535	202.436	4.57486e-06	-4.32336e-05	209.179	173	0.702513	2	1	0	
65	0.1	0.3	1	115.54	202.438	-9.33521e-06	4.97257e-05	209.174	173	0.706533	2	1	0	
65	0.1	0.3	1	115.545	202.44	-2.43431e-05	-1.30028e-05	209.169	173	0.710553	2	1	0	
65	0.1	0.3	1	115.55	202.442	5.29429e-06	-3.2759e-05	209.164	173	0.714573	2	1	0	
65	0.1	0.3	1	115.555	202.444	-8.75052e-06	5.07397e-06	209.159	173	0.718593	2	1	0	
65	0.1	0.3	1	115.561	202.446	-2.89771e-05	-6.84322e-06	209.154	173	0.722613	2	1	0	
65	0.1	0.3	1	115.566	202.448	4.95072e-06	-1.6504e-06	209.149	173	0.726633	2	1	0	
65	0.1	0.3	1	115.571	202.45	-4.84989e-05	2.49826e-05	209.144	173	0.730653	2	1	0	
65	0.1	0.3	1	115.576	202.452	4.49542e-07	-1.99344e-05	209.139	173	0.734673	2	1	0	
65	0.1	0.3	1	115.581	202.454	-2.09488e-06	1.14583e-05	209.134	173	0.738693	2	1	0	
65	0.1	0.3	1	115.586	202.456	1.14081e-05	1.99286e-05	209.129	173	0.742714	2	1	0	
65	0.1	0.3	1	115.592	202.457	5.47397e-06	-5.1388e-06	209.124	173	0.746734	2	1	0	
65	0.1	0.3	1	115.597	202.459	4.08702e-06	6.88374e-06	209.119	173	0.750754	2	1	0	
65	0.1	0.3	1	115.602	202.461	7.16315e-06	-3.60056e-06	209.114	173	0.754774	2	1	0	
65	0.1	0.3	1	115.607	202.463	-6.98917e-06	-2.1377e-05	209.109	173	0.758794	2	1	0	
65	0.1	0.3	1	115.612	202.465	-3.45361e-06	-2.10021e-05	209.105	173	0.762814	2	1	0	
65	0.1	0.3	1	115.617	202.468	-1.6182e-05	-1.46288e-05	209.1	173	0.766834	2	1	0	
65	0.1	0.3	1	115.622	202.468	-5.46528e-06	1.8327e-05	209.095	173	0.770854	2	1	0	
65	0.1	0.3	1	115.628	202.468	6.28154e-06	1.12999e-05	209.09	173	0.774874	2	1	0	
65	0.1	0.3	1	115.633	202.474	1.31468e-06	2.16423e-05	209.085	173	0.778894	2	1	0	
65	0.1	0.3	1	115.638	202.483	4.19035e-05	1.94067e-05	209.081	173	0.782915	2	1	0	
65	0.1	0.3	1	115.643	202.468	-3.087e-05	2.48874e-05	209.076	173	0.786935	2	1	0	
65	0.1	0.3	1	115.648	202.449	2.01945e-06	1.16647e-05	209.071	173	0.790955	2	1	0	
65	0.1	0.3	1	115.653	202.478	2.85565e-07	-5.54184e-06	209.066	173	0.794975	2	1	0	
65	0.1	0.3	1	115.658	202.473	4.62314e-05	4.25701e-06	209.062	173	0.798995	2	1	0	
65	0.1	0.3	1	115.663	202.501	8.33754e-06	-1.25305e-05	209.057	173	0.803015	2	1	0	
65	0.1	0.3	1	115.668	202.485	-7.08304e-06	-1.84367e-06	209.052	173	0.807035	2	1	0	
65	0.1	0.3	1	115.673	202.483	3.86008e-05	-6.15054e-06	209.048	173	0.811055	2	1	0	
65	0.1	0.3	1	115.678	202.489	1.72882e-05	1.3882e-07	209.043	173	0.815075	2	1	0	
65	0.1	0.3	1	115.683	202.492	-1.08589e-05	-1.8662e-05	209.038	173	0.819095	2	1	0	
65	0.1	0.3	1	115.688	202.492	4.43213e-05	1.21131e-05	209.034	173	0.823116	2	1	0	
65	0.1	0.3	1	115.693	202.494	4.77397e-05	2.84416e-06	209.029	173	0.827136	2	1	0	
65	0.1	0.3	1	115.698	202.496	-5.81304e-06	4.57994e-06	209.024	173	0.831156	2	1	0	
65	0.1	0.3	1	115.703	202.498	5.10928e-06	-3.45706e-05	209.02	173	0.835176	2	1	0	
65	0.1	0.3	1	115.708	202.5	-1.93835e-06	1.10072e-05	209.015	173	0.839196	2	1	0	
65	0.1	0.3	1	115.713	202.502	-1.36155e-05	-1.44497e-05	209.011	173	0.843216	2	1	0	
65	0.1	0.3	1	115.718	202.503	-2.95357e-06	-1.96259e-06	209.006	173	0.847236	2	1	0	
65	0.1	0.3	1	115.723	202.505	4.10472e-05	-1.89431e-06	209.001	173	0.851256	2	1	0	
65	0.1	0.3	1	115.728	202.507	-1.98918e-05	1.92741e-05	208.997	173	0.855276	2	1	0	
65	0.1	0.3	1	115.733	202.509	1.17596e-05	-4.2992e-06	208.992	173	0.859296	2	1	0	
65	0.1	0.3	1	115.738	202.51	-4.71871e-05	-3.28021e-06	208.988	173	0.863317	2	1	0	
65	0.1	0.3	1	115.743	202.512	1.49871e-05	3.62772e-06	208.983	173	0.867337	2	1	0	
65	0.1	0.3	1	115.748	202.514	-2.81151e-06	-2.08134e-05	208.979	173	0.871357	2	1	0	
65	0.1	0.3	1	115.753	202.516	-3.80044e-05	3.18893e-06	208.974	173	0.875377	2	1	0	
65	0.1	0.3	1	115.758	202.517	2.00704e-05	6.89032e-06	208.97	173	0.879397	2	1	0	
65	0.1	0.3	1	115.763	202.519	-4.12786e-06	-6.52651e-05	208.965	173	0.883417	2	1	0	
65	0.1	0.3	1	115.768	202.521	2.4135e-06	1.13154e-05	208.961	173	0.887437	2	1	0	
65	0.1	0.3	1	115.773	202.522	-6.52328e-06	-6.12564e-06	208.957	173	0.891457	2	1	0	
65	0.1	0.3	1	115.777	202.524	-6.2804e-06	-9.87807e-06	208.952	173	0.895477	2	1	0	
65	0.1	0.3	1	115.782	202.526	-8.35962e-06	7.57249e-06	208.948	173	0.899497	2	1	0	
65	0.1	0.3	1	115.787	202.528	-1.70447e-06	1.48821e-05	208.943	173	0.903518	2	1	0	
65	0.1	0.3	1	115.792	202.529	1.98653e-05	-1.6213e-05	208.939	173	0.907538	2	1	0	
65	0.1	0.3	1	115.797	202.531	1.89489e-05	-6.68557e-06	208.935	173	0.911558	2	1	0	
65	0.1	0.3	1	115.802	202.533	-1.40286e-05	4.25714e-07	208.93	173	0.915578	2	1	0	
65	0.1	0.3	1	115.807	202.534	-3.12406e-06	3.35829e-06	208.926	173	0.919598	2	1	0	
65	0.1	0.3	1	115.811	202.536	1.31514e-06	-1.24181e-05	208.922	173	0.923618	2	1	0	
65	0.1	0.3	1	115.816	202.538	4.09927e-05	1.33898e-05	208.917	173	0.927638	2	1	0	
65	0.1	0.3	1	115.821	202.539	9.15725e-06	-1.94726e-05	208.913	173	0.931658	2	1	0	
65	0.1	0.3	1	115.826	202.541	-4.77505e-06	-1.27264e-05	208.909	173	0.935678	2	1	0	
65	0.1	0.3	1	115.831	202.543	-2.51538e-06	6.69468e-06	208.904	173	0.939698	2	1	0	
65	0.1	0.3	1	115.836	202.544	-6.75142e-06	-3.64029e-06	208.9	173	0.943719	2	1	0	
65	0.1	0.3	1	115.84	202.546	5.99889e-06	2.7746e-05	208.896	173	0.947739	2	1	0	
65	0.1	0.3	1	115.845	202.548	-1.20292e-05	-9.19789e-06	208.892	173	0.951759	2	1	0	
65	0.1	0.3	1	115.85	202.549	9.28014e-07	-9.31892e-06	208.887	173	0.955779	2	1	0	
65	0.1	0.3	1	115.855	202.551	3.97942e-06	-2.68003e-06	208.883	173	0.959799	2	1	0	
65	0.1	0.3	1	115.86	202.553	4.06958e-06	-5.05336e-06	208.879	173	0.963819	2	1	0	
65	0.1	0.3	1	115.864	202.554	-4.23852e-05	7.15079e-06	208.875	173	0.967839	2	1	0	
65	0.1	0.3	1	115.869	202.556	5.69146e-06	-3.62067e-05	208.871	173	0.971859	2	1	0	
65	0.1	0.3	1	115.874	202.558	-2.18092e-05	1.5428e-05	208.866	173	0.975879	2	1	0	
65	0.1	0.3	1	115.879	202.559	-1.17594e-05	-1.30545e-05	208.862	173	0.979899	2	1	0	
65	0.1	0.3	1	115.883	202.561	-6.69336e-06	-1.10037e-05	208.858	173	0.98392	2	1	0	
65	0.1	0.3	1	115.888	202.563	-1.9956e-05	3.62317e-06	208.854	173	0.98794	2	1	0	
65	0.1	0.3	1	115.893	202.564	8.51411e-06	-1.00589e-05	208.85	173	0.99196	2	1	0	
65	0.1	0.3	1	115.898	202.566	1.58966e-05	3.62246e-06	208.846	173	0.99598	2	1	0	
65	0.1	0.3	1	115.902	202.568	-9.40211e-07	7.47358e-06	208.841	173	1	2	1	0	
