65	0.1	0.3	1	83.3183	0	210.701	201.227	0	173	0	0	0	1	
65	0.1	0.3	1	83.4014	0	210.677	201.124	0	173	0.10101	0	0	1	
65	0.1	0.3	1	83.4529	0	210.661	201.06	0	173	0.20202	0	0	1	
65	0.1	0.3	1	83.4926	0	210.65	201.011	0	173	0.30303	0	0	1	
65	0.1	0.3	1	83.5255	0	210.64	200.97	0	173	0.40404	0	0	1	
65	0.1	0.3	1	83.5538	0	210.631	200.935	0	173	0.505051	0	0	1	
65	0.1	0.3	1	83.5787	0	210.624	200.904	0	173	0.606061	0	0	1	
65	0.1	0.3	1	83.6009	0	210.617	200.876	0	173	0.707071	0	0	1	
65	0.1	0.3	1	83.6209	0	210.611	200.851	0	173	0.808081	0	0	1	
65	0.1	0.3	1	83.6391	0	210.606	200.829	0	173	0.909091	0	0	1	
65	0.1	0.3	1	83.6559	0	210.601	200.808	0	173	1.0101	0	0	1	
65	0.1	0.3	1	83.6713	0	210.596	200.789	0	173	1.11111	0	0	1	
65	0.1	0.3	1	83.6856	0	210.592	200.771	0	173	1.21212	0	0	1	
65	0.1	0.3	1	83.6988	0	210.588	200.754	0	173	1.31313	0	0	1	
65	0.1	0.3	1	83.7112	0	210.584	200.739	0	173	1.41414	0	0	1	
65	0.1	0.3	1	83.7228	0	210.581	200.724	0	173	1.51515	0	0	1	
65	0.1	0.3	1	83.7336	0	210.578	200.711	0	173	1.61616	0	0	1	
65	0.1	0.3	1	83.7437	0	210.575	200.698	0	173	1.71717	0	0	1	
65	0.1	0.3	1	83.7533	0	210.572	200.686	0	173	1.81818	0	0	1	
65	0.1	0.3	1	83.7622	0	210.569	200.675	0	173	1.91919	0	0	1	
65	0.1	0.3	1	83.7707	0	210.567	200.665	0	173	2.0202	0	0	1	
65	0.1	0.3	1	83.7786	0	210.564	200.655	0	173	2.12121	0	0	1	
65	0.1	0.3	1	83.7861	0	210.562	200.645	0	173	2.22222	0	0	1	
65	0.1	0.3	1	83.7932	0	210.56	200.637	0	173	2.32323	0	0	1	
65	0.1	0.3	1	83.7999	0	210.558	200.628	0	173	2.42424	0	0	1	
65	0.1	0.3	1	83.8062	0	210.556	200.62	0	173	2.52525	0	0	1	
65	0.1	0.3	1	83.8121	0	210.554	200.613	0	173	2.62626	0	0	1	
65	0.1	0.3	1	83.8177	0	210.553	200.606	0	173	2.72727	0	0	1	
65	0.1	0.3	1	83.823	0	210.551	200.599	0	173	2.82828	0	0	1	
65	0.1	0.3	1	83.8279	0	210.55	200.593	0	173	2.92929	0	0	1	
65	0.1	0.3	1	83.8326	0	210.548	200.587	0	173	3.0303	0	0	1	
65	0.1	0.3	1	83.837	0	210.547	200.582	0	173	3.13131	0	0	1	
65	0.1	0.3	1	83.8412	0	210.546	200.577	0	173	3.23232	0	0	1	
65	0.1	0.3	1	83.8451	0	210.545	200.572	0	173	3.33333	0	0	1	
65	0.1	0.3	1	83.8487	0	210.543	200.567	0	173	3.43434	0	0	1	
65	0.1	0.3	1	83.8521	0	210.542	200.563	0	173	3.53535	0	0	1	
65	0.1	0.3	1	83.8554	0	210.541	200.559	0	173	3.63636	0	0	1	
65	0.1	0.3	1	83.8583	0	210.541	200.555	0	173	3.73737	0	0	1	
65	0.1	0.3	1	83.8611	0	210.54	200.552	0	173	3.83838	0	0	1	
65	0.1	0.3	1	83.8637	0	210.539	200.549	0	173	3.93939	0	0	1	
65	0.1	0.3	1	83.8661	0	210.538	200.546	0	173	4.0404	0	0	1	
65	0.1	0.3	1	83.8683	0	210.538	200.543	0	173	4.14141	0	0	1	
65	0.1	0.3	1	83.8703	0	210.537	200.54	0	173	4.24242	0	0	1	
65	0.1	0.3	1	83.8722	0	210.536	200.538	0	173	4.34343	0	0	1	
65	0.1	0.3	1	83.8739	0	210.536	200.536	0	173	4.44444	0	0	1	
65	0.1	0.3	1	83.8754	0	210.535	200.534	0	173	4.54545	0	0	1	
65	0.1	0.3	1	83.8768	0	210.535	200.532	0	173	4.64646	0	0	1	
65	0.1	0.3	1	83.878	0	210.535	200.531	0	173	4.74747	0	0	1	
65	0.1	0.3	1	83.8791	0	210.534	200.529	0	173	4.84848	0	0	1	
65	0.1	0.3	1	83.88	0	210.534	200.528	0	173	4.94949	0	0	1	
65	0.1	0.3	1	83.8808	0	210.534	200.527	0	173	5.05051	0	0	1	
65	0.1	0.3	1	83.8814	0	210.534	200.526	0	173	5.15152	0	0	1	
65	0.1	0.3	1	83.882	0	210.533	200.526	0	173	5.25253	0	0	1	
65	0.1	0.3	1	83.8824	0	210.533	200.525	0	173	5.35354	0	0	1	
65	0.1	0.3	1	83.8826	0	210.533	200.525	0	173	5.45455	0	0	1	
65	0.1	0.3	1	83.8828	0	210.533	200.525	0	173	5.55556	0	0	1	
65	0.1	0.3	1	83.8828	0	210.533	200.525	0	173	5.65657	0	0	1	
65	0.1	0.3	1	83.8827	0	210.533	200.525	0	173	5.75758	0	0	1	
65	0.1	0.3	1	83.8825	0	210.533	200.525	0	173	5.85859	0	0	1	
65	0.1	0.3	1	83.8822	0	210.533	200.525	0	173	5.9596	0	0	1	
65	0.1	0.3	1	83.8818	0	210.534	200.526	0	173	6.06061	0	0	1	
65	0.1	0.3	1	83.8812	0	210.534	200.527	0	173	6.16162	0	0	1	
65	0.1	0.3	1	83.8806	0	210.534	200.527	0	173	6.26263	0	0	1	
65	0.1	0.3	1	83.8799	0	210.534	200.528	0	173	6.36364	0	0	1	
65	0.1	0.3	1	83.879	0	210.534	200.529	0	173	6.46465	0	0	1	
65	0.1	0.3	1	83.8781	0	210.535	200.531	0	173	6.56566	0	0	1	
65	0.1	0.3	1	83.877	0	210.535	200.532	0	173	6.66667	0	0	1	
65	0.1	0.3	1	83.8759	0	210.535	200.533	0	173	6.76768	0	0	1	
65	0.1	0.3	1	83.8747	0	210.536	200.535	0	173	6.86869	0	0	1	
65	0.1	0.3	1	83.8734	0	210.536	200.536	0	173	6.9697	0	0	1	
65	0.1	0.3	1	83.872	0	210.536	200.538	0	173	7.07071	0	0	1	
65	0.1	0.3	1	83.8705	0	210.537	200.54	0	173	7.17172	0	0	1	
65	0.1	0.3	1	83.869	0	210.537	200.542	0	173	7.27273	0	0	1	
65	0.1	0.3	1	83.8673	0	210.538	200.544	0	173	7.37374	0	0	1	
65	0.1	0.3	1	83.8656	0	210.538	200.546	0	173	7.47475	0	0	1	
65	0.1	0.3	1	83.8638	0	210.539	200.549	0	173	7.57576	0	0	1	
65	0.1	0.3	1	83.8619	0	210.539	200.551	0	173	7.67677	0	0	1	
65	0.1	0.3	1	83.8599	0	210.54	200.553	0	173	7.77778	0	0	1	
65	0.1	0.3	1	83.8579	0	210.541	200.556	0	173	7.87879	0	0	1	
65	0.1	0.3	1	83.8557	0	210.541	200.559	0	173	7.9798	0	0	1	
65	0.1	0.3	1	83.8535	0	210.542	200.561	0	173	8.08081	0	0	1	
65	0.1	0.3	1	83.8513	0	210.543	200.564	0	173	8.18182	0	0	1	
65	0.1	0.3	1	83.8489	0	210.543	200.567	0	173	8.28283	0	0	1	
65	0.1	0.3	1	83.8465	0	210.544	200.57	0	173	8.38384	0	0	1	
65	0.1	0.3	1	83.844	0	210.545	200.573	0	173	8.48485	0	0	1	
65	0.1	0.3	1	83.8415	0	210.546	200.576	0	173	8.58586	0	0	1	
65	0.1	0.3	1	83.8389	0	210.546	200.58	0	173	8.68687	0	0	1	
65	0.1	0.3	1	83.8362	0	210.547	200.583	0	173	8.78788	0	0	1	
65	0.1	0.3	1	83.8334	0	210.548	200.586	0	173	8.88889	0	0	1	
65	0.1	0.3	1	83.8306	0	210.549	200.59	0	173	8.9899	0	0	1	
65	0.1	0.3	1	83.8277	0	210.55	200.594	0	173	9.09091	0	0	1	
65	0.1	0.3	1	83.8248	0	210.551	200.597	0	173	9.19192	0	0	1	
65	0.1	0.3	1	83.8218	0	210.551	200.601	0	173	9.29293	0	0	1	
65	0.1	0.3	1	83.8187	0	210.552	200.605	0	173	9.39394	0	0	1	
65	0.1	0.3	1	83.8156	0	210.553	200.609	0	173	9.49495	0	0	1	
65	0.1	0.3	1	83.8124	0	210.554	200.613	0	173	9.59596	0	0	1	
65	0.1	0.3	1	83.8092	0	210.555	200.617	0	173	9.69697	0	0	1	
65	0.1	0.3	1	83.8059	0	210.556	200.621	0	173	9.79798	0	0	1	
65	0.1	0.3	1	83.8025	0	210.557	200.625	0	173	9.89899	0	0	1	
65	0.1	0.3	1	83.7991	0	210.558	200.629	0	173	10	0	0	1	
