65	0.1	0.3	1	100.045	0	195.545	195.545	0	173	0	0	0	0	
65	0.1	0.3	1	99.2217	0	195.899	195.899	0	173	0.161616	0	0	0	
65	0.1	0.3	1	99.2587	0	195.668	195.668	0	173	0.323232	0	0	0	
65	0.1	0.3	1	99.3009	0	195.472	195.472	0	173	0.484848	0	0	0	
65	0.1	0.3	1	99.337	0	195.306	195.306	0	173	0.646465	0	0	0	
65	0.1	0.3	1	99.3657	0	195.164	195.164	0	173	0.808081	0	0	0	
65	0.1	0.3	1	99.3872	0	195.042	195.042	0	173	0.969697	0	0	0	
65	0.1	0.3	1	99.4022	0	194.938	194.938	0	173	1.13131	0	0	0	
65	0.1	0.3	1	99.4112	0	194.848	194.848	0	173	1.29293	0	0	0	
65	0.1	0.3	1	99.4148	0	194.771	194.771	0	173	1.45455	0	0	0	
65	0.1	0.3	1	99.4135	0	194.705	194.705	0	173	1.61616	0	0	0	
65	0.1	0.3	1	99.4078	0	194.649	194.649	0	173	1.77778	0	0	0	
65	0.1	0.3	1	99.3979	0	194.603	194.603	0	173	1.93939	0	0	0	
65	0.1	0.3	1	99.3842	0	194.566	194.566	0	173	2.10101	0	0	0	
65	0.1	0.3	1	99.3669	0	194.536	194.536	0	173	2.26263	0	0	0	
65	0.1	0.3	1	99.3463	0	194.514	194.514	0	173	2.42424	0	0	0	
65	0.1	0.3	1	99.3227	0	194.499	194.499	0	173	2.58586	0	0	0	
65	0.1	0.3	1	99.2961	0	194.49	194.49	0	173	2.74747	0	0	0	
65	0.1	0.3	1	99.2667	0	194.487	194.487	0	173	2.90909	0	0	0	
65	0.1	0.3	1	99.2348	0	194.489	194.489	0	173	3.07071	0	0	0	
65	0.1	0.3	1	99.2004	0	194.497	194.497	0	173	3.23232	0	0	0	
65	0.1	0.3	1	99.1636	0	194.511	194.511	0	173	3.39394	0	0	0	
65	0.1	0.3	1	99.1247	0	194.529	194.529	0	173	3.55556	0	0	0	
65	0.1	0.3	1	99.0835	0	194.551	194.551	0	173	3.71717	0	0	0	
65	0.1	0.3	1	99.0403	0	194.578	194.578	0	173	3.87879	0	0	0	
65	0.1	0.3	1	98.9952	0	194.61	194.61	0	173	4.0404	0	0	0	
65	0.1	0.3	1	98.9482	0	194.645	194.645	0	173	4.20202	0	0	0	
65	0.1	0.3	1	98.8993	0	194.684	194.684	0	173	4.36364	0	0	0	
65	0.1	0.3	1	98.8487	0	194.728	194.728	0	173	4.52525	0	0	0	
65	0.1	0.3	1	98.7965	0	194.774	194.774	0	173	4.68687	0	0	0	
65	0.1	0.3	1	98.7425	0	194.825	194.825	0	173	4.84848	0	0	0	
65	0.1	0.3	1	98.687	0	194.878	194.878	0	173	5.0101	0	0	0	
65	0.1	0.3	1	98.63	0	194.935	194.935	0	173	5.17172	0	0	0	
65	0.1	0.3	1	98.5715	0	194.996	194.996	0	173	5.33333	0	0	0	
65	0.1	0.3	1	98.5115	0	195.059	195.059	0	173	5.49495	0	0	0	
65	0.1	0.3	1	98.4501	0	195.125	195.125	0	173	5.65657	0	0	0	
65	0.1	0.3	1	98.3873	0	195.195	195.195	0	173	5.81818	0	0	0	
65	0.1	0.3	1	98.3233	0	195.267	195.267	0	173	5.9798	0	0	0	
65	0.1	0.3	1	98.2578	0	195.342	195.342	0	173	6.14141	0	0	0	
65	0.1	0.3	1	98.1912	0	195.42	195.42	0	173	6.30303	0	0	0	
65	0.1	0.3	1	98.1233	0	195.5	195.5	0	173	6.46465	0	0	0	
65	0.1	0.3	1	98.0541	0	195.584	195.584	0	173	6.62626	0	0	0	
65	0.1	0.3	1	97.9838	0	201.985	195.669	0	173	6.78788	0	0	0	
65	0.1	0.3	1	97.9123	0	202.05	195.758	0	173	6.94949	0	0	0	
65	0.1	0.3	1	97.8396	0	202.118	195.848	0	173	7.11111	0	0	0	
65	0.1	0.3	1	97.7659	0	202.188	195.941	0	173	7.27273	0	0	0	
65	0.1	0.3	1	97.691	0	202.26	196.037	0	173	7.43434	0	0	0	
65	0.1	0.3	1	97.615	0	202.334	196.135	0	173	7.59596	0	0	0	
65	0.1	0.3	1	97.538	0	202.41	196.235	0	173	7.75758	0	0	0	
65	0.1	0.3	1	97.4599	0	202.488	196.337	0	173	7.91919	0	0	0	
65	0.1	0.3	1	97.3808	0	202.568	196.442	0	173	8.08081	0	0	0	
65	0.1	0.3	1	97.3007	0	202.651	196.549	0	173	8.24242	0	0	0	
65	0.1	0.3	1	97.2195	0	202.735	196.658	0	173	8.40404	0	0	0	
65	0.1	0.3	1	97.1374	0	202.82	196.769	0	173	8.56566	0	0	0	
65	0.1	0.3	1	97.0543	0	202.908	196.882	0	173	8.72727	0	0	0	
65	0.1	0.3	1	96.9702	0	202.997	196.997	0	173	8.88889	0	0	0	
65	0.1	0.3	1	96.8852	0	203.088	197.114	0	173	9.05051	0	0	0	
65	0.1	0.3	1	96.7992	0	203.181	197.234	0	173	9.21212	0	0	0	
65	0.1	0.3	1	96.7123	0	203.276	197.355	0	173	9.37374	0	0	0	
65	0.1	0.3	1	96.6244	0	203.372	197.478	0	173	9.53535	0	0	0	
65	0.1	0.3	1	96.5357	0	203.47	197.603	0	173	9.69697	0	0	0	
65	0.1	0.3	1	96.446	0	203.569	197.73	0	173	9.85859	0	0	0	
65	0.1	0.3	1	96.3555	0	203.67	197.859	0	173	10.0202	0	0	0	
65	0.1	0.3	1	96.264	0	203.772	197.99	0	173	10.1818	0	0	0	
65	0.1	0.3	1	96.1717	0	203.876	198.123	0	173	10.3434	0	0	0	
65	0.1	0.3	1	96.0785	0	203.981	198.258	0	173	10.5051	0	0	0	
65	0.1	0.3	1	95.9844	0	204.088	198.394	0	173	10.6667	0	0	0	
65	0.1	0.3	1	95.8895	0	204.196	198.532	0	173	10.8283	0	0	0	
65	0.1	0.3	1	95.7937	0	204.306	198.672	0	173	10.9899	0	0	0	
65	0.1	0.3	1	95.6971	0	204.417	198.814	0	173	11.1515	0	0	0	
65	0.1	0.3	1	95.5996	0	204.529	198.958	0	173	11.3131	0	0	0	
65	0.1	0.3	1	95.5013	0	204.643	199.103	0	173	11.4747	0	0	0	
65	0.1	0.3	1	95.4021	0	204.758	199.25	0	173	11.6364	0	0	0	
65	0.1	0.3	1	95.3021	0	204.874	199.399	0	173	11.798	0	0	0	
65	0.1	0.3	1	95.2012	0	204.992	199.549	0	173	11.9596	0	0	0	
65	0.1	0.3	1	95.0996	0	205.111	199.701	0	173	12.1212	0	0	0	
65	0.1	0.3	1	94.9971	0	205.231	199.855	0	173	12.2828	0	0	0	
65	0.1	0.3	1	94.8939	0	205.352	200.011	0	173	12.4444	0	0	0	
65	0.1	0.3	1	94.7896	0	205.475	200.168	0	173	12.6061	0	0	0	
65	0.1	0.3	1	94.6841	0	205.599	200.328	0	173	12.7677	0	0	0	
65	0.1	0.3	1	94.5775	0	205.724	200.49	0	173	12.9293	0	0	0	
65	0.1	0.3	1	94.4699	0	205.85	200.654	0	173	13.0909	0	0	0	
65	0.1	0.3	1	94.3614	0	205.978	200.819	0	173	13.2525	0	0	0	
65	0.1	0.3	1	94.2519	0	206.106	200.987	0	173	13.4141	0	0	0	
65	0.1	0.3	1	94.1414	0	206.236	201.156	0	173	13.5758	0	0	0	
65	0.1	0.3	1	94.03	0	206.367	201.327	0	173	13.7374	0	0	0	
65	0.1	0.3	1	93.9177	0	206.499	201.5	0	173	13.899	0	0	0	
65	0.1	0.3	1	93.8045	0	206.633	201.674	0	173	14.0606	0	0	0	
65	0.1	0.3	1	93.6904	0	206.767	201.851	0	173	14.2222	0	0	0	
65	0.1	0.3	1	93.5753	0	206.902	202.029	0	173	14.3838	0	0	0	
65	0.1	0.3	1	93.4594	0	202.209	202.209	0	173	14.5455	0	0	0	
65	0.1	0.3	1	93.3425	0	202.39	202.39	0	173	14.7071	0	0	0	
65	0.1	0.3	1	93.2248	0	202.574	202.574	0	173	14.8687	0	0	0	
65	0.1	0.3	1	93.1061	0	202.758	202.758	0	173	15.0303	0	0	0	
65	0.1	0.3	1	92.9866	0	202.945	202.945	0	173	15.1919	0	0	0	
65	0.1	0.3	1	92.8662	0	203.133	203.133	0	173	15.3535	0	0	0	
65	0.1	0.3	1	92.7449	0	203.323	203.323	0	173	15.5152	0	0	0	
65	0.1	0.3	1	92.6226	0	203.515	203.515	0	173	15.6768	0	0	0	
65	0.1	0.3	1	92.4995	0	203.708	203.708	0	173	15.8384	0	0	0	
65	0.1	0.3	1	92.3755	0	203.903	203.903	0	173	16	0	0	0	
