65	0.1	0.3	1	112.882	202.668	1.68679e-05	4.83263e-06	211.329	173	0	2	0	0	
65	0.1	0.3	1	112.561	202.915	4.81906e-06	-4.92934e-05	211.41	173	0.00100503	2	0	0	
65	0.1	0.3	1	112.4	203.04	-4.04612e-07	3.34849e-05	211.448	173	0.00201005	2	0	0	
65	0.1	0.3	1	112.316	203.106	-1.55728e-05	-4.58288e-06	211.467	173	0.00301508	2	0	0	
65	0.1	0.3	1	112.258	203.151	-2.93946e-06	-8.20438e-05	211.478	173	0.0040201	2	0	0	
65	0.1	0.3	1	112.215	203.186	2.54005e-05	6.42486e-07	211.486	173	0.00502513	2	0	0	
65	0.1	0.3	1	112.181	203.214	-6.03043e-06	-2.49071e-05	211.492	173	0.00603015	2	0	0	
65	0.1	0.3	1	112.153	203.238	1.81397e-05	2.27095e-05	211.496	173	0.00703518	2	0	0	
65	0.1	0.3	1	112.129	203.258	1.85681e-06	-1.17261e-05	211.5	173	0.0080402	2	0	0	
65	0.1	0.3	1	112.109	203.275	-8.56536e-06	-5.13058e-05	211.502	173	0.00904523	2	0	0	
65	0.1	0.3	1	112.091	203.291	-4.37417e-06	8.47166e-07	211.504	173	0.0100503	2	0	0	
65	0.1	0.3	1	112.076	203.305	1.72758e-05	-2.17176e-05	211.505	173	0.0110553	2	0	0	
65	0.1	0.3	1	112.062	203.318	2.65275e-05	1.14425e-06	211.506	173	0.0120603	2	0	0	
65	0.1	0.3	1	112.05	203.329	6.37675e-06	-2.03747e-05	211.506	173	0.0130653	2	0	0	
65	0.1	0.3	1	112.039	203.34	-4.26015e-05	-1.83255e-05	211.506	173	0.0140704	2	0	0	
65	0.1	0.3	1	112.029	203.35	1.07159e-05	5.38357e-06	211.506	173	0.0150754	2	0	0	
65	0.1	0.3	1	112.019	203.359	-1.11777e-05	-4.57066e-06	211.506	173	0.0160804	2	0	0	
65	0.1	0.3	1	112.011	203.367	2.89699e-07	6.46063e-06	211.505	173	0.0170854	2	0	0	
65	0.1	0.3	1	112.003	203.375	-3.1873e-05	1.85238e-05	211.505	173	0.0180905	2	0	0	
65	0.1	0.3	1	111.996	203.383	-4.32136e-05	1.49532e-05	211.504	173	0.0190955	2	0	0	
65	0.1	0.3	1	111.99	203.39	4.62324e-06	6.79654e-06	211.503	173	0.0201005	2	0	0	
65	0.1	0.3	1	111.984	203.397	3.04271e-06	-1.52719e-05	211.502	173	0.0211055	2	0	0	
65	0.1	0.3	1	111.978	203.403	3.85671e-06	-1.92979e-05	211.501	173	0.0221106	2	0	0	
65	0.1	0.3	1	111.973	203.409	-3.07748e-05	2.60735e-05	211.5	173	0.0231156	2	0	0	
65	0.1	0.3	1	111.969	203.415	-6.104e-06	-1.09583e-05	211.499	173	0.0241206	2	0	0	
65	0.1	0.3	1	111.964	203.421	-3.93958e-05	-7.72818e-06	211.497	173	0.0251256	2	0	0	
65	0.1	0.3	1	111.96	203.426	2.14102e-05	2.40621e-05	211.496	173	0.0261307	2	0	0	
65	0.1	0.3	1	111.956	203.431	-7.61546e-06	-4.35434e-06	211.494	173	0.0271357	2	0	0	
65	0.1	0.3	1	111.953	203.436	-1.45686e-05	-5.17741e-06	211.493	173	0.0281407	2	0	0	
65	0.1	0.3	1	111.95	203.441	-2.01599e-05	5.91525e-06	211.491	173	0.0291457	2	0	0	
65	0.1	0.3	1	111.947	203.445	-4.71687e-05	3.99657e-05	211.49	173	0.0301508	2	0	0	
65	0.1	0.3	1	111.944	203.449	1.2651e-05	-2.00184e-05	211.488	173	0.0311558	2	0	0	
65	0.1	0.3	1	111.941	203.454	3.62365e-06	-4.11136e-06	211.486	173	0.0321608	2	0	0	
65	0.1	0.3	1	111.939	203.458	4.29226e-06	7.1358e-06	211.485	173	0.0331658	2	0	0	
65	0.1	0.3	1	111.936	203.462	-9.39834e-06	2.87239e-06	211.483	173	0.0341709	2	0	0	
65	0.1	0.3	1	111.934	203.465	2.88986e-05	1.97686e-05	211.481	173	0.0351759	2	0	0	
65	0.1	0.3	1	111.932	203.469	9.7722e-06	2.85275e-05	211.48	173	0.0361809	2	0	0	
65	0.1	0.3	1	111.931	203.473	2.47945e-05	-8.54157e-06	211.478	173	0.0371859	2	0	0	
65	0.1	0.3	1	111.929	203.476	1.94339e-05	3.91838e-06	211.476	173	0.038191	2	0	0	
65	0.1	0.3	1	111.928	203.479	4.86571e-06	-3.22965e-06	211.474	173	0.039196	2	0	0	
65	0.1	0.3	1	111.926	203.483	8.82654e-06	-1.38144e-05	211.472	173	0.040201	2	0	0	
65	0.1	0.3	1	111.925	203.486	8.04258e-06	-4.02377e-06	211.47	173	0.041206	2	0	0	
65	0.1	0.3	1	111.924	203.489	2.05614e-05	-1.55489e-06	211.468	173	0.0422111	2	0	0	
65	0.1	0.3	1	111.923	203.492	-8.50396e-07	1.07128e-06	211.467	173	0.0432161	2	0	0	
65	0.1	0.3	1	111.922	203.495	2.28439e-05	7.80914e-06	211.465	173	0.0442211	2	0	0	
65	0.1	0.3	1	111.921	203.498	-3.78189e-05	3.09784e-05	211.463	173	0.0452261	2	0	0	
65	0.1	0.3	1	111.92	203.501	-1.31977e-05	7.23461e-06	211.461	173	0.0462312	2	0	0	
65	0.1	0.3	1	111.919	203.503	-3.75707e-05	-7.4419e-06	211.459	173	0.0472362	2	0	0	
65	0.1	0.3	1	111.919	203.506	-4.8679e-06	3.51508e-06	211.457	173	0.0482412	2	0	0	
65	0.1	0.3	1	111.918	203.509	-1.0782e-05	1.73658e-06	211.455	173	0.0492462	2	0	0	
65	0.1	0.3	1	111.918	203.511	2.87272e-05	4.36317e-06	211.453	173	0.0502513	2	0	0	
65	0.1	0.3	1	111.917	203.514	-1.83986e-05	7.22591e-06	211.451	173	0.0512563	2	0	0	
65	0.1	0.3	1	111.917	203.516	5.9316e-05	-2.43001e-05	211.449	173	0.0522613	2	0	0	
65	0.1	0.3	1	111.917	203.518	-1.90116e-05	2.11792e-06	211.447	173	0.0532663	2	0	0	
65	0.1	0.3	1	111.916	203.521	1.70167e-07	1.9907e-05	211.445	173	0.0542714	2	0	0	
65	0.1	0.3	1	111.916	203.523	7.06018e-06	-2.94427e-05	211.443	173	0.0552764	2	0	0	
65	0.1	0.3	1	111.916	203.525	-1.35066e-05	5.43221e-06	211.441	173	0.0562814	2	0	0	
65	0.1	0.3	1	111.916	203.528	1.32241e-05	6.83612e-06	211.439	173	0.0572864	2	0	0	
65	0.1	0.3	1	111.916	203.53	-4.92856e-05	4.41019e-06	211.437	173	0.0582915	2	0	0	
65	0.1	0.3	1	111.916	203.532	1.17257e-05	-7.1316e-06	211.434	173	0.0592965	2	0	0	
65	0.1	0.3	1	111.916	203.534	-1.03765e-05	-2.08899e-05	211.432	173	0.0603015	2	0	0	
65	0.1	0.3	1	111.916	203.536	1.33743e-05	5.14005e-06	211.43	173	0.0613065	2	0	0	
65	0.1	0.3	1	111.917	203.538	-3.93966e-05	8.10883e-06	211.428	173	0.0623116	2	0	0	
65	0.1	0.3	1	111.917	203.54	-4.87752e-05	-2.80404e-06	211.426	173	0.0633166	2	0	0	
65	0.1	0.3	1	111.917	203.542	-2.44644e-06	3.24169e-06	211.424	173	0.0643216	2	0	0	
65	0.1	0.3	1	111.917	203.544	-9.86569e-06	6.05707e-06	211.422	173	0.0653266	2	0	0	
65	0.1	0.3	1	111.918	203.546	1.97725e-05	-2.58883e-06	211.42	173	0.0663317	2	0	0	
65	0.1	0.3	1	111.918	203.548	-1.99734e-05	-3.19703e-06	211.418	173	0.0673367	2	0	0	
65	0.1	0.3	1	111.919	203.549	-1.65712e-06	-2.91347e-05	211.416	173	0.0683417	2	0	0	
65	0.1	0.3	1	111.919	203.551	1.68188e-05	-7.79408e-05	211.414	173	0.0693467	2	0	0	
65	0.1	0.3	1	111.92	203.553	-4.60877e-06	-2.1092e-05	211.412	173	0.0703518	2	0	0	
65	0.1	0.3	1	111.92	203.555	-3.27085e-06	2.60901e-06	211.41	173	0.0713568	2	0	0	
65	0.1	0.3	1	111.921	203.556	1.41148e-05	-5.66423e-06	211.408	173	0.0723618	2	0	0	
65	0.1	0.3	1	111.921	203.558	-1.52311e-06	-3.97265e-05	211.405	173	0.0733668	2	0	0	
65	0.1	0.3	1	111.922	203.56	-1.4937e-06	7.35943e-06	211.403	173	0.0743719	2	0	0	
65	0.1	0.3	1	111.923	203.561	-7.04673e-06	1.74927e-05	211.401	173	0.0753769	2	0	0	
65	0.1	0.3	1	111.923	203.563	-8.34661e-06	1.98886e-05	211.399	173	0.0763819	2	0	0	
65	0.1	0.3	1	111.924	203.565	-3.53836e-06	-5.07075e-06	211.397	173	0.0773869	2	0	0	
65	0.1	0.3	1	111.925	203.566	-1.73208e-06	-2.33331e-05	211.395	173	0.078392	2	0	0	
65	0.1	0.3	1	111.925	203.568	-9.58094e-07	-3.8701e-07	211.393	173	0.079397	2	0	0	
65	0.1	0.3	1	111.926	203.569	-3.84084e-06	-1.04572e-05	211.391	173	0.080402	2	0	0	
65	0.1	0.3	1	111.927	203.571	2.0012e-05	1.48337e-07	211.389	173	0.081407	2	0	0	
65	0.1	0.3	1	111.928	203.572	-6.79593e-06	2.00454e-05	211.387	173	0.0824121	2	0	0	
65	0.1	0.3	1	111.929	203.574	1.70045e-05	-4.97399e-06	211.384	173	0.0834171	2	0	0	
65	0.1	0.3	1	111.93	203.575	4.11918e-05	-1.03671e-05	211.382	173	0.0844221	2	0	0	
65	0.1	0.3	1	111.93	203.577	-1.47164e-06	4.62541e-06	211.38	173	0.0854271	2	0	0	
65	0.1	0.3	1	111.931	203.578	4.10419e-06	2.23029e-05	211.378	173	0.0864322	2	0	0	
65	0.1	0.3	1	111.932	203.579	-1.50086e-05	4.22752e-06	211.376	173	0.0874372	2	0	0	
65	0.1	0.3	1	111.933	203.581	1.55962e-06	-5.86298e-06	211.374	173	0.0884422	2	0	0	
65	0.1	0.3	1	111.934	203.582	8.45863e-06	8.60412e-06	211.372	173	0.0894472	2	0	0	
65	0.1	0.3	1	111.935	203.584	-1.57855e-06	-2.93835e-06	211.37	173	0.0904523	2	0	0	
65	0.1	0.3	1	111.936	203.585	-4.4751e-06	3.76841e-06	211.368	173	0.0914573	2	0	0	
65	0.1	0.3	1	111.937	203.586	1.94851e-05	5.07805e-06	211.366	173	0.0924623	2	0	0	
65	0.1	0.3	1	111.938	203.588	7.40167e-07	2.11936e-05	211.364	173	0.0934673	2	0	0	
65	0.1	0.3	1	111.939	203.589	3.75361e-05	-5.19711e-05	211.362	173	0.0944724	2	0	0	
65	0.1	0.3	1	111.94	203.59	7.33739e-05	-6.69851e-06	211.359	173	0.0954774	2	0	0	
65	0.1	0.3	1	111.941	203.591	7.06141e-06	-3.91554e-06	211.357	173	0.0964824	2	0	0	
65	0.1	0.3	1	111.943	203.593	1.4445e-05	4.40736e-05	211.355	173	0.0974874	2	0	0	
65	0.1	0.3	1	111.944	203.594	3.78161e-06	5.55499e-06	211.353	173	0.0984925	2	0	0	
65	0.1	0.3	1	111.945	203.595	-3.3083e-05	6.61758e-06	211.351	173	0.0994975	2	0	0	
65	0.1	0.3	1	111.946	203.596	1.87632e-06	-2.57621e-05	211.349	173	0.100503	2	0	0	
65	0.1	0.3	1	111.947	203.597	-4.66119e-06	2.7011e-05	211.347	173	0.101508	2	0	0	
65	0.1	0.3	1	111.948	203.599	-3.56827e-05	3.40835e-06	211.345	173	0.102513	2	0	0	
65	0.1	0.3	1	111.949	203.6	-6.28771e-06	-2.17033e-05	211.343	173	0.103518	2	0	0	
65	0.1	0.3	1	111.951	203.601	2.44765e-05	-5.68985e-06	211.341	173	0.104523	2	0	0	
65	0.1	0.3	1	111.952	203.602	2.81703e-05	-1.11062e-05	211.339	173	0.105528	2	0	0	
65	0.1	0.3	1	111.953	203.603	-5.54209e-06	3.50279e-05	211.337	173	0.106533	2	0	0	
65	0.1	0.3	1	111.954	203.604	1.47076e-05	1.43561e-05	211.334	173	0.107538	2	0	0	
65	0.1	0.3	1	111.956	203.606	-4.72224e-06	-2.32355e-05	211.332	173	0.108543	2	0	0	
65	0.1	0.3	1	111.957	203.607	7.72709e-06	-1.11852e-05	211.33	173	0.109548	2	0	0	
65	0.1	0.3	1	111.958	203.608	-1.23443e-06	5.14546e-06	211.328	173	0.110553	2	0	0	
65	0.1	0.3	1	111.959	203.609	1.79154e-06	-2.0426e-05	211.326	173	0.111558	2	0	0	
65	0.1	0.3	1	111.961	203.61	2.91225e-05	1.32261e-05	211.324	173	0.112563	2	0	0	
65	0.1	0.3	1	111.962	203.611	4.21497e-06	4.4821e-05	211.322	173	0.113568	2	0	0	
65	0.1	0.3	1	111.963	203.612	1.1761e-05	4.36007e-05	211.32	173	0.114573	2	0	0	
65	0.1	0.3	1	111.965	203.613	2.19585e-05	-1.68125e-05	211.318	173	0.115578	2	0	0	
65	0.1	0.3	1	111.966	203.614	-1.24792e-05	6.60963e-06	211.316	173	0.116583	2	0	0	
65	0.1	0.3	1	111.967	203.615	-2.15534e-05	2.28724e-05	211.314	173	0.117588	2	0	0	
65	0.1	0.3	1	111.968	203.616	-9.55949e-06	-6.01643e-06	211.312	173	0.118593	2	0	0	
65	0.1	0.3	1	111.97	203.617	1.65945e-05	1.10766e-06	211.31	173	0.119598	2	0	0	
65	0.1	0.3	1	111.971	203.618	1.19826e-05	1.67969e-06	211.308	173	0.120603	2	0	0	
65	0.1	0.3	1	111.973	203.619	2.61176e-05	-2.38345e-05	211.306	173	0.121608	2	0	0	
65	0.1	0.3	1	111.974	203.62	-2.82117e-05	5.40209e-06	211.304	173	0.122613	2	0	0	
65	0.1	0.3	1	111.975	203.621	-3.84999e-06	-4.1622e-06	211.302	173	0.123618	2	0	0	
65	0.1	0.3	1	111.977	203.622	-1.91508e-05	-2.27968e-05	211.3	173	0.124623	2	0	0	
65	0.1	0.3	1	111.978	203.623	-2.23941e-05	-1.37156e-06	211.298	173	0.125628	2	0	0	
65	0.1	0.3	1	111.979	203.624	3.78264e-05	6.28931e-06	211.296	173	0.126633	2	0	0	
65	0.1	0.3	1	111.981	203.625	2.50765e-05	-3.49897e-06	211.294	173	0.127638	2	0	0	
65	0.1	0.3	1	111.982	203.626	-3.52322e-05	1.16622e-05	211.291	173	0.128643	2	0	0	
65	0.1	0.3	1	111.984	203.627	1.23878e-05	3.7034e-06	211.289	173	0.129648	2	0	0	
65	0.1	0.3	1	111.985	203.628	-5.84368e-06	-6.06291e-06	211.287	173	0.130653	2	0	0	
65	0.1	0.3	1	111.987	203.629	4.711e-07	2.29673e-05	211.285	173	0.131658	2	0	0	
65	0.1	0.3	1	111.988	203.63	1.34665e-05	-7.40317e-06	211.283	173	0.132663	2	0	0	
65	0.1	0.3	1	111.989	203.631	2.82017e-05	-1.36493e-05	211.281	173	0.133668	2	0	0	
65	0.1	0.3	1	111.991	203.631	-1.02577e-05	1.26623e-05	211.279	173	0.134673	2	0	0	
65	0.1	0.3	1	111.992	203.632	-1.14179e-05	-1.36204e-05	211.277	173	0.135678	2	0	0	
65	0.1	0.3	1	111.994	203.633	6.20165e-06	-1.63637e-07	211.275	173	0.136683	2	0	0	
65	0.1	0.3	1	111.995	203.634	6.23289e-06	-5.27877e-06	211.273	173	0.137688	2	0	0	
65	0.1	0.3	1	111.997	203.635	-2.33065e-06	-2.03317e-05	211.271	173	0.138693	2	0	0	
65	0.1	0.3	1	111.998	203.636	1.47499e-05	3.32067e-06	211.269	173	0.139698	2	0	0	
65	0.1	0.3	1	112	203.637	1.77383e-05	-2.14983e-06	211.267	173	0.140704	2	0	0	
65	0.1	0.3	1	112.001	203.638	8.21345e-06	1.40349e-06	211.265	173	0.141709	2	0	0	
65	0.1	0.3	1	112.003	203.638	-1.14331e-05	4.44905e-06	211.263	173	0.142714	2	0	0	
65	0.1	0.3	1	112.004	203.639	6.02644e-06	1.40521e-05	211.261	173	0.143719	2	0	0	
65	0.1	0.3	1	112.006	203.64	6.46002e-06	9.14972e-06	211.259	173	0.144724	2	0	0	
65	0.1	0.3	1	112.007	203.641	-1.81343e-06	3.95115e-05	211.257	173	0.145729	2	0	0	
65	0.1	0.3	1	112.009	203.642	-4.19356e-05	-5.58114e-06	211.255	173	0.146734	2	0	0	
65	0.1	0.3	1	112.01	203.643	-3.32684e-06	1.36654e-05	211.253	173	0.147739	2	0	0	
65	0.1	0.3	1	112.012	203.643	8.95685e-07	-2.07469e-06	211.251	173	0.148744	2	0	0	
65	0.1	0.3	1	112.013	203.644	1.01677e-05	2.30771e-07	211.249	173	0.149749	2	0	0	
65	0.1	0.3	1	112.015	203.645	2.13874e-05	2.26535e-05	211.247	173	0.150754	2	0	0	
65	0.1	0.3	1	112.016	203.646	-2.12319e-06	-1.42715e-05	211.245	173	0.151759	2	0	0	
65	0.1	0.3	1	112.018	203.647	-5.91413e-06	-7.58795e-06	211.243	173	0.152764	2	0	0	
65	0.1	0.3	1	112.019	203.647	7.36082e-06	-5.69608e-05	211.241	173	0.153769	2	0	0	
65	0.1	0.3	1	112.021	203.648	-4.72477e-06	1.5649e-05	211.239	173	0.154774	2	0	0	
65	0.1	0.3	1	112.023	203.649	-3.18755e-06	6.35401e-07	211.237	173	0.155779	2	0	0	
65	0.1	0.3	1	112.024	203.65	2.38513e-05	-1.53431e-05	211.236	173	0.156784	2	0	0	
65	0.1	0.3	1	112.026	203.651	4.93012e-06	-1.91293e-05	211.234	173	0.157789	2	0	0	
65	0.1	0.3	1	112.027	203.651	-5.83692e-06	5.61818e-06	211.232	173	0.158794	2	0	0	
65	0.1	0.3	1	112.029	203.652	-6.59277e-06	-6.79871e-06	211.23	173	0.159799	2	0	0	
65	0.1	0.3	1	112.03	203.653	9.91301e-06	2.36353e-05	211.228	173	0.160804	2	0	0	
65	0.1	0.3	1	112.032	203.654	-9.09482e-06	5.91272e-06	211.226	173	0.161809	2	0	0	
65	0.1	0.3	1	112.033	203.654	2.49173e-05	-2.09302e-05	211.224	173	0.162814	2	0	0	
65	0.1	0.3	1	112.035	203.655	2.30452e-05	-8.56553e-06	211.222	173	0.163819	2	0	0	
65	0.1	0.3	1	112.037	203.656	-1.78333e-05	1.59297e-05	211.22	173	0.164824	2	0	0	
65	0.1	0.3	1	112.038	203.657	5.86929e-05	-2.11718e-06	211.218	173	0.165829	2	0	0	
65	0.1	0.3	1	112.04	203.657	2.83981e-06	1.50323e-05	211.216	173	0.166834	2	0	0	
65	0.1	0.3	1	112.041	203.658	-2.36901e-06	-6.20001e-06	211.214	173	0.167839	2	0	0	
65	0.1	0.3	1	112.043	203.659	1.91081e-05	1.089e-05	211.212	173	0.168844	2	0	0	
65	0.1	0.3	1	112.045	203.659	1.54743e-05	-2.11266e-05	211.21	173	0.169849	2	0	0	
65	0.1	0.3	1	112.046	203.66	5.32305e-05	-1.3044e-05	211.208	173	0.170854	2	0	0	
65	0.1	0.3	1	112.048	203.661	-6.6457e-06	1.15243e-05	211.206	173	0.171859	2	0	0	
65	0.1	0.3	1	112.049	203.662	-2.83063e-05	2.18586e-05	211.204	173	0.172864	2	0	0	
65	0.1	0.3	1	112.051	203.662	2.13577e-05	-4.18253e-08	211.202	173	0.173869	2	0	0	
65	0.1	0.3	1	112.053	203.663	-4.51825e-05	3.5746e-06	211.2	173	0.174874	2	0	0	
65	0.1	0.3	1	112.054	203.664	8.70414e-06	-4.27407e-06	211.199	173	0.175879	2	0	0	
65	0.1	0.3	1	112.056	203.664	-1.25492e-05	1.26557e-05	211.197	173	0.176884	2	0	0	
65	0.1	0.3	1	112.057	203.665	-1.33238e-05	-1.38765e-05	211.195	173	0.177889	2	0	0	
65	0.1	0.3	1	112.059	203.666	2.73092e-06	-4.45582e-05	211.193	173	0.178894	2	0	0	
65	0.1	0.3	1	112.061	203.666	-4.91234e-05	-2.05055e-05	211.191	173	0.179899	2	0	0	
65	0.1	0.3	1	112.062	203.667	1.32614e-05	-8.96766e-06	211.189	173	0.180905	2	0	0	
65	0.1	0.3	1	112.064	203.668	-1.94414e-06	-2.93745e-05	211.187	173	0.18191	2	0	0	
65	0.1	0.3	1	112.065	203.669	3.7614e-06	-5.00188e-06	211.185	173	0.182915	2	0	0	
65	0.1	0.3	1	112.067	203.669	5.18308e-06	-4.06937e-06	211.183	173	0.18392	2	0	0	
65	0.1	0.3	1	112.069	203.67	-1.4495e-05	-3.76199e-07	211.181	173	0.184925	2	0	0	
65	0.1	0.3	1	112.07	203.67	1.22203e-06	-4.55791e-06	211.179	173	0.18593	2	0	0	
65	0.1	0.3	1	112.072	203.671	-5.18785e-06	-1.516e-05	211.177	173	0.186935	2	0	0	
65	0.1	0.3	1	112.074	203.672	-1.10407e-05	-3.41281e-05	211.176	173	0.18794	2	0	0	
65	0.1	0.3	1	112.075	203.672	-5.49235e-06	-1.37036e-05	211.174	173	0.188945	2	0	0	
65	0.1	0.3	1	112.077	203.673	3.1733e-07	2.31951e-05	211.172	173	0.18995	2	0	0	
65	0.1	0.3	1	112.078	203.674	-1.2537e-06	-5.5185e-06	211.17	173	0.190955	2	0	0	
65	0.1	0.3	1	112.08	203.674	-3.18299e-05	-1.73191e-05	211.168	173	0.19196	2	0	0	
65	0.1	0.3	1	112.082	203.675	-3.59781e-05	-1.63694e-05	211.166	173	0.192965	2	0	0	
65	0.1	0.3	1	112.083	203.676	-1.50907e-05	-3.07105e-05	211.164	173	0.19397	2	0	0	
65	0.1	0.3	1	112.085	203.676	6.55276e-06	-4.28197e-06	211.162	173	0.194975	2	0	0	
65	0.1	0.3	1	112.087	203.677	1.83275e-05	-9.98932e-06	211.16	173	0.19598	2	0	0	
65	0.1	0.3	1	112.088	203.678	-2.78966e-05	-2.57153e-05	211.159	173	0.196985	2	0	0	
65	0.1	0.3	1	112.09	203.678	4.76351e-06	2.51897e-05	211.157	173	0.19799	2	0	0	
65	0.1	0.3	1	112.092	203.679	-3.47477e-06	1.89281e-05	211.155	173	0.198995	2	0	0	
65	0.1	0.3	1	112.093	203.679	-1.21025e-05	-1.30025e-05	211.153	173	0.2	2	0	0	
