65	0.1	0.3	1	111.01	204.486	-2.13705e-05	-8.40883e-06	211.569	173	0	2	0	1	
65	0.1	0.3	1	111.023	204.492	-1.53407e-05	4.98687e-06	211.557	173	0.00505051	2	0	1	
65	0.1	0.3	1	111.036	204.497	1.67303e-05	1.50506e-05	211.546	173	0.010101	2	0	1	
65	0.1	0.3	1	111.048	204.501	1.2579e-05	9.86281e-07	211.534	173	0.0151515	2	0	1	
65	0.1	0.3	1	111.06	204.506	-1.82112e-05	-3.8938e-06	211.523	173	0.020202	2	0	1	
65	0.1	0.3	1	111.073	204.51	1.35305e-05	1.63429e-05	211.512	173	0.0252525	2	0	1	
65	0.1	0.3	1	111.085	204.514	8.09821e-05	-3.60091e-05	211.501	173	0.030303	2	0	1	
65	0.1	0.3	1	111.096	204.518	-8.69426e-06	-1.83062e-05	211.491	173	0.0353535	2	0	1	
65	0.1	0.3	1	111.108	204.521	5.01812e-07	5.51899e-06	211.48	173	0.040404	2	0	1	
65	0.1	0.3	1	111.12	204.525	1.19405e-06	-5.18421e-06	211.469	173	0.0454545	2	0	1	
65	0.1	0.3	1	111.132	204.528	-2.88603e-05	1.02255e-05	211.459	173	0.0505051	2	0	1	
65	0.1	0.3	1	111.144	204.531	4.52451e-06	-5.73927e-06	211.448	173	0.0555556	2	0	1	
65	0.1	0.3	1	111.155	204.534	1.20482e-05	-4.20797e-06	211.438	173	0.0606061	2	0	1	
65	0.1	0.3	1	111.167	204.537	4.88986e-05	1.08979e-05	211.428	173	0.0656566	2	0	1	
65	0.1	0.3	1	111.178	204.54	-2.1242e-06	-5.2197e-06	211.417	173	0.0707071	2	0	1	
65	0.1	0.3	1	111.19	204.543	-7.77199e-06	-8.70139e-06	211.407	173	0.0757576	2	0	1	
65	0.1	0.3	1	111.201	204.546	-8.23631e-07	-1.08484e-05	211.397	173	0.0808081	2	0	1	
65	0.1	0.3	1	111.213	204.548	7.35133e-06	-2.34422e-06	211.387	173	0.0858586	2	0	1	
65	0.1	0.3	1	111.224	204.551	1.04188e-05	2.45652e-06	211.377	173	0.0909091	2	0	1	
65	0.1	0.3	1	111.235	204.553	-5.88826e-06	-2.23008e-08	211.367	173	0.0959596	2	0	1	
65	0.1	0.3	1	111.247	204.556	-4.05886e-06	2.34394e-05	211.357	173	0.10101	2	0	1	
65	0.1	0.3	1	111.258	204.558	-1.21077e-05	2.01559e-06	211.348	173	0.106061	2	0	1	
65	0.1	0.3	1	111.269	204.561	-7.28335e-07	-2.72888e-05	211.338	173	0.111111	2	0	1	
65	0.1	0.3	1	111.28	204.563	1.30578e-05	-7.59274e-06	211.328	173	0.116162	2	0	1	
65	0.1	0.3	1	111.291	204.565	-6.95021e-06	-1.52516e-05	211.319	173	0.121212	2	0	1	
65	0.1	0.3	1	111.302	204.567	2.51694e-06	2.41684e-05	211.309	173	0.126263	2	0	1	
65	0.1	0.3	1	111.313	204.569	3.80975e-05	1.02328e-05	211.3	173	0.131313	2	0	1	
65	0.1	0.3	1	111.324	204.571	-2.39152e-05	-1.5031e-05	211.291	173	0.136364	2	0	1	
65	0.1	0.3	1	111.335	204.573	2.60103e-06	1.25768e-05	211.281	173	0.141414	2	0	1	
65	0.1	0.3	1	111.346	204.575	9.62038e-06	1.93191e-05	211.272	173	0.146465	2	0	1	
65	0.1	0.3	1	111.357	204.577	2.86966e-05	-1.44479e-05	211.263	173	0.151515	2	0	1	
65	0.1	0.3	1	111.368	204.579	1.81682e-05	7.16821e-06	211.254	173	0.156566	2	0	1	
65	0.1	0.3	1	111.378	204.581	-8.97965e-06	6.34482e-06	211.244	173	0.161616	2	0	1	
65	0.1	0.3	1	111.389	204.583	7.16649e-05	1.21345e-05	211.235	173	0.166667	2	0	1	
65	0.1	0.3	1	111.4	204.584	-2.5186e-05	-2.4473e-05	211.226	173	0.171717	2	0	1	
65	0.1	0.3	1	111.41	204.586	-1.1589e-05	-4.89842e-06	211.218	173	0.176768	2	0	1	
65	0.1	0.3	1	111.421	204.588	2.08599e-05	-3.41292e-06	211.209	173	0.181818	2	0	1	
65	0.1	0.3	1	111.431	204.59	4.69318e-05	8.77762e-06	211.2	173	0.186869	2	0	1	
65	0.1	0.3	1	111.442	204.591	-1.04928e-05	-3.13834e-05	211.191	173	0.191919	2	0	1	
65	0.1	0.3	1	111.452	204.593	-3.32698e-06	1.83367e-05	211.182	173	0.19697	2	0	1	
65	0.1	0.3	1	111.463	204.595	-7.0378e-06	7.87744e-06	211.174	173	0.20202	2	0	1	
65	0.1	0.3	1	111.473	204.596	-1.60325e-05	8.27675e-06	211.165	173	0.207071	2	0	1	
65	0.1	0.3	1	111.484	204.598	4.17149e-07	-4.0652e-05	211.156	173	0.212121	2	0	1	
65	0.1	0.3	1	111.494	204.599	-2.59426e-05	-1.71867e-05	211.148	173	0.217172	2	0	1	
65	0.1	0.3	1	111.504	204.601	1.00149e-05	1.761e-05	211.139	173	0.222222	2	0	1	
65	0.1	0.3	1	111.514	204.602	-3.20202e-05	9.93474e-06	211.131	173	0.227273	2	0	1	
65	0.1	0.3	1	111.524	204.604	5.9051e-06	-4.91116e-06	211.122	173	0.232323	2	0	1	
65	0.1	0.3	1	111.535	204.605	7.26998e-06	-1.79028e-06	211.114	173	0.237374	2	0	1	
65	0.1	0.3	1	111.551	204.597	1.36004e-05	1.26527e-05	211.104	173	0.242424	2	0	1	
65	0.1	0.3	1	111.562	204.599	-2.91078e-05	-3.41128e-05	211.096	173	0.247475	2	0	1	
65	0.1	0.3	1	111.571	204.6	9.03083e-06	7.47038e-06	211.088	173	0.252525	2	0	1	
65	0.1	0.3	1	111.581	204.602	-1.5298e-05	2.13638e-06	211.08	173	0.257576	2	0	1	
65	0.1	0.3	1	111.591	204.603	-3.62098e-05	-9.42905e-06	211.071	173	0.262626	2	0	1	
65	0.1	0.3	1	111.601	204.604	5.71193e-06	-4.62123e-06	211.063	173	0.267677	2	0	1	
65	0.1	0.3	1	111.611	204.606	1.42697e-05	-5.11557e-06	211.055	173	0.272727	2	0	1	
65	0.1	0.3	1	111.621	204.607	-9.65205e-06	2.30599e-05	211.047	173	0.277778	2	0	1	
65	0.1	0.3	1	111.631	204.608	-1.57477e-05	4.43485e-06	211.039	173	0.282828	2	0	1	
65	0.1	0.3	1	111.64	204.613	1.24978e-05	-4.71714e-05	211.031	173	0.287879	2	0	1	
65	0.1	0.3	1	111.65	204.602	1.23909e-05	2.11086e-05	211.023	173	0.292929	2	0	1	
65	0.1	0.3	1	111.66	204.601	-2.60425e-06	-1.93258e-05	211.015	173	0.29798	2	0	1	
65	0.1	0.3	1	111.669	204.621	-2.92633e-06	1.68779e-05	211.008	173	0.30303	2	0	1	
65	0.1	0.3	1	111.679	204.613	-1.17258e-05	-1.99197e-05	211	173	0.308081	2	0	1	
65	0.1	0.3	1	111.688	204.617	9.38059e-06	-3.2691e-05	210.992	173	0.313131	2	0	1	
65	0.1	0.3	1	111.698	204.617	-6.58566e-06	-3.89683e-06	210.984	173	0.318182	2	0	1	
65	0.1	0.3	1	111.707	204.619	4.58239e-06	1.6342e-05	210.976	173	0.323232	2	0	1	
65	0.1	0.3	1	111.717	204.62	8.73408e-06	-1.18307e-06	210.969	173	0.328283	2	0	1	
65	0.1	0.3	1	111.726	204.621	-1.8034e-07	1.47728e-05	210.961	173	0.333333	2	0	1	
65	0.1	0.3	1	111.736	204.622	1.98239e-05	2.00793e-05	210.954	173	0.338384	2	0	1	
65	0.1	0.3	1	111.745	204.623	4.02733e-05	-3.18478e-05	210.946	173	0.343434	2	0	1	
65	0.1	0.3	1	111.754	204.625	-5.82122e-05	1.6336e-05	210.938	173	0.348485	2	0	1	
65	0.1	0.3	1	111.764	204.626	-9.57543e-06	-1.00859e-05	210.931	173	0.353535	2	0	1	
65	0.1	0.3	1	111.773	204.627	-7.01532e-06	-8.14535e-05	210.924	173	0.358586	2	0	1	
65	0.1	0.3	1	111.782	204.628	3.88388e-05	1.43614e-05	210.916	173	0.363636	2	0	1	
65	0.1	0.3	1	111.791	204.627	-3.14646e-05	-1.31011e-05	210.909	173	0.368687	2	0	1	
65	0.1	0.3	1	111.801	204.632	4.22159e-05	5.27296e-06	210.901	173	0.373737	2	0	1	
65	0.1	0.3	1	111.81	204.635	1.82539e-05	-2.61796e-05	210.894	173	0.378788	2	0	1	
65	0.1	0.3	1	111.813	204.616	8.43018e-05	-1.72606e-05	210.888	173	0.383838	2	0	1	
65	0.1	0.3	1	111.828	204.616	-1.92801e-05	1.371e-05	210.879	173	0.388889	2	0	1	
65	0.1	0.3	1	111.837	204.646	2.84919e-06	-2.87434e-05	210.872	173	0.393939	2	0	1	
65	0.1	0.3	1	111.846	204.637	-8.62159e-07	-4.04115e-05	210.865	173	0.39899	2	0	1	
65	0.1	0.3	1	111.855	204.634	-2.05934e-05	1.87281e-05	210.858	173	0.40404	2	0	1	
65	0.1	0.3	1	111.864	204.639	8.03459e-05	8.63943e-06	210.851	173	0.409091	2	0	1	
65	0.1	0.3	1	111.873	204.639	9.17834e-06	2.81748e-05	210.844	173	0.414141	2	0	1	
65	0.1	0.3	1	111.882	204.64	-1.15192e-05	-6.12203e-06	210.836	173	0.419192	2	0	1	
65	0.1	0.3	1	111.891	204.641	-1.6145e-05	-1.67859e-05	210.829	173	0.424242	2	0	1	
65	0.1	0.3	1	111.9	204.642	-8.6663e-07	-8.1435e-06	210.822	173	0.429293	2	0	1	
65	0.1	0.3	1	111.908	204.643	-1.30905e-05	-3.17607e-07	210.815	173	0.434343	2	0	1	
65	0.1	0.3	1	111.917	204.644	3.34321e-06	-4.65141e-06	210.808	173	0.439394	2	0	1	
65	0.1	0.3	1	111.926	204.645	-5.55055e-07	1.20292e-05	210.801	173	0.444444	2	0	1	
65	0.1	0.3	1	111.935	204.646	-4.83375e-05	8.68786e-06	210.795	173	0.449495	2	0	1	
65	0.1	0.3	1	111.943	204.647	2.2236e-05	2.98659e-05	210.788	173	0.454545	2	0	1	
65	0.1	0.3	1	111.952	204.648	8.82946e-06	3.46834e-06	210.781	173	0.459596	2	0	1	
65	0.1	0.3	1	111.961	204.649	-2.98995e-05	1.87303e-05	210.774	173	0.464646	2	0	1	
65	0.1	0.3	1	111.969	204.65	-5.51305e-06	-1.39741e-05	210.767	173	0.469697	2	0	1	
65	0.1	0.3	1	111.978	204.651	7.52066e-06	-1.20544e-05	210.76	173	0.474747	2	0	1	
65	0.1	0.3	1	111.987	204.652	1.64013e-05	1.81192e-06	210.754	173	0.479798	2	0	1	
65	0.1	0.3	1	111.995	204.653	1.47154e-06	-4.83334e-05	210.747	173	0.484848	2	0	1	
65	0.1	0.3	1	112.004	204.653	-8.69074e-07	-1.96927e-05	210.74	173	0.489899	2	0	1	
65	0.1	0.3	1	112.012	204.654	3.82904e-05	-2.03844e-05	210.734	173	0.494949	2	0	1	
65	0.1	0.3	1	112.021	204.655	1.45524e-05	8.95182e-06	210.727	173	0.5	2	0	1	
