65	0.1	0.3	1	111.01	204.487	1.64445e-05	-1.41394e-06	211.569	173	0	2	0	1	
65	0.1	0.3	1	111.06	204.506	-1.2073e-06	2.226e-05	211.523	173	0.020202	2	0	1	
65	0.1	0.3	1	111.108	204.521	1.86077e-05	3.5273e-05	211.48	173	0.040404	2	0	1	
65	0.1	0.3	1	111.155	204.534	-1.70329e-05	6.35338e-06	211.438	173	0.0606061	2	0	1	
65	0.1	0.3	1	111.201	204.546	1.69681e-06	4.33658e-06	211.397	173	0.0808081	2	0	1	
65	0.1	0.3	1	111.247	204.556	2.0394e-06	1.86665e-05	211.357	173	0.10101	2	0	1	
65	0.1	0.3	1	111.291	204.565	-5.21985e-06	3.5375e-05	211.319	173	0.121212	2	0	1	
65	0.1	0.3	1	111.335	204.573	3.5866e-05	7.08035e-06	211.281	173	0.141414	2	0	1	
65	0.1	0.3	1	111.378	204.581	-6.74338e-07	2.05417e-06	211.244	173	0.161616	2	0	1	
65	0.1	0.3	1	111.421	204.588	-8.01646e-06	4.43291e-06	211.209	173	0.181818	2	0	1	
65	0.1	0.3	1	111.463	204.595	-1.77245e-05	-1.36369e-05	211.174	173	0.20202	2	0	1	
65	0.1	0.3	1	111.504	204.601	2.35631e-05	4.27802e-05	211.139	173	0.222222	2	0	1	
65	0.1	0.3	1	111.551	204.597	-1.06519e-05	2.27842e-05	211.104	173	0.242424	2	0	1	
65	0.1	0.3	1	111.591	204.603	-8.04978e-05	1.98679e-05	211.071	173	0.262626	2	0	1	
65	0.1	0.3	1	111.631	204.608	3.67442e-05	3.95077e-06	211.039	173	0.282828	2	0	1	
65	0.1	0.3	1	111.669	204.621	2.38284e-05	-1.51131e-05	211.008	173	0.30303	2	0	1	
65	0.1	0.3	1	111.707	204.619	-2.65127e-05	-3.41183e-05	210.976	173	0.323232	2	0	1	
65	0.1	0.3	1	111.745	204.623	-3.64321e-05	-2.07334e-05	210.946	173	0.343434	2	0	1	
65	0.1	0.3	1	111.782	204.628	-1.17027e-05	-6.32403e-06	210.916	173	0.363636	2	0	1	
65	0.1	0.3	1	111.813	204.616	7.50754e-06	3.14674e-05	210.888	173	0.383838	2	0	1	
65	0.1	0.3	1	111.855	204.634	-4.93715e-06	1.42945e-06	210.858	173	0.40404	2	0	1	
65	0.1	0.3	1	111.891	204.641	-1.59395e-05	-2.2754e-05	210.829	173	0.424242	2	0	1	
65	0.1	0.3	1	111.926	204.645	8.05565e-06	-2.51177e-05	210.801	173	0.444444	2	0	1	
65	0.1	0.3	1	111.961	204.649	2.04823e-05	1.49682e-05	210.774	173	0.464646	2	0	1	
65	0.1	0.3	1	111.995	204.653	1.5122e-05	-1.21194e-05	210.747	173	0.484848	2	0	1	
65	0.1	0.3	1	112.029	204.656	2.54447e-05	1.39981e-05	210.72	173	0.505051	2	0	1	
65	0.1	0.3	1	112.063	204.66	3.91073e-05	2.35128e-06	210.694	173	0.525253	2	0	1	
65	0.1	0.3	1	112.096	204.663	2.24583e-05	-1.3264e-05	210.668	173	0.545455	2	0	1	
65	0.1	0.3	1	112.129	204.667	2.12721e-05	-1.44313e-05	210.643	173	0.565657	2	0	1	
65	0.1	0.3	1	112.161	204.67	1.12588e-06	-1.36718e-05	210.618	173	0.585859	2	0	1	
65	0.1	0.3	1	112.193	204.674	3.8367e-05	2.77082e-05	210.593	173	0.606061	2	0	1	
65	0.1	0.3	1	112.225	204.677	-4.57208e-05	-2.57961e-06	210.569	173	0.626263	2	0	1	
65	0.1	0.3	1	112.256	204.68	-4.99649e-06	-4.18759e-06	210.545	173	0.646465	2	0	1	
65	0.1	0.3	1	112.287	204.684	1.83638e-05	1.65501e-05	210.521	173	0.666667	2	0	1	
65	0.1	0.3	1	112.318	204.687	1.14925e-05	2.04028e-06	210.498	173	0.686869	2	0	1	
65	0.1	0.3	1	112.348	204.69	-1.74216e-06	-1.19746e-05	210.475	173	0.707071	2	0	1	
65	0.1	0.3	1	112.379	204.693	1.31112e-06	3.7447e-05	210.452	173	0.727273	2	0	1	
65	0.1	0.3	1	112.408	204.696	1.9373e-05	-2.49352e-05	210.43	173	0.747475	2	0	1	
65	0.1	0.3	1	112.438	204.699	9.05823e-06	-2.16151e-06	210.408	173	0.767677	2	0	1	
65	0.1	0.3	1	112.467	204.702	-3.47947e-06	-1.37221e-06	210.386	173	0.787879	2	0	1	
65	0.1	0.3	1	112.496	204.705	-1.00259e-05	-4.43569e-06	210.365	173	0.808081	2	0	1	
65	0.1	0.3	1	112.525	204.708	1.11702e-05	-1.90274e-07	210.344	173	0.828283	2	0	1	
65	0.1	0.3	1	112.553	204.711	-2.48574e-05	3.03239e-06	210.323	173	0.848485	2	0	1	
65	0.1	0.3	1	112.581	204.714	6.07166e-06	1.47505e-05	210.302	173	0.868687	2	0	1	
65	0.1	0.3	1	112.609	204.717	3.76827e-06	4.45513e-05	210.282	173	0.888889	2	0	1	
65	0.1	0.3	1	112.636	204.72	-1.69641e-06	7.01209e-06	210.262	173	0.909091	2	0	1	
65	0.1	0.3	1	112.664	204.723	1.09542e-06	3.64451e-05	210.242	173	0.929293	2	0	1	
65	0.1	0.3	1	112.684	204.734	3.37901e-06	-1.14526e-05	210.223	173	0.949495	2	0	1	
65	0.1	0.3	1	112.713	204.735	3.15331e-05	1.48872e-05	210.204	173	0.969697	2	0	1	
65	0.1	0.3	1	112.742	204.735	1.3102e-05	-3.1036e-05	210.184	173	0.989899	2	0	1	
65	0.1	0.3	1	112.77	204.735	-1.19746e-05	1.69756e-05	210.165	173	1.0101	2	0	1	
65	0.1	0.3	1	112.798	204.736	7.35808e-06	-8.91134e-06	210.146	173	1.0303	2	0	1	
65	0.1	0.3	1	112.826	204.736	-4.28622e-05	3.1825e-06	210.127	173	1.05051	2	0	1	
65	0.1	0.3	1	112.853	204.736	4.14528e-05	-1.62386e-05	210.109	173	1.07071	2	0	1	
65	0.1	0.3	1	112.874	204.745	3.86387e-05	2.52821e-06	210.092	173	1.09091	2	0	1	
65	0.1	0.3	1	112.9	204.748	-7.23672e-06	4.53145e-06	210.074	173	1.11111	2	0	1	
65	0.1	0.3	1	112.925	204.751	2.01451e-05	4.32326e-07	210.056	173	1.13131	2	0	1	
65	0.1	0.3	1	112.95	204.753	-4.88243e-06	1.58368e-05	210.039	173	1.15152	2	0	1	
65	0.1	0.3	1	112.975	204.756	-4.44498e-06	2.05371e-05	210.022	173	1.17172	2	0	1	
65	0.1	0.3	1	112.999	204.759	-2.50654e-05	-1.47085e-06	210.005	173	1.19192	2	0	1	
65	0.1	0.3	1	113.024	204.762	1.88052e-05	2.33708e-07	209.988	173	1.21212	2	0	1	
65	0.1	0.3	1	113.048	204.764	3.10329e-06	5.54192e-06	209.971	173	1.23232	2	0	1	
65	0.1	0.3	1	113.072	204.767	2.10319e-05	3.77035e-06	209.955	173	1.25253	2	0	1	
65	0.1	0.3	1	113.096	204.77	-3.79572e-05	-2.45945e-05	209.939	173	1.27273	2	0	1	
65	0.1	0.3	1	113.119	204.773	2.77985e-06	-7.92298e-06	209.923	173	1.29293	2	0	1	
65	0.1	0.3	1	113.143	204.775	-6.93313e-06	5.33353e-05	209.907	173	1.31313	2	0	1	
65	0.1	0.3	1	113.166	204.778	8.03707e-05	-2.07064e-06	209.892	173	1.33333	2	0	1	
65	0.1	0.3	1	113.189	204.781	-6.89878e-06	1.79483e-06	209.876	173	1.35354	2	0	1	
65	0.1	0.3	1	113.212	204.784	3.63703e-06	4.74337e-05	209.861	173	1.37374	2	0	1	
65	0.1	0.3	1	113.235	204.787	-1.33852e-05	8.26594e-06	209.846	173	1.39394	2	0	1	
65	0.1	0.3	1	113.257	204.789	-7.21881e-06	3.3109e-06	209.831	173	1.41414	2	0	1	
65	0.1	0.3	1	113.28	204.792	2.56123e-06	-2.26907e-05	209.816	173	1.43434	2	0	1	
65	0.1	0.3	1	113.302	204.795	-7.80005e-06	9.27468e-06	209.802	173	1.45455	2	0	1	
65	0.1	0.3	1	113.324	204.798	2.67127e-06	1.80086e-06	209.787	173	1.47475	2	0	1	
65	0.1	0.3	1	113.346	204.801	-1.06908e-06	-4.77839e-06	209.773	173	1.49495	2	0	1	
65	0.1	0.3	1	113.368	204.804	-5.49467e-05	-3.96707e-06	209.759	173	1.51515	2	0	1	
65	0.1	0.3	1	113.389	204.807	2.35445e-05	-8.15924e-06	209.745	173	1.53535	2	0	1	
65	0.1	0.3	1	113.411	204.81	-2.57358e-05	2.57341e-05	209.732	173	1.55556	2	0	1	
65	0.1	0.3	1	113.435	204.809	5.98917e-06	4.83093e-06	209.717	173	1.57576	2	0	1	
65	0.1	0.3	1	113.453	204.816	-1.44692e-05	1.96213e-06	209.705	173	1.59596	2	0	1	
65	0.1	0.3	1	113.474	204.819	-2.68823e-06	1.70633e-05	209.691	173	1.61616	2	0	1	
65	0.1	0.3	1	113.495	204.822	-7.26321e-06	-1.31675e-05	209.678	173	1.63636	2	0	1	
65	0.1	0.3	1	113.516	204.825	-9.59273e-06	2.80073e-05	209.665	173	1.65657	2	0	1	
65	0.1	0.3	1	113.537	204.828	6.65916e-06	-9.13855e-06	209.652	173	1.67677	2	0	1	
65	0.1	0.3	1	113.557	204.831	-1.40975e-05	1.81936e-05	209.64	173	1.69697	2	0	1	
65	0.1	0.3	1	113.577	204.834	-4.73132e-05	-2.98988e-05	209.627	173	1.71717	2	0	1	
65	0.1	0.3	1	113.597	204.837	-2.79555e-06	-9.45424e-06	209.615	173	1.73737	2	0	1	
65	0.1	0.3	1	113.617	204.84	-5.3045e-05	1.21716e-05	209.603	173	1.75758	2	0	1	
65	0.1	0.3	1	113.637	204.843	-7.78062e-07	-1.03914e-05	209.591	173	1.77778	2	0	1	
65	0.1	0.3	1	113.657	204.847	2.96549e-05	1.39156e-05	209.579	173	1.79798	2	0	1	
65	0.1	0.3	1	113.677	204.85	2.16021e-06	1.92045e-05	209.567	173	1.81818	2	0	1	
65	0.1	0.3	1	113.696	204.853	-6.77456e-06	7.91623e-07	209.555	173	1.83838	2	0	1	
65	0.1	0.3	1	113.716	204.856	-5.59277e-06	9.78579e-06	209.544	173	1.85859	2	0	1	
65	0.1	0.3	1	113.735	204.859	-2.54427e-07	-1.7431e-05	209.532	173	1.87879	2	0	1	
65	0.1	0.3	1	113.754	204.863	-7.17146e-06	-1.06197e-05	209.521	173	1.89899	2	0	1	
65	0.1	0.3	1	113.773	204.866	1.73558e-06	-1.11136e-05	209.51	173	1.91919	2	0	1	
65	0.1	0.3	1	113.792	204.869	-1.93937e-05	-1.93088e-05	209.499	173	1.93939	2	0	1	
65	0.1	0.3	1	113.811	204.873	5.4088e-06	1.31815e-05	209.488	173	1.9596	2	0	1	
65	0.1	0.3	1	113.829	204.876	-3.35777e-05	-3.10272e-06	209.477	173	1.9798	2	0	1	
65	0.1	0.3	1	113.848	204.879	-1.67044e-06	6.42121e-06	209.467	173	2	2	0	1	
