65	0.1	0.3	1	111.01	204.486	-2.7891e-05	1.18e-05	211.568	173	0	2	0	1	
65	0.1	0.3	1	111.013	204.487	7.728e-06	-5.67858e-06	211.566	173	0.00100503	2	0	1	
65	0.1	0.3	1	111.016	204.488	-3.83189e-05	2.63125e-05	211.563	173	0.00201005	2	0	1	
65	0.1	0.3	1	111.018	204.489	-1.02202e-05	1.77305e-05	211.561	173	0.00301508	2	0	1	
65	0.1	0.3	1	111.021	204.49	8.85446e-06	1.64154e-05	211.559	173	0.0040201	2	0	1	
65	0.1	0.3	1	111.026	204.487	3.30536e-06	-7.66353e-07	211.556	173	0.00502513	2	0	1	
65	0.1	0.3	1	111.026	204.492	-1.90887e-05	-9.36054e-06	211.554	173	0.00603015	2	0	1	
65	0.1	0.3	1	111.028	204.493	2.33905e-05	-2.79103e-05	211.552	173	0.00703518	2	0	1	
65	0.1	0.3	1	111.031	204.494	-1.95132e-06	4.47546e-05	211.55	173	0.0080402	2	0	1	
65	0.1	0.3	1	111.033	204.495	-1.77676e-05	2.45828e-05	211.548	173	0.00904523	2	0	1	
65	0.1	0.3	1	111.036	204.496	4.87185e-06	-3.83273e-06	211.545	173	0.0100503	2	0	1	
65	0.1	0.3	1	111.038	204.497	1.74939e-05	1.16425e-05	211.543	173	0.0110553	2	0	1	
65	0.1	0.3	1	111.041	204.498	-2.80911e-05	-9.98518e-06	211.541	173	0.0120603	2	0	1	
65	0.1	0.3	1	111.043	204.499	-2.90682e-05	-9.79948e-06	211.539	173	0.0130653	2	0	1	
65	0.1	0.3	1	111.046	204.5	1.31504e-05	-5.37116e-06	211.536	173	0.0140704	2	0	1	
65	0.1	0.3	1	111.048	204.501	-3.48337e-05	-2.9247e-06	211.534	173	0.0150754	2	0	1	
65	0.1	0.3	1	111.051	204.502	8.69324e-06	-4.08979e-06	211.532	173	0.0160804	2	0	1	
65	0.1	0.3	1	111.053	204.503	4.95174e-05	2.3781e-06	211.53	173	0.0170854	2	0	1	
65	0.1	0.3	1	111.056	204.503	3.97501e-06	1.42795e-05	211.527	173	0.0180905	2	0	1	
65	0.1	0.3	1	111.058	204.504	8.0688e-06	3.61031e-07	211.525	173	0.0190955	2	0	1	
65	0.1	0.3	1	111.06	204.505	1.04886e-05	8.44694e-06	211.523	173	0.0201005	2	0	1	
65	0.1	0.3	1	111.063	204.506	-1.17325e-05	-3.38019e-06	211.521	173	0.0211055	2	0	1	
65	0.1	0.3	1	111.065	204.507	5.70408e-06	3.75317e-06	211.519	173	0.0221106	2	0	1	
65	0.1	0.3	1	111.068	204.508	-4.93427e-05	-2.24055e-05	211.516	173	0.0231156	2	0	1	
65	0.1	0.3	1	111.07	204.508	-3.61247e-06	-2.35683e-05	211.514	173	0.0241206	2	0	1	
65	0.1	0.3	1	111.072	204.509	-2.9395e-05	-9.48048e-06	211.512	173	0.0251256	2	0	1	
65	0.1	0.3	1	111.075	204.51	-2.43657e-07	4.63327e-05	211.51	173	0.0261307	2	0	1	
65	0.1	0.3	1	111.077	204.511	1.21599e-06	-1.4716e-05	211.508	173	0.0271357	2	0	1	
65	0.1	0.3	1	111.08	204.512	-1.07935e-05	5.05631e-06	211.506	173	0.0281407	2	0	1	
65	0.1	0.3	1	111.082	204.512	-9.29159e-06	-2.42626e-06	211.503	173	0.0291457	2	0	1	
65	0.1	0.3	1	111.084	204.513	3.5011e-05	3.40122e-06	211.501	173	0.0301508	2	0	1	
65	0.1	0.3	1	111.087	204.514	8.21358e-05	1.03396e-05	211.499	173	0.0311558	2	0	1	
65	0.1	0.3	1	111.089	204.515	-1.66991e-05	1.84683e-05	211.497	173	0.0321608	2	0	1	
65	0.1	0.3	1	111.092	204.515	-1.04903e-05	-7.58505e-06	211.495	173	0.0331658	2	0	1	
65	0.1	0.3	1	111.094	204.516	-3.83291e-06	4.35657e-05	211.493	173	0.0341709	2	0	1	
65	0.1	0.3	1	111.096	204.517	-1.56662e-05	-1.88229e-05	211.49	173	0.0351759	2	0	1	
65	0.1	0.3	1	111.099	204.518	4.36702e-05	1.54486e-05	211.488	173	0.0361809	2	0	1	
65	0.1	0.3	1	111.101	204.518	2.27897e-05	1.42155e-05	211.486	173	0.0371859	2	0	1	
65	0.1	0.3	1	111.103	204.519	-2.12849e-05	-1.76392e-05	211.484	173	0.038191	2	0	1	
65	0.1	0.3	1	111.106	204.52	1.13989e-05	-1.69151e-05	211.482	173	0.039196	2	0	1	
65	0.1	0.3	1	111.108	204.521	1.53286e-06	1.00997e-06	211.48	173	0.040201	2	0	1	
65	0.1	0.3	1	111.11	204.521	7.30104e-06	-1.47936e-05	211.478	173	0.041206	2	0	1	
65	0.1	0.3	1	111.113	204.522	2.7839e-05	-1.78116e-05	211.476	173	0.0422111	2	0	1	
65	0.1	0.3	1	111.115	204.523	2.31128e-06	3.0163e-05	211.473	173	0.0432161	2	0	1	
65	0.1	0.3	1	111.118	204.523	-3.37723e-06	-8.19103e-06	211.471	173	0.0442211	2	0	1	
65	0.1	0.3	1	111.12	204.524	2.56042e-07	2.45375e-05	211.469	173	0.0452261	2	0	1	
65	0.1	0.3	1	111.122	204.525	-1.46026e-05	2.34102e-05	211.467	173	0.0462312	2	0	1	
65	0.1	0.3	1	111.125	204.525	1.70188e-05	-1.06767e-05	211.465	173	0.0472362	2	0	1	
65	0.1	0.3	1	111.127	204.526	1.06678e-05	-1.74454e-05	211.463	173	0.0482412	2	0	1	
65	0.1	0.3	1	111.129	204.527	-2.54599e-06	-8.53585e-06	211.461	173	0.0492462	2	0	1	
65	0.1	0.3	1	111.132	204.527	2.39698e-05	-4.52829e-05	211.459	173	0.0502513	2	0	1	
65	0.1	0.3	1	111.134	204.528	1.78531e-06	9.84626e-06	211.457	173	0.0512563	2	0	1	
65	0.1	0.3	1	111.136	204.529	4.74804e-06	-3.70211e-06	211.455	173	0.0522613	2	0	1	
65	0.1	0.3	1	111.139	204.529	1.57944e-05	8.82343e-06	211.452	173	0.0532663	2	0	1	
65	0.1	0.3	1	111.141	204.53	5.00381e-06	-5.7703e-06	211.45	173	0.0542714	2	0	1	
65	0.1	0.3	1	111.143	204.531	-1.43805e-05	5.39754e-06	211.448	173	0.0552764	2	0	1	
65	0.1	0.3	1	111.146	204.531	-2.38632e-05	-2.35894e-06	211.446	173	0.0562814	2	0	1	
65	0.1	0.3	1	111.148	204.532	-6.03775e-06	1.90962e-05	211.444	173	0.0572864	2	0	1	
65	0.1	0.3	1	111.15	204.532	1.89005e-05	-4.18518e-06	211.442	173	0.0582915	2	0	1	
65	0.1	0.3	1	111.153	204.533	-1.51668e-05	2.18238e-05	211.44	173	0.0592965	2	0	1	
65	0.1	0.3	1	111.155	204.534	-3.80903e-06	1.80162e-05	211.438	173	0.0603015	2	0	1	
65	0.1	0.3	1	111.157	204.534	1.67668e-05	9.13394e-06	211.436	173	0.0613065	2	0	1	
65	0.1	0.3	1	111.159	204.535	-1.28695e-05	3.49273e-05	211.434	173	0.0623116	2	0	1	
65	0.1	0.3	1	111.162	204.535	-1.54486e-05	5.63257e-06	211.432	173	0.0633166	2	0	1	
65	0.1	0.3	1	111.164	204.536	2.45369e-05	-8.24423e-06	211.43	173	0.0643216	2	0	1	
65	0.1	0.3	1	111.166	204.537	-1.21992e-05	2.13784e-05	211.428	173	0.0653266	2	0	1	
65	0.1	0.3	1	111.169	204.537	3.44438e-05	-1.19616e-05	211.426	173	0.0663317	2	0	1	
65	0.1	0.3	1	111.171	204.538	2.37926e-06	-1.48325e-05	211.424	173	0.0673367	2	0	1	
65	0.1	0.3	1	111.173	204.538	9.11637e-07	2.74682e-05	211.422	173	0.0683417	2	0	1	
65	0.1	0.3	1	111.178	204.536	-5.56259e-06	-7.11999e-06	211.419	173	0.0693467	2	0	1	
65	0.1	0.3	1	111.178	204.539	1.51365e-05	2.55758e-05	211.418	173	0.0703518	2	0	1	
65	0.1	0.3	1	111.18	204.54	2.63113e-05	-2.11355e-05	211.416	173	0.0713568	2	0	1	
65	0.1	0.3	1	111.182	204.541	-1.84752e-05	7.34673e-06	211.413	173	0.0723618	2	0	1	
65	0.1	0.3	1	111.185	204.541	-6.57768e-06	1.2541e-05	211.411	173	0.0733668	2	0	1	
65	0.1	0.3	1	111.187	204.542	1.31849e-05	-7.71246e-06	211.409	173	0.0743719	2	0	1	
65	0.1	0.3	1	111.189	204.542	-1.10135e-05	-4.0465e-06	211.407	173	0.0753769	2	0	1	
65	0.1	0.3	1	111.192	204.543	-4.154e-06	-4.77558e-05	211.405	173	0.0763819	2	0	1	
65	0.1	0.3	1	111.194	204.543	7.40755e-05	-3.61139e-06	211.403	173	0.0773869	2	0	1	
65	0.1	0.3	1	111.196	204.544	4.55312e-05	-6.19709e-07	211.401	173	0.078392	2	0	1	
65	0.1	0.3	1	111.198	204.544	-2.93277e-05	-1.64793e-05	211.399	173	0.079397	2	0	1	
65	0.1	0.3	1	111.201	204.545	-8.33906e-05	-2.02456e-05	211.397	173	0.080402	2	0	1	
65	0.1	0.3	1	111.203	204.545	-2.14305e-05	5.22056e-06	211.395	173	0.081407	2	0	1	
65	0.1	0.3	1	111.205	204.546	-3.7309e-05	-1.05339e-05	211.393	173	0.0824121	2	0	1	
65	0.1	0.3	1	111.208	204.547	1.23779e-07	-3.06424e-06	211.391	173	0.0834171	2	0	1	
65	0.1	0.3	1	111.21	204.547	1.22257e-05	4.4384e-06	211.389	173	0.0844221	2	0	1	
65	0.1	0.3	1	111.212	204.548	3.47175e-05	1.05743e-05	211.387	173	0.0854271	2	0	1	
65	0.1	0.3	1	111.214	204.548	-3.27545e-05	5.12654e-07	211.385	173	0.0864322	2	0	1	
65	0.1	0.3	1	111.217	204.549	1.9126e-05	-2.31533e-05	211.383	173	0.0874372	2	0	1	
65	0.1	0.3	1	111.219	204.549	1.66168e-05	7.33313e-06	211.381	173	0.0884422	2	0	1	
65	0.1	0.3	1	111.221	204.55	1.89583e-05	9.90214e-06	211.38	173	0.0894472	2	0	1	
65	0.1	0.3	1	111.223	204.55	4.2261e-05	6.01565e-06	211.378	173	0.0904523	2	0	1	
65	0.1	0.3	1	111.226	204.551	1.96323e-05	-6.88473e-07	211.376	173	0.0914573	2	0	1	
65	0.1	0.3	1	111.228	204.551	6.92403e-06	1.23455e-05	211.374	173	0.0924623	2	0	1	
65	0.1	0.3	1	111.23	204.552	4.32034e-05	1.63817e-05	211.372	173	0.0934673	2	0	1	
65	0.1	0.3	1	111.232	204.552	-3.05015e-05	2.068e-05	211.37	173	0.0944724	2	0	1	
65	0.1	0.3	1	111.235	204.553	-1.39512e-05	-3.24926e-07	211.368	173	0.0954774	2	0	1	
65	0.1	0.3	1	111.237	204.553	-6.34449e-06	-3.53744e-06	211.366	173	0.0964824	2	0	1	
65	0.1	0.3	1	111.239	204.554	-1.02022e-05	-9.42472e-06	211.364	173	0.0974874	2	0	1	
65	0.1	0.3	1	111.241	204.554	5.40292e-06	5.5374e-06	211.362	173	0.0984925	2	0	1	
65	0.1	0.3	1	111.244	204.555	8.91719e-06	-5.77822e-06	211.36	173	0.0994975	2	0	1	
65	0.1	0.3	1	111.246	204.555	1.33356e-05	2.2198e-05	211.358	173	0.100503	2	0	1	
65	0.1	0.3	1	111.248	204.556	1.75976e-06	-4.41322e-06	211.356	173	0.101508	2	0	1	
65	0.1	0.3	1	111.25	204.556	-1.67428e-05	-1.73709e-06	211.354	173	0.102513	2	0	1	
65	0.1	0.3	1	111.253	204.556	-4.96787e-06	2.94019e-05	211.352	173	0.103518	2	0	1	
65	0.1	0.3	1	111.255	204.557	1.32184e-05	-7.00656e-06	211.35	173	0.104523	2	0	1	
65	0.1	0.3	1	111.257	204.557	9.23519e-07	2.04164e-05	211.348	173	0.105528	2	0	1	
65	0.1	0.3	1	111.261	204.555	-2.62599e-05	-2.12132e-05	211.346	173	0.106533	2	0	1	
65	0.1	0.3	1	111.261	204.558	6.41764e-06	8.01488e-06	211.344	173	0.107538	2	0	1	
65	0.1	0.3	1	111.264	204.559	4.87898e-06	5.81442e-08	211.342	173	0.108543	2	0	1	
65	0.1	0.3	1	111.266	204.559	-8.93049e-07	-4.19721e-05	211.341	173	0.109548	2	0	1	
65	0.1	0.3	1	111.268	204.56	1.46568e-05	1.47104e-06	211.339	173	0.110553	2	0	1	
65	0.1	0.3	1	111.27	204.56	-5.58816e-06	-2.48247e-07	211.337	173	0.111558	2	0	1	
65	0.1	0.3	1	111.273	204.561	1.51096e-05	-4.92552e-06	211.335	173	0.112563	2	0	1	
65	0.1	0.3	1	111.275	204.561	-1.11392e-05	-6.77419e-06	211.333	173	0.113568	2	0	1	
65	0.1	0.3	1	111.277	204.562	-1.84247e-05	5.12524e-06	211.331	173	0.114573	2	0	1	
65	0.1	0.3	1	111.279	204.562	6.23571e-06	-4.22861e-06	211.329	173	0.115578	2	0	1	
65	0.1	0.3	1	111.281	204.562	3.08619e-05	-4.79312e-06	211.327	173	0.116583	2	0	1	
65	0.1	0.3	1	111.284	204.563	1.03993e-05	2.05622e-05	211.325	173	0.117588	2	0	1	
65	0.1	0.3	1	111.286	204.563	6.48245e-07	-6.42108e-06	211.323	173	0.118593	2	0	1	
65	0.1	0.3	1	111.288	204.564	-7.17931e-06	1.96946e-05	211.321	173	0.119598	2	0	1	
65	0.1	0.3	1	111.29	204.564	-4.02701e-05	-5.13185e-07	211.319	173	0.120603	2	0	1	
65	0.1	0.3	1	111.292	204.565	-1.80462e-06	9.2348e-06	211.318	173	0.121608	2	0	1	
65	0.1	0.3	1	111.295	204.565	-3.65722e-05	-3.9106e-05	211.316	173	0.122613	2	0	1	
65	0.1	0.3	1	111.297	204.565	-1.75871e-05	3.31507e-05	211.314	173	0.123618	2	0	1	
65	0.1	0.3	1	111.303	204.561	-2.78608e-05	-2.43223e-05	211.311	173	0.124623	2	0	1	
65	0.1	0.3	1	111.301	204.566	-2.99337e-06	1.4953e-05	211.31	173	0.125628	2	0	1	
65	0.1	0.3	1	111.303	204.567	-2.13246e-07	1.94284e-05	211.308	173	0.126633	2	0	1	
65	0.1	0.3	1	111.306	204.567	-3.72519e-05	1.81318e-05	211.306	173	0.127638	2	0	1	
65	0.1	0.3	1	111.308	204.568	2.00847e-06	4.26124e-06	211.304	173	0.128643	2	0	1	
65	0.1	0.3	1	111.31	204.568	8.18287e-06	4.7652e-06	211.303	173	0.129648	2	0	1	
65	0.1	0.3	1	111.312	204.568	2.15564e-05	-3.50538e-05	211.301	173	0.130653	2	0	1	
65	0.1	0.3	1	111.314	204.569	-1.91405e-06	6.21337e-06	211.299	173	0.131658	2	0	1	
65	0.1	0.3	1	111.317	204.569	-4.01691e-06	-4.36551e-05	211.297	173	0.132663	2	0	1	
65	0.1	0.3	1	111.319	204.57	-1.17164e-05	-6.80667e-06	211.295	173	0.133668	2	0	1	
65	0.1	0.3	1	111.321	204.57	4.95728e-05	1.7144e-05	211.293	173	0.134673	2	0	1	
65	0.1	0.3	1	111.323	204.57	3.48575e-06	1.9852e-05	211.291	173	0.135678	2	0	1	
65	0.1	0.3	1	111.325	204.571	-3.26642e-05	2.03561e-05	211.289	173	0.136683	2	0	1	
65	0.1	0.3	1	111.327	204.571	1.14412e-05	-5.21108e-05	211.288	173	0.137688	2	0	1	
65	0.1	0.3	1	111.33	204.572	1.33203e-05	2.90981e-05	211.286	173	0.138693	2	0	1	
65	0.1	0.3	1	111.332	204.572	-1.02878e-05	8.15188e-06	211.284	173	0.139698	2	0	1	
65	0.1	0.3	1	111.334	204.572	2.56191e-05	2.65997e-06	211.282	173	0.140704	2	0	1	
65	0.1	0.3	1	111.336	204.573	4.06771e-06	-3.70711e-06	211.28	173	0.141709	2	0	1	
65	0.1	0.3	1	111.338	204.573	-1.75209e-06	5.07617e-06	211.278	173	0.142714	2	0	1	
65	0.1	0.3	1	111.34	204.574	-8.63558e-06	2.9508e-06	211.276	173	0.143719	2	0	1	
65	0.1	0.3	1	111.343	204.574	-6.33274e-07	-5.11966e-06	211.275	173	0.144724	2	0	1	
65	0.1	0.3	1	111.345	204.574	-1.33281e-06	-9.32666e-06	211.273	173	0.145729	2	0	1	
65	0.1	0.3	1	111.347	204.575	-1.21627e-05	2.30814e-05	211.271	173	0.146734	2	0	1	
65	0.1	0.3	1	111.349	204.575	-8.87433e-06	4.32841e-05	211.269	173	0.147739	2	0	1	
65	0.1	0.3	1	111.351	204.576	6.87655e-06	-6.72272e-07	211.267	173	0.148744	2	0	1	
65	0.1	0.3	1	111.353	204.576	-5.21844e-06	5.02709e-06	211.265	173	0.149749	2	0	1	
65	0.1	0.3	1	111.356	204.576	-4.34542e-05	-1.47679e-05	211.264	173	0.150754	2	0	1	
65	0.1	0.3	1	111.358	204.577	9.73729e-06	-2.53736e-05	211.262	173	0.151759	2	0	1	
65	0.1	0.3	1	111.36	204.577	-1.33732e-05	1.75029e-05	211.26	173	0.152764	2	0	1	
65	0.1	0.3	1	111.362	204.577	5.00788e-06	-1.23338e-05	211.258	173	0.153769	2	0	1	
65	0.1	0.3	1	111.364	204.578	2.42642e-05	-1.74007e-05	211.256	173	0.154774	2	0	1	
65	0.1	0.3	1	111.366	204.578	-9.30981e-06	2.90209e-05	211.255	173	0.155779	2	0	1	
65	0.1	0.3	1	111.368	204.579	-2.42291e-05	6.60429e-07	211.253	173	0.156784	2	0	1	
65	0.1	0.3	1	111.371	204.579	-3.25397e-05	-1.90399e-05	211.251	173	0.157789	2	0	1	
65	0.1	0.3	1	111.373	204.579	-4.06221e-06	3.47657e-06	211.249	173	0.158794	2	0	1	
65	0.1	0.3	1	111.375	204.58	-5.29637e-05	-1.76779e-06	211.247	173	0.159799	2	0	1	
65	0.1	0.3	1	111.377	204.58	-5.24478e-05	-3.51021e-06	211.245	173	0.160804	2	0	1	
65	0.1	0.3	1	111.379	204.58	-4.27571e-05	2.08401e-05	211.244	173	0.161809	2	0	1	
65	0.1	0.3	1	111.381	204.581	3.8075e-05	1.14828e-05	211.242	173	0.162814	2	0	1	
65	0.1	0.3	1	111.383	204.581	3.95101e-05	-4.98461e-06	211.24	173	0.163819	2	0	1	
65	0.1	0.3	1	111.385	204.581	-2.73661e-06	-6.15813e-06	211.238	173	0.164824	2	0	1	
65	0.1	0.3	1	111.388	204.582	8.43463e-05	6.91305e-06	211.236	173	0.165829	2	0	1	
65	0.1	0.3	1	111.39	204.582	2.40687e-06	6.98038e-05	211.235	173	0.166834	2	0	1	
65	0.1	0.3	1	111.392	204.583	1.16472e-05	2.0814e-05	211.233	173	0.167839	2	0	1	
65	0.1	0.3	1	111.394	204.583	4.10693e-06	3.32417e-05	211.231	173	0.168844	2	0	1	
65	0.1	0.3	1	111.396	204.583	9.22691e-06	3.56211e-06	211.229	173	0.169849	2	0	1	
65	0.1	0.3	1	111.398	204.584	1.15325e-06	-1.07829e-05	211.227	173	0.170854	2	0	1	
65	0.1	0.3	1	111.4	204.584	-4.60835e-05	-3.52881e-06	211.226	173	0.171859	2	0	1	
65	0.1	0.3	1	111.402	204.584	2.08518e-05	2.00063e-06	211.224	173	0.172864	2	0	1	
65	0.1	0.3	1	111.405	204.585	8.13613e-05	1.77439e-05	211.222	173	0.173869	2	0	1	
65	0.1	0.3	1	111.407	204.585	1.40731e-05	-3.50252e-05	211.22	173	0.174874	2	0	1	
65	0.1	0.3	1	111.409	204.585	1.97751e-05	-7.76801e-06	211.219	173	0.175879	2	0	1	
65	0.1	0.3	1	111.411	204.586	-1.67856e-06	6.41628e-06	211.217	173	0.176884	2	0	1	
65	0.1	0.3	1	111.413	204.586	-1.47287e-06	-1.18612e-05	211.215	173	0.177889	2	0	1	
65	0.1	0.3	1	111.415	204.586	3.85127e-05	-3.51521e-05	211.213	173	0.178894	2	0	1	
65	0.1	0.3	1	111.417	204.587	2.72111e-05	-3.42417e-06	211.211	173	0.179899	2	0	1	
65	0.1	0.3	1	111.419	204.587	-9.22057e-06	-1.43289e-05	211.21	173	0.180905	2	0	1	
65	0.1	0.3	1	111.421	204.587	-7.05544e-07	-1.90377e-05	211.208	173	0.18191	2	0	1	
65	0.1	0.3	1	111.424	204.588	-4.69143e-05	5.37342e-06	211.206	173	0.182915	2	0	1	
65	0.1	0.3	1	111.426	204.588	8.11616e-06	9.77261e-06	211.204	173	0.18392	2	0	1	
65	0.1	0.3	1	111.428	204.588	4.79585e-05	-1.97143e-05	211.203	173	0.184925	2	0	1	
65	0.1	0.3	1	111.43	204.589	-1.06242e-05	2.31769e-07	211.201	173	0.18593	2	0	1	
65	0.1	0.3	1	111.432	204.589	-2.36993e-05	5.18615e-07	211.199	173	0.186935	2	0	1	
65	0.1	0.3	1	111.434	204.589	3.14906e-05	-1.72206e-05	211.197	173	0.18794	2	0	1	
65	0.1	0.3	1	111.436	204.59	-1.99108e-05	1.94181e-05	211.196	173	0.188945	2	0	1	
65	0.1	0.3	1	111.438	204.59	-1.71497e-05	-2.30606e-05	211.194	173	0.18995	2	0	1	
65	0.1	0.3	1	111.44	204.59	-2.19396e-05	4.35586e-06	211.192	173	0.190955	2	0	1	
65	0.1	0.3	1	111.442	204.591	2.23348e-05	2.96026e-06	211.19	173	0.19196	2	0	1	
65	0.1	0.3	1	111.444	204.591	3.05421e-05	1.29853e-05	211.189	173	0.192965	2	0	1	
65	0.1	0.3	1	111.446	204.591	-1.45513e-05	-7.6252e-07	211.187	173	0.19397	2	0	1	
65	0.1	0.3	1	111.449	204.592	-5.13339e-05	2.26172e-05	211.185	173	0.194975	2	0	1	
65	0.1	0.3	1	111.451	204.592	2.41188e-07	-2.1016e-05	211.183	173	0.19598	2	0	1	
65	0.1	0.3	1	111.453	204.592	5.118e-05	-5.15921e-06	211.182	173	0.196985	2	0	1	
65	0.1	0.3	1	111.457	204.59	3.7365e-06	-1.07563e-06	211.18	173	0.19799	2	0	1	
65	0.1	0.3	1	111.457	204.593	-1.12997e-05	3.92366e-06	211.178	173	0.198995	2	0	1	
65	0.1	0.3	1	111.459	204.593	-8.39806e-07	2.33383e-06	211.176	173	0.2	2	0	1	
