65	0.1	0.3	1	83.3183	0	210.701	201.227	0	173	0	0	0	1	
65	0.1	0.3	1	83.325	0	210.699	201.218	0	173	0.00505051	0	0	1	
65	0.1	0.3	1	83.3308	0	210.698	201.211	0	173	0.010101	0	0	1	
65	0.1	0.3	1	83.3362	0	210.696	201.204	0	173	0.0151515	0	0	1	
65	0.1	0.3	1	83.3413	0	210.694	201.198	0	173	0.020202	0	0	1	
65	0.1	0.3	1	83.3461	0	210.693	201.192	0	173	0.0252525	0	0	1	
65	0.1	0.3	1	83.3507	0	210.692	201.187	0	173	0.030303	0	0	1	
65	0.1	0.3	1	83.3551	0	210.69	201.181	0	173	0.0353535	0	0	1	
65	0.1	0.3	1	83.3593	0	210.689	201.176	0	173	0.040404	0	0	1	
65	0.1	0.3	1	83.3634	0	210.688	201.171	0	173	0.0454545	0	0	1	
65	0.1	0.3	1	83.3674	0	210.687	201.166	0	173	0.0505051	0	0	1	
65	0.1	0.3	1	83.3712	0	210.686	201.161	0	173	0.0555556	0	0	1	
65	0.1	0.3	1	83.3749	0	210.684	201.157	0	173	0.0606061	0	0	1	
65	0.1	0.3	1	83.3785	0	210.683	201.152	0	173	0.0656566	0	0	1	
65	0.1	0.3	1	83.382	0	210.682	201.148	0	173	0.0707071	0	0	1	
65	0.1	0.3	1	83.3854	0	210.681	201.144	0	173	0.0757576	0	0	1	
65	0.1	0.3	1	83.3888	0	210.68	201.139	0	173	0.0808081	0	0	1	
65	0.1	0.3	1	83.3921	0	210.679	201.135	0	173	0.0858586	0	0	1	
65	0.1	0.3	1	83.3952	0	210.678	201.131	0	173	0.0909091	0	0	1	
65	0.1	0.3	1	83.3984	0	210.678	201.128	0	173	0.0959596	0	0	1	
65	0.1	0.3	1	83.4014	0	210.677	201.124	0	173	0.10101	0	0	1	
65	0.1	0.3	1	83.4044	0	210.676	201.12	0	173	0.106061	0	0	1	
65	0.1	0.3	1	83.4074	0	210.675	201.116	0	173	0.111111	0	0	1	
65	0.1	0.3	1	83.4103	0	210.674	201.113	0	173	0.116162	0	0	1	
65	0.1	0.3	1	83.4131	0	210.673	201.109	0	173	0.121212	0	0	1	
65	0.1	0.3	1	83.4159	0	210.672	201.106	0	173	0.126263	0	0	1	
65	0.1	0.3	1	83.4186	0	210.672	201.102	0	173	0.131313	0	0	1	
65	0.1	0.3	1	83.4213	0	210.671	201.099	0	173	0.136364	0	0	1	
65	0.1	0.3	1	83.424	0	210.67	201.096	0	173	0.141414	0	0	1	
65	0.1	0.3	1	83.4266	0	210.669	201.093	0	173	0.146465	0	0	1	
65	0.1	0.3	1	83.4291	0	210.668	201.089	0	173	0.151515	0	0	1	
65	0.1	0.3	1	83.4317	0	210.668	201.086	0	173	0.156566	0	0	1	
65	0.1	0.3	1	83.4341	0	210.667	201.083	0	173	0.161616	0	0	1	
65	0.1	0.3	1	83.4366	0	210.666	201.08	0	173	0.166667	0	0	1	
65	0.1	0.3	1	83.439	0	210.665	201.077	0	173	0.171717	0	0	1	
65	0.1	0.3	1	83.4414	0	210.665	201.074	0	173	0.176768	0	0	1	
65	0.1	0.3	1	83.4438	0	210.664	201.071	0	173	0.181818	0	0	1	
65	0.1	0.3	1	83.4461	0	210.663	201.068	0	173	0.186869	0	0	1	
65	0.1	0.3	1	83.4484	0	210.663	201.066	0	173	0.191919	0	0	1	
65	0.1	0.3	1	83.4506	0	210.662	201.063	0	173	0.19697	0	0	1	
65	0.1	0.3	1	83.4529	0	210.661	201.06	0	173	0.20202	0	0	1	
65	0.1	0.3	1	83.4551	0	210.661	201.057	0	173	0.207071	0	0	1	
65	0.1	0.3	1	83.4573	0	210.66	201.055	0	173	0.212121	0	0	1	
65	0.1	0.3	1	83.4594	0	210.659	201.052	0	173	0.217172	0	0	1	
65	0.1	0.3	1	83.4615	0	210.659	201.049	0	173	0.222222	0	0	1	
65	0.1	0.3	1	83.4636	0	210.658	201.047	0	173	0.227273	0	0	1	
65	0.1	0.3	1	83.4657	0	210.658	201.044	0	173	0.232323	0	0	1	
65	0.1	0.3	1	83.4678	0	210.657	201.042	0	173	0.237374	0	0	1	
65	0.1	0.3	1	83.4698	0	210.656	201.039	0	173	0.242424	0	0	1	
65	0.1	0.3	1	83.4718	0	210.656	201.037	0	173	0.247475	0	0	1	
65	0.1	0.3	1	83.4738	0	210.655	201.034	0	173	0.252525	0	0	1	
65	0.1	0.3	1	83.4758	0	210.655	201.032	0	173	0.257576	0	0	1	
65	0.1	0.3	1	83.4777	0	210.654	201.029	0	173	0.262626	0	0	1	
65	0.1	0.3	1	83.4796	0	210.653	201.027	0	173	0.267677	0	0	1	
65	0.1	0.3	1	83.4816	0	210.653	201.024	0	173	0.272727	0	0	1	
65	0.1	0.3	1	83.4834	0	210.652	201.022	0	173	0.277778	0	0	1	
65	0.1	0.3	1	83.4853	0	210.652	201.02	0	173	0.282828	0	0	1	
65	0.1	0.3	1	83.4872	0	210.651	201.017	0	173	0.287879	0	0	1	
65	0.1	0.3	1	83.489	0	210.651	201.015	0	173	0.292929	0	0	1	
65	0.1	0.3	1	83.4908	0	210.65	201.013	0	173	0.29798	0	0	1	
65	0.1	0.3	1	83.4926	0	210.65	201.011	0	173	0.30303	0	0	1	
65	0.1	0.3	1	83.4944	0	210.649	201.008	0	173	0.308081	0	0	1	
65	0.1	0.3	1	83.4962	0	210.648	201.006	0	173	0.313131	0	0	1	
65	0.1	0.3	1	83.4979	0	210.648	201.004	0	173	0.318182	0	0	1	
65	0.1	0.3	1	83.4997	0	210.647	201.002	0	173	0.323232	0	0	1	
65	0.1	0.3	1	83.5014	0	210.647	201	0	173	0.328283	0	0	1	
65	0.1	0.3	1	83.5031	0	210.646	200.998	0	173	0.333333	0	0	1	
65	0.1	0.3	1	83.5048	0	210.646	200.996	0	173	0.338384	0	0	1	
65	0.1	0.3	1	83.5065	0	210.645	200.994	0	173	0.343434	0	0	1	
65	0.1	0.3	1	83.5081	0	210.645	200.991	0	173	0.348485	0	0	1	
65	0.1	0.3	1	83.5098	0	210.644	200.989	0	173	0.353535	0	0	1	
65	0.1	0.3	1	83.5114	0	210.644	200.987	0	173	0.358586	0	0	1	
65	0.1	0.3	1	83.513	0	210.643	200.985	0	173	0.363636	0	0	1	
65	0.1	0.3	1	83.5146	0	210.643	200.983	0	173	0.368687	0	0	1	
65	0.1	0.3	1	83.5162	0	210.643	200.981	0	173	0.373737	0	0	1	
65	0.1	0.3	1	83.5178	0	210.642	200.979	0	173	0.378788	0	0	1	
65	0.1	0.3	1	83.5194	0	210.642	200.977	0	173	0.383838	0	0	1	
65	0.1	0.3	1	83.5209	0	210.641	200.976	0	173	0.388889	0	0	1	
65	0.1	0.3	1	83.5225	0	210.641	200.974	0	173	0.393939	0	0	1	
65	0.1	0.3	1	83.524	0	210.64	200.972	0	173	0.39899	0	0	1	
65	0.1	0.3	1	83.5255	0	210.64	200.97	0	173	0.40404	0	0	1	
65	0.1	0.3	1	83.5271	0	210.639	200.968	0	173	0.409091	0	0	1	
65	0.1	0.3	1	83.5286	0	210.639	200.966	0	173	0.414141	0	0	1	
65	0.1	0.3	1	83.5301	0	210.638	200.964	0	173	0.419192	0	0	1	
65	0.1	0.3	1	83.5315	0	210.638	200.962	0	173	0.424242	0	0	1	
65	0.1	0.3	1	83.533	0	210.638	200.961	0	173	0.429293	0	0	1	
65	0.1	0.3	1	83.5345	0	210.637	200.959	0	173	0.434343	0	0	1	
65	0.1	0.3	1	83.5359	0	210.637	200.957	0	173	0.439394	0	0	1	
65	0.1	0.3	1	83.5373	0	210.636	200.955	0	173	0.444444	0	0	1	
65	0.1	0.3	1	83.5388	0	210.636	200.953	0	173	0.449495	0	0	1	
65	0.1	0.3	1	83.5402	0	210.635	200.952	0	173	0.454545	0	0	1	
65	0.1	0.3	1	83.5416	0	210.635	200.95	0	173	0.459596	0	0	1	
65	0.1	0.3	1	83.543	0	210.635	200.948	0	173	0.464646	0	0	1	
65	0.1	0.3	1	83.5444	0	210.634	200.946	0	173	0.469697	0	0	1	
65	0.1	0.3	1	83.5457	0	210.634	200.945	0	173	0.474747	0	0	1	
65	0.1	0.3	1	83.5471	0	210.633	200.943	0	173	0.479798	0	0	1	
65	0.1	0.3	1	83.5485	0	210.633	200.941	0	173	0.484848	0	0	1	
65	0.1	0.3	1	83.5498	0	210.633	200.94	0	173	0.489899	0	0	1	
65	0.1	0.3	1	83.5512	0	210.632	200.938	0	173	0.494949	0	0	1	
65	0.1	0.3	1	83.5525	0	210.632	200.936	0	173	0.5	0	0	1	
