65	0.1	0.3	1	83.3187	0	210.701	201.226	0	173	0	0	0	1	
65	0.1	0.3	1	83.3221	0	210.7	201.222	0	173	0.00251256	0	0	1	
65	0.1	0.3	1	83.3253	0	210.699	201.218	0	173	0.00502513	0	0	1	
65	0.1	0.3	1	83.3282	0	210.698	201.214	0	173	0.00753769	0	0	1	
65	0.1	0.3	1	83.3311	0	210.697	201.211	0	173	0.0100503	0	0	1	
65	0.1	0.3	1	83.3338	0	210.696	201.207	0	173	0.0125628	0	0	1	
65	0.1	0.3	1	83.3365	0	210.695	201.204	0	173	0.0150754	0	0	1	
65	0.1	0.3	1	83.339	0	210.695	201.201	0	173	0.0175879	0	0	1	
65	0.1	0.3	1	83.3415	0	210.694	201.198	0	173	0.0201005	0	0	1	
65	0.1	0.3	1	83.344	0	210.693	201.195	0	173	0.0226131	0	0	1	
65	0.1	0.3	1	83.3463	0	210.693	201.192	0	173	0.0251256	0	0	1	
65	0.1	0.3	1	83.3486	0	210.692	201.189	0	173	0.0276382	0	0	1	
65	0.1	0.3	1	83.3509	0	210.691	201.186	0	173	0.0301508	0	0	1	
65	0.1	0.3	1	83.3531	0	210.691	201.183	0	173	0.0326633	0	0	1	
65	0.1	0.3	1	83.3553	0	210.69	201.181	0	173	0.0351759	0	0	1	
65	0.1	0.3	1	83.3574	0	210.689	201.178	0	173	0.0376884	0	0	1	
65	0.1	0.3	1	83.3595	0	210.689	201.176	0	173	0.040201	0	0	1	
65	0.1	0.3	1	83.3615	0	210.688	201.173	0	173	0.0427136	0	0	1	
65	0.1	0.3	1	83.3636	0	210.687	201.171	0	173	0.0452261	0	0	1	
65	0.1	0.3	1	83.3655	0	210.687	201.168	0	173	0.0477387	0	0	1	
65	0.1	0.3	1	83.3675	0	210.686	201.166	0	173	0.0502513	0	0	1	
65	0.1	0.3	1	83.3694	0	210.686	201.163	0	173	0.0527638	0	0	1	
65	0.1	0.3	1	83.3713	0	210.685	201.161	0	173	0.0552764	0	0	1	
65	0.1	0.3	1	83.3732	0	210.685	201.159	0	173	0.0577889	0	0	1	
65	0.1	0.3	1	83.375	0	210.684	201.156	0	173	0.0603015	0	0	1	
65	0.1	0.3	1	83.3768	0	210.683	201.154	0	173	0.0628141	0	0	1	
65	0.1	0.3	1	83.3786	0	210.683	201.152	0	173	0.0653266	0	0	1	
65	0.1	0.3	1	83.3804	0	210.682	201.15	0	173	0.0678392	0	0	1	
65	0.1	0.3	1	83.3821	0	210.682	201.148	0	173	0.0703518	0	0	1	
65	0.1	0.3	1	83.3838	0	210.681	201.145	0	173	0.0728643	0	0	1	
65	0.1	0.3	1	83.3855	0	210.681	201.143	0	173	0.0753769	0	0	1	
65	0.1	0.3	1	83.3872	0	210.68	201.141	0	173	0.0778894	0	0	1	
65	0.1	0.3	1	83.3888	0	210.68	201.139	0	173	0.080402	0	0	1	
65	0.1	0.3	1	83.3905	0	210.679	201.137	0	173	0.0829146	0	0	1	
65	0.1	0.3	1	83.3921	0	210.679	201.135	0	173	0.0854271	0	0	1	
65	0.1	0.3	1	83.3937	0	210.678	201.133	0	173	0.0879397	0	0	1	
65	0.1	0.3	1	83.3953	0	210.678	201.131	0	173	0.0904523	0	0	1	
65	0.1	0.3	1	83.3968	0	210.678	201.129	0	173	0.0929648	0	0	1	
65	0.1	0.3	1	83.3984	0	210.677	201.127	0	173	0.0954774	0	0	1	
65	0.1	0.3	1	83.3999	0	210.677	201.125	0	173	0.0979899	0	0	1	
65	0.1	0.3	1	83.4015	0	210.676	201.124	0	173	0.100503	0	0	1	
65	0.1	0.3	1	83.403	0	210.676	201.122	0	173	0.103015	0	0	1	
65	0.1	0.3	1	83.4044	0	210.675	201.12	0	173	0.105528	0	0	1	
65	0.1	0.3	1	83.4059	0	210.675	201.118	0	173	0.10804	0	0	1	
65	0.1	0.3	1	83.4074	0	210.674	201.116	0	173	0.110553	0	0	1	
65	0.1	0.3	1	83.4088	0	210.674	201.114	0	173	0.113065	0	0	1	
65	0.1	0.3	1	83.4103	0	210.674	201.113	0	173	0.115578	0	0	1	
65	0.1	0.3	1	83.4117	0	210.673	201.111	0	173	0.11809	0	0	1	
65	0.1	0.3	1	83.4131	0	210.673	201.109	0	173	0.120603	0	0	1	
65	0.1	0.3	1	83.4145	0	210.672	201.107	0	173	0.123116	0	0	1	
65	0.1	0.3	1	83.4159	0	210.672	201.106	0	173	0.125628	0	0	1	
65	0.1	0.3	1	83.4172	0	210.671	201.104	0	173	0.128141	0	0	1	
65	0.1	0.3	1	83.4186	0	210.671	201.102	0	173	0.130653	0	0	1	
65	0.1	0.3	1	83.4199	0	210.671	201.101	0	173	0.133166	0	0	1	
65	0.1	0.3	1	83.4213	0	210.67	201.099	0	173	0.135678	0	0	1	
65	0.1	0.3	1	83.4226	0	210.67	201.097	0	173	0.138191	0	0	1	
65	0.1	0.3	1	83.4239	0	210.669	201.096	0	173	0.140704	0	0	1	
65	0.1	0.3	1	83.4252	0	210.669	201.094	0	173	0.143216	0	0	1	
65	0.1	0.3	1	83.4265	0	210.669	201.093	0	173	0.145729	0	0	1	
65	0.1	0.3	1	83.4278	0	210.668	201.091	0	173	0.148241	0	0	1	
65	0.1	0.3	1	83.4291	0	210.668	201.089	0	173	0.150754	0	0	1	
65	0.1	0.3	1	83.4303	0	210.668	201.088	0	173	0.153266	0	0	1	
65	0.1	0.3	1	83.4316	0	210.667	201.086	0	173	0.155779	0	0	1	
65	0.1	0.3	1	83.4328	0	210.667	201.085	0	173	0.158291	0	0	1	
65	0.1	0.3	1	83.4341	0	210.666	201.083	0	173	0.160804	0	0	1	
65	0.1	0.3	1	83.4353	0	210.666	201.082	0	173	0.163317	0	0	1	
65	0.1	0.3	1	83.4365	0	210.666	201.08	0	173	0.165829	0	0	1	
65	0.1	0.3	1	83.4377	0	210.665	201.079	0	173	0.168342	0	0	1	
65	0.1	0.3	1	83.4389	0	210.665	201.077	0	173	0.170854	0	0	1	
65	0.1	0.3	1	83.4401	0	210.665	201.076	0	173	0.173367	0	0	1	
65	0.1	0.3	1	83.4413	0	210.664	201.074	0	173	0.175879	0	0	1	
65	0.1	0.3	1	83.4425	0	210.664	201.073	0	173	0.178392	0	0	1	
65	0.1	0.3	1	83.4437	0	210.664	201.071	0	173	0.180905	0	0	1	
65	0.1	0.3	1	83.4448	0	210.663	201.07	0	173	0.183417	0	0	1	
65	0.1	0.3	1	83.446	0	210.663	201.068	0	173	0.18593	0	0	1	
65	0.1	0.3	1	83.4471	0	210.663	201.067	0	173	0.188442	0	0	1	
65	0.1	0.3	1	83.4483	0	210.662	201.066	0	173	0.190955	0	0	1	
65	0.1	0.3	1	83.4494	0	210.662	201.064	0	173	0.193467	0	0	1	
65	0.1	0.3	1	83.4505	0	210.662	201.063	0	173	0.19598	0	0	1	
65	0.1	0.3	1	83.4516	0	210.661	201.061	0	173	0.198492	0	0	1	
65	0.1	0.3	1	83.4527	0	210.661	201.06	0	173	0.201005	0	0	1	
65	0.1	0.3	1	83.4538	0	210.661	201.059	0	173	0.203518	0	0	1	
65	0.1	0.3	1	83.4549	0	210.66	201.057	0	173	0.20603	0	0	1	
65	0.1	0.3	1	83.456	0	210.66	201.056	0	173	0.208543	0	0	1	
65	0.1	0.3	1	83.4571	0	210.66	201.055	0	173	0.211055	0	0	1	
65	0.1	0.3	1	83.4582	0	210.659	201.053	0	173	0.213568	0	0	1	
65	0.1	0.3	1	83.4593	0	210.659	201.052	0	173	0.21608	0	0	1	
65	0.1	0.3	1	83.4603	0	210.659	201.051	0	173	0.218593	0	0	1	
65	0.1	0.3	1	83.4614	0	210.658	201.049	0	173	0.221106	0	0	1	
65	0.1	0.3	1	83.4624	0	210.658	201.048	0	173	0.223618	0	0	1	
65	0.1	0.3	1	83.4635	0	210.658	201.047	0	173	0.226131	0	0	1	
65	0.1	0.3	1	83.4645	0	210.657	201.045	0	173	0.228643	0	0	1	
65	0.1	0.3	1	83.4656	0	210.657	201.044	0	173	0.231156	0	0	1	
65	0.1	0.3	1	83.4666	0	210.657	201.043	0	173	0.233668	0	0	1	
65	0.1	0.3	1	83.4676	0	210.657	201.042	0	173	0.236181	0	0	1	
65	0.1	0.3	1	83.4686	0	210.656	201.04	0	173	0.238693	0	0	1	
65	0.1	0.3	1	83.4696	0	210.656	201.039	0	173	0.241206	0	0	1	
65	0.1	0.3	1	83.4706	0	210.656	201.038	0	173	0.243719	0	0	1	
65	0.1	0.3	1	83.4716	0	210.655	201.037	0	173	0.246231	0	0	1	
65	0.1	0.3	1	83.4726	0	210.655	201.035	0	173	0.248744	0	0	1	
65	0.1	0.3	1	83.4736	0	210.655	201.034	0	173	0.251256	0	0	1	
65	0.1	0.3	1	83.4746	0	210.654	201.033	0	173	0.253769	0	0	1	
65	0.1	0.3	1	83.4756	0	210.654	201.032	0	173	0.256281	0	0	1	
65	0.1	0.3	1	83.4766	0	210.654	201.03	0	173	0.258794	0	0	1	
65	0.1	0.3	1	83.4775	0	210.654	201.029	0	173	0.261307	0	0	1	
65	0.1	0.3	1	83.4785	0	210.653	201.028	0	173	0.263819	0	0	1	
65	0.1	0.3	1	83.4795	0	210.653	201.027	0	173	0.266332	0	0	1	
65	0.1	0.3	1	83.4804	0	210.653	201.026	0	173	0.268844	0	0	1	
65	0.1	0.3	1	83.4814	0	210.652	201.025	0	173	0.271357	0	0	1	
65	0.1	0.3	1	83.4823	0	210.652	201.023	0	173	0.273869	0	0	1	
65	0.1	0.3	1	83.4832	0	210.652	201.022	0	173	0.276382	0	0	1	
65	0.1	0.3	1	83.4842	0	210.652	201.021	0	173	0.278894	0	0	1	
65	0.1	0.3	1	83.4851	0	210.651	201.02	0	173	0.281407	0	0	1	
65	0.1	0.3	1	83.486	0	210.651	201.019	0	173	0.28392	0	0	1	
65	0.1	0.3	1	83.487	0	210.651	201.018	0	173	0.286432	0	0	1	
65	0.1	0.3	1	83.4879	0	210.65	201.016	0	173	0.288945	0	0	1	
65	0.1	0.3	1	83.4888	0	210.65	201.015	0	173	0.291457	0	0	1	
65	0.1	0.3	1	83.4897	0	210.65	201.014	0	173	0.29397	0	0	1	
65	0.1	0.3	1	83.4906	0	210.65	201.013	0	173	0.296482	0	0	1	
65	0.1	0.3	1	83.4915	0	210.649	201.012	0	173	0.298995	0	0	1	
65	0.1	0.3	1	83.4924	0	210.649	201.011	0	173	0.301508	0	0	1	
65	0.1	0.3	1	83.4933	0	210.649	201.01	0	173	0.30402	0	0	1	
65	0.1	0.3	1	83.4942	0	210.649	201.009	0	173	0.306533	0	0	1	
65	0.1	0.3	1	83.4951	0	210.648	201.007	0	173	0.309045	0	0	1	
65	0.1	0.3	1	83.4959	0	210.648	201.006	0	173	0.311558	0	0	1	
65	0.1	0.3	1	83.4968	0	210.648	201.005	0	173	0.31407	0	0	1	
65	0.1	0.3	1	83.4977	0	210.648	201.004	0	173	0.316583	0	0	1	
65	0.1	0.3	1	83.4986	0	210.647	201.003	0	173	0.319095	0	0	1	
65	0.1	0.3	1	83.4994	0	210.647	201.002	0	173	0.321608	0	0	1	
65	0.1	0.3	1	83.5003	0	210.647	201.001	0	173	0.324121	0	0	1	
65	0.1	0.3	1	83.5011	0	210.647	201	0	173	0.326633	0	0	1	
65	0.1	0.3	1	83.502	0	210.646	200.999	0	173	0.329146	0	0	1	
65	0.1	0.3	1	83.5028	0	210.646	200.998	0	173	0.331658	0	0	1	
65	0.1	0.3	1	83.5037	0	210.646	200.997	0	173	0.334171	0	0	1	
65	0.1	0.3	1	83.5045	0	210.646	200.996	0	173	0.336683	0	0	1	
65	0.1	0.3	1	83.5054	0	210.645	200.995	0	173	0.339196	0	0	1	
65	0.1	0.3	1	83.5062	0	210.645	200.994	0	173	0.341709	0	0	1	
65	0.1	0.3	1	83.507	0	210.645	200.993	0	173	0.344221	0	0	1	
65	0.1	0.3	1	83.5079	0	210.645	200.992	0	173	0.346734	0	0	1	
65	0.1	0.3	1	83.5087	0	210.644	200.991	0	173	0.349246	0	0	1	
65	0.1	0.3	1	83.5095	0	210.644	200.99	0	173	0.351759	0	0	1	
65	0.1	0.3	1	83.5103	0	210.644	200.989	0	173	0.354271	0	0	1	
65	0.1	0.3	1	83.5111	0	210.644	200.988	0	173	0.356784	0	0	1	
65	0.1	0.3	1	83.512	0	210.643	200.987	0	173	0.359296	0	0	1	
65	0.1	0.3	1	83.5128	0	210.643	200.986	0	173	0.361809	0	0	1	
65	0.1	0.3	1	83.5136	0	210.643	200.985	0	173	0.364322	0	0	1	
65	0.1	0.3	1	83.5144	0	210.643	200.984	0	173	0.366834	0	0	1	
65	0.1	0.3	1	83.5152	0	210.642	200.983	0	173	0.369347	0	0	1	
65	0.1	0.3	1	83.516	0	210.642	200.982	0	173	0.371859	0	0	1	
65	0.1	0.3	1	83.5168	0	210.642	200.981	0	173	0.374372	0	0	1	
65	0.1	0.3	1	83.5175	0	210.642	200.98	0	173	0.376884	0	0	1	
65	0.1	0.3	1	83.5183	0	210.641	200.979	0	173	0.379397	0	0	1	
65	0.1	0.3	1	83.5191	0	210.641	200.978	0	173	0.38191	0	0	1	
65	0.1	0.3	1	83.5199	0	210.641	200.977	0	173	0.384422	0	0	1	
65	0.1	0.3	1	83.5207	0	210.641	200.976	0	173	0.386935	0	0	1	
65	0.1	0.3	1	83.5214	0	210.64	200.975	0	173	0.389447	0	0	1	
65	0.1	0.3	1	83.5222	0	210.64	200.974	0	173	0.39196	0	0	1	
65	0.1	0.3	1	83.523	0	210.64	200.973	0	173	0.394472	0	0	1	
65	0.1	0.3	1	83.5237	0	210.64	200.972	0	173	0.396985	0	0	1	
65	0.1	0.3	1	83.5245	0	210.64	200.971	0	173	0.399497	0	0	1	
65	0.1	0.3	1	83.5253	0	210.639	200.97	0	173	0.40201	0	0	1	
65	0.1	0.3	1	83.526	0	210.639	200.969	0	173	0.404523	0	0	1	
65	0.1	0.3	1	83.5268	0	210.639	200.968	0	173	0.407035	0	0	1	
65	0.1	0.3	1	83.5275	0	210.639	200.967	0	173	0.409548	0	0	1	
65	0.1	0.3	1	83.5283	0	210.638	200.966	0	173	0.41206	0	0	1	
65	0.1	0.3	1	83.529	0	210.638	200.965	0	173	0.414573	0	0	1	
65	0.1	0.3	1	83.5297	0	210.638	200.964	0	173	0.417085	0	0	1	
65	0.1	0.3	1	83.5305	0	210.638	200.963	0	173	0.419598	0	0	1	
65	0.1	0.3	1	83.5312	0	210.638	200.963	0	173	0.422111	0	0	1	
65	0.1	0.3	1	83.532	0	210.637	200.962	0	173	0.424623	0	0	1	
65	0.1	0.3	1	83.5327	0	210.637	200.961	0	173	0.427136	0	0	1	
65	0.1	0.3	1	83.5334	0	210.637	200.96	0	173	0.429648	0	0	1	
65	0.1	0.3	1	83.5341	0	210.637	200.959	0	173	0.432161	0	0	1	
65	0.1	0.3	1	83.5349	0	210.637	200.958	0	173	0.434673	0	0	1	
65	0.1	0.3	1	83.5356	0	210.636	200.957	0	173	0.437186	0	0	1	
65	0.1	0.3	1	83.5363	0	210.636	200.956	0	173	0.439698	0	0	1	
65	0.1	0.3	1	83.537	0	210.636	200.955	0	173	0.442211	0	0	1	
65	0.1	0.3	1	83.5377	0	210.636	200.955	0	173	0.444724	0	0	1	
65	0.1	0.3	1	83.5384	0	210.635	200.954	0	173	0.447236	0	0	1	
65	0.1	0.3	1	83.5392	0	210.635	200.953	0	173	0.449749	0	0	1	
65	0.1	0.3	1	83.5399	0	210.635	200.952	0	173	0.452261	0	0	1	
65	0.1	0.3	1	83.5406	0	210.635	200.951	0	173	0.454774	0	0	1	
65	0.1	0.3	1	83.5413	0	210.635	200.95	0	173	0.457286	0	0	1	
65	0.1	0.3	1	83.542	0	210.634	200.949	0	173	0.459799	0	0	1	
65	0.1	0.3	1	83.5427	0	210.634	200.948	0	173	0.462312	0	0	1	
65	0.1	0.3	1	83.5434	0	210.634	200.948	0	173	0.464824	0	0	1	
65	0.1	0.3	1	83.544	0	210.634	200.947	0	173	0.467337	0	0	1	
65	0.1	0.3	1	83.5447	0	210.634	200.946	0	173	0.469849	0	0	1	
65	0.1	0.3	1	83.5454	0	210.633	200.945	0	173	0.472362	0	0	1	
65	0.1	0.3	1	83.5461	0	210.633	200.944	0	173	0.474874	0	0	1	
65	0.1	0.3	1	83.5468	0	210.633	200.943	0	173	0.477387	0	0	1	
65	0.1	0.3	1	83.5475	0	210.633	200.942	0	173	0.479899	0	0	1	
65	0.1	0.3	1	83.5481	0	210.633	200.942	0	173	0.482412	0	0	1	
65	0.1	0.3	1	83.5488	0	210.632	200.941	0	173	0.484925	0	0	1	
65	0.1	0.3	1	83.5495	0	210.632	200.94	0	173	0.487437	0	0	1	
65	0.1	0.3	1	83.5502	0	210.632	200.939	0	173	0.48995	0	0	1	
65	0.1	0.3	1	83.5508	0	210.632	200.938	0	173	0.492462	0	0	1	
65	0.1	0.3	1	83.5515	0	210.632	200.937	0	173	0.494975	0	0	1	
65	0.1	0.3	1	83.5522	0	210.631	200.937	0	173	0.497487	0	0	1	
65	0.1	0.3	1	83.5528	0	210.631	200.936	0	173	0.5	0	0	1	
