65	0.1	0.3	1	100.045	0	195.545	195.545	0	173	0	0	0	0	
65	0.1	0.3	1	99.223	0	195.992	195.992	0	173	0.10101	0	0	0	
65	0.1	0.3	1	99.2285	0	195.838	195.838	0	173	0.20202	0	0	0	
65	0.1	0.3	1	99.2533	0	195.694	195.694	0	173	0.30303	0	0	0	
65	0.1	0.3	1	99.2803	0	195.565	195.565	0	173	0.40404	0	0	0	
65	0.1	0.3	1	99.3058	0	195.449	195.449	0	173	0.505051	0	0	0	
65	0.1	0.3	1	99.3287	0	195.345	195.345	0	173	0.606061	0	0	0	
65	0.1	0.3	1	99.3487	0	195.25	195.25	0	173	0.707071	0	0	0	
65	0.1	0.3	1	99.3657	0	195.164	195.164	0	173	0.808081	0	0	0	
65	0.1	0.3	1	99.38	0	195.086	195.086	0	173	0.909091	0	0	0	
65	0.1	0.3	1	99.3915	0	195.015	195.015	0	173	1.0101	0	0	0	
65	0.1	0.3	1	99.4006	0	194.95	194.95	0	173	1.11111	0	0	0	
65	0.1	0.3	1	99.4074	0	194.891	194.891	0	173	1.21212	0	0	0	
65	0.1	0.3	1	99.4119	0	194.837	194.837	0	173	1.31313	0	0	0	
65	0.1	0.3	1	99.4144	0	194.789	194.789	0	173	1.41414	0	0	0	
65	0.1	0.3	1	99.4149	0	194.745	194.745	0	173	1.51515	0	0	0	
65	0.1	0.3	1	99.4135	0	194.705	194.705	0	173	1.61616	0	0	0	
65	0.1	0.3	1	99.4105	0	194.669	194.669	0	173	1.71717	0	0	0	
65	0.1	0.3	1	99.4057	0	194.637	194.637	0	173	1.81818	0	0	0	
65	0.1	0.3	1	99.3993	0	194.609	194.609	0	173	1.91919	0	0	0	
65	0.1	0.3	1	99.3915	0	194.584	194.584	0	173	2.0202	0	0	0	
65	0.1	0.3	1	99.3822	0	194.562	194.562	0	173	2.12121	0	0	0	
65	0.1	0.3	1	99.3716	0	194.543	194.543	0	173	2.22222	0	0	0	
65	0.1	0.3	1	99.3596	0	194.527	194.527	0	173	2.32323	0	0	0	
65	0.1	0.3	1	99.3463	0	194.514	194.514	0	173	2.42424	0	0	0	
65	0.1	0.3	1	99.3319	0	194.504	194.504	0	173	2.52525	0	0	0	
65	0.1	0.3	1	99.3163	0	194.496	194.496	0	173	2.62626	0	0	0	
65	0.1	0.3	1	99.2996	0	194.49	194.49	0	173	2.72727	0	0	0	
65	0.1	0.3	1	99.2817	0	194.487	194.487	0	173	2.82828	0	0	0	
65	0.1	0.3	1	99.2629	0	194.487	194.487	0	173	2.92929	0	0	0	
65	0.1	0.3	1	99.243	0	194.488	194.488	0	173	3.0303	0	0	0	
65	0.1	0.3	1	99.2222	0	194.492	194.492	0	173	3.13131	0	0	0	
65	0.1	0.3	1	99.2004	0	194.497	194.497	0	173	3.23232	0	0	0	
65	0.1	0.3	1	99.1777	0	194.505	194.505	0	173	3.33333	0	0	0	
65	0.1	0.3	1	99.1541	0	194.515	194.515	0	173	3.43434	0	0	0	
65	0.1	0.3	1	99.1296	0	194.526	194.526	0	173	3.53535	0	0	0	
65	0.1	0.3	1	99.1043	0	194.539	194.539	0	173	3.63636	0	0	0	
65	0.1	0.3	1	99.0782	0	194.554	194.554	0	173	3.73737	0	0	0	
65	0.1	0.3	1	99.0513	0	194.571	194.571	0	173	3.83838	0	0	0	
65	0.1	0.3	1	99.0236	0	194.59	194.59	0	173	3.93939	0	0	0	
65	0.1	0.3	1	98.9952	0	194.61	194.61	0	173	4.0404	0	0	0	
65	0.1	0.3	1	98.966	0	194.631	194.631	0	173	4.14141	0	0	0	
65	0.1	0.3	1	98.9361	0	194.655	194.655	0	173	4.24242	0	0	0	
65	0.1	0.3	1	98.9055	0	194.679	194.679	0	173	4.34343	0	0	0	
65	0.1	0.3	1	98.8743	0	194.705	194.705	0	173	4.44444	0	0	0	
65	0.1	0.3	1	98.8423	0	194.733	194.733	0	173	4.54545	0	0	0	
65	0.1	0.3	1	98.8097	0	194.762	194.762	0	173	4.64646	0	0	0	
65	0.1	0.3	1	98.7764	0	194.793	194.793	0	173	4.74747	0	0	0	
65	0.1	0.3	1	98.7425	0	194.825	194.825	0	173	4.84848	0	0	0	
65	0.1	0.3	1	98.708	0	194.858	194.858	0	173	4.94949	0	0	0	
65	0.1	0.3	1	98.6729	0	194.892	194.892	0	173	5.05051	0	0	0	
65	0.1	0.3	1	98.6372	0	194.928	194.928	0	173	5.15152	0	0	0	
65	0.1	0.3	1	98.6009	0	194.965	194.965	0	173	5.25253	0	0	0	
65	0.1	0.3	1	98.564	0	195.003	195.003	0	173	5.35354	0	0	0	
65	0.1	0.3	1	98.5266	0	195.043	195.043	0	173	5.45455	0	0	0	
65	0.1	0.3	1	98.4886	0	195.084	195.084	0	173	5.55556	0	0	0	
65	0.1	0.3	1	98.4501	0	195.125	195.125	0	173	5.65657	0	0	0	
65	0.1	0.3	1	98.411	0	195.168	195.168	0	173	5.75758	0	0	0	
65	0.1	0.3	1	98.3715	0	195.213	195.213	0	173	5.85859	0	0	0	
65	0.1	0.3	1	98.3313	0	195.258	195.258	0	173	5.9596	0	0	0	
65	0.1	0.3	1	98.2907	0	195.304	195.304	0	173	6.06061	0	0	0	
65	0.1	0.3	1	98.2496	0	195.352	195.352	0	173	6.16162	0	0	0	
65	0.1	0.3	1	98.208	0	195.4	195.4	0	173	6.26263	0	0	0	
65	0.1	0.3	1	98.1659	0	195.45	195.45	0	173	6.36364	0	0	0	
65	0.1	0.3	1	98.1233	0	195.5	195.5	0	173	6.46465	0	0	0	
65	0.1	0.3	1	98.0802	0	195.552	195.552	0	173	6.56566	0	0	0	
65	0.1	0.3	1	98.0367	0	195.605	195.605	0	173	6.66667	0	0	0	
65	0.1	0.3	1	97.9927	0	201.977	195.658	0	173	6.76768	0	0	0	
65	0.1	0.3	1	97.9482	0	202.017	195.713	0	173	6.86869	0	0	0	
65	0.1	0.3	1	97.9033	0	202.058	195.769	0	173	6.9697	0	0	0	
65	0.1	0.3	1	97.8579	0	202.101	195.825	0	173	7.07071	0	0	0	
65	0.1	0.3	1	97.8121	0	202.144	195.883	0	173	7.17172	0	0	0	
65	0.1	0.3	1	97.7659	0	202.188	195.941	0	173	7.27273	0	0	0	
65	0.1	0.3	1	97.7192	0	202.232	196.001	0	173	7.37374	0	0	0	
65	0.1	0.3	1	97.6721	0	202.278	196.061	0	173	7.47475	0	0	0	
65	0.1	0.3	1	97.6246	0	202.324	196.122	0	173	7.57576	0	0	0	
65	0.1	0.3	1	97.5767	0	202.372	196.184	0	173	7.67677	0	0	0	
65	0.1	0.3	1	97.5283	0	202.42	196.248	0	173	7.77778	0	0	0	
65	0.1	0.3	1	97.4795	0	202.469	196.311	0	173	7.87879	0	0	0	
65	0.1	0.3	1	97.4304	0	202.518	196.376	0	173	7.9798	0	0	0	
65	0.1	0.3	1	97.3808	0	202.568	196.442	0	173	8.08081	0	0	0	
65	0.1	0.3	1	97.3308	0	202.62	196.508	0	173	8.18182	0	0	0	
65	0.1	0.3	1	97.2805	0	202.671	196.576	0	173	8.28283	0	0	0	
65	0.1	0.3	1	97.2297	0	202.724	196.644	0	173	8.38384	0	0	0	
65	0.1	0.3	1	97.1786	0	202.777	196.713	0	173	8.48485	0	0	0	
65	0.1	0.3	1	97.1271	0	202.831	196.783	0	173	8.58586	0	0	0	
65	0.1	0.3	1	97.0751	0	202.886	196.853	0	173	8.68687	0	0	0	
65	0.1	0.3	1	97.0229	0	202.941	196.925	0	173	8.78788	0	0	0	
65	0.1	0.3	1	96.9702	0	202.997	196.997	0	173	8.88889	0	0	0	
65	0.1	0.3	1	96.9172	0	203.054	197.07	0	173	8.9899	0	0	0	
65	0.1	0.3	1	96.8637	0	203.111	197.144	0	173	9.09091	0	0	0	
65	0.1	0.3	1	96.81	0	203.17	197.219	0	173	9.19192	0	0	0	
65	0.1	0.3	1	96.7558	0	203.228	197.294	0	173	9.29293	0	0	0	
65	0.1	0.3	1	96.7013	0	203.288	197.37	0	173	9.39394	0	0	0	
65	0.1	0.3	1	96.6465	0	203.348	197.447	0	173	9.49495	0	0	0	
65	0.1	0.3	1	96.5912	0	203.408	197.525	0	173	9.59596	0	0	0	
65	0.1	0.3	1	96.5357	0	203.47	197.603	0	173	9.69697	0	0	0	
65	0.1	0.3	1	96.4797	0	203.531	197.683	0	173	9.79798	0	0	0	
65	0.1	0.3	1	96.4235	0	203.594	197.763	0	173	9.89899	0	0	0	
65	0.1	0.3	1	96.3668	0	203.657	197.843	0	173	10	0	0	0	
