0.2 115.80204778156997 93.29218447361815 1.1613545816733066 1.9501992031872508
0.2002002002002002 115.77942624013288 93.27290716336512 1.1618824643962875 1.9512762198041897
0.2004004004004004 115.75689025384536 93.25310104756022 1.1624121047132123 1.9523508376758543
0.20060060060060061 115.73443847858644 93.23277565014008 1.1629435017590564 1.9534231251994612
0.20080080080080082 115.71206957023514 93.2119404950412 1.1634766546687956 1.9544931507722267
0.20100100100100102 115.6897821846704 93.19060510620018 1.1640115625774072 1.9555609827913683
0.20120120120120122 115.66757497777128 93.16877900755354 1.164548224619867 1.9566266896541022
0.20140140140140142 115.64544660541672 93.14647172303789 1.1650866399311515 1.957690339757645
0.20160160160160162 115.62339572348574 93.12369277658975 1.165626807646237 1.9587520014992141
0.20180180180180182 115.60142098785734 93.10045169214574 1.1661687269000995 1.9598117432760258
0.20200200200200202 115.57952105441055 93.07675799364237 1.1667123968277158 1.9608696334852966
0.20220220220220222 115.5576945790243 93.05262120501625 1.167257816564062 1.961925740524244
0.20240240240240243 115.5359402175776 93.0280508502039 1.1678049852441141 1.9629801327900835
0.20260260260260263 115.5142566259495 93.00305645314192 1.1683539020028488 1.9640328786800332
0.2028028028028028 115.49264246001893 92.97764753776688 1.1689045659752422 1.965084046591309
0.203003003003003 115.47109637566496 92.9518336280153 1.1694569762962708 1.9661337049211283
0.2032032032032032 115.44961702876655 92.92562424782376 1.1700111321009108 1.9671819220667066
0.2034034034034034 115.42820307520263 92.89902892112886 1.1705670325241386 1.968228766425262
0.2036036036036036 115.40685317085232 92.87205717186713 1.1711246767009302 1.9692743063940106
0.2038038038038038 115.38556597159452 92.84471852397515 1.171684063766262 1.970318610370169
0.204004004004004 115.36434013330827 92.81702250138945 1.172245192855111 1.9713617467509537
0.2042042042042042 115.3431743118726 92.78897862804664 1.1728080631024522 1.9724037839335826
0.2044044044044044 115.32206716316644 92.76059642788324 1.1733726736432633 1.9734447903152712
0.2046046046046046 115.3010173430688 92.73188542483588 1.1739390236125196 1.9744848342932368
0.2048048048048048 115.28002350745871 92.70285514284109 1.174507112145198 1.9755239842646966
0.20500500500500501 115.25908431221515 92.67351510583538 1.1750769383762745 1.9765623086268658
0.20520520520520522 115.2381984132171 92.64387483775538 1.1756485014407254 1.9775998757769626
0.20540540540540542 115.21736446634361 92.61394386253765 1.1762218004735268 1.978636754112203
0.20560560560560562 115.19658112747359 92.58373170411875 1.1767968346096558 1.979673012029804
0.20580580580580582 115.17584705248613 92.55324788643523 1.1773736029840882 1.9807087179269827
0.20600600600600602 115.15516089726019 92.52250193342365 1.1779521047318 1.9817439402009553
0.20620620620620622 115.13452131767471 92.49150336902058 1.1785323389877678 1.9827787472489384
0.20640640640640642 115.11392696960877 92.46026171716262 1.1791143048869681 1.9838132074681494
0.20660660660660662 115.09337650894132 92.42878650178629 1.179698001564377 1.9848473892558038
0.20680680680680683 115.07286859155137 92.39708724682815 1.1802834281549708 1.9858813610091202
0.20700700700700703 115.0524018733179 92.36517347622481 1.180870583793726 1.9869151911253138
0.20720720720720723 115.03197501012 92.33305471391279 1.1814594676156185 1.9879489480016015
0.20740740740740743 115.01158665783652 92.30074048382869 1.1820500787556252 1.9889827000352007
0.20760760760760763 114.99123547234656 92.26824030990903 1.1826424163487215 1.9900165156233274
0.20780780780780783 114.97092010952912 92.23556371609043 1.1832364795298849 1.9910504631631993
0.208008008008008 114.9506392252631 92.20272022630937 1.1838322674340909 1.992084611052032
0.20820820820820823 114.93039147542757 92.16971936450251 1.1844297791963159 1.9931190276870432
0.2084084084084084 114.91017551590153 92.13657065460637 1.1850290139515363 1.994153781465449
0.2086086086086086 114.88999000256396 92.1032836205575 1.1856299708347289 1.9951889407844665
0.2088088088088088 114.86983359129384 92.06986778629249 1.1862326489808688 1.996224574041312
0.209009009009009 114.84970493797022 92.03633267574793 1.1868370475249332 1.9972607496332029
0.2092092092092092 114.82960269847204 92.00268781286032 1.1874431656018984 1.9982975359573554
0.2094094094094094 114.80952552867839 91.96894272156625 1.1880510023467403 1.9993350014109867
0.20960960960960962 114.78947208446812 91.9351069258023 1.1886605568944357 2.000373214391313
0.20980980980980982 114.7694410217203 91.90118994950501 1.1892718283799608 2.001412243295551
0.21001001001001002 114.74943099631399 91.86720131661096 1.1898848159382915 2.0024521565209175
0.21021021021021022 114.72944066412808 91.83315055105672 1.1904995187044047 2.00349302246463
0.21041041041041042 114.70946868104164 91.79904717677886 1.1911159358132763 2.0045349095239042
0.21061061061061062 114.68951370293362 91.7649007177139 1.1917340663998826 2.0055778860959568
0.21081081081081082 114.66957438568306 91.73072069779843 1.1923539095992 2.0066220205780065
0.21101101101101102 114.64964938516893 91.69651664096905 1.1929754645462047 2.007667381367267
0.21121121121121122 114.62973735727026 91.6622980711623 1.1935987303758733 2.0087140368609577
0.21141141141141143 114.609836957866 91.62807451231473 1.1942237062231815 2.0097620554562936
0.21161161161161163 114.58994684283515 91.59385548836288 1.1948503912231068 2.0108115055504925
0.21181181181181183 114.57006566805674 91.55965052324339 1.1954787845106243 2.01186245554077
0.21201201201201203 114.55019208940975 91.52546914089277 1.1961088852207107 2.012914973824344
0.21221221221221223 114.53032476277319 91.49132086524757 1.1967406924883424 2.01396912879843
0.21241241241241243 114.51046234402604 91.45721522024441 1.197374205448496 2.015024988860247
0.21261261261261263 114.49060348904726 91.42316172981981 1.198009423236147 2.0160826224070085
0.21281281281281283 114.47074685371595 91.38916991791034 1.198646344986272 2.017142097835934
0.21301301301301304 114.450891093911 91.35524930845257 1.199284969833848 2.018203483544239
0.21321321321321324 114.43103486551149 91.32140942538311 1.1999252969138507 2.01926684792914
0.2134134134134134 114.41117682439635 91.28765979263844 1.2005673253612565 2.0203322593878545
0.21361361361361364 114.39131562644462 91.25400993415516 1.2012110543110417 2.0213997863175983
0.2138138138138138 114.3714499275353 91.22046937386989 1.2018564828981826 2.0224694971155888
0.21401401401401401 114.35157838354733 91.18704763571913 1.2025036102576556 2.0235414601790427
0.21421421421421422 114.3316996503598 91.15375424363945 1.2031524355244367 2.0246157439051773
0.21441441441441442 114.31181238385159 91.1205987215674 1.2038029578335028 2.025692416691208
0.21461461461461462 114.29191523990181 91.08759059343957 1.20445517631983 2.0267715469343526
0.21481481481481482 114.2720068743894 91.05473938319253 1.2051090901183936 2.027853203031827
0.21501501501501502 114.25208594319335 91.02205461476288 1.2057646983641714 2.028937453380849
0.21521521521521522 114.23215110219269 90.98954581208709 1.206422000192139 2.0300243663786337
0.21541541541541542 114.2122010072664 90.95722249910179 1.207080994737273 2.0311140104223995
0.21561561561561562 114.19223431429347 90.92509419974354 1.2077416811345492 2.032206453909363
0.21581581581581583 114.1722496791529 90.89317043794885 1.2084040585189444 2.0333017652367396
0.21601601601601603 114.15224575772368 90.86146073765437 1.2090681260254343 2.034400012801747
0.21621621621621623 114.13222120588483 90.82997462279661 1.209733882788996 2.0355012650016024
0.21641641641641643 114.11217476918543 90.79872161731215 1.2104013279446055 2.0366055902335214
0.21661661661661663 114.092105718736 90.76771124513756 1.2110704606272389 2.037713056894721
0.21681681681681683 114.0720135165327 90.73695303020938 1.2117412799718728 2.0388237333824186
0.21701701701701703 114.05189762484162 90.70645638510521 1.2124137851134829 2.0399376880938305
0.21721721721721723 114.03175750592901 90.67622424353273 1.2130879751870465 2.041054989426173
0.21741741741741744 114.01159262206104 90.64624961178524 1.2137638493275391 2.042175705776663
0.21761761761761764 113.99140243550397 90.61652465546672 1.214441406669937 2.043299905542519
0.21781781781781784 113.97118640852386 90.5870415401811 1.2151206463492172 2.0444276571209543
0.21801801801801804 113.950944003387 90.55779243153236 1.2158015675003555 2.045559028909189
0.21821821821821824 113.93067468235952 90.52876949512446 1.2164841692583281 2.046694089304438
0.21841841841841844 113.91037790770763 90.49996489656134 1.217168450758112 2.0478329067039187
0.21861861861861864 113.89005314169749 90.47137080144698 1.2178544111346827 2.0489755495048465
0.21881881881881882 113.86969984659531 90.44297937538538 1.2185420495230168 2.050122086104441
0.21901901901901905 113.84931748466724 90.41478278398041 1.2192313650580904 2.0512725848999156
0.21921921921921922 113.82890551817958 90.38677319283613 1.2199223568748805 2.052427114288489
0.21941941941941942 113.80846340939839 90.35894276755641 1.2206150241083626 2.053585742667377
0.21961961961961962 113.78799062058994 90.3312836737453 1.2213093658935135 2.054748538433798
0.21981981981981982 113.76748661402036 90.3037880770067 1.2220053813653093 2.0559155699849665
0.22002002002002002 113.74695085195584 90.27644814294457 1.2227030696587267 2.0570869057181005
0.22022022022022023 113.72638279666262 90.24925603716292 1.223402429908741 2.058262614030417
0.22042042042042043 113.70578191040681 90.2222039252657 1.2241034612503296 2.059442763319132
0.22062062062062063 113.68514765545464 90.19528397285684 1.2248061628184688 2.0606274219814624
0.22082082082082083 113.66447949407232 90.16848834554031 1.225510533748134 2.061816658414625
0.22102102102102103 113.643776888526 90.1418092089201 1.2262165731743022 2.063010541015837
0.22122122122122123 113.62303930108187 90.11523872860012 1.2269242802319495 2.0642091381823136
0.22142142142142143 113.60226619400613 90.0887690701844 1.2276336540560522 2.065412518311274
0.22162162162162163 113.58145702956497 90.06239239927685 1.2283446937815867 2.0666207497999327
0.22182182182182184 113.56061127002457 90.03610088148143 1.2290573985435291 2.0678339010455073
0.22202202202202204 113.5397283776511 90.00988668240215 1.2297717674768558 2.069052040445215
0.22222222222222224 113.5188078147108 89.98374196764296 1.2304877997165433 2.0702752354556218
0.22242242242242244 113.49784904346976 89.95765890280778 1.2312054943975679 2.071503526183722
0.22262262262262264 113.47685152619424 89.9316296535006 1.2319248506549054 2.07273692177615
0.22282282282282284 113.45581472515043 89.90564638532534 1.232645867623533 2.0739754297132493
0.22302302302302304 113.43473810260447 89.87970126388605 1.2333685444384261 2.0752190574753655
0.22322322322322324 113.41362112082263 89.85378645478663 1.2340928802345617 2.0764678125428446
0.22342342342342345 113.39246324207097 89.82789412363103 1.2348188741469155 2.0777217023960297
0.22362362362362365 113.3712639286158 89.80201643602325 1.2355465253104638 2.078980734515267
0.22382382382382385 113.35002264272325 89.77614555756723 1.236275832860184 2.0802449163809
0.22402402402402405 113.32873884665953 89.75027365386697 1.2370067959310513 2.0815142554732753
0.22422422422422422 113.30741200269074 89.72439289052636 1.2377394136580424 2.082788759272737
0.22442442442442445 113.28604157308321 89.6984954331494 1.2384736851761333 2.084068435259629
0.22462462462462462 113.264627020103 89.6725734473401 1.2392096096203007 2.085353290914297
0.22482482482482483 113.24316780601636 89.64661909870233 1.239947186125521 2.086643333717086
0.22502502502502503 113.22166339308947 89.62062455284013 1.24068641382677 2.0879385711483405
0.22522522522522523 113.20011324358856 89.59458197535743 1.2414272918590248 2.0892390106884053
0.22542542542542543 113.17851681977969 89.56848353185816 1.2421698193572603 2.0905446598176254
0.22562562562562563 113.15687358392917 89.54232138794633 1.242913995456454 2.091855526016346
0.22582582582582583 113.13518299830314 89.51608770922587 1.2436598192915822 2.0931716167649115
0.22602602602602603 113.11344452516775 89.4897746613008 1.2444072899976213 2.094492939543667
0.22622622622622623 113.09165762678927 89.46337440977499 1.2451564067095462 2.0958195018329575
0.22642642642642644 113.06982176543383 89.43687912025248 1.2459071685623349 2.097151311113127
0.22662662662662664 113.04793640336766 89.41028095833721 1.2466595746909628 2.0984883748645213
0.22682682682682684 113.02600100285684 89.38357208963309 1.2474136242304064 2.0998307005674848
0.22702702702702704 113.00401502616769 89.35674467974417 1.2481693163156424 2.1011782957023626
0.22722722722722724 112.98197793556636 89.32979089427435 1.2489266500816467 2.1025311677494996
0.22742742742742744 112.95988919331897 89.30270289882763 1.2496856246633952 2.1038893241892405
0.22762762762762764 112.93774826169177 89.27547286750026 1.250446239195865 2.1052527725019297
0.22782782782782784 112.91555460295092 89.2480937122852 1.251208492814032 2.1066215201679124
0.22802802802802805 112.89330767936262 89.22055964411382 1.2519723846528725 2.107995574667534
0.22822822822822825 112.87100695319305 89.19286500599408 1.2527379138473633 2.109374943481139
0.22842842842842845 112.84865188670842 89.16500414093396 1.25350507953248 2.1107596340890717
0.22862862862862865 112.82624194217489 89.13697139194147 1.2542738808431995 2.112149653971678
0.22882882882882885 112.80377658185866 89.10876110202457 1.2550443169144976 2.1135450106093017
0.22902902902902905 112.78125526802589 89.08036761419129 1.2558163868813506 2.1149457114822883
0.22922922922922925 112.75867746294279 89.05178527144959 1.2565900898787357 2.1163517640709824
0.22942942942942945 112.73604262887557 89.02300841680749 1.2573654250416282 2.117763175855729
0.22962962962962963 112.71335022809035 88.99403139327293 1.2581423915050043 2.1191799543168726
0.22982982982982986 112.69059972631885 88.96484854385398 1.2589209884038413 2.1206021069347587
0.23003003003003003 112.6677910173507 88.93545421155856 1.2597012148731148 2.122029641189732
0.23023023023023023 112.64492483106612 88.90584273939467 1.2604830700478016 2.123462564562136
0.23043043043043043 112.62200199407143 88.87600847037038 1.261266553062877 2.1249008845323183
0.23063063063063063 112.59902333297313 88.84594574749359 1.2620516630533187 2.1263446085806215
0.23083083083083084 112.57598967437751 88.81564891377229 1.262838399154102 2.1277937441873904
0.23103103103103104 112.55290184489093 88.78511231221457 1.2636267605002034 2.129248298832971
0.23123123123123124 112.52976067111989 88.7543302858283 1.2644167462265996 2.1307082799977084
0.23143143143143144 112.50656697967062 88.72329717762153 1.265208354484089 2.132173695161946
0.23163163163163164 112.48332159714961 88.69200733060227 1.2660015264985913 2.13364455180603
0.23183183183183184 112.46002535016322 88.66045508777843 1.2667961164635373 2.135120857410304
0.23203203203203204 112.4366790653178 88.62863479215812 1.267591971224332 2.1366026194551146
0.23223223223223224 112.41328356921977 88.59654078674924 1.2683889376263806 2.1380898454208053
0.23243243243243245 112.38983968847546 88.56416741455982 1.2691868625150884 2.1395825427877204
0.23263263263263265 112.36634824969128 88.53150901859782 1.2699855927358599 2.1410807190362067
0.23283283283283285 112.34281007947365 88.49855994187128 1.2707849751341014 2.1425843816466075
0.23303303303303305 112.3192260044289 88.46531452738817 1.2715848565552175 2.1440935380992676
0.23323323323323325 112.29559685116337 88.43176711815642 1.2723850838446134 2.145608195874533
0.23343343343343345 112.2719234462835 88.39791205718414 1.2731855038476938 2.147128362452748
0.23363363363363365 112.24820661639568 88.36374368747923 1.2739859634098643 2.148654045314257
0.23383383383383385 112.22444718810631 88.32925635204971 1.27478630937653 2.150185251939406
0.23403403403403406 112.20064598802166 88.29444439390355 1.2755863885930963 2.151721989808538
0.23423423423423426 112.17680384274823 88.25930215604878 1.2763860479049676 2.1532642664019996
0.23443443443443446 112.1529215788923 88.22382398149337 1.2771851341575495 2.154812089200135
0.23463463463463463 112.12900002306033 88.1880042132453 1.2779834941962476 2.1563654656832894
0.23483483483483486 112.10504000185868 88.15183719431258 1.2787809748664667 2.1579244033318066
0.23503503503503503 112.08104234189373 88.11531726770319 1.2795774230136114 2.1594889096260323
0.23523523523523526 112.05700786977184 88.07843877642513 1.2803726854830875 2.161058992046312
0.23543543543543544 112.0329374120994 88.04119606348638 1.2811666091203002 2.1626346580729887
0.23563563563563567 112.00883179548278 88.00358347189494 1.2819590407706543 2.1642159151864093
0.23583583583583584 111.9846918465284 87.96559534465881 1.2827498272795552 2.1658027708669167
0.23603603603603604 111.96051839184263 87.92722602478597 1.2835388154924074 2.167395232594857
0.23623623623623624 111.93631225803179 87.88846985528438 1.284325852254617 2.1689933078505756
0.23643643643643644 111.91207427170234 87.84932117916209 1.2851107844115888 2.170597004114416
0.23663663663663664 111.88780525946059 87.80977433942705 1.2858934588087272 2.1722063288667237
0.23683683683683684 111.86350604791299 87.76982367908727 1.2866737222914388 2.1738212895878433
0.23703703703703705 111.83917746366585 87.72946354115072 1.2874514217051278 2.17544189375812
0.23723723723723725 111.81482033332564 87.68868826862541 1.2882264038951998 2.1770681488578982
0.23743743743743745 111.79043548349865 87.64749220451934 1.2889985157070596 2.1787000623675232
0.23763763763763765 111.7660237407913 87.60586969184047 1.289767603986112 2.18033764176734
0.23783783783783785 111.74158593180996 87.56381507359684 1.2905335155777629 2.1819808933594405
0.23803803803803805 111.71712288316104 87.52132269279639 1.2912960973274172 2.183629784655907
0.23823823823823825 111.6926354214509 87.4783868924471 1.2920551960804798 2.1852842364987892
0.23843843843843845 111.6681243732859 87.43500201555705 1.2928106586823565 2.186944166958961
0.23863863863863866 111.64359056527246 87.39116240513412 1.2935623319784515 2.1886094941072947
0.23883883883883886 111.6190348240169 87.34686320637717 1.2943100628141706 2.1902801360146675
0.23903903903903906 111.59445797612564 87.30211331943984 1.2950536980349185 2.19195601075195
0.23923923923923926 111.5698608482051 87.25693320726378 1.2957930844861012 2.1936370363900184
0.23943943943943946 111.54524426686162 87.21134369240168 1.2965280690131233 2.1953231309997454
0.23963963963963966 111.52060905870157 87.16536559740605 1.2972584984613895 2.1970142126520065
0.23983983983983986 111.49595605033132 87.11901974482956 1.2979842196763056 2.198710199417675
0.24004004004004004 111.47128606835729 87.07232695722475 1.2987050795032766 2.200411009367625
0.24024024024024027 111.44659993938582 87.02530805714424 1.2994209247877078 2.2021165605727298
0.24044044044044044 111.42189849002338 86.97798386714064 1.3001316023750038 2.2038267711038646
0.24064064064064067 111.3971825468762 86.93037520976651 1.3008369591105704 2.2055415590319027
0.24084084084084084 111.37245293655079 86.88250290757449 1.3015368418398123 2.2072608424277185
0.24104104104104107 111.34771048565344 86.83438778311718 1.3022310974081346 2.2089845393621856
0.24124124124124124 111.32295602079063 86.7860506589471 1.302919572660943 2.2107125679061777
0.24144144144144145 111.29819036856868 86.73751235761696 1.3036021144436423 2.2124448461305697
0.24164164164164165 111.27341435559394 86.6887937016793 1.3042785696016375 2.214181292106236
0.24184184184184185 111.24862875547362 86.6399155136867 1.304948784980334 2.2159218239040497
0.24204204204204205 111.22383345241556 86.59089861619178 1.305612607425137 2.2176663595948845
0.24224224224224225 111.199027593065 86.54176383174713 1.3062698837814515 2.219414817249615
0.24244244244244245 111.17421030176918 86.49253198290538 1.3069204608946825 2.221167114939116
0.24264264264264265 111.14938070287539 86.44322389221907 1.3075641856102356 2.222923170734261
0.24284284284284285 111.12453792073093 86.39386038224086 1.3082009047735155 2.2246829027059225
0.24304304304304306 111.09968107968307 86.3444622755233 1.3088304652299274 2.2264462289249765
0.24324324324324326 111.07480930407904 86.295050394619 1.3094527138248766 2.2282130674622964
0.24344344344344346 111.04992171826616 86.24564556208055 1.3100674974037685 2.229983336388756
0.24364364364364366 111.02501744659172 86.19626860046058 1.3106746628120076 2.2317569537752293
0.24384384384384386 111.00009561340298 86.14694033231167 1.3112740568949997 2.2335338376925904
0.24404404404404406 110.97515534304719 86.0976815801864 1.3118655264981496 2.235313906211714
0.24424424424424426 110.95019575987166 86.0485131666374 1.3124489184668626 2.237097077403474
0.24444444444444446 110.92521598822366 85.99945591421721 1.3130222593505458 2.238883269338743
0.24464464464464467 110.90021515245043 85.9505306454785 1.313537512187291 2.2406724000883957
0.24484484484484487 110.87519237689928 85.90175818297384 1.3138981168464046 2.2424643877233077
0.24504504504504507 110.85014678591749 85.8531593492558 1.3140052005523506 2.2442591503143507
0.24524524524524527 110.82507750385231 85.80475496687703 1.3137598905295929 2.2460566059324
0.24544544544544544 110.7999836550511 85.75656585839006 1.3130633140025962 2.24785667264833
0.24564564564564567 110.77486436386101 85.70861284634755 1.3118165981958243 2.249659268533014
0.24584584584584585 110.74971875462941 85.66091675330206 1.3099208703337417 2.251464311657326
0.24604604604604607 110.72454595170352 85.61349840180621 1.3072817240915016 2.25327172009214
0.24624624624624625 110.69934507943066 85.56637861441257 1.3038962831261616 2.2550814119083302
0.24644644644644648 110.67411526215804 85.51957821367378 1.2998473808322597 2.256893305176771
0.24664664664664665 110.64885562423305 85.47311802214242 1.295221151430793 2.258707317968336
0.24684684684684685 110.62356529000286 85.42701886237104 1.2901037291427533 2.2605233683538994
0.24704704704704705 110.5982433838148 85.3813015569123 1.284581248189137 2.2623413744043352
0.24724724724724725 110.5728890300161 85.33598692831879 1.278739842790938 2.264161254190517
0.24744744744744746 110.5475013529541 85.29109579914308 1.2726656471691513 2.2659829257833195
0.24764764764764766 110.52207947697605 85.24664899193778 1.2664447955447722 2.267806307253616
0.24784784784784786 110.49662252642919 85.20266685045617 1.2601634221387943 2.2696313166722812
0.24804804804804806 110.47112962566085 85.15915463526791 1.2539076611722133 2.271457872110189
0.24824824824824826 110.44559989901828 85.11609984126467 1.2477493898876173 2.2732858916382135
0.24844844844844846 110.42003247084874 85.07348894352968 1.241671030063828 2.2751152933272287
0.24864864864864866 110.39442646549955 85.03130841714618 1.2356203865142679 2.276945995248107
0.24884884884884886 110.36878100731795 84.98954473719739 1.2295451889846372 2.278777915471726
0.24904904904904906 110.34309522065121 84.94818437876651 1.2233931672206355 2.2806109720689562
0.24924924924924927 110.31736822984668 84.90721381693686 1.2171120509679636 2.282445083110673
0.24944944944944947 110.2915991592515 84.86661952679157 1.2106495699723205 2.284280166667751
0.24964964964964967 110.26578713321308 84.82638798341392 1.2039534539794077 2.286116140811064
0.24984984984984987 110.23993127607864 84.78650566188716 1.196971432734924 2.287952923611485
0.25005005005005004 110.21403071219545 84.74695903729449 1.1896512359845706 2.289790433139889
0.2502502502502503 110.18808456591078 84.70773458471918 1.1819405934740448 2.2916285874671503
0.25045045045045045 110.16209196157195 84.66881877924442 1.1737872349490512 2.293467304664141
0.2506506506506507 110.1360520235262 84.63019809595347 1.1651388901552848 2.295306502801738
0.25085085085085085 110.1099638761208 84.59185900992955 1.1559432888384502 2.2971460999508126
0.2510510510510511 110.08382664370306 84.55378799625588 1.146148160744243 2.2989860141822414
0.25125125125125125 110.05763945062023 84.51597153001569 1.1357012356183684 2.3008261635669864
0.2514514514514515 110.03140142121957 84.47839608629226 1.1245610612343255 2.3026664896352074
0.25165165165165165 110.00511167984841 84.44104814016876 1.1127676308277918 2.304507023370905
0.2518518518518519 109.978769350854 84.40391416672848 1.1003980344347266 2.3063478170765377
0.25205205205205206 109.95237355858359 84.36698064105461 1.0875295501598246 2.308188923054557
0.2522522522522523 109.9259234273845 84.33023403823037 1.074239456107767 2.310030393607421
0.25245245245245246 109.89941808160397 84.29366083333905 1.0606050303832495 2.3118722810375836
0.2526526526526527 109.87285664558927 84.25724750146385 1.0467035510909528 2.313714637647501
0.25285285285285286 109.84623824368772 84.220980517688 1.032612296335573 2.3155575157396266
0.2530530530530531 109.81956200024656 84.18484635709471 1.0184085442217907 2.317400967616418
0.25325325325325326 109.79282703961312 84.14883149476726 1.0041695728543019 2.3192450455803284
0.2534534534534535 109.76603248613459 84.11292240578885 0.9899726603240026 2.3210898019338138
0.25365365365365367 109.73917746415832 84.0771055652427 0.975764422371336 2.3229352889793295
0.25385385385385384 109.71226109803156 84.0413674482121 0.9609762163426515 2.3247815590193306
0.25405405405405407 109.68528251210155 84.00569452978021 0.9449124066818018 2.326628664356273
0.2542542542542543 109.65824083071561 83.97007328503031 0.9268773578326479 2.3284766572926103
0.25445445445445447 109.63113517822103 83.93449018904562 0.9061754342390536 2.330325590130799
0.25465465465465464 109.60396467896507 83.89893171690937 0.8821110003448714 2.3321755151732932
0.2548548548548549 109.57672845729498 83.86338434370481 0.8539884205939512 2.3340264847225503
0.25505505505505505 109.54942563755804 83.8278345445151 0.8211120594301656 2.3358785510810236
0.2552552552552553 109.52205534410159 83.79226879442358 0.7830077127635817 2.337731766551169
0.25545545545545545 109.49461670127283 83.7566735685134 0.7407225759099982 2.3395861834354412
0.2556556556556557 109.46710883341908 83.72103534186782 0.6959431624702095 2.341441854036296
0.25585585585585585 109.43953086488756 83.68534058957006 0.6503581939350577 2.343298830656188
0.2560560560560561 109.41188192002562 83.64957578670338 0.6056563917953357 2.345157165597574
0.25625625625625625 109.3841611231805 83.61372740835104 0.5635225030101196 2.347016911162907
0.2564564564564565 109.35636759869948 83.57778192959616 0.5248109445392968 2.3488781196546435
0.25665665665665666 109.32850047092984 83.54172582552206 0.4885295475347242 2.3507408433752386
0.2568568568568569 109.30055886421883 83.50554557121195 0.4534372137107977 2.3526051346271473
0.25705705705705706 109.27254190291377 83.46922764174909 0.41829284478195317 2.354471045712825
0.2572572572572573 109.24444871136191 83.43275851221665 0.38185534246258623 2.3563386289347266
0.25745745745745746 109.21627841391056 83.39612465769792 0.34288360846713384 2.358207936595308
0.2576576576576577 109.18803013490694 83.35931255327608 0.30013654450999 2.360079020997024
0.25785785785785786 109.15970299869835 83.32230867403445 0.2523730523055946 2.3619519344423288
0.2580580580580581 109.13129612963206 83.28509949505613 0.1983520335683367 2.363826729233679
0.25825825825825827 109.10280867200122 83.24767149142447 0.13684432652365416 2.36570345767353
0.2584584584584585 109.07424087700869 83.21001113822268 0.0671352866899721 2.367582172064336
0.25865865865865867 109.04559466181047 83.17210491053392 -0.010790586185591162 2.369462924708553
0.25885885885885884 109.01687208120882 83.13393928344152 -0.09689883870621233 2.3713457679086347
0.25905905905905907 108.98807519000579 83.09550073202865 -0.191155017475077 2.373230753967039
0.2592592592592593 108.95920604300358 83.05677588802668 -0.2935246690953211 2.3751179351862195
0.2594594594594595 108.93026669500438 83.01775809966358 -0.4039733401700714 2.377007363868631
0.25965965965965965 108.90125920081032 82.97844982112667 -0.5224665773025133 2.378899092316729
0.2598598598598599 108.87218561522359 82.93885415506472 -0.6489699270958418 2.38079317283297
0.26006006006006005 108.84304799304631 82.89897420412666 -0.7834489361531457 2.382689657719807
0.2602602602602603 108.81384838908068 82.8588130709613 -0.925869151077657 2.384588599279697
0.26046046046046045 108.78458885812881 82.81837385821754 -1.0761961184724558 2.3864900498150945
0.2606606606606607 108.75527145499295 82.77765966854422 -1.2343953849407838 2.3883940616284547
0.26086086086086085 108.7258982344752 82.73667360459022 -1.4004324970857123 2.390300687022233
0.2610610610610611 108.69647125137766 82.6954187690044 -1.5742730015104909 2.3922099782988857
0.26126126126126126 108.66699256050262 82.65389826443565 -1.7558824448181825 2.3941219877608653
0.2614614614614615 108.63746421665218 82.61211519353276 -1.9452263736120456 2.39603676771063
0.26166166166166166 108.6078882746285 82.57007265894467 -2.1422703344951346 2.3979543704506314
0.2618618618618619 108.57826678923371 82.5277737633202 -2.3469798740707164 2.39987484828333
0.26206206206206206 108.54860181527002 82.4852216093082 -2.5593205389418365 2.401798253511175
0.2622622622622623 108.51889540753959 82.44241929955757 -2.7792578757117714 2.4037246384366266
0.26246246246246246 108.48914962084456 82.39936993671718 -3.006757430983557 2.4056540553621373
0.2626626626626627 108.45936650998706 82.35607662343584 -3.2417847513604774 2.407586556590163
0.26286286286286287 108.42954812976937 82.31254246236247 -3.484305383445562 2.4095221944231597
0.2630630630630631 108.3996965349935 82.26877055614591 -3.7342848738421033 2.411461021163581
0.26326326326326327 108.36981378046168 82.224764007435 -3.991688769153121 2.4134030888470037
0.2634634634634635 108.33990192097608 82.18052591887864 -4.256482615981916 2.4153484444249838
0.26366366366366367 108.30996301133885 82.13605939312569 -4.528631960931501 2.417297130289753
0.26386386386386385 108.27999910635215 82.09136753282496 -4.808102350605106 2.419249188671998
0.2640640640640641 108.25001226081817 82.0464534406254 -5.094859331605971 2.421204661802402
0.2642642642642643 108.22000452953901 82.0013202191758 -5.388868450537176 2.42316359191165
0.2644644644644645 108.18997796731688 81.95597097112504 -5.690095254001798 2.4251260212304255
0.26466466466466465 108.15993462895393 81.91040879912205 -5.998505288603073 2.4270919919894136
0.2648648648648649 108.12987656925235 81.86463680581556 -6.3140641009442495 2.4290615464192995
0.2650650650650651 108.09980584301421 81.81865809385454 -6.6367372376284 2.431034726750767
0.2652652652652653 108.06972450504176 81.77247576588782 -6.966490245258594 2.4330115752144987
0.26546546546546546 108.03963461013714 81.72609292456428 -7.303288670438075 2.434992134041181
0.2656656656656657 108.00953821310249 81.67951267253274 -7.6470980597701 2.4369764454615
0.2658658658658659 107.97943736873997 81.63273811244211 -7.997883959857734 2.4389645517061367
0.2660660660660661 107.94933413185176 81.58577234694123 -8.355611917304035 2.440956495005777
0.26626626626626626 107.91923055724003 81.53861847867898 -8.720247478712258 2.4429523175911054
0.2664664664664665 107.88912869970693 81.49127961030419 -9.091756190685663 2.444952061692806
0.26666666666666666 107.8590306140546 81.44375884446575 -9.47010359982721 2.4469557695415642
0.2668668668668669 107.8289383550852 81.39605928381252 -9.855255252740259 2.4489634833680634
0.26706706706706707 107.79885397760094 81.34818403099337 -10.247176696027761 2.450975245402987
0.2672672672672673 107.76877953640395 81.30013618865713 -10.645833476293088 2.4529910978770233
0.26746746746746747 107.73871708629639 81.25191885945269 -11.05119114013918 2.4550110830208522
0.2676676676676677 107.70866868208039 81.20353514602891 -11.463215234169416 2.457035243065161
0.26786786786786787 107.6786363785582 81.15498815103467 -11.881871304986731 2.4590636202406326
0.2680680680680681 107.64862223053187 81.1062809771188 -12.30712489919451 2.461096256777953
0.2682682682682683 107.61862829280365 81.05741672693016 -12.738941563395686 2.4631331949078055
0.2684684684684685 107.58865662017566 81.00839850311765 -13.177286844193645 2.4651744768608737
0.2686686686686687 107.55870926745004 80.95922940833012 -13.62212628819131 2.467220144867844
0.26886886886886885 107.52878828942902 80.90991254521641 -14.073425441991956 2.4692702411593994
0.2690690690690691 107.49889574091468 80.8604510164254 -14.531149852198872 2.4713248079662256
0.2692692692692693 107.46903367670923 80.81084792460595 -14.995265065415088 2.4733838875190055
0.2694694694694695 107.43920415161485 80.76110637240696 -15.465736628243642 2.475447522048425
0.26966966966966965 107.40940922043366 80.71122946247722 -15.942530087287807 2.477515753785167
0.2698698698698699 107.37965093796782 80.66122029746565 -16.425610989150883 2.479588624959917
0.2700700700700701 107.3499313590195 80.6110819800211 -16.9149448804359 2.48166617780336
0.2702702702702703 107.32025253839089 80.56081761279239 -17.410497307745867 2.4837484545461783
0.27047047047047046 107.29061653088414 80.51043029842847 -17.912233817684083 2.485835497419058
0.2706706706706707 107.26102539130136 80.45992313957812 -18.42011995685386 2.4879273486526845
0.2708708708708709 107.23148117444475 80.40929923889026 -18.9341212718582 2.4900240504777402
0.2710710710710711 107.2019859351165 80.3585616990137 -19.45420330930013 2.492125645124909
0.27127127127127126 107.17254172811874 80.30771362259738 -19.98033161578294 2.494232174824877
0.2714714714714715 107.14315060825358 80.25675811229009 -20.512471737909948 2.4963436818083298
0.27167167167167167 107.1138146303233 80.20569827074073 -21.050589222284007 2.498460208305948
0.2718718718718719 107.08453584912996 80.15453720059811 -21.594649615508576 2.5005817965484196
0.27207207207207207 107.05531631947575 80.10327800451118 -22.144618464186507 2.5027084887664275
0.2722722722722723 107.02615809616283 80.05192378512875 -22.700461314921284 2.5048403271906565
0.27247247247247247 106.9970632339934 80.00047764509969 -23.26214371431574 2.50697735405179
0.2726726726726727 106.96803378776956 79.94894268707284 -23.829631208973343 2.5091196115805148
0.2728728728728729 106.93907181229353 79.89732201369713 -24.402889345496945 2.511267142007513
0.2730730730730731 106.91017936236743 79.84561872762134 -24.98188367049002 2.5134199875634695
0.2732732732732733 106.88135849279342 79.79383593149441 -25.566579730555407 2.515578190479069
0.2734734734734735 106.85261125837367 79.74197672796515 -26.15694307229658 2.5177417929849963
0.2736736736736737 106.82393971391035 79.69004414389462 -26.75293924231639 2.519910837311936
0.2738738738738739 106.79534591420563 79.63804045244774 -27.354533787218298 2.5220853656905717
0.2740740740740741 106.76683191406165 79.58596749487748 -27.961692253605147 2.5242654203515875
0.2742742742742743 106.73839976828054 79.53382710732836 -28.574380188080433 2.52645104352567
0.2744744744744745 106.71005153166453 79.48162112594495 -29.192563137246967 2.528642277443501
0.27467467467467466 106.68178925901574 79.42935138687177 -29.816206647708086 2.5308391643357653
0.2748748748748749 106.65361500513636 79.37701972625331 -30.44527626606711 2.5330417464331503
0.2750750750750751 106.62553082482849 79.32462798023408 -31.079737538927034 2.5352500659663373
0.2752752752752753 106.59753877289437 79.27217798495869 -31.71955601289085 2.537464165166011
0.27547547547547546 106.56964090413611 79.21967157657159 -32.364697234561866 2.5396840862628562
0.2756756756756757 106.54183927335589 79.16711059121732 -33.01512675054343 2.541909871487559
0.2758758758758759 106.51413593535585 79.11449686504042 -33.67081010743853 2.544141563070802
0.2760760760760761 106.48653294493819 79.0618322341854 -34.33171285185015 2.5463792032432697
0.27627627627627627 106.45903235690503 79.0091185347968 -34.99780053038161 2.548622834235647
0.2764764764764765 106.43163622605854 78.95635760301917 -35.66903868963626 2.5508724982786184
0.2766766766766767 106.40434660720089 78.90355127499699 -36.345392876217076 2.553128237602869
0.2768768768768769 106.37716555513424 78.85070138687482 -37.02682863672704 2.555390094439081
0.27707707707707707 106.3500951246608 78.79780977479717 -37.71331151776947 2.55765811101794
0.2772772772772773 106.32313737058261 78.74487827490853 -38.40480706594774 2.559932329570132
0.2774774774774775 106.29629434770197 78.69190872335349 -39.10128082786461 2.5622127923263402
0.2776776776776777 106.26956811082093 78.63890295627654 -39.80269835012364 2.5644995415172485
0.2778778778778779 106.24296071474168 78.58586280982223 -40.50902517932759 2.566792619373541
0.2780780780780781 106.21647421426644 78.53279012013503 -41.22022686208001 2.569092068125904
0.2782782782782783 106.19011066419732 78.47968672335955 -41.93626894498365 2.5713979300050203
0.2784784784784785 106.16387211933646 78.42655445564023 -42.65711697464211 2.573710247241575
0.2786786786786787 106.13776063448609 78.37339515312165 -43.38273649765809 2.5760290620662523
0.2788788788788789 106.1117782644483 78.32021065194833 -44.11309306063521 2.578354416709737
0.2790790790790791 106.08592706402531 78.26700278826479 -44.848152210176174 2.5806863534027125
0.2792792792792793 106.06020908801922 78.21377339821555 -45.58787949288457 2.5830249143758657
0.2794794794794795 106.03462639123222 78.16052431794515 -46.33224045536315 2.585370141859877
0.27967967967967966 106.00918102846653 78.10725738359811 -47.081200644215286 2.5877220780854344
0.2798798798798799 105.98387439568387 78.0539744313189 -47.834725606044316 2.5900807652832203
0.2800800800800801 105.95870440234698 78.00067729725214 -48.592780887453195 2.5924462456839215
0.2802802802802803 105.93366780894635 77.9473678175423 -49.355332035044896 2.594818561518219
0.28048048048048047 105.90876137526634 77.89404782833395 -50.12234459542277 2.5971977486179743
0.2806806806806807 105.88398186109143 77.84071916577156 -50.89378411519019 2.599583767666392
0.2808808808808809 105.85932602620603 77.78738366599967 -51.66961614095011 2.6019765304992335
0.2810810810810811 105.83479063039452 77.73404316516283 -52.44980621930547 2.604375948121601
0.28128128128128127 105.81037243344143 77.68069949940556 -53.23431989685963 2.606781931538601
0.2814814814814815 105.7860681951311 77.62735450487234 -54.02312272021598 2.609194391755339
0.28168168168168173 105.76187467524798 77.57401001770776 -54.81618023597745 2.611613239776917
0.2818818818818819 105.73778863357653 77.52066787405634 -55.613457990747015 2.6140383866084416
0.2820820820820821 105.71380682990116 77.46732991006257 -56.41492153112799 2.616469743255016
0.2822822822822823 105.68992602400627 77.41399796187099 -57.220536403723806 2.6189072207217468
0.2824824824824825 105.66614297567638 77.36067386562613 -58.03026815513716 2.6213507300137366
0.2826826826826827 105.64245444469577 77.30735936571766 -58.84408233197166 2.6238001821360917
0.2828828828828829 105.61885719084906 77.25405467254204 -59.66194448083001 2.626255488093915
0.2830830830830831 105.59534797392051 77.20075872741224 -60.483820148315814 2.6287165588923127
0.2832832832832833 105.5719235536946 77.14747043346594 -61.30967488103181 2.6311833055363887
0.2834834834834835 105.54858068995583 77.09418869384082 -62.13947422558158 2.6336556390312484
0.2836836836836837 105.52531614248852 77.0409124116747 -62.97318372856782 2.6361334703819956
0.2838838838838839 105.50212667107715 76.9876404901052 -63.81076893659417 2.638616710593735
0.2840840840840841 105.47900903550621 76.93437183227009 -64.65219539626332 2.641105270671571
0.2842842842842843 105.45595999556002 76.88110534130706 -65.49742865417889 2.643599061620609
0.2844844844844845 105.43297631102307 76.82783992035384 -66.34643425694355 2.646097994445953
0.2846846846846847 105.4100547416798 76.7745744725481 -67.19917775116099 2.648601980152709
0.2848848848848849 105.38719204731458 76.7213079010276 -68.05562468343383 2.6511109297459794
0.2850850850850851 105.36438498771189 76.66803910893006 -68.91574060036574 2.653624754230871
0.2852852852852853 105.34163032265616 76.61476699939315 -69.77949104855936 2.656143364612486
0.28548548548548547 105.3189248119318 76.56149047555465 -70.64684157461815 2.6586666718959315
0.2856856856856857 105.29626521532322 76.5082084405522 -71.5177577251455 2.661194587086311
0.2858858858858859 105.27364829261487 76.45491979752356 -72.3922050467443 2.6637270211887305
0.2860860860860861 105.25107080359122 76.40162344960645 -73.27014908601743 2.666263885208292
0.2862862862862863 105.22852950803664 76.34831829993855 -74.15155538956837 2.6688050901501015
0.2864864864864865 105.20602116573558 76.29500325165759 -75.03638950400048 2.671350547019265
0.28668668668668673 105.18354253647249 76.24167720790128 -75.92461697591666 2.6739001668208853
0.2868868868868869 105.16109038003172 76.18833907180738 -76.81620335191985 2.6764538605600667
0.2870870870870871 105.13866145619781 76.13498774651354 -77.71111417861347 2.6790115392419143
0.2872872872872873 105.11625252475511 76.08162213515749 -78.60931500260087 2.6815731138715346
0.28748748748748754 105.0938603454881 76.02824114087696 -79.51077137048502 2.6841384954540306
0.2876876876876877 105.07148167818116 75.97484366680969 -80.41544882886879 2.6867075949945067
0.2878878878878879 105.04911328261876 75.92142861609335 -81.32331292435559 2.689280323498068
0.2880880880880881 105.02675191858532 75.86799489186564 -82.23432920354888 2.6918565919698194
0.2882882882882883 105.00439434586522 75.81454139726436 -83.14846321305122 2.6944363114148655
0.2884884884884885 104.98203732424298 75.76106703542713 -84.06568049946637 2.69701939283831
0.2886886886886887 104.95967761350295 75.7075707094917 -84.9859466093969 2.6996057472452586
0.2888888888888889 104.9373119734296 75.6540513225958 -85.90922708944655 2.702195285640815
0.2890890890890891 104.91493716380734 75.60050777787716 -86.83548748621791 2.7047879190300845
0.2892892892892893 104.89254994442061 75.54693897847342 -87.76469334631473 2.707383558418173
0.2894894894894895 104.87014707505386 75.49334382752235 -88.69681021633957 2.7099821148101824
0.2896896896896897 104.84772531549145 75.43972122816167 -89.63180364289616 2.7125834992112203
0.2898898898898899 104.8252814255179 75.38607008352906 -90.56963917258706 2.715187622626388
0.2900900900900901 104.80281216491755 75.33238929676226 -91.51028235201606 2.717794396060793
0.2902902902902903 104.78031429347489 75.27867777099898 -92.45369872778569 2.7204037305195383
0.29049049049049047 104.75778457097434 75.22493440937697 -93.39985384649948 2.7230155370077287
0.2906906906906907 104.73521975720031 75.17115811503385 -94.34871325476072 2.7256297265304705
0.29089089089089093 104.71261661193724 75.11734779110742 -95.30024249917244 2.7282462100928666
0.2910910910910911 104.6899718949696 75.06350234073538 -96.25440712633744 2.730864898700022
0.2912912912912913 104.66728236608171 75.00962066705542 -97.21117268285919 2.7334857033570406
0.2914914914914915 104.6445447850581 74.95570167320524 -98.17050471534112 2.7361085350690293
0.29169169169169173 104.62175591168318 74.90174426232261 -99.13236877038607 2.7387333048410913
0.2918918918918919 104.59891250574131 74.84774733754523 -100.09673039459696 2.7413599694707993
0.2920920920920921 104.57601132701707 74.79370980201078 -101.06355513457724 2.7439887476765
0.2922922922922923 104.55304913529471 74.73963055885697 -102.03280853693029 2.746619951144224
0.29249249249249254 104.53002269035878 74.68550858111239 -103.00445614825902 2.7492538916704694
0.2926926926926927 104.50692875199367 74.63134489475804 -103.9784635151664 2.7518908810517373
0.2928928928928929 104.48376407998379 74.57714286171941 -104.95479618425571 2.7545312310845254
0.2930930930930931 104.46052543411362 74.52290597070728 -105.93341970213046 2.7571752535653347
0.2932932932932933 104.43720957416754 74.46863771043245 -106.91429961539328 2.759823260290664
0.2934934934934935 104.41381325993001 74.41434156960568 -107.89740147064785 2.762475563057014
0.2936936936936937 104.39033325118542 74.36002103693777 -108.88269081449677 2.7651324736608824
0.2938938938938939 104.36676630771824 74.30567960113952 -109.87013319354377 2.76779430389877
0.2940940940940941 104.34310918931287 74.25132075092168 -110.85969415439143 2.770461365567177
0.2942942942942943 104.31935865575377 74.19694797499503 -111.8513392436435 2.7731339704626023
0.2944944944944945 104.29551146682537 74.1425647620704 -112.84503400790254 2.775812430381544
0.2946946946946947 104.27156438231206 74.08817460085851 -113.84074399377229 2.7784970571205028
0.2948948948948949 104.24751416199831 74.0337809800702 -114.83843474785539 2.7811881624759778
0.29509509509509513 104.22335756566854 73.9793873884162 -115.83807181675547 2.783886058244471
0.2952952952952953 104.19909135310712 73.92499731460734 -116.83962074707522 2.786591056222478
0.29549549549549553 104.17471228409858 73.87061424735438 -117.84304708541825 2.789303468206501
0.2956956956956957 104.15021711842726 73.81624167536813 -118.84831637838727 2.7920236059930383
0.29589589589589593 104.12560261587765 73.76188308735934 -119.85539417258593 2.794751781378591
0.2960960960960961 104.10086553623415 73.7075419720388 -120.86424601461688 2.7974883061596563
0.2962962962962963 104.0760026392812 73.65322181811732 -121.8748374510835 2.8002334921327363
0.2964964964964965 104.05101068480323 73.59892611430563 -122.88713402858923 2.8029876510943286
0.29669669669669674 104.02588643258464 73.54465834931455 -123.90110129373701 2.805751094840935
0.2968968968968969 104.0006266424099 73.49042201185486 -124.9167047931297 2.8085241351690517
0.2970970970970971 103.97522807406341 73.43622059063733 -125.93391007337068 2.81130708387518
0.2972972972972973 103.94968748732963 73.38205757437277 -126.95268268106346 2.81410025275582
0.29749749749749754 103.92400164199296 73.32793645177193 -127.97298816281088 2.816903953607472
0.2976976976976977 103.89816729783783 73.27386071154564 -128.99479206521582 2.819718498226632
0.2978978978978979 103.87218121464869 73.21983384240464 -130.0180599348817 2.8225441984098016
0.2980980980980981 103.84604020286146 73.16585933305967 -131.04275731841204 2.8253813659534823
0.29829829829829835 103.81974298115749 73.11194067222164 -132.06884976240963 2.8282303126541715
0.2984984984984985 103.79329071246752 73.05808134860126 -133.09630281347737 2.8310913503083692
0.2986986986986987 103.76668471963836 73.00428485090931 -134.1250820182187 2.8339647907125736
0.2988988988988989 103.73992632551668 72.95055466785654 -135.15515292323713 2.8368509456632873
0.2990990990990991 103.71301685294924 72.89689428815382 -136.18648107513513 2.8397501269570062
0.2992992992992993 103.68595762478269 72.84330720051184 -137.21903202051655 2.8426626463902323
0.2994994994994995 103.65874996386381 72.78979689364147 -138.25277130598383 2.845588815759465
0.29969969969969973 103.6313951930393 72.7363668562534 -139.2876644781409 2.848528946861204
0.2998998998998999 103.60389463515588 72.6830205770585 -140.32367708359013 2.8514833514919466
0.30010010010010013 103.57624961306023 72.62976154476752 -141.36077466893542 2.8544523414481957
0.3003003003003003 103.54846144959916 72.57659324809123 -142.3989227807793 2.8574362285264474
0.30050050050050053 103.52053146761932 72.5235191757404 -143.43808696572538 2.860435324523204
0.3007007007007007 103.49246098996747 72.4705428164259 -144.4782327703765 2.8634499412349634
0.30090090090090094 103.46425133949026 72.41766765885842 -145.51932574133616 2.866480390458227
0.3011011011011011 103.43590383903448 72.36489719174875 -146.56133142520707 2.8695269839894912
0.3013013013013013 103.40741981144684 72.31223490380773 -147.6042153685926 2.8725900336252574
0.3015015015015015 103.37880057957403 72.25968428374607 -148.64794311809632 2.875669851162027
0.30170170170170174 103.35004746626284 72.20724882027463 -149.69248022032093 2.878766748396296
0.3019019019019019 103.3211617943599 72.15493200210415 -150.73779222186943 2.8818810371245664
0.3021021021021021 103.292144886712 72.1027373179454 -151.78384466934517 2.8850130291433365
0.3023023023023023 103.26299806616578 72.0506682565092 -152.8306031093517 2.888163036249107
0.30250250250250255 103.23372265556802 71.9987283065063 -153.87803308849186 2.8913313702383774
0.3027027027027027 103.20431997776544 71.9469209566475 -154.92610015336848 2.894518342907644
0.3029029029029029 103.17479135560475 71.89524969564361 -155.974769850585 2.8977242660534106
0.3031031031031031 103.14513811193265 71.84371801220534 -157.0240077267449 2.9009494514721754
0.30330330330330335 103.11536156959589 71.79232939504354 -158.07377932845105 2.904194210960438
0.3035035035035035 103.08546305144121 71.74108733286897 -159.12405020230634 2.907458856314696
0.3037037037037037 103.0554438803153 71.68999531439243 -160.17478589491415 2.9107436993314515
0.3039039039039039 103.0253053790648 71.63905682832466 -161.22595195287803 2.9140490518072024
0.3041041041041041 102.99504887053658 71.5882753633765 -162.27751392280047 2.917375225538449
0.30430430430430433 102.96467567757725 71.53765440825866 -163.32943735128518 2.9207225323216917
0.3045045045045045 102.93418712303358 71.48719745168202 -164.38168778493485 2.9240912736257347
0.30470470470470473 102.9035845297523 71.43690798235728 -165.43423077035314 2.9274815416846756
0.3049049049049049 102.8728692205801 71.38678948899525 -166.48703185414269 2.9308932341090665
0.30510510510510513 102.8420425183637 71.3368454603067 -167.5400565829072 2.9343262411088045
0.3053053053053053 102.81110574594983 71.28707938500246 -168.59327050324924 2.9377804528937825
0.30550550550550554 102.78006022618523 71.23749475179328 -169.64663916177255 2.9412557596738966
0.3057057057057057 102.74890728191656 71.18809504938994 -170.70012810507964 2.9447520516590417
0.30590590590590594 102.7176482359906 71.13888376650323 -171.7537028797745 2.9482692190591124
0.3061061061061061 102.68628441125404 71.08986347305233 -172.8073290324594 2.951807152084002
0.30630630630630634 102.65481713055361 71.04102855955526 -173.8609721097382 2.9553657409436087
0.3065065065065065 102.62324771673603 70.99236912637228 -174.91459765821358 2.9589448758478234
0.30670670670670674 102.59157749264803 70.9438752359927 -175.96817122448914 2.9625444470065454
0.3069069069069069 102.55980778113631 70.8955369509059 -177.0216583551675 2.966164344629666
0.3071071071071071 102.5279399050476 70.84734433360121 -178.07502459685207 2.9698044589270807
0.3073073073073073 102.4959751872286 70.79928744656794 -179.12823549614643 2.9734646801086866
0.30750750750750755 102.46391495052606 70.75135635229545 -180.18125659965332 2.977144898384377
0.3077077077077077 102.4317605177867 70.70354111327306 -181.23405345397566 2.980845003964046
0.3079079079079079 102.39951321185721 70.65583179199015 -182.2865916057169 2.9845648870575885
0.3081081081081081 102.36717435558434 70.60821845093596 -183.33883660148047 2.988304437874903
0.30830830830830835 102.33474527181481 70.56069115259992 -184.39075398786926 2.9920635466258796
0.3085085085085085 102.3022272833953 70.51323995947133 -185.44230931148613 2.995842103520416
0.3087087087087087 102.26962171317257 70.46585493403957 -186.4934681189345 2.9996399987684046
0.30890890890890893 102.23692988399333 70.41852613879391 -187.54419595681782 3.0034571225797437
0.30910910910910916 102.2041531187043 70.37124363622371 -188.59445837173902 3.0072933651643265
0.30930930930930933 102.17129274015217 70.32399748881835 -189.6442209103009 3.0111486167320467
0.3095095095095095 102.13835007118374 70.27677775906713 -190.69344911910696 3.0150227674928
0.30970970970970974 102.10532643464563 70.22957450945937 -191.7421085447606 3.018915707656483
0.3099099099099099 102.07222315338464 70.18237780248444 -192.79016473386446 3.022827327432989
0.31011011011011014 102.03904155024743 70.13517770063163 -193.83758323302226 3.0267575170322125
0.3103103103103103 102.00578294808076 70.08796426639036 -194.8843295888365 3.0307061666640487
0.31051051051051054 101.97244866973135 70.04072756224991 -195.930369347911 3.0346731665383935
0.3107107107107107 101.9390400380459 69.99345765069961 -196.97566805684835 3.0386584068651414
0.31091091091091094 101.90555837587112 69.9461445942288 -198.02019126225215 3.042661777854186
0.3111111111111111 101.87200500605377 69.89877845532686 -199.06390451072522 3.046683169715423
0.31131131131131135 101.83838125144054 69.85134929648311 -200.10677334887112 3.0507224726587485
0.3115115115115115 101.80468843487816 69.80384718018684 -201.1487633232925 3.054779576894054
0.31171171171171175 101.77092787921335 69.75626216892745 -202.189839980593 3.058854372631239
0.3119119119119119 101.73710090729281 69.70858432519422 -203.22996886737528 3.062946750080194
0.3121121121121121 101.70320884196332 69.66080371147656 -204.26911553024283 3.0670565994508174
0.3123123123123123 101.66925300607153 69.61291039026372 -205.30724551579897 3.0711838109530025
0.31251251251251255 101.63523472246418 69.56489442404511 -206.34432437064677 3.075328274796645
0.3127127127127127 101.60115531398802 69.51674587531002 -207.38031764138887 3.0794898811916376
0.3129129129129129 101.56701610348972 69.46845480654783 -208.4151908746289 3.0836685203478758
0.31311311311311313 101.53281841381603 69.4200112802478 -209.4489096169701 3.0878640824752575
0.31331331331331336 101.49856356781369 69.37140535889938 -210.4814394150155 3.0920764577836746
0.31351351351351353 101.46425288832938 69.32262710499182 -211.51274581536808 3.0963055364830225
0.3137137137137137 101.42988769820982 69.2736665810145 -212.542794364631 3.100551208783197
0.31391391391391393 101.39546932030179 69.22451384945671 -213.5715506094079 3.1048133648940923
0.31411411411411416 101.36099907745194 69.17515897280782 -214.5989800963016 3.109091895025604
0.31431431431431434 101.32647829250703 69.1255920135572 -215.62504837191503 3.113386689387625
0.3145145145145145 101.29190828831373 69.07580303419414 -216.6497209828515 3.1176976381900516
0.31471471471471474 101.25729038771885 69.02578209720797 -217.67296347571454 3.1220246316427795
0.3149149149149149 101.22262591356903 68.97551926508805 -218.69474139710678 3.1263675599557015
0.31511511511511514 101.18791618871101 68.92500460032372 -219.71502029363182 3.130726313338715
0.3153153153153153 101.15316253599154 68.87422816540433 -220.73376571189243 3.1351007820017127
0.31551551551551554 101.1183662782573 68.82318002281919 -221.75094319849217 3.1394908561545907
0.3157157157157157 101.08352873835504 68.77185023505764 -222.76651830003374 3.143896426007243
0.31591591591591595 101.04865123913144 68.72022886460901 -223.78045656312082 3.148317381769567
0.3161161161161161 101.0137351034333 68.66830597396266 -224.79272353435599 3.1527536136514533
0.31631631631631635 100.97878165410722 68.61607162560793 -225.8032847603429 3.1572050118628003
0.3165165165165165 100.94379221400006 68.56351588203412 -226.81210578768435 3.1616714666135013
0.31671671671671675 100.90876810595842 68.51062880573062 -227.8191521629839 3.166152868113452
0.3169169169169169 100.87371065282906 68.45740045918673 -228.8243894328442 3.170649106572547
0.31711711711711715 100.8386211774587 68.40382090489177 -229.82778314386897 3.17516007220068
0.3173173173173173 100.80350100269412 68.34988020533513 -230.8292988426608 3.179685655207747
0.31751751751751756 100.76835145138195 68.29556842300612 -231.82890207582338 3.1842257458036443
0.31771771771771773 100.73317384636894 68.24087572553627 -232.82655838995933 3.1887802341982634
0.3179179179179179 100.69796951050185 68.1857983975366 -233.82223333167215 3.1933490106015014
0.31811811811811813 100.66273976662733 68.1303420964036 -234.81589244756518 3.1979319652232543
0.31831831831831836 100.62748593759214 68.07451327324193 -235.80750128424134 3.202528988273415
0.31851851851851853 100.592209346243 68.01831837915641 -236.79702538830352 3.207139969961878
0.3187187187187187 100.55691131542666 67.96176386525167 -237.78443030635515 3.211764800498539
0.31891891891891894 100.52159316798978 67.90485618263243 -238.76968158499963 3.2164033700932944
0.31911911911911917 100.48625622677909 67.84760178240346 -239.75274477083994 3.221055568956038
0.31931931931931934 100.45090181464136 67.79000711566943 -240.73358541047884 3.225721287296663
0.3195195195195195 100.41553125442326 67.73207863353505 -241.71216905051986 3.230400415325065
0.31971971971971974 100.38014586897152 67.67382278710502 -242.6884612375664 3.235092843251141
0.31991991991991997 100.34474698113289 67.61524602748409 -243.66242751822128 3.239798461284785
0.32012012012012014 100.30933591375404 67.55635480577695 -244.63403343908752 3.244517159635891
0.3203203203203203 100.27391398968172 67.49715557308832 -245.60324454676842 3.2492488285143515
0.32052052052052055 100.23848276424393 67.43765478052293 -246.57002638786747 3.253993358130067
0.3207207207207207 100.20304479436368 67.37785887918547 -247.53434450898726 3.258750638692928
0.32092092092092095 100.1676029066398 67.31777432018063 -248.49616445673155 3.2635205604128323
0.3211211211211211 100.13215992767493 67.25740755461318 -249.45545177770296 3.268303013499672
0.32132132132132135 100.09671868407172 67.1967650335878 -250.4121720185051 3.273097888163344
0.3215215215215215 100.06128200243286 67.13585320820921 -251.3662907257406 3.2779050746137424
0.32172172172172175 100.02585270936095 67.07467852958209 -252.31777344601326 3.2827244630607626
0.3219219219219219 99.99043363145867 67.01324744881121 -253.2665857259256 3.287555943714298
0.32212212212212216 99.95502759532864 66.95156641700125 -254.21269311208135 3.292399406784246
0.32232232232232233 99.91963742757356 66.88964188525692 -255.15606115108318 3.2972547424804985
0.32252252252252256 99.88426595479602 66.82748030468295 -256.0966553895347 3.3021218410129536
0.32272272272272273 99.8489160035987 66.76508812638406 -257.0344413740385 3.307000592591503
0.3229229229229229 99.81359040058426 66.70247180146494 -257.9693846511982 3.3118908874260424
0.32312312312312313 99.7782919723553 66.63963778103032 -258.90145076761706 3.3167926157264693
0.32332332332332336 99.7430235455145 66.57659251618487 -259.830605269898 3.3217056677026764
0.32352352352352354 99.70778794666455 66.51334245803335 -260.7568137046439 3.3266299335645586
0.3237237237237237 99.67258800240803 66.44989405768048 -261.68004161845823 3.33156530352201
0.32392392392392394 99.63742653934764 66.38625376623094 -262.6002545579444 3.3365116677849285
0.32412412412412417 99.60230638408598 66.32242803478944 -263.51741806970523 3.341468916563207
0.32432432432432434 99.56723036322573 66.25842331446073 -264.43149770034387 3.3464369400667384
0.3245245245245245 99.53220130336958 66.19424605634951 -265.3424589964634 3.35141562850542
0.32472472472472474 99.49722203112007 66.12990271156046 -266.25026750466736 3.356404872089148
0.324924924924925 99.46229537307997 66.06539973119831 -267.1548887715588 3.3614045610278143
0.32512512512512515 99.42742415585182 66.00074356636783 -268.05628834374045 3.366414585531315
0.3253253253253253 99.39261120603837 65.93594066817366 -268.95443176781583 3.3714348358095445
0.32552552552552555 99.35785935024221 65.8709974877205 -269.8492845903882 3.3764652020724
0.3257257257257258 99.32317141506596 65.80592047611313 -270.74081235806057 3.3815055745297737
0.32592592592592595 99.28855022711235 65.74071608445624 -271.6289806174359 3.3865558433915606
0.3261261261261261 99.25399861298396 65.67539076385455 -272.5137549151176 3.3916158988676566
0.32632632632632635 99.2195193992835 65.60995096541272 -273.3951007977089 3.396685631167957
0.3265265265265266 99.18511541261358 65.54440314023552 -274.2729838118129 3.401764930502357
0.32672672672672676 99.15078947957683 65.47875373942765 -275.1473695040324 3.406853687080748
0.32692692692692693 99.11654442677595 65.41300921409382 -276.01822342097074 3.4119517911130286
0.3271271271271271 99.08238308081353 65.34717601533873 -276.88551110923146 3.4170591328090913
0.32732732732732733 99.04830826829229 65.28126059426711 -277.7491981154174 3.4221756023788337
0.32752752752752756 99.0143228158148 65.21526940198365 -278.609249986132 3.42730109003215
0.32772772772772774 98.98042954998378 65.1492088895931 -279.46563226797775 3.4324354859789334
0.3279279279279279 98.94663129740186 65.08308550820016 -280.3183105075583 3.437578680429078
0.32812812812812814 98.91293088467165 65.0169057089095 -281.167250251477 3.4427305635924825
0.32832832832832837 98.87933113839583 64.9506759428259 -282.01241704633685 3.4478910256790396
0.32852852852852854 98.84583488517704 64.88440266105403 -282.8537764387406 3.4530599568986426
0.3287287287287287 98.81244495161796 64.81809231469863 -283.6912939752917 3.4582372474611875
0.32892892892892894 98.77916416432119 64.75175135486437 -284.52493520259355 3.4634227875765724
0.32912912912912917 98.74599534988943 64.685386232656 -285.3546656672491 3.468616467454688
0.32932932932932935 98.71294133492528 64.61900339917824 -286.1804509158613 3.47381817730543
0.3295295295295295 98.68000494603142 64.55260930553577 -287.0022564950334 3.479027807338694
0.32972972972972975 98.64718900981046 64.48621040283334 -287.8200479513691 3.484245247764376
0.32992992992993 98.6144963528651 64.41981314217561 -288.6337908314709 3.48947038879237
0.33013013013013015 98.58192980179798 64.35342397466735 -289.4434506819421 3.494703120632569
0.3303303303303303 98.54949218321174 64.28704935141326 -290.24899304938594 3.4999433334948686
0.33053053053053055 98.51718632370901 64.22069572351799 -291.0503834804057 3.505190917589167
0.3307307307307308 98.48501504989247 64.15436954208634 -291.8475875216045 3.510445763125356
0.33093093093093096 98.45298118836473 64.088077258223 -292.6405707195851 3.5157077603133304
0.33113113113113113 98.4210875657285 64.02182532303267 -293.4292986209511 3.520976799362985
0.33133133133133136 98.38933700858635 63.95562018762004 -294.21373677230577 3.5262527704842177
0.3315315315315316 98.35773234354099 63.88946830308984 -294.9938507202519 3.53153556388692
0.33173173173173176 98.32627639719503 63.82337612054682 -295.7696060113927 3.5368250697809875
0.33193193193193193 98.29497199615118 63.75735009109565 -296.54096819233126 3.5421211783763153
0.33213213213213216 98.263821967012 63.691396665841054 -297.30790280967113 3.5474237798828
0.33233233233233234 98.23282913638025 63.625522295887755 -298.0703754100151 3.5527327645103335
0.33253253253253257 98.20199633085848 63.55973343234044 -298.8283515399666 3.5580480224688134
0.33273273273273274 98.17132637704938 63.49403652630386 -299.58179674612836 3.563369443968132
0.3329329329329329 98.14082210155559 63.428438028882695 -300.330676575104 3.568696919218185
0.33313313313313314 98.11048633097974 63.362944391181685 -301.0749565734966 3.5740303384288707
0.33333333333333337 98.08032189192456 63.29756206430549 -301.81460228790934 3.57936959181008
0.33353353353353354 98.05033161099259 63.23229749935888 -302.5495792649449 3.584714569571708
0.3337337337337337 98.02051831478654 63.16715714744657 -303.27985305120677 3.5900651619236505
0.33393393393393395 97.99088482990905 63.10214745967323 -304.0053891932984 3.5954212590758035
0.3341341341341342 97.96143398296279 63.03727488714359 -304.72615323782276 3.600782751238061
0.33433433433433435 97.93216860055037 62.972545880962414 -305.44211073138257 3.6061495286203167
0.3345345345345345 97.90309150927446 62.907966892234334 -306.1532272205815 3.611521481432466
0.33473473473473475 97.87420549004871 62.84354437206409 -306.8594682520227 3.6168984998844045
0.334934934934935 97.84551067989393 62.779284771556405 -307.5607993723092 3.6222804741860286
0.33513513513513515 97.81700317286791 62.71519454181602 -308.25718612804394 3.6276672945472286
0.3353353353353353 97.78867872160444 62.6512801339476 -308.94859406583026 3.633058851177902
0.33553553553553556 97.76053307873742 62.587547999055865 -309.6349887322714 3.6384550342879467
0.3357357357357358 97.73256199690063 62.52400458820493 -310.31633567397074 3.643855734087254
0.33593593593593596 97.70476122872795 62.460653586385924 -310.9926004375307 3.6492608407857183
0.33613613613613613 97.67712652685323 62.39748841633349 -311.6637485695551 3.6546702445932358
0.33633633633633636 97.64965364391027 62.33450012138782 -312.32974561664696 3.6600838357197025
0.3365365365365366 97.62233833253296 62.271679744889234 -312.99055712540945 3.665501504375012
0.33673673673673676 97.5951763453551 62.20901833017801 -313.64614864244544 3.670923140769059
0.33693693693693694 97.56816343501056 62.14650692059438 -314.29648571435825 3.676348635111736
0.33713713713713717 97.54129535413311 62.084136559478594 -314.94153388775135 3.6817778776129444
0.3373373373373374 97.51456785535667 62.02189829017097 -315.58125870922754 3.6872107584825744
0.33753753753753757 97.48797669131504 61.95978315601173 -316.21562572538994 3.69264716793052
0.33773773773773774 97.46151761464209 61.897782200341155 -316.84460048284194 3.6980869961666776
0.3379379379379379 97.43518637797165 61.8358864664995 -317.4681485281865 3.7035301334009434
0.33813813813813814 97.40897873393752 61.77408699782702 -318.0862354080271 3.708976469843212
0.3383383383383384 97.38289043517356 61.712374837663994 -318.69882666896666 3.7144258957033776
0.33853853853853855 97.35691723431366 61.65074102935072 -319.3058878576082 3.7198783011913332
0.3387387387387387 97.33105488399163 61.5891766162274 -319.90738452055496 3.7253335765169746
0.33893893893893895 97.30529913684124 61.52767264163433 -320.5032822044105 3.7307916118902003
0.3391391391391392 97.27964574549642 61.466220148911766 -321.0935464557775 3.7362522975209025
0.33933933933933935 97.254090462591 61.40481018139999 -321.67814282125926 3.741715523618974
0.3395395395395395 97.22862904075879 61.34343378243925 -322.2570368474588 3.7471811803943114
0.33973973973973975 97.20325723263359 61.2820819953698 -322.8301940809796 3.7526491580568115
0.33993993993994 97.17797079084936 61.22074586353193 -323.39758006842476 3.758119346816368
0.34014014014014016 97.15276546803983 61.1594164302659 -323.95916035639704 3.763591636882874
0.34034034034034033 97.12763701683886 61.09808473891196 -324.5149004915 3.7690659184662243
0.34054054054054056 97.10258118988034 61.036741832810385 -325.0647660203367 3.774542081776317
0.3407407407407408 97.07759373979808 60.97537875530142 -325.6087224895104 3.7800200170230465
0.34094094094094096 97.05267041922592 60.91398654972537 -326.14673544562396 3.785499614416304
0.34114114114114114 97.02780698079769 60.852556259422464 -326.6787704352808 3.7909807641659863
0.34134134134134136 97.00299917714722 60.79107892773297 -327.20479300508407 3.7964633564819907
0.3415415415415416 96.97824276090839 60.72954559799715 -327.72476870163683 3.80194728157421
0.34174174174174177 96.953533484715 60.66794731355532 -328.23866307154213 3.8074324296525375
0.34194194194194194 96.92886710120094 60.60627511774767 -328.7464416614033 3.81291869092687
0.34214214214214217 96.90423936299999 60.54452005391451 -329.24807001782347 3.8184059556071044
0.3423423423423424 96.879646022746 60.482673165396065 -329.74351368740594 3.8238941139031324
0.34254254254254257 96.85508283307286 60.42072549553266 -330.23273821675355 3.8293830560248487
0.34274274274274275 96.83054554661436 60.358668087664505 -330.71570915246957 3.8348726721821493
0.342942942942943 96.80602991600436 60.29649198513189 -331.1923920411574 3.8403628525849305
0.34314314314314315 96.78153169387673 60.234188231275084 -331.66275242941987 3.845853487443084
0.3433433433433434 96.75704663286521 60.171747869434306 -332.1267558638603 3.8513444669665087
0.34354354354354355 96.73257048560373 60.10916194294989 -332.58436789108197 3.8568356813650952
0.3437437437437437 96.70809900472617 60.04642149516206 -333.03555405768765 3.8623270208487406
0.34394394394394395 96.68362794286621 59.98351756941109 -333.48027991028107 3.8678183756273414
0.3441441441441442 96.65915305265784 59.92044120903721 -333.91851099546494 3.8733096359107906
0.34434434434434436 96.63467008673484 59.857183457380756 -334.3502128598424 3.8788006919089812
0.34454454454454453 96.61017479773105 59.793735357781934 -334.77535105001675 3.8842914338318106
0.34474474474474476 96.58566293828028 59.73008795358102 -335.1938911125914 3.8897817518891746
0.344944944944945 96.56113026101644 59.66623228811827 -335.60579859416913 3.8952715362909665
0.34514514514514516 96.53657251857334 59.602159404733996 -336.0110390413531 3.9007606772470806
0.34534534534534533 96.51198546358481 59.53786034676842 -336.40957800074665 3.9062490649674104
0.34554554554554556 96.48736484868469 59.4733261575618 -336.80138101895295 3.9117365896618566
0.3457457457457458 96.46270642650684 59.40854788045443 -337.18641364257525 3.91722314154031
0.34594594594594597 96.43800594968506 59.34351655878656 -337.5646414182163 3.922708610812664
0.34614614614614614 96.41325917085324 59.27822323589845 -337.93602989247955 3.928192887688816
0.34634634634634637 96.38846184264517 59.21265895513037 -338.3005446119682 3.9336758623786605
0.3465465465465466 96.36360971769471 59.14681475982258 -338.65815112328545 3.9391574250920933
0.34674674674674677 96.33869854863572 59.08068169331535 -339.0088149730341 3.9446374660390053
0.34694694694694694 96.313724088102 59.014250798948964 -339.3525017078175 3.950115875429295
0.3471471471471472 96.28868208872743 58.94751312006362 -339.6891768742391 3.955592543472858
0.3473473473473474 96.26356830314585 58.88046145780858 -340.0188060189017 3.9610673603795883
0.3475475475475476 96.23837848399108 58.813097633459684 -340.3413546884085 3.9665402163593777
0.34774774774774775 96.21310838389695 58.74542635366427 -340.65678842936273 3.9720110016221235
0.347947947947948 96.18775375549731 58.67745232635806 -340.9650727883677 3.977479606377723
0.3481481481481482 96.16231035142599 58.609180259476865 -341.2661733120264 3.982945920836068
0.3483483483483484 96.13677392431686 58.540614860956445 -341.5600555469418 3.9884098352070527
0.34854854854854855 96.11114022680373 58.47176083873255 -341.8466850397175 3.993871239700573
0.3487487487487487 96.08540501152048 58.402622900740965 -342.12602733695616 3.9993300245265253
0.34894894894894896 96.05956403110089 58.33320575491741 -342.39804798526137 4.004786079894805
0.3491491491491492 96.03361303817886 58.263514109197686 -342.6627125312362 4.010239296015303
0.34934934934934936 96.00754778538817 58.19355267151754 -342.91998652148357 4.015689563097917
0.34954954954954953 95.98136402536272 58.12332614981273 -343.1698355026068 4.021136771352541
0.34974974974974976 95.95505751073628 58.05283925201904 -343.4122250212091 4.026580810989072
0.34994994994995 95.92862399414278 57.98209668607221 -343.6471206238936 4.032021572217403
0.35015015015015016 95.90205922821599 57.91110315990804 -343.87448785726343 4.037458945247428
0.35035035035035034 95.87535896558977 57.83986338146225 -344.0942922679216 4.042892820289042
0.35055055055055057 95.84851895889796 57.76838205867062 -344.30649940247156 4.048323087552143
0.3507507507507508 95.82153496077439 57.69666389946889 -344.51107480751637 4.053749637246623
0.35095095095095097 95.79440272385294 57.6247136117929 -344.707984029659 4.059172359582377
0.35115115115115114 95.7671180007674 57.55253590357833 -344.8971926155028 4.064591144769301
0.35135135135135137 95.7396765441516 57.48013548276097 -345.078666111651 4.07000588301729
0.3515515515515516 95.71207487652198 57.40751705727659 -345.25237006470655 4.0754164645362385
0.3517517517517518 95.6843154696594 57.33468533506096 -345.4182700212727 4.080822779536039
0.35195195195195195 95.65640356680066 57.261645024049834 -345.5763315279525 4.086224718226589
0.3521521521521522 95.62834442666956 57.188400832178964 -345.7265201313493 4.091622170817783
0.3523523523523524 95.60014330798982 57.11495746738413 -345.8688013780663 4.097015027519519
0.3525525525525526 95.57180546948527 57.04131963760108 -346.0031408147064 4.102403178541685
0.35275275275275275 95.54333616987968 56.96749205076559 -346.1295039878728 4.10778651409418
0.352952952952953 95.51474066789677 56.89347941481342 -346.2478564441689 4.113164924386901
0.3531531531531532 95.48602422226038 56.81928643768032 -346.3581637301977 4.118538299629737
0.3533533533533534 95.45719209169427 56.74491782730209 -346.4603913925623 4.123906530032588
0.35355355355355356 95.42824953492219 56.67037829161447 -346.554504977866 4.129269505805346
0.3537537537537538 95.39920181066788 56.59567253855319 -346.6404700327119 4.134627117157907
0.35395395395395396 95.3700541776552 56.52080527605406 -346.718252103703 4.139979254300166
0.3541541541541542 95.34081189460788 56.44578121205282 -346.7878167374427 4.14532580744202
0.35435435435435436 95.3114802202497 56.37060505448526 -346.84912948053403 4.150666666793359
0.35455455455455454 95.28206441330444 56.29528151128712 -346.9021558795802 4.156001722564081
0.35475475475475476 95.25256973249586 56.219815290394145 -346.9468614811843 4.161330864964082
0.354954954954955 95.22300143654773 56.14421109974214 -346.98321183194963 4.166653984203255
0.35515515515515517 95.19336478418384 56.068473647266856 -347.0111724784792 4.171970970491494
0.35535535535535534 95.16366503412797 55.99260764090405 -347.0307089673762 4.1772817140386955
0.35555555555555557 95.13390744510387 55.91661778858945 -347.0417868452438 4.182586105054755
0.3557557557557558 95.10409727583531 55.84050879825886 -347.0443716586852 4.187884033749566
0.35595595595595597 95.0742397850461 55.76428537784806 -347.0384289543035 4.193175390333022
0.35615615615615615 95.04434023146003 55.6879522352928 -347.02392427870194 4.19846006501502
0.3563563563563564 95.01440387380082 55.61151407852879 -347.0008231784836 4.203737948005457
0.3565565565565566 94.98443597079223 55.534975615491845 -346.96909120025157 4.209008929514224
0.3567567567567568 94.95444178115811 55.45834155411774 -346.9286938906092 4.214272899751216
0.35695695695695695 94.92442656362219 55.38161660234223 -346.8795967961595 4.219529748926329
0.3571571571571572 94.89439557690824 55.30480546810102 -346.8217654635058 4.224779367249459
0.3573573573573574 94.86435407974002 55.22791285932994 -346.75516543925096 4.230021644930502
0.3575575575575576 94.83430733084134 55.150943483964745 -346.6797622699984 4.235256472179348
0.35775775775775776 94.80426058893599 55.073902049941196 -346.5955215023512 4.240483739205895
0.357957957957958 94.77421911274767 54.996793265195016 -346.5024086829126 4.245703336220038
0.3581581581581582 94.74418816100025 54.91962183766197 -346.40038935828557 4.250915153431673
0.3583583583583584 94.71417299241742 54.84239247527789 -346.28942907507326 4.2561190810506915
0.35855855855855856 94.68417886572298 54.7651098859785 -346.16949337987916 4.261315009286989
0.3587587587587588 94.65421103964073 54.687778777699535 -346.040547819306 4.266502828350465
0.358958958958959 94.62427477289442 54.610403858376785 -345.90255793995726 4.271682428451009
0.3591591591591592 94.59437532420785 54.53298983594603 -345.75548928843597 4.276853699798517
0.35935935935935936 94.56451795230475 54.45554141834303 -345.59930741134525 4.282016532602885
0.35955955955955954 94.53470791590894 54.378063313503525 -345.4339778552884 4.287170817074009
0.35975975975975977 94.50495047374415 54.300560229363256 -345.2594661668684 4.292316443421782
0.35995995995996 94.47525088453418 54.22303687385802 -345.07573789268844 4.297453301856101
0.36016016016016017 94.44561440700281 54.145497954923606 -344.88275857935184 4.302581282586858
0.36036036036036034 94.41604629987381 54.06794818049574 -344.6804937734618 4.307700275823947
0.3605605605605606 94.38655182187097 53.99039225851018 -344.46890902162113 4.312810171777269
0.3607607607607608 94.35713623171802 53.91283488888465 -344.2479698704331 4.317910860656713
0.360960960960961 94.32780478813874 53.8352775275875 -344.01764186650115 4.3230022326721755
0.36116116116116115 94.29856274985697 53.757713427306996 -343.77789055642825 4.328084178033552
0.3613613613613614 94.2694153755964 53.68013456382991 -343.52868148681745 4.333156586950738
0.3615615615615616 94.24036792408086 53.602532912943 -343.269980204272 4.338219349633627
0.3617617617617618 94.21142565403409 53.52490045043311 -343.0017522553952 4.343272356292114
0.36196196196196195 94.18259382417989 53.44722915208698 -342.72396318679006 4.3483154971360936
0.3621621621621622 94.15387769324204 53.36951099369138 -342.43657854505966 4.353348662375463
0.3623623623623624 94.12528251994429 53.291737951033106 -342.13956387680724 4.358371742220116
0.3625625625625626 94.09681356301043 53.21390199989896 -341.8328847286361 4.363384626879944
0.36276276276276276 94.06847608116423 53.1359951160757 -341.51650664714924 4.368387206564846
0.362962962962963 94.0402745854539 53.05800927535012 -341.19039517894987 4.373379371484718
0.3631631631631632 94.01220709517887 52.97993645350898 -340.8545158706409 4.378361011849451
0.3633633633633634 93.984268293763 52.901768626339084 -340.5088342688261 4.383332017868941
0.36356356356356356 93.9564528372598 52.82349776962721 -340.153315920108 4.388292279753083
0.3637637637637638 93.92875538172274 52.7451158591601 -339.78792637109024 4.3932416877117735
0.363963963963964 93.90117058320533 52.66661487072459 -339.41263116837536 4.398180131954906
0.3641641641641642 93.8736930977611 52.587986780107435 -339.0273958585672 4.403107502692374
0.36436436436436437 93.8463175814435 52.50922356309545 -338.6321859882687 4.408023690134074
0.36456456456456454 93.81903869030609 52.430317195475375 -338.2269671040827 4.412928584489901
0.36476476476476477 93.79185108040228 52.35125965303399 -337.8117047526126 4.417822075969752
0.364964964964965 93.76474940778566 52.272042911558074 -337.3863644804616 4.422704054783518
0.3651651651651652 93.7377283285097 52.19265894683445 -336.95091183423295 4.427574411141094
0.36536536536536535 93.71078249862788 52.11309973464988 -336.5053123605297 4.432433035252378
0.3655655655655656 93.68390657419371 52.03335725079113 -336.0495316059547 4.437279817327264
0.3657657657657658 93.65709521126068 51.95342347104497 -335.5835351171115 4.442114647575646
0.365965965965966 93.63034306588234 51.87329037119824 -335.1072884406034 4.446937416207416
0.36616616616616615 93.60364479411216 51.79294992703767 -334.6207571230332 4.451748013432473
0.3663663663663664 93.57699505200358 51.71239411435002 -334.12390671100394 4.456546329460713
0.3665665665665666 93.5503884956102 51.63161490892213 -333.616702751119 4.461332254502029
0.3667667667667668 93.52381978098543 51.550604286540775 -333.0991107899818 4.466105678766312
0.36696696696696696 93.49728356418287 51.469354222992706 -332.5710963741953 4.470866492463461
0.3671671671671672 93.47077450125592 51.387856694064695 -332.03262505036236 4.475614585803372
0.3673673673673674 93.44428724825814 51.30610367554357 -331.4836623650864 4.480349848995939
0.3675675675675676 93.41781646124299 51.224087143216074 -330.92417386497067 4.485072172251055
0.36776776776776776 93.39135679626399 51.14179907286903 -330.3541250966183 4.489781445778615
0.367967967967968 93.36490290937466 51.059231440289146 -329.7734816066322 4.494477559788516
0.3681681681681682 93.33844945662848 50.97637622126326 -329.18220894161556 4.4991604044906515
0.3683683683683684 93.31199109407895 50.89322539157817 -328.580272648172 4.503829870094915
0.36856856856856857 93.28552247777958 50.809770927020615 -327.9676382729043 4.508485846811203
0.3687687687687688 93.25903826378384 50.726004803377386 -327.34427136241544 4.513128224849413
0.368968968968969 93.23253310814526 50.64191899643526 -326.71013746330885 4.517756894419437
0.3691691691691692 93.20600166691733 50.55750548198105 -326.0652021221878 4.522371745731168
0.36936936936936937 93.17943859615356 50.47275623580151 -325.40943088565535 4.526972668994503
0.3695695695695696 93.15283855190742 50.3876632336834 -324.74278930031437 4.531559554419339
0.36976976976976983 93.12619619023243 50.30221845141354 -324.06524291276827 4.536132292215568
0.36996996996997 93.09950616718213 50.2164138647787 -323.3767572696203 4.540690772593085
0.3701701701701702 93.07276313880995 50.13024144956569 -322.67729791747365 4.5452348857617855
0.37037037037037035 93.04596176116942 50.04369318156124 -321.96683040293124 4.549764521931564
0.3705705705705706 93.01909669031402 49.956761036552116 -321.2453202725962 4.554279571312318
0.3707707707707708 92.99216258229728 49.86943699032515 -320.51273307307173 4.5587799241139395
0.370970970970971 92.9651540931727 49.78171301866715 -319.7690343509614 4.563265470546323
0.37117117117117115 92.93806587899375 49.69358109736482 -319.01418965286797 4.567736100819365
0.3713713713713714 92.91089259581396 49.605033202204986 -318.24816452539443 4.572191705142961
0.3715715715715716 92.88362889968683 49.51606130897439 -317.4709245151443 4.5766321737270035
0.3717717717717718 92.85626944666585 49.426657393459884 -316.6824351687207 4.581057396781388
0.37197197197197196 92.8288088928045 49.33681343144822 -315.88266203272684 4.58546726451601
0.3721721721721722 92.80124189415629 49.24652139872613 -315.0715706537653 4.589861667140766
0.3723723723723724 92.7735631067747 49.15577327108044 -314.2491265784398 4.5942404948655495
0.3725725725725726 92.74576718671331 49.064561024297944 -313.4152953533536 4.598603637900254
0.37277277277277276 92.71784879002554 48.97287663416541 -312.5700425251097 4.602950986454775
0.372972972972973 92.68980257276496 48.88071207646958 -311.7133336403109 4.6072824307390094
0.3731731731731732 92.66162319098497 48.78805932699728 -310.84513424556064 4.61159786096285
0.3733733733733734 92.63330530073915 48.69491036153529 -309.9654098874625 4.615897167336192
0.37357357357357357 92.60484355808099 48.6012571558704 -309.0741261126191 4.620180240068931
0.3737737737737738 92.57623261906396 48.50709168578934 -308.17124846763346 4.624446969370962
0.373973973973974 92.54746713974156 48.41240592707892 -307.256742499109 4.628697245452179
0.3741741741741742 92.51854177616732 48.31719185552596 -306.3305737536493 4.632930958522477
0.3743743743743744 92.48945118439472 48.2214414469172 -305.392707777857 4.63714799879175
0.3745745745745746 92.46019002047727 48.12514667703941 -304.4431101183351 4.641348256469897
0.37477477477477483 92.43075294046845 48.02829952167938 -303.48174632168696 4.645531621766808
0.374974974974975 92.40113460042183 47.93089195662394 -302.5085819345162 4.64969798489238
0.3751751751751752 92.3713296563908 47.832915957659814 -301.5235825034255 4.653847236056507
0.37537537537537535 92.34133276442894 47.73436350057382 -300.52671357501805 4.657979265469084
0.3755755755755756 92.31113858058968 47.63522656115268 -299.51794069589687 4.662093963340009
0.3757757757757758 92.2807417609266 47.53549711518321 -298.4972294126653 4.666191219879174
0.375975975975976 92.25013696149317 47.43516742700937 -297.46454527192674 4.670270925296473
0.37617617617617616 92.21931883834287 47.33424164579977 -296.4198538202842 4.674332969801801
0.3763763763763764 92.18828204752921 47.23273975698279 -295.3631206043404 4.678377243605057
0.3765765765765766 92.15702124510568 47.13068284529883 -294.2943111706988 4.682403636916131
0.3767767767767768 92.12553222536143 47.02809199548837 -293.213391065963 4.686412039944919
0.37697697697697696 92.09381970368793 46.92498829229179 -292.12032583673573 4.690402342901319
0.3771771771771772 92.06189260210586 46.821392820449454 -291.0150810296199 4.694374435995222
0.3773773773773774 92.02975986737108 46.71732666470181 -289.8976221912189 4.698328209436525
0.3775775775775776 91.99743044623943 46.61281090978928 -288.76791486813636 4.702263553435121
0.37777777777777777 91.96491328546668 46.50786664045228 -287.62592460697493 4.706180358200907
0.377977977977978 91.9322173318087 46.402514941431164 -286.4716169543375 4.710078513943778
0.3781781781781782 91.89935153202123 46.29677689746638 -285.3049574568277 4.713957910873628
0.3783783783783784 91.86632483286016 46.19067359329836 -284.12591166104886 4.71781843920035
0.3785785785785786 91.83314618108129 46.0842261136675 -282.9344451136039 4.721659989133842
0.3787787787787788 91.7998245234404 45.977455543314164 -281.73052336109555 4.725482450883997
0.37897897897897903 91.76636880669334 45.87038296697881 -280.51411195012736 4.729285714660712
0.3791791791791792 91.73278797759595 45.763029469401864 -279.28517642730276 4.7330696706738795
0.3793793793793794 91.69909098290397 45.65541613532372 -278.04368233922474 4.736834209133395
0.3795795795795796 91.66528676937325 45.54756404948475 -276.78959523249597 4.7405792202491535
0.37977977977977984 91.63138428375962 45.43949429662538 -275.52288065371994 4.744304594231051
0.37997997997998 91.59739247281891 45.33122796148607 -274.2435041495002 4.748010221288981
0.3801801801801802 91.56332028330692 45.22278612880721 -272.9514312664396 4.751695991632838
0.3803803803803804 91.52917666197943 45.11418988332914 -271.6466275511409 4.755361795472519
0.38058058058058064 91.49497055559232 45.00546030979234 -270.3290585502077 4.7590075230179165
0.3807807807807808 91.46071091090137 44.896618492937236 -268.9986898102433 4.762633064478925
0.380980980980981 91.42640667466237 44.78768551750421 -267.6554868778507 4.766238310065443
0.38118118118118116 91.39206679363123 44.67868246823366 -266.2994152996331 4.769823149987362
0.3813813813813814 91.35770021456366 44.56963042986598 -264.93044062219303 4.77338747445458
0.3815815815815816 91.3233158842155 44.460550487141624 -263.54852839213424 4.77693117367699
0.3817817817817818 91.28892274934262 44.35146372480099 -262.1536441560601 4.780454137864485
0.38198198198198197 91.25452975670078 44.2423912275845 -260.7457534605736 4.783956257226962
0.3821821821821822 91.22014585304585 44.13335408023252 -259.32482185227735 4.787437421974317
0.3823823823823824 91.18577998513356 44.02437336748549 -257.89081487777503 4.790897522316444
0.3825825825825826 91.15144109971983 43.91547017408384 -256.44369808367003 4.794336448463236
0.38278278278278277 91.11713814356038 43.806665584767956 -254.98343701656523 4.797754090624588
0.382982982982983 91.0828800634111 43.697980684278235 -253.50999722306338 4.801150339010399
0.38318318318318323 91.04867580602777 43.58943655735511 -252.02334424976792 4.80452508383056
0.3833833833833834 91.01453431816621 43.481054288738996 -250.52344364328252 4.807878215294967
0.3835835835835836 90.98046454658227 43.372854963170305 -249.01026095021 4.8112096236135145
0.3837837837837838 90.94647543803167 43.264859665389395 -247.483761717153 4.8145191989960985
0.38398398398398403 90.91257593927034 43.157089480136726 -245.9439114907151 4.817806831652614
0.3841841841841842 90.87877499705407 43.04956549215272 -244.39067581749987 4.821072411792953
0.3843843843843844 90.8450815581386 42.942308786177776 -242.8240202441101 4.824315829627013
0.3845845845845846 90.81150456927982 42.83534044695226 -241.24391031714842 4.827536975364689
0.38478478478478484 90.77805297723351 42.728681559216625 -239.65031158321855 4.830735739215874
0.384984984984985 90.74473572875553 42.62235320771129 -238.043189588924 4.833912011390465
0.3851851851851852 90.71156177060169 42.516376477176664 -236.42250988086758 4.837065682098354
0.3853853853853854 90.67854004952773 42.410772452353115 -234.78823800565192 4.84019664154944
0.38558558558558564 90.64567951228953 42.30556221798106 -233.14033950988062 4.843304779953616
0.3857857857857858 90.61298910564291 42.20076670557708 -231.47877994015727 4.846389987520774
0.385985985985986 90.5804777763437 42.09635662082895 -229.80352484308472 4.849452154460813
0.38618618618618616 90.54815447114764 41.99218030630383 -228.11453976526593 4.852491170983626
0.3863863863863864 90.5160281368106 41.8880678237716 -226.4117902533037 4.85550692729911
0.3865865865865866 90.4841077200884 41.783849235002194 -224.69524185380172 4.858499313617157
0.3867867867867868 90.45240216773685 41.67935460176554 -222.96486011336353 4.861468220147663
0.38698698698698697 90.42092042651178 41.5744139858315 -221.22061057859182 4.864413537100523
0.3871871871871872 90.38967144316896 41.46885744896991 -219.46245879608927 4.867335154685631
0.3873873873873874 90.35866416446424 41.36251505295075 -217.6903703124595 4.870232963112883
0.3875875875875876 90.32790753715345 41.25521685954391 -215.9043106743062 4.873106852592174
0.3877877877877878 90.29741050799238 41.146792930519275 -214.10424542823213 4.875956713333398
0.387987987987988 90.26718202373685 41.03707332764669 -212.29014012083962 4.8787824355464515
0.38818818818818823 90.23723103114266 40.925888112696086 -210.46196029873272 4.881583909441228
0.3883883883883884 90.20756647696565 40.813067347437396 -208.61967150851493 4.884361025227621
0.3885885885885886 90.17819730796165 40.69844109364049 -206.76323929678884 4.887113673115527
0.3887887887887888 90.14913247088647 40.58183941307523 -204.8926292101572 4.889841743314843
0.38898898898898904 90.12038091249586 40.46309236751152 -203.00780679522362 4.89254512603546
0.3891891891891892 90.09195157954574 40.34203001871934 -201.10873759859177 4.895223711487277
0.3893893893893894 90.06385341879185 40.218482428468505 -199.1953871668643 4.8978773898801835
0.3895895895895896 90.03609537699005 40.092279658528895 -197.26772104664397 4.900506051424078
0.38978978978978984 90.0086864008961 39.96325177067044 -195.32570478453425 4.903109586328856
0.38998998998999 89.98163543726588 39.83122882666307 -193.36930392713896 4.90568788480441
0.3901901901901902 89.95495143285518 39.696040888276634 -191.3984840210607 4.908240837060637
0.3903903903903904 89.92864333441982 39.55751801728101 -189.41321061290208 4.910768333307431
0.39059059059059065 89.90272008871561 39.415490275446125 -187.41344924926685 4.913270263754686
0.3907907907907908 89.87719064249836 39.269787724541914 -185.39916547675858 4.915746518612298
0.390990990990991 89.8520639425239 39.12024042633823 -183.37032484198 4.918196988090162
0.3911911911911912 89.82734893554803 38.96667844260493 -181.32689289153376 4.920621562398171
0.39139139139139145 89.8030545683266 38.80893183511195 -179.26883517202342 4.923020131746224
0.3915915915915916 89.77918978761537 38.646830665629224 -177.19611723005272 4.925392586344212
0.3917917917917918 89.75576354017022 38.48020499592663 -175.10870461222447 4.92773881640203
0.391991991991992 89.73278477274692 38.308884887774035 -173.0065628651416 4.930058712129575
0.3921921921921922 89.71026243210129 38.13270040294128 -170.88965753540677 4.9323521637367405
0.39239239239239243 89.68820546498915 37.951481603198346 -168.75795416962376 4.934619061433424
0.3925925925925926 89.66662281816636 37.76505855031515 -166.61141831439616 4.936859295429515
0.3927927927927928 89.64552343838868 37.5732842080884 -164.45001551632674 4.939072755934912
0.392992992992993 89.62491627241194 37.3764348431014 -162.2737113220179 4.941259333159512
0.39319319319319324 89.60481026699195 37.17515946561967 -160.08247127807354 4.943418917313206
0.3933933933933934 89.58521436888455 36.97011982480211 -157.87626093109733 4.94555139860589
0.3935935935935936 89.56613752484554 36.76197766980757 -155.6550458276918 4.9476566672474585
0.3937937937937938 89.54758868163074 36.55139474979479 -153.41879151445954 4.949734613447808
0.39399399399399404 89.52957678599597 36.339032813922735 -151.16746353800434 4.951785127416832
0.3941941941941942 89.51211078469703 36.125553611350284 -148.90102744492998 4.953808099364426
0.3943943943943944 89.49519962448977 35.91161889123626 -146.61944878183894 4.955803419500484
0.3945945945945946 89.47885225212994 35.69789040273947 -144.3226930953338 4.957770978034902
0.39479479479479485 89.46307761437342 35.4850298950188 -142.01072593201832 4.9597106651775755
0.394994994994995 89.44788465797603 35.27369911723319 -139.6835128384963 4.961622371138397
0.3951951951951952 89.43328232969354 35.06455981854144 -137.34101936137031 4.963505986127262
0.3953953953953954 89.41927957628178 34.858273748102356 -134.98321104724283 4.965361400354067
0.39559559559559565 89.40588534449657 34.655502655074805 -132.61005344271763 4.967188504028706
0.3957957957957958 89.39310858109376 34.45690828861777 -130.22151209439858 4.9689871873610745
0.395995995995996 89.3809582328291 34.26315239789002 -127.81755254888809 4.9707573405610646
0.3961961961961962 89.36944324645847 34.07489673205035 -125.39814035278876 4.972498853838575
0.39639639639639646 89.35857256873764 33.89280304025768 -122.96324105270439 4.9742116174034985
0.39659659659659663 89.34835514642245 33.71753307167094 -120.51282019523875 4.9758955214657306
0.3967967967967968 89.33879992626872 33.549748575448916 -118.04684332699439 4.977550456235165
0.396996996996997 89.32991585503225 33.390111300750455 -115.56527599457446 4.979176311921699
0.3971971971971972 89.32171187946885 33.23928299673439 -113.0680837445814 4.980772978735226
0.39739739739739743 89.31419694633435 33.09792541255963 -110.55523212361905 4.982340346885639
0.3975975975975976 89.30738000238458 32.96670029738506 -108.02668667829133 4.983878306582837
0.3977977977977978 89.30126999437533 32.8462694003695 -105.48241295520063 4.985386748036713
0.397997997997998 89.29587586906243 32.73729447067177 -102.92237650094947 4.98686556145716
0.39819819819819824 89.29120657320168 32.64043725745077 -100.34654286214163 4.988314637054075
0.3983983983983984 89.2872710535489 32.55635950986539 -97.75487758538107 4.989733865037351
0.3985985985985986 89.28407825685997 32.485722977074445 -95.14734621727017 4.991123135616886
0.3987987987987988 89.2816371298906 32.42918940823678 -92.5239143044114 4.9924823390025725
0.39899899899899904 89.27995661939667 32.38742055251129 -89.88454739340864 4.993811365404306
0.3991991991991992 89.27904567213396 32.36107815905682 -87.22921103086577 4.995110105031982
0.3993993993993994 89.27891323485834 32.35082397703223 -84.55787076338521 4.996378448095493
0.3995995995995996 89.2795682543256 32.35731975559637 -81.8704921375694 4.997616284804738
0.39979979979979985 89.28101967729151 32.38122724390811 -79.1670407000222 4.998823505369608
0.4 89.28327645051196 32.42320819112629 -76.44748199734758 5.0
