65	0.01	0.1	1	149.841	69.6517	2.52072e-06	-4.56854e-06	-1.25416e-05	86.5	0	2	0	1	
65	0.01	0.121053	1	149.686	69.6471	-5.9179e-06	2.03591e-05	-2.08858e-05	86.5	0	2	0	1	
65	0.01	0.142105	1	149.502	69.7687	-1.23283e-05	2.55837e-06	1.21482e-05	86.5	0	2	0	1	
65	0.01	0.163158	3	145.136	107.687	-3.62588e-05	-1.74536e-06	181.303	86.5	0	2	0	1	
65	0.01	0.184211	1	120.772	-184.406	1.49815e-05	1.21154e-07	339.941	86.5	0	2	0	1	
65	0.01	0.205263	1	78.2067	-232.577	5.39263e-06	-1.08425e-05	441.153	86.5	0	2	0	1	
65	0.01	0.226316	-3	0	0	0	0	0	86.5	0	2	0	1	
65	0.01	0.247368	-3	0	0	0	0	0	86.5	0	2	0	1	
65	0.01	0.268421	-3	0	0	0	0	0	86.5	0	2	0	1	
65	0.01	0.289474	-3	0	0	0	0	0	86.5	0	2	0	1	
65	0.01	0.310526	-3	0	0	0	0	0	86.5	0	2	0	1	
65	0.01	0.331579	-3	0	0	0	0	0	86.5	0	2	0	1	
65	0.01	0.352632	-3	0	0	0	0	0	86.5	0	2	0	1	
65	0.01	0.373684	-3	0	0	0	0	0	86.5	0	2	0	1	
65	0.01	0.394737	-3	0	0	0	0	0	86.5	0	2	0	1	
65	0.01	0.415789	-3	0	0	0	0	0	86.5	0	2	0	1	
65	0.01	0.436842	-3	0	0	0	0	0	86.5	0	2	0	1	
65	0.01	0.457895	-3	0	0	0	0	0	86.5	0	2	0	1	
65	0.01	0.478947	-3	0	0	0	0	0	86.5	0	2	0	1	
65	0.01	0.5	-3	0	0	0	0	0	86.5	0	2	0	1	
65	0.0252632	0.1	1	149.848	69.6329	-2.96474e-05	1.31697e-05	-6.3797e-06	86.5	0	2	0	1	
65	0.0252632	0.121053	1	149.696	69.6167	-1.13468e-05	1.97924e-06	2.62232e-05	86.5	0	2	0	1	
65	0.0252632	0.142105	1	149.517	69.7089	7.4022e-06	-1.42916e-05	1.53386e-05	86.5	0	2	0	1	
65	0.0252632	0.163158	3	148.728	78.2338	2.02602e-05	1.59361e-05	77.13	86.5	0	2	0	1	
65	0.0252632	0.184211	1	138.27	139.019	8.62913e-06	-1.57369e-05	189.994	86.5	0	2	0	1	
65	0.0252632	0.205263	1	123.236	179.256	-5.46677e-06	2.96161e-06	257.377	86.5	0	2	0	1	
65	0.0252632	0.226316	1	102.901	-211.135	-4.58793e-06	1.21095e-05	311.029	86.5	0	2	0	1	
65	0.0252632	0.247368	1	70.4373	236.602	-2.46427e-06	-1.23263e-05	356.722	86.5	0	2	0	1	
65	0.0252632	0.268421	-2	0	0	0	0	0	86.5	0	2	0	1	
65	0.0252632	0.289474	-2	0	0	0	0	0	86.5	0	2	0	1	
65	0.0252632	0.310526	-3	0	0	0	0	0	86.5	0	2	0	1	
65	0.0252632	0.331579	-2	0	0	0	0	0	86.5	0	2	0	1	
65	0.0252632	0.352632	-3	0	0	0	0	0	86.5	0	2	0	1	
65	0.0252632	0.373684	-3	0	0	0	0	0	86.5	0	2	0	1	
65	0.0252632	0.394737	-3	0	0	0	0	0	86.5	0	2	0	1	
65	0.0252632	0.415789	-3	0	0	0	0	0	86.5	0	2	0	1	
65	0.0252632	0.436842	-3	0	0	0	0	0	86.5	0	2	0	1	
65	0.0252632	0.457895	-3	0	0	0	0	0	86.5	0	2	0	1	
65	0.0252632	0.478947	-3	0	0	0	0	0	86.5	0	2	0	1	
65	0.0252632	0.5	-3	0	0	0	0	0	86.5	0	2	0	1	
65	0.0405263	0.1	1	149.855	69.6149	5.80449e-06	-8.02463e-06	5.75236e-06	86.5	0	2	0	1	
65	0.0405263	0.121053	1	149.706	69.588	2.10316e-05	2.14165e-05	8.82222e-06	86.5	0	2	0	1	
65	0.0405263	0.142105	1	149.532	69.6551	7.05135e-06	1.48859e-05	8.67799e-06	86.5	0	2	0	1	
65	0.0405263	0.163158	1	149.304	70.0915	5.81382e-06	-7.22133e-06	19.1283	86.5	0	2	0	1	
65	0.0405263	0.184211	1	142.837	119.417	1.86762e-05	6.52737e-06	138.237	86.5	0	2	0	1	
65	0.0405263	0.205263	1	132.802	156.015	-1.62785e-05	2.255e-05	193.002	86.5	0	2	0	1	
65	0.0405263	0.226316	1	120.209	185.011	-1.29495e-05	-2.48118e-05	236.104	86.5	0	2	0	1	
65	0.0405263	0.247368	1	104.198	-209.447	-3.38922e-05	2.47717e-06	273.04	86.5	0	2	0	1	
65	0.0405263	0.268421	1	81.8213	-230.155	-1.53063e-05	1.13156e-05	305.707	86.5	0	2	0	1	
65	0.0405263	0.289474	-2	0	0	0	0	0	86.5	0	2	0	1	
65	0.0405263	0.310526	-2	0	0	0	0	0	86.5	0	2	0	1	
65	0.0405263	0.331579	-2	0	0	0	0	0	86.5	0	2	0	1	
65	0.0405263	0.352632	-3	0	0	0	0	0	86.5	0	2	0	1	
65	0.0405263	0.373684	-3	0	0	0	0	0	86.5	0	2	0	1	
65	0.0405263	0.394737	-2	0	0	0	0	0	86.5	0	2	0	1	
65	0.0405263	0.415789	-3	0	0	0	0	0	86.5	0	2	0	1	
65	0.0405263	0.436842	-3	0	0	0	0	0	86.5	0	2	0	1	
65	0.0405263	0.457895	-3	0	0	0	0	0	86.5	0	2	0	1	
65	0.0405263	0.478947	-3	0	0	0	0	0	86.5	0	2	0	1	
65	0.0405263	0.5	-3	0	0	0	0	0	86.5	0	2	0	1	
65	0.0557895	0.1	1	149.862	69.5975	-1.47343e-07	8.25079e-06	9.95392e-06	86.5	0	2	0	1	
65	0.0557895	0.121053	1	149.715	69.5607	9.65255e-06	-7.59371e-06	1.09241e-05	86.5	0	2	0	1	
65	0.0557895	0.142105	1	149.547	69.6059	4.9908e-06	3.88192e-06	-6.81798e-06	86.5	0	2	0	1	
65	0.0557895	0.163158	1	149.325	70.0422	-2.45349e-05	-2.8887e-06	3.46676e-06	86.5	0	2	0	1	
65	0.0557895	0.184211	1	145.115	106.843	1.45506e-05	-1.7437e-05	109.284	86.5	0	2	0	1	
65	0.0557895	0.205263	1	137.363	142.088	-1.84139e-06	-2.54094e-05	157.702	86.5	0	2	0	1	
65	0.0557895	0.226316	1	127.836	168.692	2.86881e-05	2.47204e-05	195.027	86.5	0	2	0	1	
65	0.0557895	0.247368	1	116.347	191.757	-4.73091e-05	3.21626e-06	226.81	86.5	0	2	0	1	
65	0.0557895	0.268421	1	102.12	211.828	-4.90344e-06	-1.41784e-05	255.045	86.5	0	2	0	1	
65	0.0557895	0.289474	1	83.0331	229.277	-3.84892e-06	2.65136e-06	280.636	86.5	0	2	0	1	
65	0.0557895	0.310526	1	48.0375	243.385	8.55445e-06	-9.36883e-06	304.131	86.5	0	2	0	1	
65	0.0557895	0.331579	-2	0	0	0	0	0	86.5	0	2	0	1	
65	0.0557895	0.352632	-2	0	0	0	0	0	86.5	0	2	0	1	
65	0.0557895	0.373684	-2	0	0	0	0	0	86.5	0	2	0	1	
65	0.0557895	0.394737	-2	0	0	0	0	0	86.5	0	2	0	1	
65	0.0557895	0.415789	-3	0	0	0	0	0	86.5	0	2	0	1	
65	0.0557895	0.436842	-3	0	0	0	0	0	86.5	0	2	0	1	
65	0.0557895	0.457895	-3	0	0	0	0	0	86.5	0	2	0	1	
65	0.0557895	0.478947	-3	0	0	0	0	0	86.5	0	2	0	1	
65	0.0557895	0.5	-3	0	0	0	0	0	86.5	0	2	0	1	
65	0.0710526	0.1	1	149.869	69.5806	-1.2029e-05	7.29088e-06	6.15897e-06	86.5	0	2	0	1	
65	0.0710526	0.121053	1	149.725	69.5347	6.33416e-06	-2.12647e-05	-1.4178e-05	86.5	0	2	0	1	
65	0.0710526	0.142105	1	149.56	69.5608	1.37749e-05	-4.01802e-06	-1.45702e-05	86.5	0	2	0	1	
65	0.0710526	0.163158	1	149.348	69.9264	5.69354e-06	1.22729e-05	-3.97991e-05	86.5	0	2	0	1	
65	0.0710526	0.184211	1	146.517	97.4085	1.6054e-05	-1.85115e-05	89.5747	86.5	0	2	0	1	
65	0.0710526	0.205263	1	140.139	130.97	2.21934e-05	-5.15285e-06	134.451	86.5	0	2	0	1	
65	0.0710526	0.226316	1	132.328	156.964	1.52827e-05	-2.87812e-05	168.16	86.5	0	2	0	1	
65	0.0710526	0.247368	1	123.111	178.989	-1.15921e-05	-9.24383e-06	196.63	86.5	0	2	0	1	
65	0.0710526	0.268421	1	112.191	198.303	-9.36883e-06	4.77412e-06	221.842	86.5	0	2	0	1	
65	0.0710526	0.289474	1	98.8208	215.434	1.73429e-05	1.59804e-06	244.742	86.5	0	2	0	1	
65	0.0710526	0.310526	1	81.1204	230.526	8.03921e-06	-2.14135e-05	265.816	86.5	0	2	0	1	
65	0.0710526	0.331579	1	50.3415	242.959	-2.33381e-06	-2.04525e-05	285.4	86.5	0	2	0	1	
65	0.0710526	0.352632	-2	0	0	0	0	0	86.5	0	2	0	1	
65	0.0710526	0.373684	-2	0	0	0	0	0	86.5	0	2	0	1	
65	0.0710526	0.394737	-2	0	0	0	0	0	86.5	0	2	0	1	
65	0.0710526	0.415789	-2	0	0	0	0	0	86.5	0	2	0	1	
65	0.0710526	0.436842	-2	0	0	0	0	0	86.5	0	2	0	1	
65	0.0710526	0.457895	-2	0	0	0	0	0	86.5	0	2	0	1	
65	0.0710526	0.478947	-3	0	0	0	0	0	86.5	0	2	0	1	
65	0.0710526	0.5	-3	0	0	0	0	0	86.5	0	2	0	1	
65	0.0863158	0.1	1	149.875	69.5643	2.28943e-06	2.7611e-07	6.28106e-06	86.5	0	2	0	1	
65	0.0863158	0.121053	1	149.734	69.5098	1.66535e-05	2.53717e-05	8.59005e-06	86.5	0	2	0	1	
65	0.0863158	0.142105	1	149.573	69.5188	8.38988e-07	-6.26613e-06	-1.93445e-05	86.5	0	2	0	1	
65	0.0863158	0.163158	1	149.369	69.8301	-1.20152e-06	2.17615e-05	1.44699e-05	86.5	0	2	0	1	
65	0.0863158	0.184211	1	147.47	89.7531	-5.44825e-05	1.66582e-05	74.5303	86.5	0	2	0	1	
65	0.0863158	0.205263	1	142.06	122.427	-2.06364e-05	4.65237e-06	117.495	86.5	0	2	0	1	
65	0.0863158	0.226316	1	135.363	147.868	4.67216e-06	-1.06761e-05	148.77	86.5	0	2	0	1	
65	0.0863158	0.247368	1	127.551	169.057	4.62687e-06	2.98124e-06	174.923	86.5	0	2	0	1	
65	0.0863158	0.268421	1	118.502	187.742	3.57114e-05	-8.59749e-06	197.984	86.5	0	2	0	1	
65	0.0863158	0.289474	1	107.857	204.43	-9.24559e-07	-3.20743e-05	218.892	86.5	0	2	0	1	
65	0.0863158	0.310526	1	94.8574	219.406	-2.2263e-05	-1.19055e-05	238.169	86.5	0	2	0	1	
65	0.0863158	0.331579	1	77.6113	232.684	2.5092e-05	-4.28351e-05	256.096	86.5	0	2	0	1	
65	0.0863158	0.352632	1	46.8072	-243.571	1.37473e-05	3.71851e-06	272.897	86.5	0	2	0	1	
65	0.0863158	0.373684	-2	0	0	0	0	0	86.5	0	2	0	1	
65	0.0863158	0.394737	-2	0	0	0	0	0	86.5	0	2	0	1	
65	0.0863158	0.415789	-2	0	0	0	0	0	86.5	0	2	0	1	
65	0.0863158	0.436842	-2	0	0	0	0	0	86.5	0	2	0	1	
65	0.0863158	0.457895	-2	0	0	0	0	0	86.5	0	2	0	1	
65	0.0863158	0.478947	-3	0	0	0	0	0	86.5	0	2	0	1	
65	0.0863158	0.5	-3	0	0	0	0	0	86.5	0	2	0	1	
65	0.101579	0.1	1	149.881	69.5484	3.18304e-06	1.09539e-05	5.7977e-06	86.5	0	2	0	1	
65	0.101579	0.121053	1	149.742	69.486	1.15471e-05	-1.6405e-07	-5.445e-06	86.5	0	2	0	1	
65	0.101579	0.142105	1	149.585	69.4796	2.2456e-06	-2.44438e-05	1.71826e-05	86.5	0	2	0	1	
65	0.101579	0.163158	1	149.389	69.7473	-1.13998e-05	-7.25575e-06	2.53813e-05	86.5	0	2	0	1	
65	0.101579	0.184211	1	148.157	83.2247	-3.94014e-06	-1.47956e-05	61.9587	86.5	0	2	0	1	
65	0.101579	0.205263	1	143.489	115.271	-2.29013e-05	-1.04483e-05	104.29	86.5	0	2	0	1	
65	0.101579	0.226316	1	137.583	140.544	-2.7926e-05	-1.62534e-05	133.864	86.5	0	2	0	1	
65	0.101579	0.247368	1	130.747	160.937	8.27647e-05	-1.29325e-06	158.313	86.5	0	2	0	1	
65	0.101579	0.268421	1	122.925	179.116	-2.55087e-05	6.13683e-06	179.764	86.5	0	2	0	1	
65	0.101579	0.289474	1	113.929	195.398	-1.54381e-05	-7.98643e-06	199.163	86.5	0	2	0	1	
65	0.101579	0.310526	1	103.361	210.118	1.40147e-06	1.05077e-05	217.028	86.5	0	2	0	1	
65	0.101579	0.331579	1	90.4049	223.42	-1.22887e-05	6.77464e-06	233.678	86.5	0	2	0	1	
65	0.101579	0.352632	1	72.9595	235.221	-3.10995e-05	3.486e-06	249.275	86.5	0	2	0	1	
65	0.101579	0.373684	1	37.9107	244.597	8.04384e-06	1.43917e-05	263.987	86.5	0	2	0	1	
65	0.101579	0.394737	-2	0	0	0	0	0	86.5	0	2	0	1	
65	0.101579	0.415789	-2	0	0	0	0	0	86.5	0	2	0	1	
65	0.101579	0.436842	-2	0	0	0	0	0	86.5	0	2	0	1	
65	0.101579	0.457895	-2	0	0	0	0	0	86.5	0	2	0	1	
65	0.101579	0.478947	-2	0	0	0	0	0	86.5	0	2	0	1	
65	0.101579	0.5	-2	0	0	0	0	0	86.5	0	2	0	1	
65	0.116842	0.1	1	149.888	69.5329	-9.33046e-06	-1.82535e-05	1.03678e-06	86.5	0	2	0	1	
65	0.116842	0.121053	1	149.751	69.463	2.75157e-06	5.12051e-06	1.57347e-05	86.5	0	2	0	1	
65	0.116842	0.142105	1	149.597	69.4428	3.06134e-05	-7.18927e-06	-1.57669e-05	86.5	0	2	0	1	
65	0.116842	0.163158	1	149.407	69.6743	2.64956e-06	-5.45279e-06	-3.05073e-05	86.5	0	2	0	1	
65	0.116842	0.184211	1	148.643	77.7974	2.46229e-06	-1.24528e-05	50.5586	86.5	0	2	0	1	
65	0.116842	0.205263	1	144.604	109.048	4.40494e-05	-1.00265e-05	93.5137	86.5	0	2	0	1	
65	0.116842	0.226316	1	139.304	133.782	-3.79142e-05	-3.80259e-06	121.888	86.5	0	2	0	1	
65	0.116842	0.247368	1	133.189	154.07	6.46045e-06	1.34243e-05	145.044	86.5	0	2	0	1	
65	0.116842	0.268421	1	126.245	171.837	-2.22457e-05	2.55379e-05	165.245	86.5	0	2	0	1	
65	0.116842	0.289474	1	118.372	187.767	1.84662e-06	2.41522e-05	183.461	86.5	0	2	0	1	
65	0.116842	0.310526	1	109.333	202.222	-4.29197e-06	-1.44306e-05	200.208	86.5	0	2	0	1	
65	0.116842	0.331579	1	98.6817	215.393	-3.27653e-05	-2.18198e-06	215.803	86.5	0	2	0	1	
65	0.116842	0.352632	1	85.4954	227.333	-3.0795e-05	7.63924e-05	230.468	86.5	0	2	0	1	
65	0.116842	0.373684	1	67.2061	237.87	-5.09477e-05	2.49601e-06	244.256	86.5	0	2	0	1	
65	0.116842	0.394737	-2	0	0	0	0	0	86.5	0	2	0	1	
65	0.116842	0.415789	-2	0	0	0	0	0	86.5	0	2	0	1	
65	0.116842	0.436842	-2	0	0	0	0	0	86.5	0	2	0	1	
65	0.116842	0.457895	-2	0	0	0	0	0	86.5	0	2	0	1	
65	0.116842	0.478947	-2	0	0	0	0	0	86.5	0	2	0	1	
65	0.116842	0.5	-2	0	0	0	0	0	86.5	0	2	0	1	
65	0.132105	0.1	1	149.894	69.5179	1.21039e-05	-7.6449e-06	-1.74065e-05	86.5	0	2	0	1	
65	0.132105	0.121053	1	149.759	69.4409	-8.16564e-06	-1.33806e-05	-1.27988e-05	86.5	0	2	0	1	
65	0.132105	0.142105	1	149.609	69.408	-7.51881e-06	-1.03827e-05	-1.11764e-06	86.5	0	2	0	1	
65	0.132105	0.163158	1	149.424	69.6091	-1.49296e-05	1.79099e-06	-2.2453e-05	86.5	0	2	0	1	
65	0.132105	0.184211	1	148.973	73.5171	3.16693e-05	4.73121e-07	39.2934	86.5	0	2	0	1	
65	0.132105	0.205263	1	145.504	103.494	5.62152e-05	-2.46983e-06	84.3992	86.5	0	2	0	1	
65	0.132105	0.226316	1	140.692	127.974	-2.162e-05	-1.53465e-05	111.947	86.5	0	2	0	1	
65	0.132105	0.247368	1	135.134	148.134	-2.96828e-06	1.98022e-06	134.101	86.5	0	2	0	1	
65	0.132105	0.268421	1	128.854	165.523	-8.04276e-05	-5.14879e-06	153.308	86.5	0	2	0	1	
65	0.132105	0.289474	1	121.804	181.17	-1.83403e-05	-9.19808e-07	170.57	86.5	0	2	0	1	
65	0.132105	0.310526	1	113.832	195.381	-3.27393e-06	1.85246e-06	186.41	86.5	0	2	0	1	
65	0.132105	0.331579	1	104.66	208.385	1.90854e-05	-9.47497e-06	201.145	86.5	0	2	0	1	
65	0.132105	0.352632	1	93.7788	220.287	-2.68711e-05	1.3629e-05	214.978	86.5	0	2	0	1	
65	0.132105	0.373684	1	80.0797	231.074	-1.389e-05	-2.72725e-05	228.042	86.5	0	2	0	1	
65	0.132105	0.394737	1	60.0617	240.469	-5.53258e-06	-8.90517e-07	240.426	86.5	0	2	0	1	
65	0.132105	0.415789	-2	0	0	0	0	0	86.5	0	2	0	1	
65	0.132105	0.436842	-2	0	0	0	0	0	86.5	0	2	0	1	
65	0.132105	0.457895	-2	0	0	0	0	0	86.5	0	2	0	1	
65	0.132105	0.478947	-2	0	0	0	0	0	86.5	0	2	0	1	
65	0.132105	0.5	-2	0	0	0	0	0	86.5	0	2	0	1	
65	0.147368	0.1	1	149.9	69.5033	1.7796e-06	1.61845e-05	7.55975e-06	86.5	0	2	0	1	
65	0.147368	0.121053	1	149.768	69.4196	4.60816e-06	-1.71526e-05	5.07324e-06	86.5	0	2	0	1	
65	0.147368	0.142105	1	149.62	69.375	2.2917e-05	1.34679e-05	7.86645e-06	86.5	0	2	0	1	
65	0.147368	0.163158	1	149.44	69.5501	-1.71416e-06	-1.17714e-05	2.78662e-06	86.5	0	2	0	1	
65	0.147368	0.184211	3	149.167	70.7413	-6.54663e-06	-1.63256e-05	26.0885	86.5	0	2	0	1	
65	0.147368	0.205263	1	146.245	98.4442	-4.32134e-06	1.14702e-05	76.4641	86.5	0	2	0	1	
65	0.147368	0.226316	1	141.842	122.778	-5.0721e-05	1.89904e-05	103.481	86.5	0	2	0	1	
65	0.147368	0.247368	1	136.728	143.038	2.1672e-05	5.90042e-06	124.853	86.5	0	2	0	1	
65	0.147368	0.268421	1	130.977	159.945	3.44116e-05	1.31956e-05	143.253	86.5	0	2	0	1	
65	0.147368	0.289474	1	124.559	175.367	-1.44537e-05	3.93958e-05	159.731	86.5	0	2	0	1	
65	0.147368	0.310526	1	117.38	189.354	-4.35849e-06	-2.09731e-06	174.82	86.5	0	2	0	1	
65	0.147368	0.331579	1	109.255	202.19	1.25953e-05	-8.3801e-07	188.838	86.5	0	2	0	1	
65	0.147368	0.352632	1	99.8608	214	9.7759e-06	2.03301e-05	201.99	86.5	0	2	0	1	
65	0.147368	0.373684	1	88.5893	224.83	2.34404e-05	-4.81147e-06	214.414	86.5	0	2	0	1	
65	0.147368	0.394737	1	74.0265	234.602	-1.90868e-05	-4.79818e-06	226.196	86.5	0	2	0	1	
65	0.147368	0.415789	1	50.5887	242.878	9.55799e-06	1.22195e-05	237.418	86.5	0	2	0	1	
65	0.147368	0.436842	-2	0	0	0	0	0	86.5	0	2	0	1	
65	0.147368	0.457895	-2	0	0	0	0	0	86.5	0	2	0	1	
65	0.147368	0.478947	-2	0	0	0	0	0	86.5	0	2	0	1	
65	0.147368	0.5	-2	0	0	0	0	0	86.5	0	2	0	1	
65	0.162632	0.1	1	149.906	69.489	-5.91755e-06	2.44151e-05	-1.66122e-05	86.5	0	2	0	1	
65	0.162632	0.121053	1	149.776	69.3989	-5.20618e-06	-7.77535e-06	2.1827e-06	86.5	0	2	0	1	
65	0.162632	0.142105	1	149.631	69.3435	8.26713e-06	1.59695e-06	1.49789e-05	86.5	0	2	0	1	
65	0.162632	0.163158	1	149.456	69.4959	1.56149e-05	-4.29839e-06	1.25331e-05	86.5	0	2	0	1	
65	0.162632	0.184211	-2	0	0	0	0	0	86.5	0	2	0	1	
65	0.162632	0.205263	1	146.865	93.7928	-3.44212e-05	-2.04101e-05	69.3871	86.5	0	2	0	1	
65	0.162632	0.226316	1	142.815	118.047	-2.8641e-05	-9.3467e-06	96.1236	86.5	0	2	0	1	
65	0.162632	0.247368	1	138.065	138.102	1.12173e-05	-4.01058e-06	116.883	86.5	0	2	0	1	
65	0.162632	0.268421	1	132.747	154.955	3.53747e-05	3.94909e-06	134.62	86.5	0	2	0	1	
65	0.162632	0.289474	1	126.835	170.146	-2.57296e-05	1.0544e-05	150.443	86.5	0	2	0	1	
65	0.162632	0.310526	1	120.274	183.976	-3.21741e-06	2.36249e-05	164.901	86.5	0	2	0	1	
65	0.162632	0.331579	1	112.933	196.65	2.32142e-06	4.66521e-05	178.312	86.5	0	2	0	1	
65	0.162632	0.352632	1	104.595	208.351	2.1882e-05	-2.80074e-05	190.883	86.5	0	2	0	1	
65	0.162632	0.373684	1	94.8789	219.147	-8.05967e-06	-1.25697e-05	202.754	86.5	0	2	0	1	
65	0.162632	0.394737	1	83.0217	229.042	-3.86897e-05	-1.34938e-05	214.027	86.5	0	2	0	1	
65	0.162632	0.415789	1	67.0745	237.882	1.25009e-05	-4.7866e-05	224.749	86.5	0	2	0	1	
65	0.162632	0.436842	1	34.2841	244.759	-2.80806e-06	9.13061e-06	234.999	86.5	0	2	0	1	
65	0.162632	0.457895	-2	0	0	0	0	0	86.5	0	2	0	1	
65	0.162632	0.478947	-2	0	0	0	0	0	86.5	0	2	0	1	
65	0.162632	0.5	-2	0	0	0	0	0	86.5	0	2	0	1	
65	0.177895	0.1	1	149.912	69.475	-1.1508e-05	1.88609e-05	-1.43211e-05	86.5	0	2	0	1	
65	0.177895	0.121053	1	149.783	69.379	8.66864e-06	-2.03812e-05	-2.45859e-06	86.5	0	2	0	1	
65	0.177895	0.142105	1	149.642	69.3135	5.19389e-06	-3.05705e-06	-1.60928e-05	86.5	0	2	0	1	
65	0.177895	0.163158	1	149.471	69.4458	6.37481e-06	4.40328e-06	-9.78463e-06	86.5	0	2	0	1	
65	0.177895	0.184211	1	149.257	69.7982	-3.32633e-05	-2.67792e-06	-2.08148e-05	86.5	0	2	0	1	
65	0.177895	0.205263	1	147.388	89.4704	1.84319e-06	1.92905e-05	62.9641	86.5	0	2	0	1	
65	0.177895	0.226316	-2	0	0	0	0	0	86.5	0	2	0	1	
65	0.177895	0.247368	1	139.215	133.58	-7.31225e-05	-6.56084e-06	109.904	86.5	0	2	0	1	
65	0.177895	0.268421	1	134.255	150.443	-2.64946e-05	1.87769e-05	127.092	86.5	0	2	0	1	
65	0.177895	0.289474	1	128.757	165.43	-9.43222e-05	-3.30438e-05	142.362	86.5	0	2	0	1	
65	0.177895	0.310526	1	122.692	179.103	2.9444e-05	2.0825e-05	156.28	86.5	0	2	0	1	
65	0.177895	0.331579	1	115.966	191.644	4.48587e-05	4.94847e-05	169.171	86.5	0	2	0	1	
65	0.177895	0.352632	1	108.424	203.233	-2.11174e-05	6.64404e-05	181.243	86.5	0	2	0	1	
65	0.177895	0.373684	1	99.8029	213.97	-4.1217e-05	-2.14454e-05	192.635	86.5	0	2	0	1	
65	0.177895	0.394737	1	89.6376	223.888	2.42917e-06	-1.06667e-05	203.448	86.5	0	2	0	1	
65	0.177895	0.415789	1	76.9354	232.938	-2.87188e-05	-2.52288e-05	213.754	86.5	0	2	0	1	
65	0.177895	0.436842	1	58.6677	240.87	4.96996e-05	2.44423e-05	223.587	86.5	0	2	0	1	
65	0.177895	0.457895	-2	0	0	0	0	0	86.5	0	2	0	1	
65	0.177895	0.478947	-2	0	0	0	0	0	86.5	0	2	0	1	
65	0.177895	0.5	-2	0	0	0	0	0	86.5	0	2	0	1	
65	0.193158	0.1	1	149.917	69.4614	1.70505e-05	-5.32248e-06	-2.02804e-05	86.5	0	2	0	1	
65	0.193158	0.121053	1	149.791	69.3597	4.66577e-06	-1.30684e-05	1.19287e-05	86.5	0	2	0	1	
65	0.193158	0.142105	1	149.652	69.2847	1.14662e-05	5.0207e-06	-1.49842e-06	86.5	0	2	0	1	
65	0.193158	0.163158	1	149.485	69.3993	2.28651e-06	2.39184e-06	-5.95422e-06	86.5	0	2	0	1	
65	0.193158	0.184211	1	149.28	69.6978	-2.02551e-05	1.76723e-05	9.84517e-06	86.5	0	2	0	1	
65	0.193158	0.205263	1	147.832	85.4292	-4.09823e-05	-6.80547e-06	56.9844	86.5	0	2	0	1	
65	0.193158	0.226316	-2	0	0	0	0	0	86.5	0	2	0	1	
65	0.193158	0.247368	-2	0	0	0	0	0	86.5	0	2	0	1	
65	0.193158	0.268421	1	135.558	146.347	8.24481e-05	-4.64199e-07	120.442	86.5	0	2	0	1	
65	0.193158	0.289474	1	130.409	161.121	2.87244e-05	-2.47874e-05	135.239	86.5	0	2	0	1	
65	0.193158	0.310526	1	124.753	174.647	-1.92774e-05	8.8167e-06	148.693	86.5	0	2	0	1	
65	0.193158	0.331579	1	118.525	187.099	2.19646e-05	2.22128e-05	161.133	86.5	0	2	0	1	
65	0.193158	0.352632	1	111.607	198.56	3.66862e-05	5.44277e-06	172.769	86.5	0	2	0	1	
65	0.193158	0.373684	1	103.811	209.225	3.29812e-05	5.08827e-06	183.743	86.5	0	2	0	1	
65	0.193158	0.394737	1	94.8244	219.125	-1.48059e-06	-7.73117e-06	194.155	86.5	0	2	0	1	
65	0.193158	0.415789	1	84.0502	228.257	1.44233e-06	1.3692e-05	204.078	86.5	0	2	0	1	
65	0.193158	0.436842	1	70.098	236.518	-8.80933e-06	-1.60394e-05	213.555	86.5	0	2	0	1	
65	0.193158	0.457895	1	47.2436	243.471	2.1307e-05	-8.80005e-06	222.638	86.5	0	2	0	1	
65	0.193158	0.478947	-2	0	0	0	0	0	86.5	0	2	0	1	
65	0.193158	0.5	-2	0	0	0	0	0	86.5	0	2	0	1	
65	0.208421	0.1	1	149.923	69.448	1.12916e-06	1.48945e-05	4.14918e-06	86.5	0	2	0	1	
65	0.208421	0.121053	1	149.799	69.3408	9.29872e-06	-1.47805e-05	1.37645e-05	86.5	0	2	0	1	
65	0.208421	0.142105	1	149.662	69.257	-5.51525e-06	-2.65911e-05	1.3235e-05	86.5	0	2	0	1	
65	0.208421	0.163158	1	149.499	69.3557	-2.975e-05	-4.34802e-06	-3.16147e-05	86.5	0	2	0	1	
65	0.208421	0.184211	1	149.3	69.6103	2.68075e-05	7.48399e-06	-2.22501e-05	86.5	0	2	0	1	
65	0.208421	0.205263	1	148.204	81.69	8.02374e-05	6.65405e-06	50.9893	86.5	0	2	0	1	
65	0.208421	0.226316	-2	0	0	0	0	0	86.5	0	2	0	1	
65	0.208421	0.247368	-2	0	0	0	0	0	86.5	0	2	0	1	
65	0.208421	0.268421	-2	0	0	0	0	0	86.5	0	2	0	1	
65	0.208421	0.289474	1	131.849	157.152	-6.22945e-06	1.61527e-05	128.895	86.5	0	2	0	1	
65	0.208421	0.310526	1	126.538	170.549	-8.04578e-05	-5.12247e-06	141.943	86.5	0	2	0	1	
65	0.208421	0.331579	1	120.721	182.872	-9.16896e-06	6.37115e-06	153.989	86.5	0	2	0	1	
65	0.208421	0.352632	1	114.309	194.265	3.52677e-06	-6.47348e-07	165.244	86.5	0	2	0	1	
65	0.208421	0.373684	1	107.157	204.859	-4.08371e-05	-1.95857e-05	175.849	86.5	0	2	0	1	
65	0.208421	0.394737	1	99.0518	214.715	1.66971e-05	2.35781e-05	185.905	86.5	0	2	0	1	
65	0.208421	0.415789	1	89.5883	223.871	-5.96652e-06	3.45454e-06	195.487	86.5	0	2	0	1	
65	0.208421	0.436842	1	77.9775	232.28	1.04421e-07	-8.54389e-06	204.651	86.5	0	2	0	1	
65	0.208421	0.457895	1	62.0622	239.763	-1.19998e-05	-2.31166e-05	213.418	86.5	0	2	0	1	
65	0.208421	0.478947	1	9.35688	245.574	2.39766e-06	2.50011e-06	221.843	86.5	0	2	0	1	
65	0.208421	0.5	-2	0	0	0	0	0	86.5	0	2	0	1	
65	0.223684	0.1	1	149.928	69.4349	-1.05933e-06	-2.73634e-05	1.20979e-05	86.5	0	2	0	1	
65	0.223684	0.121053	1	149.806	69.3225	2.32281e-06	-1.38569e-05	-1.04966e-05	86.5	0	2	0	1	
65	0.223684	0.142105	1	149.672	69.2304	2.43689e-05	-3.1238e-06	1.77188e-05	86.5	0	2	0	1	
65	0.223684	0.163158	1	149.512	69.3147	9.41047e-06	7.1607e-06	-3.71911e-06	86.5	0	2	0	1	
65	0.223684	0.184211	1	149.32	69.5324	-4.47885e-06	-1.34215e-05	-5.68628e-07	86.5	0	2	0	1	
65	0.223684	0.205263	1	148.511	78.2984	-1.09925e-05	-1.81472e-05	45.168	86.5	0	2	0	1	
65	0.223684	0.226316	-2	0	0	0	0	0	86.5	0	2	0	1	
65	0.223684	0.247368	-2	0	0	0	0	0	86.5	0	2	0	1	
65	0.223684	0.268421	-2	0	0	0	0	0	86.5	0	2	0	1	
65	0.223684	0.289474	1	133.116	153.485	-3.86227e-05	1.07822e-05	123.191	86.5	0	2	0	1	
65	0.223684	0.310526	1	128.104	166.751	-2.89005e-05	9.22425e-06	135.885	86.5	0	2	0	1	
65	0.223684	0.331579	1	122.634	178.971	5.06532e-06	-8.80103e-06	147.583	86.5	0	2	0	1	
65	0.223684	0.352632	1	116.641	190.302	-1.29121e-05	-1.35531e-05	158.499	86.5	0	2	0	1	
65	0.223684	0.373684	1	110.018	200.804	8.86661e-06	1.49287e-05	168.776	86.5	0	2	0	1	
65	0.223684	0.394737	1	102.594	210.618	1.64734e-05	1.57068e-06	178.516	86.5	0	2	0	1	
65	0.223684	0.415789	1	94.0924	219.768	-8.40174e-06	2.14678e-05	187.793	86.5	0	2	0	1	
65	0.223684	0.436842	1	84.0039	228.246	2.96587e-05	7.17318e-06	196.663	86.5	0	2	0	1	
65	0.223684	0.457895	1	71.1986	235.967	1.64193e-05	-5.37502e-06	205.162	86.5	0	2	0	1	
65	0.223684	0.478947	1	51.7377	242.618	4.6555e-05	1.31135e-05	213.32	86.5	0	2	0	1	
65	0.223684	0.5	-2	0	0	0	0	0	86.5	0	2	0	1	
65	0.238947	0.1	1	149.934	69.4221	6.05192e-06	-1.76233e-05	-4.20736e-06	86.5	0	2	0	1	
65	0.238947	0.121053	1	149.813	69.3048	-1.50872e-05	-7.88476e-06	-4.49006e-07	86.5	0	2	0	1	
65	0.238947	0.142105	1	149.681	69.2049	-7.07318e-06	-8.37349e-06	-3.43769e-06	86.5	0	2	0	1	
65	0.238947	0.163158	1	149.525	69.2759	-8.94485e-06	-8.39755e-06	-2.43047e-05	86.5	0	2	0	1	
65	0.238947	0.184211	1	149.338	69.4622	-2.17296e-05	-2.95095e-06	-2.67633e-05	86.5	0	2	0	1	
65	0.238947	0.205263	1	148.767	75.1662	-2.39142e-05	5.61039e-06	39.2322	86.5	0	2	0	1	
65	0.238947	0.226316	-2	0	0	0	0	0	86.5	0	2	0	1	
65	0.238947	0.247368	-2	0	0	0	0	0	86.5	0	2	0	1	
65	0.238947	0.268421	-2	0	0	0	0	0	86.5	0	2	0	1	
65	0.238947	0.289474	-2	0	0	0	0	0	86.5	0	2	0	1	
65	0.238947	0.310526	1	129.493	163.211	2.16132e-05	-2.44083e-06	130.404	86.5	0	2	0	1	
65	0.238947	0.331579	1	124.32	175.341	5.80028e-06	-1.80574e-05	141.793	86.5	0	2	0	1	
65	0.238947	0.352632	1	118.682	186.58	-9.27779e-05	-2.03278e-05	152.407	86.5	0	2	0	1	
65	0.238947	0.373684	1	112.493	197.037	-2.85212e-05	1.46042e-05	162.391	86.5	0	2	0	1	
65	0.238947	0.394737	1	105.624	206.794	-4.28359e-06	-1.57171e-05	171.847	86.5	0	2	0	1	
65	0.238947	0.415789	1	97.8624	215.925	1.5815e-05	-1.6399e-05	180.85	86.5	0	2	0	1	
65	0.238947	0.436842	1	88.8684	224.426	8.25121e-06	2.85503e-05	189.455	86.5	0	2	0	1	
65	0.238947	0.457895	1	77.9343	232.273	-6.31438e-06	1.77278e-05	197.707	86.5	0	2	0	1	
65	0.238947	0.478947	1	63.3047	239.307	1.45446e-05	3.40335e-06	205.624	86.5	0	2	0	1	
65	0.238947	0.5	1	34.0436	244.774	1.37799e-06	3.73189e-05	213.252	86.5	0	2	0	1	
65	0.254211	0.1	1	149.939	69.4096	1.01999e-05	1.57069e-05	-6.33811e-06	86.5	0	2	0	1	
65	0.254211	0.121053	1	149.82	69.2875	-9.95043e-06	9.68279e-06	7.78435e-06	86.5	0	2	0	1	
65	0.254211	0.142105	1	149.691	69.1801	-5.53683e-06	1.2548e-05	2.08392e-05	86.5	0	2	0	1	
65	0.254211	0.163158	1	149.537	69.2391	-1.62598e-06	-4.79111e-06	2.19939e-06	86.5	0	2	0	1	
65	0.254211	0.184211	1	149.356	69.3982	-2.29026e-05	6.49664e-06	-3.144e-05	86.5	0	2	0	1	
65	0.254211	0.205263	1	148.961	72.603	5.58975e-05	1.13898e-05	32.8357	86.5	0	2	0	1	
65	0.254211	0.226316	-2	0	0	0	0	0	86.5	0	2	0	1	
65	0.254211	0.247368	-2	0	0	0	0	0	86.5	0	2	0	1	
65	0.254211	0.268421	-2	0	0	0	0	0	86.5	0	2	0	1	
65	0.254211	0.289474	-2	0	0	0	0	0	86.5	0	2	0	1	
65	0.254211	0.310526	-2	0	0	0	0	0	86.5	0	2	0	1	
65	0.254211	0.331579	1	125.822	171.942	-3.32322e-05	1.46014e-05	136.524	86.5	0	2	0	1	
65	0.254211	0.352632	1	120.488	183.106	-9.11589e-06	-6.00433e-06	146.867	86.5	0	2	0	1	
65	0.254211	0.373684	1	114.666	193.523	2.60644e-05	1.25552e-05	156.588	86.5	0	2	0	1	
65	0.254211	0.394737	1	108.252	203.219	9.81675e-07	-1.238e-05	165.788	86.5	0	2	0	1	
65	0.254211	0.415789	1	101.086	212.316	-2.34599e-06	-1.2076e-06	174.543	86.5	0	2	0	1	
65	0.254211	0.436842	1	92.9141	220.825	-2.14484e-05	-6.06672e-07	182.909	86.5	0	2	0	1	
65	0.254211	0.457895	1	83.2718	228.734	-1.28854e-05	7.17698e-06	190.929	86.5	0	2	0	1	
65	0.254211	0.478947	1	71.1591	235.963	-4.54809e-06	-2.25334e-06	198.637	86.5	0	2	0	1	
65	0.254211	0.5	1	53.3389	242.253	2.59508e-05	-1.459e-05	206.042	86.5	0	2	0	1	
65	0.269474	0.1	1	149.945	69.3973	5.17653e-06	-2.26924e-05	-1.28376e-05	86.5	0	2	0	1	
65	0.269474	0.121053	1	149.827	69.2706	3.69766e-06	-6.444e-07	-5.36541e-06	86.5	0	2	0	1	
65	0.269474	0.142105	1	149.7	69.1563	9.59072e-06	1.55054e-05	-1.8627e-05	86.5	0	2	0	1	
65	0.269474	0.163158	1	149.55	69.2042	7.70174e-06	-2.00527e-05	-1.68131e-05	86.5	0	2	0	1	
65	0.269474	0.184211	1	149.373	69.3392	-1.83044e-05	-1.43359e-05	-3.17231e-05	86.5	0	2	0	1	
65	0.269474	0.205263	3	149.096	70.7122	3.93927e-05	-3.38657e-06	25.2045	86.5	0	2	0	1	
65	0.269474	0.226316	-2	0	0	0	0	0	86.5	0	2	0	1	
65	0.269474	0.247368	-2	0	0	0	0	0	86.5	0	2	0	1	
65	0.269474	0.268421	-2	0	0	0	0	0	86.5	0	2	0	1	
65	0.269474	0.289474	-2	0	0	0	0	0	86.5	0	2	0	1	
65	0.269474	0.310526	-2	0	0	0	0	0	86.5	0	2	0	1	
65	0.269474	0.331579	1	127.171	168.747	4.77828e-05	2.41445e-05	131.701	86.5	0	2	0	1	
65	0.269474	0.352632	1	122.102	179.844	1.10361e-05	-1.49014e-05	141.8	86.5	0	2	0	1	
65	0.269474	0.373684	1	116.594	190.189	9.06836e-06	9.78745e-06	151.282	86.5	0	2	0	1	
65	0.269474	0.394737	1	110.565	199.86	-2.40089e-05	-2.01381e-05	160.25	86.5	0	2	0	1	
65	0.269474	0.415789	1	103.892	208.915	-9.74514e-06	-4.10657e-05	168.779	86.5	0	2	0	1	
65	0.269474	0.436842	1	96.3691	217.419	-4.9994e-06	1.98049e-05	176.927	86.5	0	2	0	1	
65	0.269474	0.457895	1	87.6827	225.356	-1.35314e-05	-8.79881e-06	184.736	86.5	0	2	0	1	
65	0.269474	0.478947	1	77.1774	232.699	4.7021e-05	-7.55872e-06	192.242	86.5	0	2	0	1	
65	0.269474	0.5	1	63.2709	239.304	3.29809e-06	5.76425e-06	199.459	86.5	0	2	0	1	
65	0.284737	0.1	1	149.95	69.3853	-5.79305e-06	-1.31817e-05	7.11754e-06	86.5	0	2	0	1	
65	0.284737	0.121053	1	149.834	69.2541	5.61642e-06	-1.31794e-05	-9.44908e-06	86.5	0	2	0	1	
65	0.284737	0.142105	1	149.709	69.1332	4.43711e-06	-1.06248e-05	-1.74629e-05	86.5	0	2	0	1	
65	0.284737	0.163158	1	149.561	69.1708	-1.20899e-06	-8.4901e-06	-2.15371e-05	86.5	0	2	0	1	
65	0.284737	0.184211	1	149.389	69.2846	-1.78767e-05	1.39357e-05	2.47753e-06	86.5	0	2	0	1	
65	0.284737	0.205263	2	149.172	69.7151	1.03271e-05	-6.61179e-06	12.5192	86.5	0	2	0	1	
65	0.284737	0.226316	-2	0	0	0	0	0	86.5	0	2	0	1	
65	0.284737	0.247368	-2	0	0	0	0	0	86.5	0	2	0	1	
65	0.284737	0.268421	-2	0	0	0	0	0	86.5	0	2	0	1	
65	0.284737	0.289474	-2	0	0	0	0	0	86.5	0	2	0	1	
65	0.284737	0.310526	-2	0	0	0	0	0	86.5	0	2	0	1	
65	0.284737	0.331579	-2	0	0	0	0	0	86.5	0	2	0	1	
65	0.284737	0.352632	1	123.555	176.766	3.77733e-06	-1.98498e-05	137.14	86.5	0	2	0	1	
65	0.284737	0.373684	1	118.321	187.054	4.42564e-06	-3.16081e-06	146.405	86.5	0	2	0	1	
65	0.284737	0.394737	1	112.621	196.701	2.76198e-05	-3.74734e-05	155.161	86.5	0	2	0	1	
65	0.284737	0.415789	1	106.355	205.713	4.32304e-05	1.85709e-06	163.485	86.5	0	2	0	1	
65	0.284737	0.436842	1	99.3682	214.194	1.01291e-05	2.5659e-05	171.433	86.5	0	2	0	1	
65	0.284737	0.457895	1	91.4164	222.146	-4.84501e-06	3.41909e-05	179.05	86.5	0	2	0	1	
65	0.284737	0.478947	1	82.058	229.551	1.22246e-05	-2.47941e-05	186.368	86.5	0	2	0	1	
65	0.284737	0.5	1	70.3503	236.332	1.64159e-05	4.96156e-06	193.429	86.5	0	2	0	1	
65	0.3	0.1	1	149.955	69.3734	4.79028e-06	-1.33247e-05	1.41247e-06	86.5	0	2	0	1	
65	0.3	0.121053	1	149.841	69.2379	5.40629e-07	1.77442e-05	1.25167e-05	86.5	0	2	0	1	
65	0.3	0.142105	1	149.718	69.1109	9.05891e-06	9.88286e-06	1.76534e-05	86.5	0	2	0	1	
65	0.3	0.163158	1	149.573	69.1387	-9.00451e-06	6.42005e-06	1.5199e-05	86.5	0	2	0	1	
65	0.3	0.184211	1	149.405	69.2336	-2.6221e-05	5.92756e-06	-8.51805e-06	86.5	0	2	0	1	
65	0.3	0.205263	1	149.195	69.618	-2.15034e-05	-2.57327e-07	-2.14519e-05	86.5	0	2	0	1	
65	0.3	0.226316	1	147.654	86.3508	1.34467e-05	8.04636e-06	53.5123	86.5	0	2	0	1	
65	0.3	0.247368	-2	0	0	0	0	0	86.5	0	2	0	1	
65	0.3	0.268421	-2	0	0	0	0	0	86.5	0	2	0	1	
65	0.3	0.289474	-2	0	0	0	0	0	86.5	0	2	0	1	
65	0.3	0.310526	-2	0	0	0	0	0	86.5	0	2	0	1	
65	0.3	0.331579	-2	0	0	0	0	0	86.5	0	2	0	1	
65	0.3	0.352632	1	124.873	173.854	2.58205e-05	1.41981e-05	132.835	86.5	0	2	0	1	
65	0.3	0.373684	1	119.879	184.09	-2.32478e-05	-1.87314e-05	141.902	86.5	0	2	0	1	
65	0.3	0.394737	1	114.465	193.682	-2.84551e-06	-1.84737e-06	150.464	86.5	0	2	0	1	
65	0.3	0.415789	1	108.549	202.681	-4.10437e-06	1.1449e-07	158.599	86.5	0	2	0	1	
65	0.3	0.436842	1	102.007	211.136	2.34459e-05	-3.96998e-05	166.364	86.5	0	2	0	1	
65	0.3	0.457895	1	94.6485	219.088	2.99656e-05	-5.56127e-05	173.803	86.5	0	2	0	1	
65	0.3	0.478947	1	86.1587	226.526	4.91893e-05	2.57768e-05	180.949	86.5	0	2	0	1	
65	0.3	0.5	1	75.9039	233.417	9.74552e-06	-2.14471e-05	187.831	86.5	0	2	0	1	
