65	0.01	0.1	1	162.355	40.9419	-9.98728e-06	1.67955e-05	-3.53368e-06	173	3	2	0	1	
65	0.01	0.113793	1	162.23	40.9198	-1.09805e-07	-3.13593e-06	-1.05318e-05	173	3	2	0	1	
65	0.01	0.127586	1	162.094	40.9305	9.60689e-06	8.21091e-06	4.77556e-06	173	3	2	0	1	
65	0.01	0.141379	1	161.945	41.027	-8.51323e-06	1.68417e-05	-3.11038e-05	173	3	2	0	1	
65	0.01	0.155172	1	161.754	41.2993	5.59925e-05	-1.15955e-05	-2.81325e-05	173	3	2	0	1	
65	0.01	0.168966	1	150.051	129.455	9.27469e-06	1.01502e-05	225.487	173	3	2	0	1	
65	0.01	0.182759	1	130.876	-180.368	6.76628e-06	-7.8541e-06	327.643	173	3	2	0	1	
65	0.01	0.196552	1	104.327	-217.582	-4.61864e-05	-3.34707e-06	404.482	173	3	2	0	1	
65	0.01	0.210345	1	54.7163	244.886	-7.53619e-06	-2.25224e-06	466.824	173	3	2	0	1	
65	0.01	0.224138	-2	0	0	0	0	0	173	3	2	0	1	
65	0.01	0.237931	-3	0	0	0	0	0	173	3	2	0	1	
65	0.01	0.251724	-3	0	0	0	0	0	173	3	2	0	1	
65	0.01	0.265517	-3	0	0	0	0	0	173	3	2	0	1	
65	0.01	0.27931	-3	0	0	0	0	0	173	3	2	0	1	
65	0.01	0.293103	-3	0	0	0	0	0	173	3	2	0	1	
65	0.01	0.306897	-3	0	0	0	0	0	173	3	2	0	1	
65	0.01	0.32069	-3	0	0	0	0	0	173	3	2	0	1	
65	0.01	0.334483	-3	0	0	0	0	0	173	3	2	0	1	
65	0.01	0.348276	-3	0	0	0	0	0	173	3	2	0	1	
65	0.01	0.362069	-3	0	0	0	0	0	173	3	2	0	1	
65	0.01	0.375862	-3	0	0	0	0	0	173	3	2	0	1	
65	0.01	0.389655	-3	0	0	0	0	0	173	3	2	0	1	
65	0.01	0.403448	-3	0	0	0	0	0	173	3	2	0	1	
65	0.01	0.417241	-3	0	0	0	0	0	173	3	2	0	1	
65	0.01	0.431034	-3	0	0	0	0	0	173	3	2	0	1	
65	0.01	0.444828	-3	0	0	0	0	0	173	3	2	0	1	
65	0.01	0.458621	-3	0	0	0	0	0	173	3	2	0	1	
65	0.01	0.472414	-3	0	0	0	0	0	173	3	2	0	1	
65	0.01	0.486207	-3	0	0	0	0	0	173	3	2	0	1	
65	0.01	0.5	-3	0	0	0	0	0	173	3	2	0	1	
65	0.02	0.1	1	162.361	40.9344	1.33921e-05	1.58017e-05	2.2158e-06	173	3	2	0	1	
65	0.02	0.113793	1	162.238	40.9087	7.3172e-06	-1.80848e-05	-4.09569e-06	173	3	2	0	1	
65	0.02	0.127586	1	162.104	40.9134	-7.12746e-06	-1.51583e-06	6.11894e-06	173	3	2	0	1	
65	0.02	0.141379	4	161.958	40.9953	3.2078e-05	-3.96327e-06	-6.41594e-06	173	3	2	0	1	
65	0.02	0.155172	1	161.775	41.2196	-6.18596e-06	-5.08642e-06	-8.95014e-06	173	3	2	0	1	
65	0.02	0.168966	1	156.448	98.6503	-3.22013e-06	2.58936e-06	134.632	173	3	2	0	1	
65	0.02	0.182759	1	146.017	143.399	2.49353e-05	1.24417e-05	208.382	173	3	2	0	1	
65	0.02	0.196552	1	133.222	175.484	3.94184e-06	-2.5292e-06	263.474	173	3	2	0	1	
65	0.02	0.210345	1	117.439	-202.004	-3.51842e-06	-3.29236e-06	309.614	173	3	2	0	1	
65	0.02	0.224138	1	96.7839	224.397	8.13062e-06	-6.87364e-06	350.141	173	3	2	0	1	
65	0.02	0.237931	1	63.6251	242.607	1.24076e-05	-2.26126e-06	386.248	173	3	2	0	1	
65	0.02	0.251724	-2	0	0	0	0	0	173	3	2	0	1	
65	0.02	0.265517	-2	0	0	0	0	0	173	3	2	0	1	
65	0.02	0.27931	-2	0	0	0	0	0	173	3	2	0	1	
65	0.02	0.293103	-3	0	0	0	0	0	173	3	2	0	1	
65	0.02	0.306897	-3	0	0	0	0	0	173	3	2	0	1	
65	0.02	0.32069	-3	0	0	0	0	0	173	3	2	0	1	
65	0.02	0.334483	-3	0	0	0	0	0	173	3	2	0	1	
65	0.02	0.348276	-3	0	0	0	0	0	173	3	2	0	1	
65	0.02	0.362069	-3	0	0	0	0	0	173	3	2	0	1	
65	0.02	0.375862	-3	0	0	0	0	0	173	3	2	0	1	
65	0.02	0.389655	-3	0	0	0	0	0	173	3	2	0	1	
65	0.02	0.403448	-3	0	0	0	0	0	173	3	2	0	1	
65	0.02	0.417241	-3	0	0	0	0	0	173	3	2	0	1	
65	0.02	0.431034	-3	0	0	0	0	0	173	3	2	0	1	
65	0.02	0.444828	-3	0	0	0	0	0	173	3	2	0	1	
65	0.02	0.458621	-3	0	0	0	0	0	173	3	2	0	1	
65	0.02	0.472414	-3	0	0	0	0	0	173	3	2	0	1	
65	0.02	0.486207	-3	0	0	0	0	0	173	3	2	0	1	
65	0.02	0.5	-3	0	0	0	0	0	173	3	2	0	1	
65	0.03	0.1	1	162.367	40.9271	-1.12717e-05	-1.40159e-05	-9.33731e-06	173	3	2	0	1	
65	0.03	0.113793	1	162.246	40.8983	-2.41736e-07	-2.56978e-05	-5.65996e-06	173	3	2	0	1	
65	0.03	0.127586	1	162.114	40.8973	1.16985e-06	6.71508e-06	-8.3383e-06	173	3	2	0	1	
65	0.03	0.141379	1	161.971	40.9529	1.46553e-05	1.42801e-05	-1.06178e-05	173	3	2	0	1	
65	0.03	0.155172	1	161.794	41.1544	4.40541e-05	-9.76628e-06	2.53377e-05	173	3	2	0	1	
65	0.03	0.168966	1	158.841	81.2982	-1.22306e-05	-1.65124e-05	95.2497	173	3	2	0	1	
65	0.03	0.182759	1	151.242	124.18	-2.05608e-05	9.61945e-06	158.494	173	3	2	0	1	
65	0.03	0.196552	1	142.164	154.212	-1.50639e-05	-1.34089e-05	203.942	173	3	2	0	1	
65	0.03	0.210345	1	131.536	178.694	5.38158e-05	2.19184e-05	241.811	173	3	2	0	1	
65	0.03	0.224138	1	118.95	199.763	2.5501e-05	1.27215e-05	275.1	173	3	2	0	1	
65	0.03	0.237931	1	103.485	-218.21	5.33057e-06	-2.26237e-05	305.142	173	3	2	0	1	
65	0.03	0.251724	1	82.7212	234.239	-2.13192e-05	-4.48113e-06	332.698	173	3	2	0	1	
65	0.03	0.265517	1	42.0254	246.698	-3.04391e-06	1.56147e-05	357.881	173	3	2	0	1	
65	0.03	0.27931	-2	0	0	0	0	0	173	3	2	0	1	
65	0.03	0.293103	-2	0	0	0	0	0	173	3	2	0	1	
65	0.03	0.306897	-3	0	0	0	0	0	173	3	2	0	1	
65	0.03	0.32069	-2	0	0	0	0	0	173	3	2	0	1	
65	0.03	0.334483	-3	0	0	0	0	0	173	3	2	0	1	
65	0.03	0.348276	-3	0	0	0	0	0	173	3	2	0	1	
65	0.03	0.362069	-3	0	0	0	0	0	173	3	2	0	1	
65	0.03	0.375862	-3	0	0	0	0	0	173	3	2	0	1	
65	0.03	0.389655	-3	0	0	0	0	0	173	3	2	0	1	
65	0.03	0.403448	-3	0	0	0	0	0	173	3	2	0	1	
65	0.03	0.417241	-3	0	0	0	0	0	173	3	2	0	1	
65	0.03	0.431034	-3	0	0	0	0	0	173	3	2	0	1	
65	0.03	0.444828	-3	0	0	0	0	0	173	3	2	0	1	
65	0.03	0.458621	-3	0	0	0	0	0	173	3	2	0	1	
65	0.03	0.472414	-3	0	0	0	0	0	173	3	2	0	1	
65	0.03	0.486207	-3	0	0	0	0	0	173	3	2	0	1	
65	0.03	0.5	-3	0	0	0	0	0	173	3	2	0	1	
65	0.04	0.1	1	162.373	40.9199	5.29896e-06	7.39873e-06	1.30534e-05	173	3	2	0	1	
65	0.04	0.113793	1	162.253	40.8881	3.22062e-05	-6.17105e-06	3.50126e-06	173	3	2	0	1	
65	0.04	0.127586	1	162.123	40.8822	1.1166e-05	-2.37587e-05	-6.90215e-06	173	3	2	0	1	
65	0.04	0.141379	1	161.984	40.9111	1.45101e-05	-1.97273e-06	4.04839e-05	173	3	2	0	1	
65	0.04	0.155172	1	161.812	41.0998	-5.14823e-06	-1.3022e-05	-8.11442e-06	173	3	2	0	1	
65	0.04	0.168966	1	160.189	67.7224	-1.3368e-05	2.33597e-05	69.8349	173	3	2	0	1	
65	0.04	0.182759	1	154.105	111.066	1.0843e-05	-2.19663e-05	129.035	173	3	2	0	1	
65	0.04	0.196552	1	146.834	140.212	-1.1273e-05	7.55395e-06	169.288	173	3	2	0	1	
65	0.04	0.210345	1	138.516	163.365	-3.98217e-05	1.42076e-05	202.338	173	3	2	0	1	
65	0.04	0.224138	1	129.001	183.363	-3.27738e-07	1.10895e-05	231.267	173	3	2	0	1	
65	0.04	0.237931	1	117.968	-201.037	3.18899e-05	-2.26165e-05	257.446	173	3	2	0	1	
65	0.04	0.251724	1	104.774	216.839	1.34858e-05	3.91052e-05	281.39	173	3	2	0	1	
65	0.04	0.265517	1	87.9912	-230.899	1.11713e-05	-1.38687e-05	303.717	173	3	2	0	1	
65	0.04	0.27931	1	62.7358	242.837	1.44641e-05	-1.66158e-05	324.538	173	3	2	0	1	
65	0.04	0.293103	-2	0	0	0	0	0	173	3	2	0	1	
65	0.04	0.306897	-2	0	0	0	0	0	173	3	2	0	1	
65	0.04	0.32069	-2	0	0	0	0	0	173	3	2	0	1	
65	0.04	0.334483	-2	0	0	0	0	0	173	3	2	0	1	
65	0.04	0.348276	-3	0	0	0	0	0	173	3	2	0	1	
65	0.04	0.362069	-3	0	0	0	0	0	173	3	2	0	1	
65	0.04	0.375862	-3	0	0	0	0	0	173	3	2	0	1	
65	0.04	0.389655	-3	0	0	0	0	0	173	3	2	0	1	
65	0.04	0.403448	-3	0	0	0	0	0	173	3	2	0	1	
65	0.04	0.417241	-3	0	0	0	0	0	173	3	2	0	1	
65	0.04	0.431034	-3	0	0	0	0	0	173	3	2	0	1	
65	0.04	0.444828	-3	0	0	0	0	0	173	3	2	0	1	
65	0.04	0.458621	-3	0	0	0	0	0	173	3	2	0	1	
65	0.04	0.472414	-3	0	0	0	0	0	173	3	2	0	1	
65	0.04	0.486207	-3	0	0	0	0	0	173	3	2	0	1	
65	0.04	0.5	-3	0	0	0	0	0	173	3	2	0	1	
65	0.05	0.1	1	162.379	40.9131	7.66764e-06	1.53864e-05	8.6593e-06	173	3	2	0	1	
65	0.05	0.113793	1	162.26	40.8785	-1.51861e-05	1.45001e-06	-9.15373e-06	173	3	2	0	1	
65	0.05	0.127586	1	162.133	40.8677	-2.43487e-06	3.11769e-05	2.12415e-06	173	3	2	0	1	
65	0.05	0.141379	1	161.996	40.8716	5.86782e-07	-2.68123e-05	2.37981e-05	173	3	2	0	1	
65	0.05	0.155172	1	161.828	41.0529	-1.9971e-05	-6.47672e-06	4.25579e-05	173	3	2	0	1	
65	0.05	0.168966	1	161.047	55.5243	-1.16084e-05	1.01223e-05	49.3113	173	3	2	0	1	
65	0.05	0.182759	1	156.002	100.641	-4.31712e-05	6.60797e-06	108.574	173	3	2	0	1	
65	0.05	0.196552	1	149.836	129.348	5.70054e-05	2.8624e-05	145.761	173	3	2	0	1	
65	0.05	0.210345	1	142.865	151.954	3.31885e-05	2.27351e-06	175.739	173	3	2	0	1	
65	0.05	0.224138	1	135.026	171.205	-2.07989e-05	2.8341e-05	201.775	173	3	2	0	1	
65	0.05	0.237931	1	126.178	188.248	3.82143e-08	2.1225e-05	225.218	173	3	2	0	1	
65	0.05	0.251724	1	116.036	203.579	-5.57345e-06	1.62956e-05	246.793	173	3	2	0	1	
65	0.05	0.265517	1	104.088	-217.467	-8.33504e-05	-1.27949e-05	266.797	173	3	2	0	1	
65	0.05	0.27931	1	89.2708	229.981	-8.88528e-06	-1.45027e-05	285.609	173	3	2	0	1	
65	0.05	0.293103	1	68.5003	240.898	1.70491e-05	1.85515e-05	303.328	173	3	2	0	1	
65	0.05	0.306897	-2	0	0	0	0	0	173	3	2	0	1	
65	0.05	0.32069	-2	0	0	0	0	0	173	3	2	0	1	
65	0.05	0.334483	-2	0	0	0	0	0	173	3	2	0	1	
65	0.05	0.348276	-2	0	0	0	0	0	173	3	2	0	1	
65	0.05	0.362069	-3	0	0	0	0	0	173	3	2	0	1	
65	0.05	0.375862	-3	0	0	0	0	0	173	3	2	0	1	
65	0.05	0.389655	-3	0	0	0	0	0	173	3	2	0	1	
65	0.05	0.403448	-2	0	0	0	0	0	173	3	2	0	1	
65	0.05	0.417241	-3	0	0	0	0	0	173	3	2	0	1	
65	0.05	0.431034	-3	0	0	0	0	0	173	3	2	0	1	
65	0.05	0.444828	-3	0	0	0	0	0	173	3	2	0	1	
65	0.05	0.458621	-3	0	0	0	0	0	173	3	2	0	1	
65	0.05	0.472414	-3	0	0	0	0	0	173	3	2	0	1	
65	0.05	0.486207	-3	0	0	0	0	0	173	3	2	0	1	
65	0.05	0.5	-3	0	0	0	0	0	173	3	2	0	1	
65	0.06	0.1	1	162.384	40.9063	-5.64681e-06	7.37121e-07	1.25749e-05	173	3	2	0	1	
65	0.06	0.113793	1	162.268	40.8691	-1.07389e-05	-4.22875e-06	-6.19552e-06	173	3	2	0	1	
65	0.06	0.127586	1	162.142	40.854	2.45058e-06	1.58961e-05	-1.64761e-05	173	3	2	0	1	
65	0.06	0.141379	1	162.008	40.835	3.54639e-06	1.02432e-05	2.32556e-05	173	3	2	0	1	
65	0.06	0.155172	1	161.844	41.0115	1.46677e-05	-5.84775e-06	1.4547e-05	173	3	2	0	1	
65	0.06	0.168966	1	161.557	44.4845	8.3044e-05	3.86838e-06	28.469	173	3	2	0	1	
65	0.06	0.182759	1	157.385	91.7007	2.84943e-06	-2.29227e-06	92.9152	173	3	2	0	1	
65	0.06	0.196552	1	151.983	120.501	5.81627e-06	2.62344e-06	128.275	173	3	2	0	1	
65	0.06	0.210345	1	145.903	143.011	3.19103e-05	3.73367e-05	156.177	173	3	2	0	1	
65	0.06	0.224138	1	139.146	161.55	-9.77568e-06	-2.0628e-05	180.182	173	3	2	0	1	
65	0.06	0.237931	1	131.631	178.115	-8.73667e-06	-2.16241e-06	201.691	173	3	2	0	1	
65	0.06	0.251724	1	123.212	193.035	4.92011e-05	2.05655e-05	221.419	173	3	2	0	1	
65	0.06	0.265517	1	113.629	206.623	2.4544e-05	1.56905e-05	239.795	173	3	2	0	1	
65	0.06	0.27931	1	102.431	219.045	1.47235e-05	-2.74362e-06	256.991	173	3	2	0	1	
65	0.06	0.293103	1	88.7161	230.328	-2.01216e-05	9.77538e-07	273.273	173	3	2	0	1	
65	0.06	0.306897	1	70.0493	240.289	1.85616e-05	2.90128e-05	288.707	173	3	2	0	1	
65	0.06	0.32069	1	18.692	247.466	2.7955e-05	1.8564e-05	303.157	173	3	2	0	1	
65	0.06	0.334483	-2	0	0	0	0	0	173	3	2	0	1	
65	0.06	0.348276	-2	0	0	0	0	0	173	3	2	0	1	
65	0.06	0.362069	-2	0	0	0	0	0	173	3	2	0	1	
65	0.06	0.375862	-2	0	0	0	0	0	173	3	2	0	1	
65	0.06	0.389655	-2	0	0	0	0	0	173	3	2	0	1	
65	0.06	0.403448	-3	0	0	0	0	0	173	3	2	0	1	
65	0.06	0.417241	-3	0	0	0	0	0	173	3	2	0	1	
65	0.06	0.431034	-2	0	0	0	0	0	173	3	2	0	1	
65	0.06	0.444828	-2	0	0	0	0	0	173	3	2	0	1	
65	0.06	0.458621	-3	0	0	0	0	0	173	3	2	0	1	
65	0.06	0.472414	-3	0	0	0	0	0	173	3	2	0	1	
65	0.06	0.486207	-3	0	0	0	0	0	173	3	2	0	1	
65	0.06	0.5	-3	0	0	0	0	0	173	3	2	0	1	
65	0.07	0.1	1	162.39	40.8998	5.60846e-06	1.52179e-05	-9.08465e-06	173	3	2	0	1	
65	0.07	0.113793	1	162.275	40.86	-4.00039e-06	-6.02164e-06	-1.12296e-05	173	3	2	0	1	
65	0.07	0.127586	1	162.15	40.841	-1.49388e-07	1.53203e-05	6.27527e-06	173	3	2	0	1	
65	0.07	0.141379	1	162.019	40.8011	1.99781e-06	-6.35192e-06	-7.42835e-06	173	3	2	0	1	
65	0.07	0.155172	1	161.859	40.9747	2.25596e-05	-8.86496e-06	-3.67968e-05	173	3	2	0	1	
65	0.07	0.168966	1	161.672	41.2646	2.79445e-06	-1.07345e-05	6.33925e-05	173	3	2	0	1	
65	0.07	0.182759	1	158.455	83.606	-2.0195e-05	-2.20655e-05	80.1891	173	3	2	0	1	
65	0.07	0.196552	1	153.627	112.863	8.57186e-06	3.20159e-06	114.467	173	3	2	0	1	
65	0.07	0.210345	1	148.188	135.085	1.19211e-05	1.51133e-06	140.93	173	3	2	0	1	
65	0.07	0.224138	1	142.195	153.525	-1.05946e-06	-1.51788e-05	163.448	173	3	2	0	1	
65	0.07	0.237931	1	135.592	169.723	-9.18597e-06	-1.44015e-05	183.513	173	3	2	0	1	
65	0.07	0.251724	1	128.298	184.314	9.36687e-06	-4.98192e-06	201.855	173	3	2	0	1	
65	0.07	0.265517	1	120.161	197.623	1.46982e-05	3.47925e-06	218.896	173	3	2	0	1	
65	0.07	0.27931	1	110.934	209.852	-2.00031e-06	-9.46711e-06	234.918	173	3	2	0	1	
65	0.07	0.293103	1	100.197	221.103	1.54719e-05	-1.17715e-05	250.003	173	3	2	0	1	
65	0.07	0.306897	1	87.1163	231.373	1.24726e-05	4.23617e-05	264.368	173	3	2	0	1	
65	0.07	0.32069	1	69.4981	240.487	-1.53945e-05	4.54962e-06	278.05	173	3	2	0	1	
65	0.07	0.334483	1	30.6794	247.332	8.93703e-06	1.01533e-06	290.98	173	3	2	0	1	
65	0.07	0.348276	-2	0	0	0	0	0	173	3	2	0	1	
65	0.07	0.362069	-2	0	0	0	0	0	173	3	2	0	1	
65	0.07	0.375862	-2	0	0	0	0	0	173	3	2	0	1	
65	0.07	0.389655	-2	0	0	0	0	0	173	3	2	0	1	
65	0.07	0.403448	-2	0	0	0	0	0	173	3	2	0	1	
65	0.07	0.417241	-2	0	0	0	0	0	173	3	2	0	1	
65	0.07	0.431034	-2	0	0	0	0	0	173	3	2	0	1	
65	0.07	0.444828	-3	0	0	0	0	0	173	3	2	0	1	
65	0.07	0.458621	-3	0	0	0	0	0	173	3	2	0	1	
65	0.07	0.472414	-3	0	0	0	0	0	173	3	2	0	1	
65	0.07	0.486207	-3	0	0	0	0	0	173	3	2	0	1	
65	0.07	0.5	-3	0	0	0	0	0	173	3	2	0	1	
65	0.08	0.1	1	162.396	40.8936	5.06976e-06	3.31668e-06	1.63229e-06	173	3	2	0	1	
65	0.08	0.113793	1	162.282	40.8512	-8.80426e-06	7.77467e-06	1.43605e-06	173	3	2	0	1	
65	0.08	0.127586	1	162.159	40.8284	5.73333e-06	1.71229e-05	-1.5116e-05	173	3	2	0	1	
65	0.08	0.141379	1	162.03	40.7701	-2.35096e-05	-9.0025e-06	-3.57513e-06	173	3	2	0	1	
65	0.08	0.155172	1	161.873	40.9416	9.22068e-06	1.07631e-05	2.4559e-06	173	3	2	0	1	
65	0.08	0.168966	1	161.693	41.1732	4.72128e-05	-5.69154e-06	-2.6041e-05	173	3	2	0	1	
65	0.08	0.182759	1	159.317	75.9656	7.5229e-05	-1.98204e-06	68.9759	173	3	2	0	1	
65	0.08	0.196552	1	154.945	106.036	4.42828e-05	-3.36599e-05	103.076	173	3	2	0	1	
65	0.08	0.210345	1	149.999	128.181	-8.93877e-05	1.52261e-05	128.535	173	3	2	0	1	
65	0.08	0.224138	1	144.575	146.657	1.69955e-05	1.00397e-05	149.943	173	3	2	0	1	
65	0.08	0.237931	1	138.642	162.546	-2.49857e-05	-2.05979e-05	168.895	173	3	2	0	1	
65	0.08	0.251724	1	132.148	176.877	-2.16931e-05	-7.25785e-06	186.155	173	3	2	0	1	
65	0.08	0.265517	1	125	189.95	-1.27692e-05	5.94681e-07	202.153	173	3	2	0	1	
65	0.08	0.27931	1	117.044	201.986	2.14312e-05	1.35687e-05	217.159	173	3	2	0	1	
65	0.08	0.293103	1	108.038	213.118	3.26722e-06	-1.60538e-06	231.372	173	3	2	0	1	
65	0.08	0.306897	1	97.5691	223.403	4.03361e-06	1.50634e-05	244.809	173	3	2	0	1	
65	0.08	0.32069	1	84.8169	-232.819	7.6417e-06	2.10836e-05	257.668	173	3	2	0	1	
65	0.08	0.334483	1	67.6124	-241.178	-2.12924e-05	-9.97868e-06	269.959	173	3	2	0	1	
65	0.08	0.348276	1	28.3971	247.386	-1.61441e-06	-7.9532e-06	281.61	173	3	2	0	1	
65	0.08	0.362069	-2	0	0	0	0	0	173	3	2	0	1	
65	0.08	0.375862	-2	0	0	0	0	0	173	3	2	0	1	
65	0.08	0.389655	-2	0	0	0	0	0	173	3	2	0	1	
65	0.08	0.403448	-2	0	0	0	0	0	173	3	2	0	1	
65	0.08	0.417241	-2	0	0	0	0	0	173	3	2	0	1	
65	0.08	0.431034	-2	0	0	0	0	0	173	3	2	0	1	
65	0.08	0.444828	-3	0	0	0	0	0	173	3	2	0	1	
65	0.08	0.458621	-3	0	0	0	0	0	173	3	2	0	1	
65	0.08	0.472414	-3	0	0	0	0	0	173	3	2	0	1	
65	0.08	0.486207	-3	0	0	0	0	0	173	3	2	0	1	
65	0.08	0.5	-2	0	0	0	0	0	173	3	2	0	1	
65	0.09	0.1	1	162.401	40.8873	-7.9994e-06	7.9e-06	4.56767e-06	173	3	2	0	1	
65	0.09	0.113793	1	162.288	40.8428	1.31419e-05	4.59456e-06	1.45294e-05	173	3	2	0	1	
65	0.09	0.127586	1	162.167	40.8165	1.58992e-06	-2.14531e-05	1.92302e-06	173	3	2	0	1	
65	0.09	0.141379	1	162.04	40.7418	1.57598e-05	-2.93957e-05	2.65915e-05	173	3	2	0	1	
65	0.09	0.155172	1	161.887	40.9116	-2.20836e-05	1.98846e-06	-2.79238e-05	173	3	2	0	1	
65	0.09	0.168966	1	161.713	41.1081	-1.28347e-05	-1.31172e-06	-2.95592e-05	173	3	2	0	1	
65	0.09	0.182759	1	160.021	68.5449	-4.08881e-05	-5.66937e-06	58.7895	173	3	2	0	1	
65	0.09	0.196552	1	156.035	99.7657	1.18449e-05	1.37751e-05	93.3534	173	3	2	0	1	
65	0.09	0.210345	1	151.485	122.169	-4.54263e-05	-1.70749e-05	118.137	173	3	2	0	1	
65	0.09	0.224138	1	146.501	140.58	4.39102e-05	-1.97716e-05	138.705	173	3	2	0	1	
65	0.09	0.237931	1	141.087	156.25	-7.99092e-07	1.72847e-05	156.783	173	3	2	0	1	
65	0.09	0.251724	1	135.198	170.384	4.37131e-06	5.11631e-07	173.179	173	3	2	0	1	
65	0.09	0.265517	1	128.775	183.264	2.84159e-05	-2.26943e-05	188.336	173	3	2	0	1	
65	0.09	0.27931	1	121.716	195.128	-1.25192e-05	1.91698e-05	202.528	173	3	2	0	1	
65	0.09	0.293103	1	113.866	206.125	1.99443e-05	4.56135e-06	215.937	173	3	2	0	1	
65	0.09	0.306897	1	104.978	216.345	4.76219e-06	3.61468e-05	228.686	173	3	2	0	1	
65	0.09	0.32069	1	94.6337	225.814	1.24092e-05	1.22019e-05	240.825	173	3	2	0	1	
65	0.09	0.334483	1	81.9785	234.492	1.41602e-05	-9.7796e-06	252.468	173	3	2	0	1	
65	0.09	0.348276	1	64.6986	242.165	1.5213e-05	-7.87026e-06	263.626	173	3	2	0	1	
65	0.09	0.362069	-2	0	0	0	0	0	173	3	2	0	1	
65	0.09	0.375862	-2	0	0	0	0	0	173	3	2	0	1	
65	0.09	0.389655	-2	0	0	0	0	0	173	3	2	0	1	
65	0.09	0.403448	-2	0	0	0	0	0	173	3	2	0	1	
65	0.09	0.417241	-2	0	0	0	0	0	173	3	2	0	1	
65	0.09	0.431034	-2	0	0	0	0	0	173	3	2	0	1	
65	0.09	0.444828	-2	0	0	0	0	0	173	3	2	0	1	
65	0.09	0.458621	-3	0	0	0	0	0	173	3	2	0	1	
65	0.09	0.472414	-3	0	0	0	0	0	173	3	2	0	1	
65	0.09	0.486207	-3	0	0	0	0	0	173	3	2	0	1	
65	0.09	0.5	-3	0	0	0	0	0	173	3	2	0	1	
65	0.1	0.1	1	162.407	40.8812	6.7867e-06	1.40077e-05	1.6797e-05	173	3	2	0	1	
65	0.1	0.113793	1	162.295	40.8346	-1.11249e-05	4.48036e-06	-8.10047e-06	173	3	2	0	1	
65	0.1	0.127586	1	162.176	40.8051	1.56663e-06	8.68267e-07	-1.03687e-05	173	3	2	0	1	
65	0.1	0.141379	1	162.051	40.7162	-1.10483e-05	-2.70995e-05	1.06115e-05	173	3	2	0	1	
65	0.1	0.155172	1	161.9	40.8839	1.29647e-05	-2.03369e-05	1.6674e-05	173	3	2	0	1	
65	0.1	0.168966	1	161.731	41.0523	-7.16024e-06	2.55225e-05	2.98177e-05	173	3	2	0	1	
65	0.1	0.182759	1	160.6	61.1512	4.26645e-05	-7.34006e-06	49.0793	173	3	2	0	1	
65	0.1	0.196552	1	156.96	93.8814	-9.19407e-05	1.74707e-05	84.8258	173	3	2	0	1	
65	0.1	0.210345	1	152.736	116.542	-1.2535e-05	-1.6252e-06	109.194	173	3	2	0	1	
65	0.1	0.224138	1	148.111	134.961	-3.13411e-05	-2.16998e-05	129.125	173	3	2	0	1	
65	0.1	0.237931	1	143.109	150.645	-2.47284e-05	3.66349e-05	146.51	173	3	2	0	1	
65	0.1	0.251724	1	137.694	164.616	-2.91221e-05	1.47251e-05	162.204	173	3	2	0	1	
65	0.1	0.265517	1	131.829	177.333	-4.41592e-05	1.96676e-05	176.67	173	3	2	0	1	
65	0.1	0.27931	1	125.443	189.05	-5.66377e-06	2.05412e-05	190.188	173	3	2	0	1	
65	0.1	0.293103	1	118.428	199.922	2.20126e-05	-5.78719e-06	202.944	173	3	2	0	1	
65	0.1	0.306897	1	110.623	210.051	-1.83102e-05	-1.62901e-05	215.066	173	3	2	0	1	
65	0.1	0.32069	1	101.771	219.495	5.34443e-06	1.53453e-05	226.629	173	3	2	0	1	
65	0.1	0.334483	1	91.4272	228.262	1.67413e-06	5.16095e-06	237.696	173	3	2	0	1	
65	0.1	0.348276	1	78.6765	236.282	-1.5801e-05	2.613e-05	248.331	173	3	2	0	1	
65	0.1	0.362069	1	60.8406	243.316	1.18181e-06	4.384e-06	258.545	173	3	2	0	1	
65	0.1	0.375862	-2	0	0	0	0	0	173	3	2	0	1	
65	0.1	0.389655	-2	0	0	0	0	0	173	3	2	0	1	
65	0.1	0.403448	-2	0	0	0	0	0	173	3	2	0	1	
65	0.1	0.417241	-2	0	0	0	0	0	173	3	2	0	1	
65	0.1	0.431034	-2	0	0	0	0	0	173	3	2	0	1	
65	0.1	0.444828	-2	0	0	0	0	0	173	3	2	0	1	
65	0.1	0.458621	-2	0	0	0	0	0	173	3	2	0	1	
65	0.1	0.472414	-2	0	0	0	0	0	173	3	2	0	1	
65	0.1	0.486207	-3	0	0	0	0	0	173	3	2	0	1	
65	0.1	0.5	-2	0	0	0	0	0	173	3	2	0	1	
65	0.11	0.1	1	162.412	40.8753	4.99998e-06	9.88619e-06	4.5143e-06	173	3	2	0	1	
65	0.11	0.113793	1	162.302	40.8266	2.01543e-05	4.20663e-05	6.08765e-06	173	3	2	0	1	
65	0.11	0.127586	1	162.184	40.7942	-1.02713e-05	-5.66565e-06	-1.81391e-05	173	3	2	0	1	
65	0.11	0.141379	1	162.061	40.6935	1.32218e-05	-9.23731e-07	-2.74487e-05	173	3	2	0	1	
65	0.11	0.155172	1	161.913	40.8585	-1.19606e-05	-1.85565e-06	-5.0237e-06	173	3	2	0	1	
65	0.11	0.168966	1	161.748	41.0038	1.29401e-05	4.11233e-07	1.4017e-05	173	3	2	0	1	
65	0.11	0.182759	1	161.063	53.7205	-6.38005e-05	-6.754e-06	39.2148	173	3	2	0	1	
65	0.11	0.196552	1	157.758	88.2568	4.9571e-05	-7.99452e-06	77.1732	173	3	2	0	1	
65	0.11	0.210345	1	153.811	111.404	-1.46151e-05	-8.4953e-06	101.345	173	3	2	0	1	
65	0.11	0.224138	1	149.484	129.846	3.15426e-05	6.74648e-07	120.8	173	3	2	0	1	
65	0.11	0.237931	1	144.818	145.595	-4.94652e-05	-3.65828e-05	137.63	173	3	2	0	1	
65	0.11	0.251724	1	139.789	159.396	-2.66664e-05	-4.93667e-06	152.749	173	3	2	0	1	
65	0.11	0.265517	1	134.37	171.997	8.85163e-06	-4.15266e-08	166.639	173	3	2	0	1	
65	0.11	0.27931	1	128.509	183.59	6.54249e-06	-2.14504e-06	179.592	173	3	2	0	1	
65	0.11	0.293103	1	122.13	194.35	1.32713e-05	3.37569e-06	191.796	173	3	2	0	1	
65	0.11	0.306897	1	115.119	204.388	-1.58937e-05	1.86374e-05	203.382	173	3	2	0	1	
65	0.11	0.32069	1	107.307	213.776	4.73475e-07	2.60258e-06	214.443	173	3	2	0	1	
65	0.11	0.334483	1	98.4194	222.549	2.53668e-05	-4.99203e-06	225.022	173	3	2	0	1	
65	0.11	0.348276	1	87.974	230.691	-1.30861e-05	1.62798e-05	235.187	173	3	2	0	1	
65	0.11	0.362069	1	74.92	238.121	2.44911e-06	-2.89196e-06	244.975	173	3	2	0	1	
65	0.11	0.375862	1	55.918	244.536	-2.01296e-06	-4.34443e-05	254.387	173	3	2	0	1	
65	0.11	0.389655	-2	0	0	0	0	0	173	3	2	0	1	
65	0.11	0.403448	-2	0	0	0	0	0	173	3	2	0	1	
65	0.11	0.417241	-2	0	0	0	0	0	173	3	2	0	1	
65	0.11	0.431034	-2	0	0	0	0	0	173	3	2	0	1	
65	0.11	0.444828	-2	0	0	0	0	0	173	3	2	0	1	
65	0.11	0.458621	-2	0	0	0	0	0	173	3	2	0	1	
65	0.11	0.472414	-2	0	0	0	0	0	173	3	2	0	1	
65	0.11	0.486207	-2	0	0	0	0	0	173	3	2	0	1	
65	0.11	0.5	-3	0	0	0	0	0	173	3	2	0	1	
65	0.12	0.1	1	162.417	40.8695	2.80522e-06	-1.50512e-05	-7.069e-06	173	3	2	0	1	
65	0.12	0.113793	1	162.308	40.819	5.18003e-06	-2.02287e-05	-1.12785e-05	173	3	2	0	1	
65	0.12	0.127586	1	162.192	40.7836	1.40815e-05	-1.51735e-05	-2.13118e-05	173	3	2	0	1	
65	0.12	0.141379	1	162.07	40.6733	8.72578e-06	-2.83667e-06	-2.76393e-05	173	3	2	0	1	
65	0.12	0.155172	1	161.926	40.8348	7.61574e-06	-2.21697e-05	-5.56249e-06	173	3	2	0	1	
65	0.12	0.168966	1	161.765	40.9606	3.05694e-06	8.58876e-06	1.33e-05	173	3	2	0	1	
65	0.12	0.182759	1	161.413	46.2864	-3.70399e-05	1.21403e-05	28.1273	173	3	2	0	1	
65	0.12	0.196552	1	158.457	82.7913	-0.000105151	1.72141e-05	70.2005	173	3	2	0	1	
65	0.12	0.210345	1	154.75	106.517	1.23195e-05	-8.34269e-06	94.3363	173	3	2	0	1	
65	0.12	0.224138	1	150.677	125.102	5.56779e-05	-2.87729e-06	113.448	173	3	2	0	1	
65	0.12	0.237931	1	146.29	140.935	1.46258e-05	-7.79721e-06	129.836	173	3	2	0	1	
65	0.12	0.251724	1	141.583	154.63	5.75013e-06	1.57463e-05	144.477	173	3	2	0	1	
65	0.12	0.265517	1	136.528	167.132	2.89071e-05	6.94567e-06	157.885	173	3	2	0	1	
65	0.12	0.27931	1	131.092	178.629	1.72808e-05	-2.55055e-05	170.358	173	3	2	0	1	
65	0.12	0.293103	1	125.216	189.291	-2.02195e-05	-3.46006e-06	182.09	173	3	2	0	1	
65	0.12	0.306897	1	118.817	199.244	-1.05876e-05	-1.5265e-05	193.216	173	3	2	0	1	
65	0.12	0.32069	1	111.781	208.563	2.40875e-05	-5.94952e-06	203.827	173	3	2	0	1	
65	0.12	0.334483	1	103.906	217.315	-1.52373e-05	1.53168e-05	214.003	173	3	2	0	1	
65	0.12	0.348276	1	94.9134	225.494	-1.19021e-05	-5.62063e-06	223.747	173	3	2	0	1	
65	0.12	0.362069	1	84.2509	233.078	2.1914e-05	1.64488e-05	233.144	173	3	2	0	1	
65	0.12	0.375862	1	70.6703	239.958	1.44014e-05	1.35383e-05	242.206	173	3	2	0	1	
65	0.12	0.389655	1	49.5144	245.741	-1.63404e-05	-1.57957e-05	250.925	173	3	2	0	1	
65	0.12	0.403448	-2	0	0	0	0	0	173	3	2	0	1	
65	0.12	0.417241	-2	0	0	0	0	0	173	3	2	0	1	
65	0.12	0.431034	-2	0	0	0	0	0	173	3	2	0	1	
65	0.12	0.444828	-2	0	0	0	0	0	173	3	2	0	1	
65	0.12	0.458621	-2	0	0	0	0	0	173	3	2	0	1	
65	0.12	0.472414	-2	0	0	0	0	0	173	3	2	0	1	
65	0.12	0.486207	-2	0	0	0	0	0	173	3	2	0	1	
65	0.12	0.5	-2	0	0	0	0	0	173	3	2	0	1	
65	0.13	0.1	1	162.422	40.8638	-9.74519e-06	-6.88623e-06	-9.2069e-06	173	3	2	0	1	
65	0.13	0.113793	1	162.314	40.8114	3.17735e-06	1.34858e-05	8.26126e-06	173	3	2	0	1	
65	0.13	0.127586	1	162.199	40.7734	3.43049e-06	6.10232e-06	-1.02163e-05	173	3	2	0	1	
65	0.13	0.141379	1	162.08	40.6561	-1.23901e-06	1.76468e-06	-1.30447e-05	173	3	2	0	1	
65	0.13	0.155172	1	161.938	40.8127	5.31718e-06	-1.02724e-05	4.48358e-06	173	3	2	0	1	
65	0.13	0.168966	1	161.78	40.9219	5.05423e-06	-7.4272e-06	-1.20288e-05	173	3	2	0	1	
65	0.13	0.182759	1	161.589	41.395	-4.73652e-05	3.41785e-06	11.4877	173	3	2	0	1	
65	0.13	0.196552	1	159.075	77.3881	-6.51614e-06	-8.17532e-06	63.635	173	3	2	0	1	
65	0.13	0.210345	1	155.585	101.834	0.000158526	6.63511e-07	87.9831	173	3	2	0	1	
65	0.13	0.224138	1	151.728	120.652	-1.67339e-05	2.44061e-05	106.866	173	3	2	0	1	
65	0.13	0.237931	1	147.579	136.476	-4.51338e-05	7.27075e-06	122.902	173	3	2	0	1	
65	0.13	0.251724	1	143.144	150.24	-9.98279e-07	-3.28257e-05	137.149	173	3	2	0	1	
65	0.13	0.265517	1	138.395	162.66	3.40435e-05	-6.70473e-06	150.147	173	3	2	0	1	
65	0.13	0.27931	1	133.309	174.081	-8.95415e-06	-5.91549e-06	162.209	173	3	2	0	1	
65	0.13	0.293103	1	127.842	184.656	-5.1474e-05	-4.9702e-06	173.535	173	3	2	0	1	
65	0.13	0.306897	1	121.932	194.533	2.39715e-05	3.72039e-07	184.262	173	3	2	0	1	
65	0.13	0.32069	1	115.488	203.795	2.76377e-06	-5.4577e-06	194.484	173	3	2	0	1	
65	0.13	0.334483	1	108.38	212.5	2.88774e-05	4.28359e-06	204.274	173	3	2	0	1	
65	0.13	0.348276	1	100.406	220.678	-3.9182e-05	-4.63318e-06	213.687	173	3	2	0	1	
65	0.13	0.362069	1	91.2338	228.327	-3.18825e-06	-2.59744e-08	222.722	173	3	2	0	1	
65	0.13	0.375862	1	80.2323	-235.398	3.06901e-05	1.56708e-05	231.456	173	3	2	0	1	
65	0.13	0.389655	1	65.8277	241.753	-5.16769e-05	6.39258e-06	239.888	173	3	2	0	1	
65	0.13	0.403448	1	40.2663	246.825	-1.86473e-05	1.03536e-05	247.995	173	3	2	0	1	
65	0.13	0.417241	-2	0	0	0	0	0	173	3	2	0	1	
65	0.13	0.431034	-2	0	0	0	0	0	173	3	2	0	1	
65	0.13	0.444828	-2	0	0	0	0	0	173	3	2	0	1	
65	0.13	0.458621	-2	0	0	0	0	0	173	3	2	0	1	
65	0.13	0.472414	-2	0	0	0	0	0	173	3	2	0	1	
65	0.13	0.486207	-2	0	0	0	0	0	173	3	2	0	1	
65	0.13	0.5	-2	0	0	0	0	0	173	3	2	0	1	
65	0.14	0.1	1	162.428	40.8583	1.10389e-05	-1.84025e-06	4.05095e-06	173	3	2	0	1	
65	0.14	0.113793	1	162.321	40.804	-3.96738e-06	-4.75714e-06	-6.17194e-06	173	3	2	0	1	
65	0.14	0.127586	1	162.207	40.7635	-1.50974e-05	-2.35504e-06	-2.96863e-06	173	3	2	0	1	
65	0.14	0.141379	1	162.089	40.6418	-2.011e-05	-5.71366e-06	-1.4788e-05	173	3	2	0	1	
65	0.14	0.155172	1	161.949	40.7919	-4.60103e-06	1.18661e-05	-4.68152e-06	173	3	2	0	1	
65	0.14	0.168966	1	161.796	40.8867	-1.26356e-06	3.26219e-06	8.86639e-06	173	3	2	0	1	
65	0.14	0.182759	1	161.615	41.1375	6.4701e-06	5.14938e-06	-2.63642e-05	173	3	2	0	1	
65	0.14	0.196552	1	159.622	71.9989	-4.93477e-05	-8.7153e-06	57.1602	173	3	2	0	1	
65	0.14	0.210345	-2	0	0	0	0	0	173	3	2	0	1	
65	0.14	0.224138	-2	0	0	0	0	0	173	3	2	0	1	
65	0.14	0.237931	1	148.723	132.329	-4.12952e-05	4.68523e-05	116.666	173	3	2	0	1	
65	0.14	0.251724	1	144.52	146.181	-4.72592e-05	1.63185e-05	130.585	173	3	2	0	1	
65	0.14	0.265517	1	140.031	158.507	-8.03615e-08	2.07899e-05	143.235	173	3	2	0	1	
65	0.14	0.27931	1	135.24	169.862	-1.53524e-06	-3.53472e-05	154.942	173	3	2	0	1	
65	0.14	0.293103	1	130.115	180.376	-3.82517e-05	-5.47785e-06	165.915	173	3	2	0	1	
65	0.14	0.306897	1	124.605	190.185	1.95961e-05	-2.51254e-06	176.293	173	3	2	0	1	
65	0.14	0.32069	1	118.641	199.389	1.06476e-05	2.53266e-05	186.174	173	3	2	0	1	
65	0.14	0.334483	1	112.126	208.049	-6.14489e-06	-1.28854e-05	195.63	173	3	2	0	1	
65	0.14	0.348276	1	104.917	216.205	1.65936e-05	5.85586e-06	204.716	173	3	2	0	1	
65	0.14	0.362069	1	96.7897	223.874	2.352e-05	5.02966e-06	213.458	173	3	2	0	1	
65	0.14	0.375862	1	87.3633	231.038	7.04352e-07	-4.68302e-06	221.889	173	3	2	0	1	
65	0.14	0.389655	1	75.8644	-237.634	-1.15638e-05	7.98919e-05	230.044	173	3	2	0	1	
65	0.14	0.403448	1	60.1861	-243.468	-8.78529e-06	-2.58164e-05	237.922	173	3	2	0	1	
65	0.14	0.417241	-2	0	0	0	0	0	173	3	2	0	1	
65	0.14	0.431034	-2	0	0	0	0	0	173	3	2	0	1	
65	0.14	0.444828	-2	0	0	0	0	0	173	3	2	0	1	
65	0.14	0.458621	-2	0	0	0	0	0	173	3	2	0	1	
65	0.14	0.472414	-2	0	0	0	0	0	173	3	2	0	1	
65	0.14	0.486207	-2	0	0	0	0	0	173	3	2	0	1	
65	0.14	0.5	-2	0	0	0	0	0	173	3	2	0	1	
65	0.15	0.1	1	162.433	40.8529	-8.71974e-06	-3.08626e-06	1.32061e-05	173	3	2	0	1	
65	0.15	0.113793	1	162.327	40.7969	6.30314e-06	-8.29252e-06	1.43197e-05	173	3	2	0	1	
65	0.15	0.127586	1	162.214	40.754	9.60282e-06	-3.53851e-06	1.554e-06	173	3	2	0	1	
65	0.15	0.141379	1	162.098	40.6304	-1.87051e-06	-2.48262e-05	-1.76992e-05	173	3	2	0	1	
65	0.15	0.155172	1	161.961	40.7724	-4.1412e-06	-8.36056e-06	-5.89472e-06	173	3	2	0	1	
65	0.15	0.168966	1	161.81	40.8545	-1.99448e-05	-1.43933e-05	-5.78387e-07	173	3	2	0	1	
65	0.15	0.182759	1	161.636	41.0641	2.15663e-05	8.89733e-06	4.59104e-05	173	3	2	0	1	
65	0.15	0.196552	1	160.107	66.5513	-9.75349e-06	1.04341e-05	50.9017	173	3	2	0	1	
65	0.15	0.210345	-2	0	0	0	0	0	173	3	2	0	1	
65	0.15	0.224138	-2	0	0	0	0	0	173	3	2	0	1	
65	0.15	0.237931	-2	0	0	0	0	0	173	3	2	0	1	
65	0.15	0.251724	1	145.743	142.441	-1.46542e-05	-8.87478e-06	124.65	173	3	2	0	1	
65	0.15	0.265517	1	141.483	154.629	2.86173e-05	-1.08132e-05	137.002	173	3	2	0	1	
65	0.15	0.27931	1	136.945	165.93	1.48428e-05	-3.76858e-05	148.404	173	3	2	0	1	
65	0.15	0.293103	1	132.108	176.418	2.09564e-05	-4.12745e-06	159.068	173	3	2	0	1	
65	0.15	0.306897	1	126.933	186.146	-3.84715e-05	1.90054e-05	169.139	173	3	2	0	1	
65	0.15	0.32069	1	121.365	195.296	-8.57298e-05	1.69605e-05	178.718	173	3	2	0	1	
65	0.15	0.334483	1	115.328	203.912	1.96411e-05	4.34236e-05	187.877	173	3	2	0	1	
65	0.15	0.348276	1	108.716	212.041	-4.04274e-06	2.43497e-06	196.673	173	3	2	0	1	
65	0.15	0.362069	1	101.369	219.707	-4.72045e-05	-3.41671e-06	205.151	173	3	2	0	1	
65	0.15	0.375862	1	93.0329	226.913	-2.4189e-05	2.76246e-06	213.31	173	3	2	0	1	
65	0.15	0.389655	1	83.2553	233.629	-1.08264e-05	-8.62978e-06	221.206	173	3	2	0	1	
65	0.15	0.403448	1	71.0589	-239.768	-2.05513e-05	2.10464e-05	228.849	173	3	2	0	1	
65	0.15	0.417241	1	53.3202	245.06	5.77139e-06	2.58746e-06	236.235	173	3	2	0	1	
65	0.15	0.431034	-2	0	0	0	0	0	173	3	2	0	1	
65	0.15	0.444828	-2	0	0	0	0	0	173	3	2	0	1	
65	0.15	0.458621	-2	0	0	0	0	0	173	3	2	0	1	
65	0.15	0.472414	-2	0	0	0	0	0	173	3	2	0	1	
65	0.15	0.486207	-2	0	0	0	0	0	173	3	2	0	1	
65	0.15	0.5	-2	0	0	0	0	0	173	3	2	0	1	
65	0.16	0.1	1	162.438	40.8476	1.85364e-05	-2.62472e-05	-1.28181e-05	173	3	2	0	1	
65	0.16	0.113793	1	162.333	40.7899	-6.87662e-06	-4.02665e-06	-7.62021e-06	173	3	2	0	1	
65	0.16	0.127586	1	162.222	40.7447	-2.25772e-05	-6.41921e-06	9.15521e-06	173	3	2	0	1	
65	0.16	0.141379	1	162.106	40.6224	7.84499e-06	5.36562e-06	9.84723e-06	173	3	2	0	1	
65	0.16	0.155172	1	161.972	40.7538	-1.22044e-05	6.36997e-06	6.36155e-06	173	3	2	0	1	
65	0.16	0.168966	1	161.824	40.825	6.62363e-06	-6.97466e-06	1.75065e-06	173	3	2	0	1	
65	0.16	0.182759	1	161.654	41.0069	8.78454e-06	-1.49127e-05	-2.55997e-05	173	3	2	0	1	
65	0.16	0.196552	1	160.535	60.9787	6.79071e-05	8.61804e-06	44.6036	173	3	2	0	1	
65	0.16	0.210345	-2	0	0	0	0	0	173	3	2	0	1	
65	0.16	0.224138	-2	0	0	0	0	0	173	3	2	0	1	
65	0.16	0.237931	-2	0	0	0	0	0	173	3	2	0	1	
65	0.16	0.251724	1	146.845	138.683	-4.71533e-06	-4.07518e-05	119.241	173	3	2	0	1	
65	0.16	0.265517	1	142.783	150.99	5.71969e-06	-5.97953e-06	131.338	173	3	2	0	1	
65	0.16	0.27931	1	138.465	162.244	1.37748e-05	-3.15985e-06	142.473	173	3	2	0	1	
65	0.16	0.293103	1	133.877	172.664	-6.85149e-07	-1.07096e-05	152.866	173	3	2	0	1	
65	0.16	0.306897	1	128.987	182.375	1.0344e-05	-9.91134e-06	162.666	173	3	2	0	1	
65	0.16	0.32069	1	123.751	191.474	-8.52755e-06	-3.22272e-05	171.976	173	3	2	0	1	
65	0.16	0.334483	1	118.109	200.049	5.75395e-06	1.62941e-05	180.871	173	3	2	0	1	
65	0.16	0.348276	1	111.979	208.146	1.50289e-05	2.40348e-05	189.408	173	3	2	0	1	
65	0.16	0.362069	1	105.242	215.799	4.42846e-05	3.84434e-06	197.629	173	3	2	0	1	
65	0.16	0.375862	1	97.7154	223.021	-8.08017e-06	9.94003e-06	205.57	173	3	2	0	1	
65	0.16	0.389655	1	89.1029	229.803	-2.54042e-05	6.21542e-06	213.22	173	3	2	0	1	
65	0.16	0.403448	1	78.8588	236.095	-1.84055e-05	-9.0603e-06	220.641	173	3	2	0	1	
65	0.16	0.417241	1	65.6677	241.784	-4.54733e-05	5.00402e-06	227.828	173	3	2	0	1	
65	0.16	0.431034	1	44.0865	246.455	-6.37437e-06	2.03915e-05	234.767	173	3	2	0	1	
65	0.16	0.444828	-2	0	0	0	0	0	173	3	2	0	1	
65	0.16	0.458621	-2	0	0	0	0	0	173	3	2	0	1	
65	0.16	0.472414	-2	0	0	0	0	0	173	3	2	0	1	
65	0.16	0.486207	-2	0	0	0	0	0	173	3	2	0	1	
65	0.16	0.5	-2	0	0	0	0	0	173	3	2	0	1	
65	0.17	0.1	1	162.442	40.8422	-6.52334e-06	-1.15547e-05	8.81598e-06	173	3	2	0	1	
65	0.17	0.113793	1	162.339	40.7831	-8.52069e-06	8.10737e-06	-1.42738e-05	173	3	2	0	1	
65	0.17	0.127586	1	162.229	40.7357	1.03616e-05	6.35135e-06	-8.08459e-06	173	3	2	0	1	
65	0.17	0.141379	1	162.115	40.6177	-1.7106e-07	9.5485e-07	2.60666e-06	173	3	2	0	1	
65	0.17	0.155172	1	161.982	40.7364	-2.72794e-05	-1.02129e-05	-1.94424e-05	173	3	2	0	1	
65	0.17	0.168966	1	161.838	40.7975	-7.82823e-06	2.84787e-06	-1.78766e-06	173	3	2	0	1	
65	0.17	0.182759	1	161.672	40.9567	8.2373e-06	-3.65532e-06	1.61691e-05	173	3	2	0	1	
65	0.17	0.196552	1	160.905	55.2503	-2.40582e-05	-2.96067e-06	38.0313	173	3	2	0	1	
65	0.17	0.210345	-2	0	0	0	0	0	173	3	2	0	1	
65	0.17	0.224138	-2	0	0	0	0	0	173	3	2	0	1	
65	0.17	0.237931	-2	0	0	0	0	0	173	3	2	0	1	
65	0.17	0.251724	-2	0	0	0	0	0	173	3	2	0	1	
65	0.17	0.265517	1	143.957	147.565	-5.88704e-05	-1.85808e-06	126.154	173	3	2	0	1	
65	0.17	0.27931	1	139.833	158.769	-7.21645e-06	1.23515e-05	137.056	173	3	2	0	1	
65	0.17	0.293103	1	135.461	169.153	-2.50214e-06	-6.69676e-06	147.21	173	3	2	0	1	
65	0.17	0.306897	1	130.817	178.835	2.74932e-05	-6.91058e-06	156.769	173	3	2	0	1	
65	0.17	0.32069	1	125.865	187.889	-1.77956e-05	3.89496e-05	165.839	173	3	2	0	1	
65	0.17	0.334483	1	120.556	196.424	1.37195e-05	-1.66101e-05	174.498	173	3	2	0	1	
65	0.17	0.348276	1	114.824	204.491	1.13273e-05	-4.87295e-06	182.801	173	3	2	0	1	
65	0.17	0.362069	1	108.579	212.124	-1.63648e-05	-3.55232e-05	190.794	173	3	2	0	1	
65	0.17	0.375862	1	101.684	219.346	5.28734e-05	1.31073e-05	198.51	173	3	2	0	1	
65	0.17	0.389655	1	93.9327	226.159	1.48424e-06	5.34492e-06	205.961	173	3	2	0	1	
65	0.17	0.403448	1	84.9717	232.541	-3.94644e-06	-6.40565e-06	213.173	173	3	2	0	1	
65	0.17	0.417241	1	74.094	238.43	1.8244e-05	2.61403e-05	220.168	173	3	2	0	1	
65	0.17	0.431034	1	59.4221	243.656	-1.34428e-05	-1.26082e-06	226.945	173	3	2	0	1	
65	0.17	0.444828	1	25.1779	247.432	-7.66129e-06	7.47389e-06	233.457	173	3	2	0	1	
65	0.17	0.458621	-2	0	0	0	0	0	173	3	2	0	1	
65	0.17	0.472414	-2	0	0	0	0	0	173	3	2	0	1	
65	0.17	0.486207	-2	0	0	0	0	0	173	3	2	0	1	
65	0.17	0.5	-2	0	0	0	0	0	173	3	2	0	1	
65	0.18	0.1	1	162.447	40.8372	-1.07447e-05	-1.1872e-05	-1.56015e-05	173	3	2	0	1	
65	0.18	0.113793	1	162.345	40.7765	7.39105e-06	1.36807e-06	-1.59289e-06	173	3	2	0	1	
65	0.18	0.127586	1	162.236	40.7271	3.33938e-06	1.23115e-05	-7.56159e-06	173	3	2	0	1	
65	0.18	0.141379	1	162.123	40.6167	7.03699e-06	2.48739e-05	-1.32163e-05	173	3	2	0	1	
65	0.18	0.155172	1	161.993	40.7198	6.98623e-06	-6.75787e-06	1.23044e-05	173	3	2	0	1	
65	0.18	0.168966	1	161.851	40.7719	1.42739e-05	6.22651e-06	3.54601e-05	173	3	2	0	1	
65	0.18	0.182759	1	161.689	40.9116	2.73475e-05	-5.29407e-06	-3.84618e-05	173	3	2	0	1	
65	0.18	0.196552	1	161.209	49.4683	-2.08489e-05	2.30447e-05	30.7937	173	3	2	0	1	
65	0.18	0.210345	-2	0	0	0	0	0	173	3	2	0	1	
65	0.18	0.224138	-2	0	0	0	0	0	173	3	2	0	1	
65	0.18	0.237931	-2	0	0	0	0	0	173	3	2	0	1	
65	0.18	0.251724	-2	0	0	0	0	0	173	3	2	0	1	
65	0.18	0.265517	1	145.026	144.361	-3.62779e-06	-8.70518e-07	121.38	173	3	2	0	1	
65	0.18	0.27931	1	141.073	155.481	7.19224e-05	3.02794e-05	132.079	173	3	2	0	1	
65	0.18	0.293103	1	136.892	165.834	2.58181e-05	1.80584e-06	142.022	173	3	2	0	1	
65	0.18	0.306897	1	132.462	175.477	8.69608e-06	-1.88399e-05	151.365	173	3	2	0	1	
65	0.18	0.32069	1	127.756	184.512	2.43305e-05	-5.27068e-06	160.22	173	3	2	0	1	
65	0.18	0.334483	1	122.732	193.01	3.71242e-05	5.02463e-06	168.665	173	3	2	0	1	
65	0.18	0.348276	1	117.337	201.046	-2.11316e-05	-8.06568e-06	176.758	173	3	2	0	1	
65	0.18	0.362069	1	111.498	208.659	-1.15644e-05	-5.73846e-06	184.544	173	3	2	0	1	
65	0.18	0.375862	1	105.111	215.872	-2.86779e-05	-7.892e-06	192.056	173	3	2	0	1	
65	0.18	0.389655	1	98.0266	222.697	2.1379e-05	3.51005e-06	199.329	173	3	2	0	1	
65	0.18	0.403448	1	89.9911	229.132	1.17175e-05	-5.24318e-05	206.344	173	3	2	0	1	
65	0.18	0.417241	1	80.5767	235.136	2.07182e-05	-2.5092e-06	213.158	173	3	2	0	1	
65	0.18	0.431034	1	68.837	240.625	-1.8282e-06	1.57103e-05	219.769	173	3	2	0	1	
65	0.18	0.444828	1	51.7492	245.345	4.38385e-06	-1.70179e-05	226.171	173	3	2	0	1	
65	0.18	0.458621	-2	0	0	0	0	0	173	3	2	0	1	
65	0.18	0.472414	-2	0	0	0	0	0	173	3	2	0	1	
65	0.18	0.486207	-2	0	0	0	0	0	173	3	2	0	1	
65	0.18	0.5	-2	0	0	0	0	0	173	3	2	0	1	
65	0.19	0.1	1	162.452	40.8321	6.53226e-06	1.54477e-05	-9.36319e-06	173	3	2	0	1	
65	0.19	0.113793	1	162.351	40.7699	-1.33867e-05	1.21905e-05	-1.10013e-05	173	3	2	0	1	
65	0.19	0.127586	1	162.243	40.7185	-1.16649e-05	-8.97279e-06	6.46311e-06	173	3	2	0	1	
65	0.19	0.141379	1	162.131	40.6192	-6.51787e-06	3.25031e-06	-7.01541e-06	173	3	2	0	1	
65	0.19	0.155172	1	162.003	40.7038	-1.23541e-05	1.93327e-05	-6.05578e-06	173	3	2	0	1	
65	0.19	0.168966	1	161.863	40.7478	7.19339e-06	1.23586e-05	2.76938e-05	173	3	2	0	1	
65	0.19	0.182759	1	161.706	40.871	-4.43761e-05	1.57872e-05	-3.67442e-05	173	3	2	0	1	
65	0.19	0.196552	1	161.437	44.0095	-5.14473e-06	1.64565e-05	21.9363	173	3	2	0	1	
65	0.19	0.210345	-2	0	0	0	0	0	173	3	2	0	1	
65	0.19	0.224138	-2	0	0	0	0	0	173	3	2	0	1	
65	0.19	0.237931	-2	0	0	0	0	0	173	3	2	0	1	
65	0.19	0.251724	-2	0	0	0	0	0	173	3	2	0	1	
65	0.19	0.265517	-2	0	0	0	0	0	173	3	2	0	1	
65	0.19	0.27931	1	142.205	152.356	3.98058e-05	-1.16662e-06	127.48	173	3	2	0	1	
65	0.19	0.293103	1	138.193	162.685	-1.934e-05	-3.70798e-05	137.235	173	3	2	0	1	
65	0.19	0.306897	1	133.954	172.301	9.02857e-05	1.09294e-05	146.387	173	3	2	0	1	
65	0.19	0.32069	1	129.462	181.309	-2.12623e-05	3.80813e-05	155.048	173	3	2	0	1	
65	0.19	0.334483	1	124.685	189.782	-1.21276e-05	2.34288e-05	163.299	173	3	2	0	1	
65	0.19	0.348276	1	119.578	197.79	-8.60561e-07	1.74445e-05	171.201	173	3	2	0	1	
65	0.19	0.362069	1	114.082	205.38	3.03045e-05	2.1035e-05	178.799	173	3	2	0	1	
65	0.19	0.375862	1	108.115	212.582	7.89638e-06	1.65608e-05	186.126	173	3	2	0	1	
65	0.19	0.389655	1	101.56	219.412	-4.05381e-06	-3.51074e-06	193.212	173	3	2	0	1	
65	0.19	0.403448	1	94.2365	225.873	1.31246e-06	-3.32818e-06	200.072	173	3	2	0	1	
65	0.19	0.417241	1	85.8526	231.947	-1.50007e-05	1.929e-06	206.713	173	3	2	0	1	
65	0.19	0.431034	1	75.8472	237.586	2.73703e-06	-6.98378e-06	213.166	173	3	2	0	1	
65	0.19	0.444828	1	62.8784	242.665	-4.03102e-05	4.47217e-06	219.427	173	3	2	0	1	
65	0.19	0.458621	1	40.9194	246.762	-3.28592e-06	-9.3861e-06	225.482	173	3	2	0	1	
65	0.19	0.472414	-2	0	0	0	0	0	173	3	2	0	1	
65	0.19	0.486207	-2	0	0	0	0	0	173	3	2	0	1	
65	0.19	0.5	-2	0	0	0	0	0	173	3	2	0	1	
65	0.2	0.1	1	162.457	40.8272	5.17564e-06	1.33727e-05	4.77402e-06	173	3	2	0	1	
65	0.2	0.113793	1	162.356	40.7635	6.28101e-06	-5.62814e-06	-9.67048e-06	173	3	2	0	1	
65	0.2	0.127586	1	162.25	40.7102	-1.59043e-05	1.55668e-07	-1.3896e-05	173	3	2	0	1	
65	0.2	0.141379	1	162.139	40.6126	-6.17154e-06	1.15191e-05	-1.11033e-05	173	3	2	0	1	
65	0.2	0.155172	1	162.013	40.6887	4.3483e-06	5.58414e-06	6.90918e-06	173	3	2	0	1	
65	0.2	0.168966	1	161.876	40.7253	9.40595e-06	-1.15078e-05	-3.08844e-05	173	3	2	0	1	
65	0.2	0.182759	1	161.722	40.8339	-1.60124e-05	7.9082e-06	-7.04698e-06	173	3	2	0	1	
65	0.2	0.196552	-2	0	0	0	0	0	173	3	2	0	1	
65	0.2	0.210345	-2	0	0	0	0	0	173	3	2	0	1	
65	0.2	0.224138	-2	0	0	0	0	0	173	3	2	0	1	
65	0.2	0.237931	-2	0	0	0	0	0	173	3	2	0	1	
65	0.2	0.251724	-2	0	0	0	0	0	173	3	2	0	1	
65	0.2	0.265517	-2	0	0	0	0	0	173	3	2	0	1	
65	0.2	0.27931	-2	0	0	0	0	0	173	3	2	0	1	
65	0.2	0.293103	1	139.385	159.686	-4.86952e-05	7.25211e-06	132.798	173	3	2	0	1	
65	0.2	0.306897	1	135.314	169.282	2.49817e-05	-5.4912e-06	141.778	173	3	2	0	1	
65	0.2	0.32069	1	131.012	178.265	-9.86759e-06	1.66826e-07	150.264	173	3	2	0	1	
65	0.2	0.334483	1	126.451	186.729	1.33791e-05	-3.25982e-06	158.34	173	3	2	0	1	
65	0.2	0.348276	1	121.594	194.701	8.01388e-05	9.96775e-06	166.068	173	3	2	0	1	
65	0.2	0.362069	1	116.392	202.269	-1.11728e-06	2.26558e-06	173.493	173	3	2	0	1	
65	0.2	0.375862	1	110.779	209.457	3.97309e-05	-6.26072e-06	180.652	173	3	2	0	1	
65	0.2	0.389655	1	104.661	216.284	2.35294e-05	1.36515e-06	187.572	173	3	2	0	1	
65	0.2	0.403448	1	97.9045	222.759	6.61279e-06	3.27962e-06	194.278	173	3	2	0	1	
65	0.2	0.417241	1	90.2937	228.878	-1.24993e-05	-4.70498e-07	200.764	173	3	2	0	1	
65	0.2	0.431034	1	81.4665	234.609	-2.664e-05	1.38491e-05	207.066	173	3	2	0	1	
65	0.2	0.444828	1	70.672	239.884	4.07495e-06	1.9307e-05	213.189	173	3	2	0	1	
65	0.2	0.458621	1	55.8123	244.521	2.16614e-05	-1.92799e-05	219.13	173	3	2	0	1	
65	0.2	0.472414	-2	0	0	0	0	0	173	3	2	0	1	
65	0.2	0.486207	-2	0	0	0	0	0	173	3	2	0	1	
65	0.2	0.5	-2	0	0	0	0	0	173	3	2	0	1	
65	0.21	0.1	1	162.462	40.8224	6.77575e-06	-9.29784e-06	-3.67158e-06	173	3	2	0	1	
65	0.21	0.113793	1	162.362	40.7573	1.48755e-06	-1.84235e-05	-1.51274e-05	173	3	2	0	1	
65	0.21	0.127586	1	162.257	40.7021	1.23384e-05	-5.91257e-06	1.21599e-05	173	3	2	0	1	
65	0.21	0.141379	1	162.147	40.602	1.11441e-05	4.20775e-05	2.2658e-06	173	3	2	0	1	
65	0.21	0.155172	1	162.023	40.6744	-5.80625e-06	-4.36218e-06	-1.63882e-05	173	3	2	0	1	
65	0.21	0.168966	1	161.888	40.7039	-3.94483e-06	-1.60516e-05	-1.24049e-05	173	3	2	0	1	
65	0.21	0.182759	1	161.737	40.7997	-9.83781e-06	6.7332e-06	-1.39013e-05	173	3	2	0	1	
65	0.21	0.196552	1	161.562	41.0315	-7.04043e-05	5.41969e-06	3.70721e-05	173	3	2	0	1	
65	0.21	0.210345	-2	0	0	0	0	0	173	3	2	0	1	
65	0.21	0.224138	-2	0	0	0	0	0	173	3	2	0	1	
65	0.21	0.237931	-2	0	0	0	0	0	173	3	2	0	1	
65	0.21	0.251724	-2	0	0	0	0	0	173	3	2	0	1	
65	0.21	0.265517	-2	0	0	0	0	0	173	3	2	0	1	
65	0.21	0.27931	-2	0	0	0	0	0	173	3	2	0	1	
65	0.21	0.293103	1	140.484	156.815	-2.07498e-05	9.56102e-06	128.667	173	3	2	0	1	
65	0.21	0.306897	1	136.562	166.401	-2.96329e-05	1.19839e-05	137.492	173	3	2	0	1	
65	0.21	0.32069	1	132.429	175.365	7.88253e-06	-1.40159e-05	145.82	173	3	2	0	1	
65	0.21	0.334483	1	128.06	183.8	-2.67513e-05	-6.78563e-06	153.737	173	3	2	0	1	
65	0.21	0.348276	1	123.423	191.763	5.79749e-06	-1.58764e-05	161.306	173	3	2	0	1	
65	0.21	0.362069	1	118.476	199.31	-9.13298e-06	2.64184e-05	168.574	173	3	2	0	1	
65	0.21	0.375862	1	113.165	206.483	-8.06272e-05	-9.34202e-06	175.577	173	3	2	0	1	
65	0.21	0.389655	1	107.421	213.296	3.20768e-07	7.39855e-06	182.343	173	3	2	0	1	
65	0.21	0.403448	1	101.119	219.785	-1.22883e-05	-2.58044e-05	188.898	173	3	2	0	1	
65	0.21	0.417241	1	94.1188	225.929	2.68119e-05	8.12385e-05	195.258	173	3	2	0	1	
65	0.21	0.431034	1	86.1575	231.72	1.38284e-05	2.46219e-05	201.412	173	3	2	0	1	
65	0.21	0.444828	1	76.7621	237.117	1.24752e-05	-3.84056e-06	207.402	173	3	2	0	1	
65	0.21	0.458621	1	64.8694	242.021	-1.02277e-05	-2.6221e-05	213.223	173	3	2	0	1	
65	0.21	0.472414	1	46.6324	246.137	-2.45258e-06	6.49942e-06	218.865	173	3	2	0	1	
65	0.21	0.486207	-2	0	0	0	0	0	173	3	2	0	1	
65	0.21	0.5	-2	0	0	0	0	0	173	3	2	0	1	
65	0.22	0.1	1	162.466	40.8177	-5.79128e-06	-5.90129e-06	8.75481e-06	173	3	2	0	1	
65	0.22	0.113793	1	162.368	40.7512	8.95266e-06	-2.25701e-05	3.23054e-06	173	3	2	0	1	
65	0.22	0.127586	1	162.264	40.6941	4.48514e-07	-1.10265e-05	9.14004e-06	173	3	2	0	1	
65	0.22	0.141379	1	162.155	40.5896	1.65287e-05	2.15825e-05	3.07193e-06	173	3	2	0	1	
65	0.22	0.155172	1	162.033	40.6603	1.06087e-05	9.1774e-06	2.34388e-05	173	3	2	0	1	
65	0.22	0.168966	1	161.9	40.6835	1.06535e-05	-4.66919e-06	-5.69118e-06	173	3	2	0	1	
65	0.22	0.182759	1	161.752	40.7682	2.06498e-05	4.70978e-06	1.50682e-05	173	3	2	0	1	
65	0.22	0.196552	1	161.582	40.9622	3.45702e-06	1.9012e-06	2.71203e-05	173	3	2	0	1	
65	0.22	0.210345	-2	0	0	0	0	0	173	3	2	0	1	
65	0.22	0.224138	-2	0	0	0	0	0	173	3	2	0	1	
65	0.22	0.237931	-2	0	0	0	0	0	173	3	2	0	1	
65	0.22	0.251724	-2	0	0	0	0	0	173	3	2	0	1	
65	0.22	0.265517	-2	0	0	0	0	0	173	3	2	0	1	
65	0.22	0.27931	-2	0	0	0	0	0	173	3	2	0	1	
65	0.22	0.293103	-2	0	0	0	0	0	173	3	2	0	1	
65	0.22	0.306897	1	137.713	163.644	1.99249e-05	-5.00097e-05	133.492	173	3	2	0	1	
65	0.22	0.32069	1	133.733	172.594	6.28603e-06	1.66448e-05	141.677	173	3	2	0	1	
65	0.22	0.334483	1	129.534	181.01	2.61381e-05	-7.61447e-06	149.448	173	3	2	0	1	
65	0.22	0.348276	1	125.091	188.949	-4.20788e-08	4.89739e-05	156.872	173	3	2	0	1	
65	0.22	0.362069	1	120.368	196.488	3.79287e-05	4.17435e-05	163.995	173	3	2	0	1	
65	0.22	0.375862	1	115.319	203.645	7.35867e-06	3.13638e-05	170.855	173	3	2	0	1	
65	0.22	0.389655	1	109.883	210.457	2.10399e-05	-1.69642e-05	177.481	173	3	2	0	1	
65	0.22	0.403448	1	103.974	216.939	2.84297e-06	-1.88178e-05	183.896	173	3	2	0	1	
65	0.22	0.417241	1	97.4702	223.098	-7.10674e-05	-2.32247e-05	190.12	173	3	2	0	1	
65	0.22	0.431034	1	90.1777	228.929	-4.75033e-06	1.45676e-05	196.153	173	3	2	0	1	
65	0.22	0.444828	1	81.778	234.406	-5.12441e-06	3.78784e-05	202.016	173	3	2	0	1	
65	0.22	0.458621	1	71.6346	239.469	-2.82261e-06	4.9075e-05	207.72	173	3	2	0	1	
65	0.22	0.472414	1	58.1008	243.974	-2.54232e-05	2.22908e-05	213.261	173	3	2	0	1	
65	0.22	0.486207	1	30.4008	247.334	-2.76112e-05	1.42857e-05	218.613	173	3	2	0	1	
65	0.22	0.5	-2	0	0	0	0	0	173	3	2	0	1	
65	0.23	0.1	1	162.471	40.8129	-5.76149e-06	1.71804e-05	1.07012e-06	173	3	2	0	1	
65	0.23	0.113793	1	162.373	40.7452	-8.65088e-06	1.73837e-05	2.6078e-06	173	3	2	0	1	
65	0.23	0.127586	1	162.27	40.6865	-9.87298e-06	8.7696e-06	7.62193e-06	173	3	2	0	1	
65	0.23	0.141379	1	162.163	40.5764	-1.61642e-05	-2.12598e-05	-1.70979e-05	173	3	2	0	1	
65	0.23	0.155172	1	162.042	40.6469	-1.86011e-06	8.82775e-06	-6.36635e-06	173	3	2	0	1	
65	0.23	0.168966	1	161.911	40.6644	-1.94331e-05	2.10103e-05	-2.27887e-05	173	3	2	0	1	
65	0.23	0.182759	1	161.766	40.7388	1.32101e-05	1.02268e-05	-9.37201e-06	173	3	2	0	1	
65	0.23	0.196552	1	161.6	40.9103	-5.46125e-05	1.00748e-05	-2.58631e-05	173	3	2	0	1	
65	0.23	0.210345	-2	0	0	0	0	0	173	3	2	0	1	
65	0.23	0.224138	-2	0	0	0	0	0	173	3	2	0	1	
65	0.23	0.237931	-2	0	0	0	0	0	173	3	2	0	1	
65	0.23	0.251724	-2	0	0	0	0	0	173	3	2	0	1	
65	0.23	0.265517	-2	0	0	0	0	0	173	3	2	0	1	
65	0.23	0.27931	-2	0	0	0	0	0	173	3	2	0	1	
65	0.23	0.293103	-2	0	0	0	0	0	173	3	2	0	1	
65	0.23	0.306897	-2	0	0	0	0	0	173	3	2	0	1	
65	0.23	0.32069	1	134.937	169.938	-4.17281e-05	-7.41675e-05	137.799	173	3	2	0	1	
65	0.23	0.334483	1	130.892	178.34	6.39426e-05	1.47063e-05	145.438	173	3	2	0	1	
65	0.23	0.348276	1	126.622	186.276	7.94579e-06	-4.69885e-06	152.728	173	3	2	0	1	
65	0.23	0.362069	1	122.097	193.791	1.57619e-05	-3.18974e-06	159.717	173	3	2	0	1	
65	0.23	0.375862	1	117.279	200.933	2.83594e-06	-2.86325e-06	166.445	173	3	2	0	1	
65	0.23	0.389655	1	112.114	207.734	1.46412e-05	9.94368e-06	172.941	173	3	2	0	1	
65	0.23	0.403448	1	106.535	214.213	-8.46292e-06	-6.00711e-06	179.228	173	3	2	0	1	
65	0.23	0.417241	1	100.442	220.381	-1.91877e-06	1.78592e-05	185.325	173	3	2	0	1	
65	0.23	0.431034	1	93.6935	226.234	-4.36903e-05	8.09343e-07	191.244	173	3	2	0	1	
65	0.23	0.444828	1	86.0388	-231.771	-6.86816e-06	1.96373e-05	196.988	173	3	2	0	1	
65	0.23	0.458621	1	77.0861	236.936	-3.75538e-06	-1.01436e-05	202.579	173	3	2	0	1	
65	0.23	0.472414	1	65.9158	241.656	-5.12579e-06	3.08032e-05	208.018	173	3	2	0	1	
65	0.23	0.486207	1	49.6141	245.697	6.19197e-06	-3.67598e-05	213.297	173	3	2	0	1	
65	0.23	0.5	-2	0	0	0	0	0	173	3	2	0	1	
65	0.24	0.1	1	162.475	40.8084	5.8834e-06	-1.75959e-05	-3.98927e-06	173	3	2	0	1	
65	0.24	0.113793	1	162.379	40.7393	-5.65888e-06	-6.94465e-06	1.40502e-05	173	3	2	0	1	
65	0.24	0.127586	1	162.277	40.679	1.93705e-05	6.00568e-06	-3.34517e-06	173	3	2	0	1	
65	0.24	0.141379	1	162.171	40.5629	2.94426e-06	-5.40916e-06	-1.18416e-05	173	3	2	0	1	
65	0.24	0.155172	1	162.052	40.6342	-1.64152e-05	9.96019e-06	-5.69505e-06	173	3	2	0	1	
65	0.24	0.168966	1	161.922	40.646	-4.32477e-06	-1.58882e-05	-2.76881e-05	173	3	2	0	1	
65	0.24	0.182759	1	161.78	40.7114	1.60571e-05	-8.66655e-06	1.96216e-06	173	3	2	0	1	
65	0.24	0.196552	1	161.618	40.8635	1.16692e-05	6.75837e-06	-2.00229e-05	173	3	2	0	1	
65	0.24	0.210345	1	160.95	53.4231	-0.000176159	1.52581e-05	34.0648	173	3	2	0	1	
65	0.24	0.224138	-2	0	0	0	0	0	173	3	2	0	1	
65	0.24	0.237931	-2	0	0	0	0	0	173	3	2	0	1	
65	0.24	0.251724	-2	0	0	0	0	0	173	3	2	0	1	
65	0.24	0.265517	-2	0	0	0	0	0	173	3	2	0	1	
65	0.24	0.27931	-2	0	0	0	0	0	173	3	2	0	1	
65	0.24	0.293103	-2	0	0	0	0	0	173	3	2	0	1	
65	0.24	0.306897	-2	0	0	0	0	0	173	3	2	0	1	
65	0.24	0.32069	1	136.054	167.387	2.15542e-05	2.42312e-05	134.158	173	3	2	0	1	
65	0.24	0.334483	1	132.148	175.778	-1.26559e-06	1.31615e-05	141.676	173	3	2	0	1	
65	0.24	0.348276	1	128.034	183.7	-1.28386e-05	-5.86168e-06	148.843	173	3	2	0	1	
65	0.24	0.362069	1	123.687	191.214	-1.19457e-06	5.62558e-06	155.709	173	3	2	0	1	
65	0.24	0.375862	1	119.072	198.334	-3.38889e-06	1.04916e-06	162.315	173	3	2	0	1	
65	0.24	0.389655	1	114.146	205.125	1.7279e-05	2.08503e-05	168.689	173	3	2	0	1	
65	0.24	0.403448	1	108.851	211.599	-2.68929e-05	-2.54271e-05	174.857	173	3	2	0	1	
65	0.24	0.417241	1	103.106	217.771	-3.51142e-05	4.70129e-06	180.837	173	3	2	0	1	
65	0.24	0.431034	1	96.7971	223.643	1.48048e-05	1.35035e-05	186.645	173	3	2	0	1	
65	0.24	0.444828	1	89.7463	229.212	9.91302e-06	-4.46386e-06	192.283	173	3	2	0	1	
65	0.24	0.458621	1	81.6627	234.451	4.61218e-05	-1.192e-05	197.765	173	3	2	0	1	
65	0.24	0.472414	1	71.9795	239.308	-1.77645e-05	-3.33797e-06	203.104	173	3	2	0	1	
65	0.24	0.486207	1	59.3005	243.66	2.62162e-06	1.47445e-05	208.296	173	3	2	0	1	
65	0.24	0.5	1	36.6182	247.07	-2.32267e-05	-6.78814e-06	213.324	173	3	2	0	1	
65	0.25	0.1	1	162.48	40.8039	-1.79454e-05	-1.30351e-05	5.70899e-06	173	3	2	0	1	
65	0.25	0.113793	1	162.384	40.7336	-5.25287e-06	-1.85208e-05	1.01126e-05	173	3	2	0	1	
65	0.25	0.127586	1	162.283	40.6716	-7.2671e-06	-3.52954e-06	-7.24082e-07	173	3	2	0	1	
65	0.25	0.141379	1	162.179	40.5496	8.16715e-06	-7.17533e-06	6.12809e-07	173	3	2	0	1	
65	0.25	0.155172	1	162.061	40.6216	2.15782e-05	-3.49781e-06	-1.11129e-05	173	3	2	0	1	
65	0.25	0.168966	1	161.933	40.6285	-1.54315e-05	-4.02622e-06	1.5649e-05	173	3	2	0	1	
65	0.25	0.182759	1	161.793	40.6855	2.10482e-05	-2.13561e-08	2.96218e-05	173	3	2	0	1	
65	0.25	0.196552	1	161.635	40.8208	-7.15927e-06	-1.03045e-05	-1.17941e-07	173	3	2	0	1	
65	0.25	0.210345	1	161.195	48.5737	-9.5164e-05	1.07791e-07	28.3115	173	3	2	0	1	
65	0.25	0.224138	-2	0	0	0	0	0	173	3	2	0	1	
65	0.25	0.237931	-2	0	0	0	0	0	173	3	2	0	1	
65	0.25	0.251724	-2	0	0	0	0	0	173	3	2	0	1	
65	0.25	0.265517	-2	0	0	0	0	0	173	3	2	0	1	
65	0.25	0.27931	-3	0	0	0	0	0	173	3	2	0	1	
65	0.25	0.293103	-2	0	0	0	0	0	173	3	2	0	1	
65	0.25	0.306897	-2	0	0	0	0	0	173	3	2	0	1	
65	0.25	0.32069	-2	0	0	0	0	0	173	3	2	0	1	
65	0.25	0.334483	1	133.316	173.314	4.54497e-05	4.03657e-05	138.137	173	3	2	0	1	
65	0.25	0.348276	1	129.343	181.225	-9.93982e-06	3.11258e-05	145.19	173	3	2	0	1	
65	0.25	0.362069	1	125.155	188.722	-4.06434e-06	-3.28699e-05	151.943	173	3	2	0	1	
65	0.25	0.375862	1	120.722	195.841	5.64187e-06	3.29609e-07	158.435	173	3	2	0	1	
65	0.25	0.389655	1	116.006	202.62	-5.54674e-06	-6.22886e-07	164.697	173	3	2	0	1	
65	0.25	0.403448	1	110.959	209.088	-1.07506e-05	6.83864e-06	170.753	173	3	2	0	1	
65	0.25	0.417241	1	105.515	215.26	-1.94064e-06	5.05492e-06	176.624	173	3	2	0	1	
65	0.25	0.431034	1	99.5791	221.144	7.06821e-07	5.53874e-06	182.324	173	3	2	0	1	
65	0.25	0.444828	1	93.0192	226.734	1.56425e-05	9.76889e-06	187.883	173	3	2	0	1	
65	0.25	0.458621	1	85.6064	232.027	-8.13038e-05	-3.30149e-06	193.245	173	3	2	0	1	
65	0.25	0.472414	1	76.9695	236.977	8.84104e-06	-1.62523e-05	198.487	173	3	2	0	1	
65	0.25	0.486207	1	66.2951	241.514	-2.95124e-06	-2.30175e-06	203.591	173	3	2	0	1	
65	0.25	0.5	1	51.1339	245.439	5.50434e-06	9.76517e-07	208.551	173	3	2	0	1	
65	0.26	0.1	1	162.484	40.7994	1.79706e-06	2.22839e-05	4.43191e-06	173	3	2	0	1	
65	0.26	0.113793	1	162.389	40.7279	1.76272e-05	5.7118e-06	-1.45025e-05	173	3	2	0	1	
65	0.26	0.127586	1	162.29	40.6644	-4.11915e-06	5.34201e-06	-1.14003e-05	173	3	2	0	1	
65	0.26	0.141379	1	162.186	40.5371	6.55242e-06	-3.41262e-06	1.18847e-05	173	3	2	0	1	
65	0.26	0.155172	1	162.07	40.6096	1.05216e-05	-1.6662e-05	1.23402e-05	173	3	2	0	1	
65	0.26	0.168966	1	161.944	40.6116	1.53943e-06	-3.59186e-05	-3.6497e-06	173	3	2	0	1	
65	0.26	0.182759	1	161.806	40.6612	-3.11964e-06	-3.75875e-06	-9.18353e-06	173	3	2	0	1	
65	0.26	0.196552	1	161.652	40.7818	1.52199e-05	-2.15371e-05	-2.29066e-05	173	3	2	0	1	
65	0.26	0.210345	1	161.385	44.0156	-4.01454e-05	4.72445e-06	21.2471	173	3	2	0	1	
65	0.26	0.224138	-2	0	0	0	0	0	173	3	2	0	1	
65	0.26	0.237931	-2	0	0	0	0	0	173	3	2	0	1	
65	0.26	0.251724	-2	0	0	0	0	0	173	3	2	0	1	
65	0.26	0.265517	-2	0	0	0	0	0	173	3	2	0	1	
65	0.26	0.27931	-2	0	0	0	0	0	173	3	2	0	1	
65	0.26	0.293103	-2	0	0	0	0	0	173	3	2	0	1	
65	0.26	0.306897	-2	0	0	0	0	0	173	3	2	0	1	
65	0.26	0.32069	-2	0	0	0	0	0	173	3	2	0	1	
65	0.26	0.334483	1	134.405	170.941	2.69843e-05	1.01323e-05	134.797	173	3	2	0	1	
65	0.26	0.348276	1	130.561	178.843	-1.97654e-05	-3.19745e-06	141.747	173	3	2	0	1	
65	0.26	0.362069	1	126.516	186.329	-7.41308e-06	2.03015e-05	148.394	173	3	2	0	1	
65	0.26	0.375862	1	122.247	193.432	1.62668e-05	-3.22648e-06	154.781	173	3	2	0	1	
65	0.26	0.389655	1	117.719	200.211	1.35769e-05	3.05821e-06	160.938	173	3	2	0	1	
65	0.26	0.403448	1	112.892	206.673	2.50029e-05	4.88978e-06	166.89	173	3	2	0	1	
65	0.26	0.417241	1	107.71	212.841	-8.81256e-06	-3.1267e-05	172.658	173	3	2	0	1	
65	0.26	0.431034	1	102.092	218.733	1.7265e-05	1.37597e-05	178.258	173	3	2	0	1	
65	0.26	0.444828	1	95.9352	224.343	1.74283e-05	8.70497e-05	183.703	173	3	2	0	1	
65	0.26	0.458621	1	89.0678	229.67	2.44386e-07	3.09849e-05	188.993	173	3	2	0	1	
65	0.26	0.472414	1	81.2176	234.687	-4.23603e-06	2.25507e-05	194.141	173	3	2	0	1	
65	0.26	0.486207	1	71.8602	239.346	4.12649e-06	-4.16653e-05	199.159	173	3	2	0	1	
65	0.26	0.5	1	59.7414	243.536	-1.76312e-06	-5.17416e-06	204.043	173	3	2	0	1	
65	0.27	0.1	1	162.489	40.7949	3.79386e-06	-1.69074e-05	-5.31578e-06	173	3	2	0	1	
65	0.27	0.113793	1	162.395	40.7222	1.39307e-07	6.78338e-06	1.56704e-05	173	3	2	0	1	
65	0.27	0.127586	1	162.296	40.6573	5.4971e-06	1.34658e-05	-1.67358e-05	173	3	2	0	1	
65	0.27	0.141379	1	162.194	40.5252	9.53109e-06	-1.71156e-05	-1.31299e-05	173	3	2	0	1	
65	0.27	0.155172	1	162.079	40.5981	6.04939e-06	1.76122e-05	1.01503e-05	173	3	2	0	1	
65	0.27	0.168966	1	161.954	40.5955	-1.46331e-05	-7.02659e-06	-8.18974e-06	173	3	2	0	1	
65	0.27	0.182759	1	161.819	40.6381	-2.28128e-06	3.66826e-06	2.11458e-05	173	3	2	0	1	
65	0.27	0.196552	1	161.668	40.7458	4.54484e-06	2.51785e-05	-2.86632e-05	173	3	2	0	1	
65	0.27	0.210345	1	161.48	41.453	4.76993e-05	-7.26184e-06	9.94739	173	3	2	0	1	
65	0.27	0.224138	-2	0	0	0	0	0	173	3	2	0	1	
65	0.27	0.237931	-2	0	0	0	0	0	173	3	2	0	1	
65	0.27	0.251724	-2	0	0	0	0	0	173	3	2	0	1	
65	0.27	0.265517	-2	0	0	0	0	0	173	3	2	0	1	
65	0.27	0.27931	-2	0	0	0	0	0	173	3	2	0	1	
65	0.27	0.293103	-2	0	0	0	0	0	173	3	2	0	1	
65	0.27	0.306897	-2	0	0	0	0	0	173	3	2	0	1	
65	0.27	0.32069	-2	0	0	0	0	0	173	3	2	0	1	
65	0.27	0.334483	-2	0	0	0	0	0	173	3	2	0	1	
65	0.27	0.348276	1	131.698	176.546	-3.34859e-05	-1.17953e-05	138.492	173	3	2	0	1	
65	0.27	0.362069	1	127.785	184.023	7.3852e-06	2.01024e-05	145.042	173	3	2	0	1	
65	0.27	0.375862	1	123.663	191.129	-1.14971e-05	5.09696e-05	151.33	173	3	2	0	1	
65	0.27	0.389655	1	119.304	197.892	-2.3868e-05	5.16504e-06	157.389	173	3	2	0	1	
65	0.27	0.403448	1	114.672	204.345	2.15729e-05	6.8075e-06	163.245	173	3	2	0	1	
65	0.27	0.417241	1	109.718	210.513	-3.81006e-06	7.02129e-06	168.917	173	3	2	0	1	
65	0.27	0.431034	1	104.38	216.406	9.23539e-06	-3.07759e-05	174.422	173	3	2	0	1	
65	0.27	0.444828	1	98.5672	222.029	3.35559e-06	4.28213e-05	179.773	173	3	2	0	1	
65	0.27	0.458621	1	92.1517	227.378	-4.04682e-06	-1.3358e-05	185.012	173	3	2	0	1	
65	0.27	0.472414	1	84.9161	232.446	8.52671e-06	-2.33496e-05	190.041	173	3	2	0	1	
65	0.27	0.486207	1	76.5088	237.192	5.48296e-07	-2.21573e-06	194.975	173	3	2	0	1	
65	0.27	0.5	1	66.1707	241.548	5.15538e-05	2.1859e-06	199.783	173	3	2	0	1	
65	0.28	0.1	1	162.493	40.7906	2.38295e-08	-6.41929e-06	1.78626e-05	173	3	2	0	1	
65	0.28	0.113793	1	162.4	40.7168	-1.19672e-05	1.5646e-05	8.13151e-06	173	3	2	0	1	
65	0.28	0.127586	1	162.302	40.6504	-1.53973e-05	1.08012e-05	1.58006e-05	173	3	2	0	1	
65	0.28	0.141379	1	162.201	40.5145	5.03122e-06	1.59588e-05	2.3729e-05	173	3	2	0	1	
65	0.28	0.155172	1	162.087	40.5869	4.50837e-06	1.72161e-06	1.17638e-05	173	3	2	0	1	
65	0.28	0.168966	1	161.965	40.58	-3.29532e-06	8.17625e-08	-2.35739e-05	173	3	2	0	1	
65	0.28	0.182759	1	161.831	40.6161	-3.00363e-06	4.8255e-06	2.37538e-05	173	3	2	0	1	
65	0.28	0.196552	1	161.683	40.7123	-1.63791e-06	-1.15246e-05	-3.7153e-05	173	3	2	0	1	
65	0.28	0.210345	1	161.511	40.9968	5.19013e-05	-4.00619e-06	-9.03987e-06	173	3	2	0	1	
65	0.28	0.224138	-2	0	0	0	0	0	173	3	2	0	1	
65	0.28	0.237931	-2	0	0	0	0	0	173	3	2	0	1	
65	0.28	0.251724	-2	0	0	0	0	0	173	3	2	0	1	
65	0.28	0.265517	-2	0	0	0	0	0	173	3	2	0	1	
65	0.28	0.27931	-2	0	0	0	0	0	173	3	2	0	1	
65	0.28	0.293103	-2	0	0	0	0	0	173	3	2	0	1	
65	0.28	0.306897	-2	0	0	0	0	0	173	3	2	0	1	
65	0.28	0.32069	-2	0	0	0	0	0	173	3	2	0	1	
65	0.28	0.334483	-2	0	0	0	0	0	173	3	2	0	1	
65	0.28	0.348276	1	132.763	174.326	7.33192e-05	4.40533e-05	135.409	173	3	2	0	1	
65	0.28	0.362069	1	128.97	181.797	1.59518e-05	-2.19569e-05	141.868	173	3	2	0	1	
65	0.28	0.375862	1	124.982	188.894	-1.48745e-05	-6.97671e-06	148.065	173	3	2	0	1	
65	0.28	0.389655	1	120.775	195.666	4.7628e-05	-1.88519e-05	154.033	173	3	2	0	1	
65	0.28	0.403448	1	116.319	202.101	7.71739e-05	-8.58149e-06	159.797	173	3	2	0	1	
65	0.28	0.417241	1	111.57	208.264	-2.41538e-05	-1.32366e-06	165.379	173	3	2	0	1	
65	0.28	0.431034	1	106.478	214.155	5.72735e-06	-4.85616e-07	170.795	173	3	2	0	1	
65	0.28	0.444828	1	100.96	219.79	-2.88188e-06	-1.06281e-05	176.059	173	3	2	0	1	
65	0.28	0.458621	1	94.9188	225.16	2.37429e-06	-1.63173e-05	181.183	173	3	2	0	1	
65	0.28	0.472414	1	88.1887	230.262	-9.43407e-06	9.15175e-06	186.166	173	3	2	0	1	
65	0.28	0.486207	1	80.5075	235.07	-1.79153e-06	2.20378e-05	191.018	173	3	2	0	1	
65	0.28	0.5	1	71.3745	239.54	-5.58141e-06	1.99495e-05	195.751	173	3	2	0	1	
65	0.29	0.1	1	162.498	40.7862	-8.97636e-07	1.55189e-05	-5.83351e-06	173	3	2	0	1	
65	0.29	0.113793	1	162.405	40.7113	-4.07593e-06	2.59046e-05	-1.15808e-05	173	3	2	0	1	
65	0.29	0.127586	1	162.308	40.6436	6.81244e-06	1.6604e-05	1.00918e-05	173	3	2	0	1	
65	0.29	0.141379	1	162.208	40.5044	-1.81147e-06	-3.38512e-06	-9.54391e-06	173	3	2	0	1	
65	0.29	0.155172	1	162.096	40.576	8.64799e-06	-4.01614e-06	7.69889e-06	173	3	2	0	1	
65	0.29	0.168966	1	161.975	40.5651	-4.28892e-06	-1.61628e-05	-6.67767e-06	173	3	2	0	1	
65	0.29	0.182759	1	161.843	40.5954	-1.82051e-06	1.35329e-06	-7.94602e-06	173	3	2	0	1	
65	0.29	0.196552	1	161.698	40.6811	-7.39632e-06	-8.48485e-06	-3.40265e-05	173	3	2	0	1	
65	0.29	0.210345	1	161.532	40.8693	3.3628e-05	2.37914e-05	4.78366e-05	173	3	2	0	1	
65	0.29	0.224138	-2	0	0	0	0	0	173	3	2	0	1	
65	0.29	0.237931	-2	0	0	0	0	0	173	3	2	0	1	
65	0.29	0.251724	-2	0	0	0	0	0	173	3	2	0	1	
65	0.29	0.265517	-2	0	0	0	0	0	173	3	2	0	1	
65	0.29	0.27931	-2	0	0	0	0	0	173	3	2	0	1	
65	0.29	0.293103	-2	0	0	0	0	0	173	3	2	0	1	
65	0.29	0.306897	-2	0	0	0	0	0	173	3	2	0	1	
65	0.29	0.32069	-2	0	0	0	0	0	173	3	2	0	1	
65	0.29	0.334483	-2	0	0	0	0	0	173	3	2	0	1	
65	0.29	0.348276	-2	0	0	0	0	0	173	3	2	0	1	
65	0.29	0.362069	1	130.081	179.644	-3.1608e-07	-3.0684e-05	138.857	173	3	2	0	1	
65	0.29	0.375862	1	126.216	186.736	1.70787e-05	-9.84433e-06	144.968	173	3	2	0	1	
65	0.29	0.389655	1	122.149	193.492	-3.40424e-05	2.12564e-05	150.85	173	3	2	0	1	
65	0.29	0.403448	1	117.85	199.933	-4.58651e-05	1.5226e-05	156.529	173	3	2	0	1	
65	0.29	0.417241	1	113.284	206.092	-8.19705e-06	-3.77308e-05	162.027	173	3	2	0	1	
65	0.29	0.431034	1	108.405	211.985	1.23102e-05	1.04985e-05	167.359	173	3	2	0	1	
65	0.29	0.444828	1	103.15	217.622	-1.06022e-05	2.48968e-05	172.541	173	3	2	0	1	
65	0.29	0.458621	1	97.4311	223.006	3.29439e-06	3.30709e-05	177.584	173	3	2	0	1	
65	0.29	0.472414	1	91.1241	228.132	2.5643e-05	-1.36733e-05	182.508	173	3	2	0	1	
65	0.29	0.486207	1	84.0167	232.99	-1.26131e-05	-1.1231e-05	187.27	173	3	2	0	1	
65	0.29	0.5	1	75.768	237.542	-2.7622e-05	1.78036e-05	191.93	173	3	2	0	1	
65	0.3	0.1	1	162.502	40.7821	-7.63989e-06	-9.58397e-06	-9.89676e-06	173	3	2	0	1	
65	0.3	0.113793	1	162.41	40.7061	7.33377e-06	-1.18007e-05	2.43133e-06	173	3	2	0	1	
65	0.3	0.127586	1	162.314	40.637	3.9389e-06	3.05197e-06	9.41333e-06	173	3	2	0	1	
65	0.3	0.141379	1	162.216	40.4956	1.33708e-05	2.27805e-05	5.33539e-06	173	3	2	0	1	
65	0.3	0.155172	1	162.104	40.5656	-1.7595e-08	2.58401e-05	-2.0036e-05	173	3	2	0	1	
65	0.3	0.168966	1	161.985	40.5508	-4.68877e-06	9.82229e-06	-1.42153e-05	173	3	2	0	1	
65	0.3	0.182759	1	161.855	40.5755	-1.88559e-05	1.39798e-05	4.67398e-06	173	3	2	0	1	
65	0.3	0.196552	1	161.712	40.6518	1.47842e-06	-7.03834e-07	2.64848e-05	173	3	2	0	1	
65	0.3	0.210345	1	161.55	40.8165	-4.53097e-06	-9.0041e-06	-2.31196e-05	173	3	2	0	1	
65	0.3	0.224138	-2	0	0	0	0	0	173	3	2	0	1	
65	0.3	0.237931	-2	0	0	0	0	0	173	3	2	0	1	
65	0.3	0.251724	-2	0	0	0	0	0	173	3	2	0	1	
65	0.3	0.265517	-2	0	0	0	0	0	173	3	2	0	1	
65	0.3	0.27931	-2	0	0	0	0	0	173	3	2	0	1	
65	0.3	0.293103	-3	0	0	0	0	0	173	3	2	0	1	
65	0.3	0.306897	-2	0	0	0	0	0	173	3	2	0	1	
65	0.3	0.32069	-2	0	0	0	0	0	173	3	2	0	1	
65	0.3	0.334483	-2	0	0	0	0	0	173	3	2	0	1	
65	0.3	0.348276	-2	0	0	0	0	0	173	3	2	0	1	
65	0.3	0.362069	1	131.125	177.56	-3.81277e-05	-2.35765e-05	135.994	173	3	2	0	1	
65	0.3	0.375862	1	127.374	184.647	1.71955e-05	6.65958e-05	142.026	173	3	2	0	1	
65	0.3	0.389655	1	123.433	191.396	-4.18338e-06	1.47545e-05	147.828	173	3	2	0	1	
65	0.3	0.403448	1	119.278	197.841	2.40839e-05	1.01559e-05	153.427	173	3	2	0	1	
65	0.3	0.417241	1	114.877	203.99	4.70197e-06	-1.0589e-05	158.844	173	3	2	0	1	
65	0.3	0.431034	1	110.191	209.882	-3.03944e-05	3.10623e-05	164.098	173	3	2	0	1	
65	0.3	0.444828	1	105.169	215.518	-9.72473e-06	1.91867e-05	169.201	173	3	2	0	1	
65	0.3	0.458621	1	99.7267	220.917	2.66929e-05	2.88669e-05	174.168	173	3	2	0	1	
65	0.3	0.472414	1	93.7723	226.064	-3.17711e-06	1.47454e-05	179.006	173	3	2	0	1	
65	0.3	0.486207	1	87.1414	230.957	-5.4081e-06	-5.47957e-06	183.713	173	3	2	0	1	
65	0.3	0.5	1	79.5768	235.569	2.6168e-05	-1.05092e-05	188.301	173	3	2	0	1	
