65	0.01	0.1	1	153.494	51.9469	1.5677e-05	-8.28986e-06	-1.74253e-05	346	0	2	0	1	
65	0.01	0.121053	1	153.33	51.9374	1.13805e-05	1.5844e-06	6.06821e-07	346	0	2	0	1	
65	0.01	0.142105	1	153.142	51.9785	-2.04632e-05	-4.59912e-06	1.18856e-06	346	0	2	0	1	
65	0.01	0.163158	1	149.156	94.1464	4.72421e-06	-5.5336e-06	158.777	346	0	2	0	1	
65	0.01	0.184211	1	125.403	-176.977	-1.95847e-05	-1.34985e-06	329.554	346	0	2	0	1	
65	0.01	0.205263	1	84.9095	-228.614	3.69405e-05	6.24216e-06	439.043	346	0	2	0	1	
65	0.01	0.226316	-2	0	0	0	0	0	346	0	2	0	1	
65	0.01	0.247368	-3	0	0	0	0	0	346	0	2	0	1	
65	0.01	0.268421	-3	0	0	0	0	0	346	0	2	0	1	
65	0.01	0.289474	-3	0	0	0	0	0	346	0	2	0	1	
65	0.01	0.310526	-3	0	0	0	0	0	346	0	2	0	1	
65	0.01	0.331579	-3	0	0	0	0	0	346	0	2	0	1	
65	0.01	0.352632	-3	0	0	0	0	0	346	0	2	0	1	
65	0.01	0.373684	-3	0	0	0	0	0	346	0	2	0	1	
65	0.01	0.394737	-3	0	0	0	0	0	346	0	2	0	1	
65	0.01	0.415789	-3	0	0	0	0	0	346	0	2	0	1	
65	0.01	0.436842	-3	0	0	0	0	0	346	0	2	0	1	
65	0.01	0.457895	-3	0	0	0	0	0	346	0	2	0	1	
65	0.01	0.478947	-3	0	0	0	0	0	346	0	2	0	1	
65	0.01	0.5	-3	0	0	0	0	0	346	0	2	0	1	
65	0.0252632	0.1	1	153.501	51.9451	-9.99354e-06	-1.47483e-05	-6.32284e-06	346	0	2	0	1	
65	0.0252632	0.121053	1	153.339	51.9315	-3.528e-06	1.24073e-05	1.24643e-06	346	0	2	0	1	
65	0.0252632	0.142105	1	153.155	51.9635	-1.27781e-05	8.0085e-06	2.57208e-05	346	0	2	0	1	
65	0.0252632	0.163158	1	152.353	63.3808	-3.69918e-05	4.49427e-06	66.7045	346	0	2	0	1	
65	0.0252632	0.184211	1	141.835	130.612	-5.98794e-06	1.36616e-05	181.494	346	0	2	0	1	
65	0.0252632	0.205263	1	127.122	172.985	-2.11702e-07	-2.1715e-05	250.386	346	0	2	0	1	
65	0.0252632	0.226316	1	107.609	206.129	5.75456e-06	3.72985e-06	305.486	346	0	2	0	1	
65	0.0252632	0.247368	1	78.1159	232.936	-6.94681e-07	-1.6123e-05	352.932	346	0	2	0	1	
65	0.0252632	0.268421	-3	0	0	0	0	0	346	0	2	0	1	
65	0.0252632	0.289474	-3	0	0	0	0	0	346	0	2	0	1	
65	0.0252632	0.310526	-3	0	0	0	0	0	346	0	2	0	1	
65	0.0252632	0.331579	-3	0	0	0	0	0	346	0	2	0	1	
65	0.0252632	0.352632	-3	0	0	0	0	0	346	0	2	0	1	
65	0.0252632	0.373684	-3	0	0	0	0	0	346	0	2	0	1	
65	0.0252632	0.394737	-3	0	0	0	0	0	346	0	2	0	1	
65	0.0252632	0.415789	-3	0	0	0	0	0	346	0	2	0	1	
65	0.0252632	0.436842	-3	0	0	0	0	0	346	0	2	0	1	
65	0.0252632	0.457895	-3	0	0	0	0	0	346	0	2	0	1	
65	0.0252632	0.478947	-3	0	0	0	0	0	346	0	2	0	1	
65	0.0252632	0.5	-3	0	0	0	0	0	346	0	2	0	1	
65	0.0405263	0.1	1	153.507	51.9433	-9.85613e-06	2.08188e-05	-7.0018e-06	346	0	2	0	1	
65	0.0405263	0.121053	1	153.347	51.9264	1.50092e-05	-1.23832e-05	-1.46591e-05	346	0	2	0	1	
65	0.0405263	0.142105	1	153.168	51.9457	-1.097e-05	-2.44643e-05	4.11522e-05	346	0	2	0	1	
65	0.0405263	0.163158	1	152.941	52.3005	-3.83789e-05	1.29808e-05	15.9766	346	0	2	0	1	
65	0.0405263	0.184211	1	146.279	110.473	1.76011e-06	-1.86102e-05	131.881	346	0	2	0	1	
65	0.0405263	0.205263	1	136.283	149.252	-2.9891e-05	1.31506e-05	187.204	346	0	2	0	1	
65	0.0405263	0.226316	1	123.995	179.342	-4.2055e-06	-3.36249e-06	230.778	346	0	2	0	1	
65	0.0405263	0.247368	1	108.663	-204.572	-1.85996e-05	1.77653e-05	268.192	346	0	2	0	1	
65	0.0405263	0.268421	1	87.991	-226.123	-1.81781e-05	-2.18929e-06	301.633	346	0	2	0	1	
65	0.0405263	0.289474	1	49.9123	243.334	1.87245e-05	3.65053e-07	331.848	346	0	2	0	1	
65	0.0405263	0.310526	-2	0	0	0	0	0	346	0	2	0	1	
65	0.0405263	0.331579	-3	0	0	0	0	0	346	0	2	0	1	
65	0.0405263	0.352632	-3	0	0	0	0	0	346	0	2	0	1	
65	0.0405263	0.373684	-3	0	0	0	0	0	346	0	2	0	1	
65	0.0405263	0.394737	-3	0	0	0	0	0	346	0	2	0	1	
65	0.0405263	0.415789	-3	0	0	0	0	0	346	0	2	0	1	
65	0.0405263	0.436842	-3	0	0	0	0	0	346	0	2	0	1	
65	0.0405263	0.457895	-3	0	0	0	0	0	346	0	2	0	1	
65	0.0405263	0.478947	-3	0	0	0	0	0	346	0	2	0	1	
65	0.0405263	0.5	-3	0	0	0	0	0	346	0	2	0	1	
65	0.0557895	0.1	1	153.513	51.9418	4.53315e-07	-7.90683e-06	-1.26203e-05	346	0	2	0	1	
65	0.0557895	0.121053	1	153.356	51.9219	-5.92543e-06	9.44466e-06	1.11341e-05	346	0	2	0	1	
65	0.0557895	0.142105	1	153.181	51.9293	-7.55282e-06	-9.16686e-06	-1.01333e-05	346	0	2	0	1	
65	0.0557895	0.163158	1	152.966	52.1383	2.17854e-05	-8.74584e-06	2.44601e-05	346	0	2	0	1	
65	0.0557895	0.184211	1	148.581	96.9315	-1.82637e-05	-4.04848e-07	103.914	346	0	2	0	1	
65	0.0557895	0.205263	1	140.747	134.303	2.96412e-08	9.77155e-06	152.881	346	0	2	0	1	
65	0.0557895	0.226316	1	131.347	162.595	-1.01449e-05	-2.13915e-06	190.403	346	0	2	0	1	
65	0.0557895	0.247368	1	120.192	186.438	9.42847e-06	8.70431e-06	222.393	346	0	2	0	1	
65	0.0557895	0.268421	1	106.629	207.135	-2.9654e-06	1.16649e-05	250.856	346	0	2	0	1	
65	0.0557895	0.289474	1	89.0382	225.222	3.87745e-05	9.17503e-06	276.844	346	0	2	0	1	
65	0.0557895	0.310526	1	61.3509	240.418	4.527e-06	9.62389e-07	300.782	346	0	2	0	1	
65	0.0557895	0.331579	-2	0	0	0	0	0	346	0	2	0	1	
65	0.0557895	0.352632	-2	0	0	0	0	0	346	0	2	0	1	
65	0.0557895	0.373684	-3	0	0	0	0	0	346	0	2	0	1	
65	0.0557895	0.394737	-3	0	0	0	0	0	346	0	2	0	1	
65	0.0557895	0.415789	-3	0	0	0	0	0	346	0	2	0	1	
65	0.0557895	0.436842	-3	0	0	0	0	0	346	0	2	0	1	
65	0.0557895	0.457895	-2	0	0	0	0	0	346	0	2	0	1	
65	0.0557895	0.478947	-3	0	0	0	0	0	346	0	2	0	1	
65	0.0557895	0.5	-3	0	0	0	0	0	346	0	2	0	1	
65	0.0710526	0.1	1	153.518	51.9403	2.33323e-06	-8.18063e-06	-2.07972e-05	346	0	2	0	1	
65	0.0710526	0.121053	1	153.364	51.9178	-8.61602e-06	-1.53012e-05	9.71985e-06	346	0	2	0	1	
65	0.0710526	0.142105	1	153.192	51.9151	4.75114e-06	-1.87138e-05	-1.46978e-05	346	0	2	0	1	
65	0.0710526	0.163158	1	152.985	52.0901	-6.10123e-06	-2.11383e-05	4.17586e-05	346	0	2	0	1	
65	0.0710526	0.184211	1	150.044	86.2763	1.874e-05	2.33366e-05	84.5352	346	0	2	0	1	
65	0.0710526	0.205263	1	143.526	122.918	5.45799e-06	-1.30937e-05	130.237	346	0	2	0	1	
65	0.0710526	0.226316	1	135.739	150.449	1.52791e-06	-1.42541e-05	164.138	346	0	2	0	1	
65	0.0710526	0.247368	1	126.71	173.308	-1.90017e-05	-5.40605e-06	192.685	346	0	2	0	1	
65	0.0710526	0.268421	1	116.167	193.229	-4.59477e-06	7.37906e-06	218.012	346	0	2	0	1	
65	0.0710526	0.289474	1	103.503	210.88	2.76304e-06	3.57031e-06	241.021	346	0	2	0	1	
65	0.0710526	0.310526	1	87.3239	-226.524	4.17077e-06	-1.79252e-05	262.336	346	0	2	0	1	
65	0.0710526	0.331579	1	62.8763	239.885	-1.00204e-05	-6.6166e-07	282.188	346	0	2	0	1	
65	0.0710526	0.352632	-2	0	0	0	0	0	346	0	2	0	1	
65	0.0710526	0.373684	-2	0	0	0	0	0	346	0	2	0	1	
65	0.0710526	0.394737	-3	0	0	0	0	0	346	0	2	0	1	
65	0.0710526	0.415789	-3	0	0	0	0	0	346	0	2	0	1	
65	0.0710526	0.436842	-3	0	0	0	0	0	346	0	2	0	1	
65	0.0710526	0.457895	-3	0	0	0	0	0	346	0	2	0	1	
65	0.0710526	0.478947	-3	0	0	0	0	0	346	0	2	0	1	
65	0.0710526	0.5	-3	0	0	0	0	0	346	0	2	0	1	
65	0.0863158	0.1	1	153.524	51.9391	9.9809e-07	1.95475e-05	-1.37205e-05	346	0	2	0	1	
65	0.0863158	0.121053	1	153.372	51.9141	-5.58824e-07	2.06007e-05	8.24399e-06	346	0	2	0	1	
65	0.0863158	0.142105	1	153.204	51.9033	-9.5307e-06	-1.17704e-05	-4.46686e-06	346	0	2	0	1	
65	0.0863158	0.163158	1	153.003	52.053	8.4892e-06	9.05997e-06	-4.65866e-05	346	0	2	0	1	
65	0.0863158	0.184211	1	151.068	77.149	5.6884e-05	8.36867e-06	69.3732	346	0	2	0	1	
65	0.0863158	0.205263	1	145.48	113.76	8.85474e-06	-1.78108e-05	113.616	346	0	2	0	1	
65	0.0863158	0.226316	1	138.744	140.971	-1.02319e-05	-8.78064e-06	145.188	346	0	2	0	1	
65	0.0863158	0.247368	1	131.037	163.034	5.51029e-07	-1.52578e-05	171.407	346	0	2	0	1	
65	0.0863158	0.268421	1	122.229	182.356	-1.05884e-05	-3.7519e-05	194.497	346	0	2	0	1	
65	0.0863158	0.289474	1	112.018	199.547	2.84182e-05	2.57694e-06	215.467	346	0	2	0	1	
65	0.0863158	0.310526	1	99.8067	214.979	-3.68051e-06	8.16411e-06	234.807	346	0	2	0	1	
65	0.0863158	0.331579	1	84.2471	228.765	-3.17894e-05	-1.46171e-06	252.897	346	0	2	0	1	
65	0.0863158	0.352632	1	60.746	-240.581	9.49562e-06	1.4412e-05	269.868	346	0	2	0	1	
65	0.0863158	0.373684	-2	0	0	0	0	0	346	0	2	0	1	
65	0.0863158	0.394737	-2	0	0	0	0	0	346	0	2	0	1	
65	0.0863158	0.415789	-2	0	0	0	0	0	346	0	2	0	1	
65	0.0863158	0.436842	-3	0	0	0	0	0	346	0	2	0	1	
65	0.0863158	0.457895	-3	0	0	0	0	0	346	0	2	0	1	
65	0.0863158	0.478947	-3	0	0	0	0	0	346	0	2	0	1	
65	0.0863158	0.5	-3	0	0	0	0	0	346	0	2	0	1	
65	0.101579	0.1	1	153.53	51.9379	-8.02211e-06	-1.53658e-05	-1.31531e-05	346	0	2	0	1	
65	0.101579	0.121053	1	153.379	51.9109	3.05812e-06	-1.30318e-05	6.91528e-07	346	0	2	0	1	
65	0.101579	0.142105	1	153.214	51.8935	1.2148e-06	-2.73403e-06	-3.57513e-06	346	0	2	0	1	
65	0.101579	0.163158	1	153.019	52.0234	-6.0963e-06	-1.20032e-05	-1.667e-05	346	0	2	0	1	
65	0.101579	0.184211	1	151.81	68.9794	2.3205e-05	1.50657e-05	56.269	346	0	2	0	1	
65	0.101579	0.205263	1	146.956	105.911	6.29002e-05	-1.55814e-05	100.547	346	0	2	0	1	
65	0.101579	0.226316	1	140.977	132.74	-1.24855e-05	1.19005e-05	130.581	346	0	2	0	1	
65	0.101579	0.247368	1	134.185	154.566	9.34956e-06	-1.24704e-07	155.144	346	0	2	0	1	
65	0.101579	0.268421	1	126.521	173.439	1.15914e-05	-9.48592e-06	176.611	346	0	2	0	1	
65	0.101579	0.289474	1	117.822	190.239	2.47686e-05	-5.094e-05	196.019	346	0	2	0	1	
65	0.101579	0.310526	1	107.759	205.396	1.10975e-06	-1.97487e-05	213.908	346	0	2	0	1	
65	0.101579	0.331579	1	95.7139	219.113	2.86913e-05	-2.43395e-05	230.604	346	0	2	0	1	
65	0.101579	0.352632	1	80.2659	231.411	3.66236e-06	1.5161e-05	246.324	346	0	2	0	1	
65	0.101579	0.373684	1	56.2318	241.88	-1.2964e-05	6.41868e-06	261.141	346	0	2	0	1	
65	0.101579	0.394737	-2	0	0	0	0	0	346	0	2	0	1	
65	0.101579	0.415789	-2	0	0	0	0	0	346	0	2	0	1	
65	0.101579	0.436842	-2	0	0	0	0	0	346	0	2	0	1	
65	0.101579	0.457895	-3	0	0	0	0	0	346	0	2	0	1	
65	0.101579	0.478947	-3	0	0	0	0	0	346	0	2	0	1	
65	0.101579	0.5	-3	0	0	0	0	0	346	0	2	0	1	
65	0.116842	0.1	1	153.535	51.9369	9.79756e-06	1.16068e-05	-4.56774e-06	346	0	2	0	1	
65	0.116842	0.121053	1	153.387	51.908	-8.54729e-06	2.06293e-05	1.69822e-05	346	0	2	0	1	
65	0.116842	0.142105	1	153.225	51.8857	3.7374e-05	-2.37007e-05	1.70678e-05	346	0	2	0	1	
65	0.116842	0.163158	1	153.035	51.9991	-1.05028e-05	-7.04027e-06	2.54391e-05	346	0	2	0	1	
65	0.116842	0.184211	1	152.349	61.4928	-2.611e-05	-1.41235e-06	43.9048	346	0	2	0	1	
65	0.116842	0.205263	1	148.124	98.9269	4.26622e-05	-1.89257e-05	89.7523	346	0	2	0	1	
65	0.116842	0.226316	1	142.728	125.692	-2.14962e-05	-1.58781e-05	118.79	346	0	2	0	1	
65	0.116842	0.247368	1	136.612	147.336	3.46602e-06	5.28525e-06	142.142	346	0	2	0	1	
65	0.116842	0.268421	1	129.771	165.875	5.58939e-06	-1.85539e-05	162.381	346	0	2	0	1	
65	0.116842	0.289474	1	122.11	182.354	-6.30333e-07	-8.12325e-06	180.591	346	0	2	0	1	
65	0.116842	0.310526	1	113.429	197.249	5.45814e-06	5.7434e-06	197.342	346	0	2	0	1	
65	0.116842	0.331579	1	103.376	210.81	2.40062e-05	-2.67351e-06	212.941	346	0	2	0	1	
65	0.116842	0.352632	1	91.2741	223.145	-1.35251e-06	-1.98901e-05	227.626	346	0	2	0	1	
65	0.116842	0.373684	1	75.5137	234.198	-2.58297e-05	2.15631e-06	241.522	346	0	2	0	1	
65	0.116842	0.394737	1	49.2303	243.421	-5.10558e-06	1.33181e-05	254.653	346	0	2	0	1	
65	0.116842	0.415789	-2	0	0	0	0	0	346	0	2	0	1	
65	0.116842	0.436842	-2	0	0	0	0	0	346	0	2	0	1	
65	0.116842	0.457895	-2	0	0	0	0	0	346	0	2	0	1	
65	0.116842	0.478947	-3	0	0	0	0	0	346	0	2	0	1	
65	0.116842	0.5	-3	0	0	0	0	0	346	0	2	0	1	
65	0.132105	0.1	1	153.54	51.936	5.47575e-07	2.09742e-05	9.06829e-06	346	0	2	0	1	
65	0.132105	0.121053	1	153.394	51.9053	1.10197e-05	-2.81489e-05	-9.54755e-06	346	0	2	0	1	
65	0.132105	0.142105	1	153.235	51.8795	-4.45287e-06	-1.30165e-05	6.45985e-06	346	0	2	0	1	
65	0.132105	0.163158	1	153.049	51.9788	2.88279e-06	-4.51067e-06	-3.93923e-07	346	0	2	0	1	
65	0.132105	0.184211	1	152.694	55.3398	-5.84189e-06	4.60514e-06	30.7447	346	0	2	0	1	
65	0.132105	0.205263	1	149.078	92.5394	1.26007e-05	-2.34237e-05	80.4905	346	0	2	0	1	
65	0.132105	0.226316	1	144.153	119.418	-4.5043e-05	1.04371e-05	108.939	346	0	2	0	1	
65	0.132105	0.247368	1	138.559	141.098	-2.40244e-06	1.95458e-05	131.395	346	0	2	0	1	
65	0.132105	0.268421	1	132.345	159.257	4.04009e-05	-1.31268e-05	150.683	346	0	2	0	1	
65	0.132105	0.289474	1	125.449	175.51	4.35259e-05	-3.81073e-06	167.948	346	0	2	0	1	
65	0.132105	0.310526	1	117.744	190.181	1.33423e-05	3.9629e-05	183.776	346	0	2	0	1	
65	0.132105	0.331579	1	109.004	203.571	-1.22029e-05	4.13267e-05	198.544	346	0	2	0	1	
65	0.132105	0.352632	1	98.8383	215.836	1.81046e-05	4.28157e-06	212.341	346	0	2	0	1	
65	0.132105	0.373684	1	86.4753	227.014	-1.63712e-05	-9.42944e-06	225.442	346	0	2	0	1	
65	0.132105	0.394737	1	69.9453	236.979	2.24116e-05	1.68973e-05	237.885	346	0	2	0	1	
65	0.132105	0.415789	1	37.5232	244.918	-4.7595e-05	-9.45075e-06	249.635	346	0	2	0	1	
65	0.132105	0.436842	-2	0	0	0	0	0	346	0	2	0	1	
65	0.132105	0.457895	-2	0	0	0	0	0	346	0	2	0	1	
65	0.132105	0.478947	-2	0	0	0	0	0	346	0	2	0	1	
65	0.132105	0.5	-2	0	0	0	0	0	346	0	2	0	1	
65	0.147368	0.1	1	153.546	51.9351	-3.89464e-06	3.93766e-06	6.55828e-06	346	0	2	0	1	
65	0.147368	0.121053	1	153.401	51.9028	-4.01761e-06	-2.96958e-07	-1.98528e-06	346	0	2	0	1	
65	0.147368	0.142105	1	153.244	51.8746	7.7676e-07	2.62309e-05	-1.52901e-05	346	0	2	0	1	
65	0.147368	0.163158	1	153.063	51.9615	7.47018e-06	6.21541e-06	4.11812e-05	346	0	2	0	1	
65	0.147368	0.184211	1	152.842	52.2245	5.25124e-06	-1.1449e-05	10.5384	346	0	2	0	1	
65	0.147368	0.205263	1	149.873	86.5731	2.02769e-05	1.21702e-05	72.2921	346	0	2	0	1	
65	0.147368	0.226316	1	145.349	113.682	-8.50438e-06	-1.50433e-05	100.484	346	0	2	0	1	
65	0.147368	0.247368	1	140.173	135.225	4.24239e-06	-2.16733e-06	122.28	346	0	2	0	1	
65	0.147368	0.268421	1	134.455	153.382	-2.35799e-05	-7.50209e-06	140.821	346	0	2	0	1	
65	0.147368	0.289474	1	128.148	169.447	-3.44566e-05	1.38594e-05	157.327	346	0	2	0	1	
65	0.147368	0.310526	1	121.174	183.937	-1.25374e-06	1.61626e-05	172.405	346	0	2	0	1	
65	0.147368	0.331579	1	113.376	197.171	1.31766e-05	4.07464e-05	186.41	346	0	2	0	1	
65	0.147368	0.352632	1	104.502	209.334	-7.91183e-06	7.94756e-05	199.552	346	0	2	0	1	
65	0.147368	0.373684	1	94.105	-220.508	4.53307e-05	7.94218e-06	211.977	346	0	2	0	1	
65	0.147368	0.394737	1	81.2583	230.686	-3.69937e-06	1.40287e-05	223.796	346	0	2	0	1	
65	0.147368	0.415789	1	63.3316	239.656	-2.03426e-05	-1.46624e-05	235.049	346	0	2	0	1	
65	0.147368	0.436842	-2	0	0	0	0	0	346	0	2	0	1	
65	0.147368	0.457895	-2	0	0	0	0	0	346	0	2	0	1	
65	0.147368	0.478947	-2	0	0	0	0	0	346	0	2	0	1	
65	0.147368	0.5	-2	0	0	0	0	0	346	0	2	0	1	
65	0.162632	0.1	1	153.551	51.9343	-5.09437e-06	1.54898e-05	-1.24085e-05	346	0	2	0	1	
65	0.162632	0.121053	1	153.408	51.9006	-1.39235e-05	-1.69403e-05	-8.83228e-06	346	0	2	0	1	
65	0.162632	0.142105	1	153.253	51.871	1.00405e-05	-2.09002e-05	1.01288e-05	346	0	2	0	1	
65	0.162632	0.163158	1	153.076	51.9467	-5.50775e-06	-6.00056e-06	-1.46679e-05	346	0	2	0	1	
65	0.162632	0.184211	1	152.865	52.12	-1.24101e-05	1.89528e-05	6.32064e-05	346	0	2	0	1	
65	0.162632	0.205263	1	150.545	80.9042	1.2597e-05	-1.59812e-05	64.8415	346	0	2	0	1	
65	0.162632	0.226316	-2	0	0	0	0	0	346	0	2	0	1	
65	0.162632	0.247368	1	141.546	129.947	0.00018689	-1.1389e-05	114.388	346	0	2	0	1	
65	0.162632	0.268421	1	136.226	148.089	7.01115e-06	1.83535e-05	132.339	346	0	2	0	1	
65	0.162632	0.289474	1	130.393	163.984	1.03616e-06	3.0811e-05	148.225	346	0	2	0	1	
65	0.162632	0.310526	1	123.989	178.359	1.04929e-05	-8.46423e-06	162.684	346	0	2	0	1	
65	0.162632	0.331579	1	116.906	191.436	2.67886e-05	1.12141e-06	176.079	346	0	2	0	1	
65	0.162632	0.352632	1	108.967	203.491	-1.5017e-06	8.8687e-06	188.643	346	0	2	0	1	
65	0.162632	0.373684	1	99.8814	214.619	7.00451e-05	-4.17612e-06	200.496	346	0	2	0	1	
65	0.162632	0.394737	1	89.1195	224.855	3.90795e-06	-1.74155e-05	211.771	346	0	2	0	1	
65	0.162632	0.415789	1	75.5089	234.139	4.62974e-06	2.60224e-06	222.527	346	0	2	0	1	
65	0.162632	0.436842	1	55.0836	242.143	-7.11186e-06	3.0859e-06	232.778	346	0	2	0	1	
65	0.162632	0.457895	-2	0	0	0	0	0	346	0	2	0	1	
65	0.162632	0.478947	-2	0	0	0	0	0	346	0	2	0	1	
65	0.162632	0.5	-2	0	0	0	0	0	346	0	2	0	1	
65	0.177895	0.1	1	153.556	51.9336	-4.98186e-06	-9.86951e-06	-5.12906e-06	346	0	2	0	1	
65	0.177895	0.121053	1	153.415	51.8987	5.78361e-06	-7.17755e-06	-1.27845e-05	346	0	2	0	1	
65	0.177895	0.142105	1	153.262	51.8683	1.69515e-05	5.07782e-06	-7.89794e-06	346	0	2	0	1	
65	0.177895	0.163158	1	153.089	51.9337	-5.06951e-06	1.0439e-05	-1.04493e-05	346	0	2	0	1	
65	0.177895	0.184211	1	152.885	52.0767	-3.46321e-06	-2.21795e-05	6.02033e-05	346	0	2	0	1	
65	0.177895	0.205263	1	151.118	75.4355	-2.69641e-05	-2.0323e-05	58.2333	346	0	2	0	1	
65	0.177895	0.226316	-2	0	0	0	0	0	346	0	2	0	1	
65	0.177895	0.247368	-2	0	0	0	0	0	346	0	2	0	1	
65	0.177895	0.268421	1	137.739	143.321	3.60725e-06	1.21111e-05	124.925	346	0	2	0	1	
65	0.177895	0.289474	1	132.3	159.016	2.02273e-05	2.71478e-05	140.3	346	0	2	0	1	
65	0.177895	0.310526	1	126.356	173.253	7.31261e-06	-8.4636e-07	154.241	346	0	2	0	1	
65	0.177895	0.331579	1	119.836	186.241	6.02027e-06	4.98467e-05	167.122	346	0	2	0	1	
65	0.177895	0.352632	1	112.61	198.195	-4.19787e-06	-5.35198e-07	179.178	346	0	2	0	1	
65	0.177895	0.373684	1	104.476	209.258	-1.56821e-05	2.96449e-05	190.561	346	0	2	0	1	
65	0.177895	0.394737	1	95.0932	219.491	1.09548e-05	2.01293e-05	201.358	346	0	2	0	1	
65	0.177895	0.415789	1	83.8028	228.897	-1.17109e-05	-6.80785e-06	211.67	346	0	2	0	1	
65	0.177895	0.436842	1	69.0216	237.352	3.63665e-06	4.63964e-06	221.527	346	0	2	0	1	
65	0.177895	0.457895	1	43.335	244.314	-1.22355e-05	-2.29619e-05	230.907	346	0	2	0	1	
65	0.177895	0.478947	-2	0	0	0	0	0	346	0	2	0	1	
65	0.177895	0.5	-2	0	0	0	0	0	346	0	2	0	1	
65	0.193158	0.1	1	153.561	51.933	7.17838e-06	1.07161e-05	6.50473e-06	346	0	2	0	1	
65	0.193158	0.121053	1	153.422	51.8967	-1.33743e-06	-5.25313e-07	2.43364e-05	346	0	2	0	1	
65	0.193158	0.142105	1	153.271	51.8661	-6.36008e-06	-1.8621e-05	3.02799e-05	346	0	2	0	1	
65	0.193158	0.163158	1	153.101	51.9224	5.66726e-06	-1.83553e-05	-2.84156e-05	346	0	2	0	1	
65	0.193158	0.184211	1	152.902	52.0417	1.80375e-05	1.25028e-06	1.00255e-05	346	0	2	0	1	
65	0.193158	0.205263	1	151.605	70.1265	1.35647e-05	8.21099e-06	51.0285	346	0	2	0	1	
65	0.193158	0.226316	-2	0	0	0	0	0	346	0	2	0	1	
65	0.193158	0.247368	-2	0	0	0	0	0	346	0	2	0	1	
65	0.193158	0.268421	-2	0	0	0	0	0	346	0	2	0	1	
65	0.193158	0.289474	1	133.948	154.45	7.30658e-06	3.23437e-05	133.307	346	0	2	0	1	
65	0.193158	0.310526	1	128.385	168.584	-9.35766e-06	2.734e-05	146.81	346	0	2	0	1	
65	0.193158	0.331579	1	122.322	181.498	-1.48009e-06	1.0296e-05	159.252	346	0	2	0	1	
65	0.193158	0.352632	1	115.661	193.352	3.08554e-05	1.6715e-05	170.875	346	0	2	0	1	
65	0.193158	0.373684	1	108.254	204.353	4.85522e-06	-4.78309e-05	181.838	346	0	2	0	1	
65	0.193158	0.394737	1	99.8622	214.553	-1.22138e-05	5.59308e-06	192.231	346	0	2	0	1	
65	0.193158	0.415789	1	90.073	223.999	-4.5878e-06	-1.97559e-05	202.147	346	0	2	0	1	
65	0.193158	0.436842	1	78.0386	232.646	9.22689e-06	1.3445e-06	211.639	346	0	2	0	1	
65	0.193158	0.457895	1	61.3981	240.296	-9.84508e-06	-1.37139e-06	220.721	346	0	2	0	1	
65	0.193158	0.478947	-2	0	0	0	0	0	346	0	2	0	1	
65	0.193158	0.5	-2	0	0	0	0	0	346	0	2	0	1	
65	0.208421	0.1	1	153.566	51.9324	7.87843e-06	-1.54784e-05	-1.47204e-05	346	0	2	0	1	
65	0.208421	0.121053	1	153.428	51.8951	1.24343e-05	2.94354e-05	-2.22636e-05	346	0	2	0	1	
65	0.208421	0.142105	1	153.28	51.8643	3.43862e-06	-8.2904e-06	-2.24647e-05	346	0	2	0	1	
65	0.208421	0.163158	1	153.113	51.9124	1.37795e-08	1.90242e-05	1.75478e-05	346	0	2	0	1	
65	0.208421	0.184211	1	152.919	52.0127	1.85505e-05	-5.92952e-06	4.04867e-05	346	0	2	0	1	
65	0.208421	0.205263	1	152.009	65.0035	7.95315e-07	-1.13902e-05	44.1925	346	0	2	0	1	
65	0.208421	0.226316	-2	0	0	0	0	0	346	0	2	0	1	
65	0.208421	0.247368	-2	0	0	0	0	0	346	0	2	0	1	
65	0.208421	0.268421	-2	0	0	0	0	0	346	0	2	0	1	
65	0.208421	0.289474	-2	0	0	0	0	0	346	0	2	0	1	
65	0.208421	0.310526	1	130.152	164.27	3.74731e-06	1.29415e-06	140.197	346	0	2	0	1	
65	0.208421	0.331579	1	124.467	177.091	3.33892e-05	-7.69265e-05	152.262	346	0	2	0	1	
65	0.208421	0.352632	1	118.267	188.892	5.1524e-05	1.51802e-05	163.509	346	0	2	0	1	
65	0.208421	0.373684	1	111.437	199.817	-1.3531e-05	-7.4707e-07	174.101	346	0	2	0	1	
65	0.208421	0.394737	1	103.801	209.984	6.37795e-06	1.40236e-05	184.152	346	0	2	0	1	
65	0.208421	0.415789	1	95.0787	219.435	1.93253e-05	-5.75579e-05	193.711	346	0	2	0	1	
65	0.208421	0.436842	1	84.7429	228.173	-1.34471e-05	-2.20865e-05	202.871	346	0	2	0	1	
65	0.208421	0.457895	1	71.6413	236.106	-2.21147e-05	2.93539e-06	211.652	346	0	2	0	1	
65	0.208421	0.478947	1	51.6866	242.911	-1.49748e-05	-1.01304e-05	220.05	346	0	2	0	1	
65	0.208421	0.5	-2	0	0	0	0	0	346	0	2	0	1	
65	0.223684	0.1	1	153.571	51.9319	-1.12836e-05	2.78328e-05	-3.46953e-05	346	0	2	0	1	
65	0.223684	0.121053	1	153.434	51.8935	1.39191e-06	-8.43815e-07	-3.88684e-06	346	0	2	0	1	
65	0.223684	0.142105	1	153.288	51.8626	1.07586e-05	1.36174e-05	1.25879e-05	346	0	2	0	1	
65	0.223684	0.163158	1	153.124	51.9034	-2.31962e-05	2.22967e-05	1.82892e-05	346	0	2	0	1	
65	0.223684	0.184211	1	152.935	51.9881	9.01845e-06	-2.47764e-05	1.50334e-05	346	0	2	0	1	
65	0.223684	0.205263	1	152.331	60.2143	-3.79074e-07	-2.70449e-07	37.0636	346	0	2	0	1	
65	0.223684	0.226316	-2	0	0	0	0	0	346	0	2	0	1	
65	0.223684	0.247368	-2	0	0	0	0	0	346	0	2	0	1	
65	0.223684	0.268421	-2	0	0	0	0	0	346	0	2	0	1	
65	0.223684	0.289474	-2	0	0	0	0	0	346	0	2	0	1	
65	0.223684	0.310526	1	131.708	160.253	3.20754e-06	-6.68769e-06	134.255	346	0	2	0	1	
65	0.223684	0.331579	1	126.346	173.006	6.09557e-06	1.02084e-05	145.994	346	0	2	0	1	
65	0.223684	0.352632	1	120.528	184.752	-4.7277e-06	4.70775e-06	156.913	346	0	2	0	1	
65	0.223684	0.373684	1	114.169	195.617	-2.56053e-05	3.14894e-05	167.18	346	0	2	0	1	
65	0.223684	0.394737	1	107.133	205.751	5.38701e-05	1.90069e-05	176.912	346	0	2	0	1	
65	0.223684	0.415789	1	99.2147	215.178	1.39617e-05	2.38816e-05	186.171	346	0	2	0	1	
65	0.223684	0.436842	1	90.0644	223.951	-8.47425e-06	5.82896e-06	195.031	346	0	2	0	1	
65	0.223684	0.457895	1	78.9965	232.028	-4.84043e-06	3.32574e-06	203.533	346	0	2	0	1	
65	0.223684	0.478947	1	64.2782	239.263	1.95585e-05	8.71804e-06	211.69	346	0	2	0	1	
65	0.223684	0.5	1	35.9553	245.03	1.82298e-05	1.78169e-05	219.456	346	0	2	0	1	
65	0.238947	0.1	1	153.575	51.9314	-3.26907e-07	-2.46135e-05	-1.42226e-05	346	0	2	0	1	
65	0.238947	0.121053	1	153.441	51.8921	-1.44439e-05	7.88356e-06	1.36672e-05	346	0	2	0	1	
65	0.238947	0.142105	1	153.296	51.8606	-3.63767e-06	2.12472e-05	-1.1878e-05	346	0	2	0	1	
65	0.238947	0.163158	1	153.135	51.8953	9.08414e-06	-9.7909e-06	-3.5839e-06	346	0	2	0	1	
65	0.238947	0.184211	1	152.951	51.9671	-6.94352e-06	2.91515e-06	-2.64918e-06	346	0	2	0	1	
65	0.238947	0.205263	1	152.582	55.7437	7.46391e-06	5.17221e-07	29.0171	346	0	2	0	1	
65	0.238947	0.226316	-2	0	0	0	0	0	346	0	2	0	1	
65	0.238947	0.247368	-2	0	0	0	0	0	346	0	2	0	1	
65	0.238947	0.268421	-2	0	0	0	0	0	346	0	2	0	1	
65	0.238947	0.289474	-2	0	0	0	0	0	346	0	2	0	1	
65	0.238947	0.310526	-2	0	0	0	0	0	346	0	2	0	1	
65	0.238947	0.331579	1	128.009	169.188	3.2075e-05	-2.81223e-05	140.327	346	0	2	0	1	
65	0.238947	0.352632	1	122.517	180.874	2.09335e-06	-2.42427e-06	150.959	346	0	2	0	1	
65	0.238947	0.373684	1	116.55	191.704	-7.94488e-06	3.08667e-06	160.939	346	0	2	0	1	
65	0.238947	0.394737	1	110.002	201.777	-1.46487e-05	1.92083e-06	170.386	346	0	2	0	1	
65	0.238947	0.415789	1	102.718	211.194	-2.57787e-05	-8.80019e-06	179.383	346	0	2	0	1	
65	0.238947	0.436842	1	94.4478	219.979	1.06588e-06	-2.16458e-05	187.969	346	0	2	0	1	
65	0.238947	0.457895	1	84.7422	228.131	-5.6052e-06	2.18443e-05	196.215	346	0	2	0	1	
65	0.238947	0.478947	1	72.6498	235.58	-5.90518e-07	-2.05376e-05	204.137	346	0	2	0	1	
65	0.238947	0.5	1	55.228	242.082	-6.60249e-06	-1.05002e-05	211.735	346	0	2	0	1	
65	0.254211	0.1	1	153.58	51.9311	-5.8943e-06	-1.69072e-05	-1.65386e-05	346	0	2	0	1	
65	0.254211	0.121053	1	153.447	51.8909	-2.15221e-06	-1.49114e-05	1.15095e-05	346	0	2	0	1	
65	0.254211	0.142105	1	153.304	51.8586	2.46789e-05	-2.62624e-05	-2.12465e-06	346	0	2	0	1	
65	0.254211	0.163158	1	153.145	51.8881	4.90627e-06	-5.37218e-06	8.47159e-06	346	0	2	0	1	
65	0.254211	0.184211	1	152.965	51.9488	-1.0944e-05	1.37912e-05	-2.32365e-05	346	0	2	0	1	
65	0.254211	0.205263	1	152.728	52.7587	1.42226e-05	-6.37357e-06	18.2631	346	0	2	0	1	
65	0.254211	0.226316	-2	0	0	0	0	0	346	0	2	0	1	
65	0.254211	0.247368	-2	0	0	0	0	0	346	0	2	0	1	
65	0.254211	0.268421	-2	0	0	0	0	0	346	0	2	0	1	
65	0.254211	0.289474	-2	0	0	0	0	0	346	0	2	0	1	
65	0.254211	0.310526	-2	0	0	0	0	0	346	0	2	0	1	
65	0.254211	0.331579	1	129.497	165.601	9.3896e-06	4.30884e-05	135.168	346	0	2	0	1	
65	0.254211	0.352632	1	124.284	177.238	1.68215e-05	-5.7072e-06	145.546	346	0	2	0	1	
65	0.254211	0.373684	1	118.65	188.032	2.16637e-05	8.91103e-06	155.271	346	0	2	0	1	
65	0.254211	0.394737	1	112.51	198.066	1.1811e-05	-1.83639e-05	164.465	346	0	2	0	1	
65	0.254211	0.415789	1	105.742	207.452	1.82799e-05	2.49892e-05	173.215	346	0	2	0	1	
65	0.254211	0.436842	1	98.1556	216.237	-3.69928e-06	2.29505e-05	181.566	346	0	2	0	1	
65	0.254211	0.457895	1	89.4442	224.425	-3.2193e-05	-7.12759e-06	189.576	346	0	2	0	1	
65	0.254211	0.478947	1	78.9995	231.996	3.81443e-06	-3.78621e-05	197.279	346	0	2	0	1	
65	0.254211	0.5	1	65.3972	238.82	2.62746e-05	2.18327e-05	204.685	346	0	2	0	1	
65	0.269474	0.1	1	153.585	51.9306	-3.31975e-06	-4.63027e-06	-8.69204e-06	346	0	2	0	1	
65	0.269474	0.121053	1	153.453	51.8896	-2.08177e-06	1.2742e-06	-1.22687e-05	346	0	2	0	1	
65	0.269474	0.142105	1	153.312	51.8566	4.83079e-07	-3.44783e-06	1.31015e-06	346	0	2	0	1	
65	0.269474	0.163158	1	153.156	51.8815	2.41233e-07	-1.81063e-05	-5.02713e-06	346	0	2	0	1	
65	0.269474	0.184211	1	152.979	51.9328	-1.28351e-05	-6.19584e-06	-3.4671e-06	346	0	2	0	1	
65	0.269474	0.205263	1	152.772	52.113	4.99884e-06	-1.37711e-05	3.72623e-05	346	0	2	0	1	
65	0.269474	0.226316	-2	0	0	0	0	0	346	0	2	0	1	
65	0.269474	0.247368	-2	0	0	0	0	0	346	0	2	0	1	
65	0.269474	0.268421	-2	0	0	0	0	0	346	0	2	0	1	
65	0.269474	0.289474	-2	0	0	0	0	0	346	0	2	0	1	
65	0.269474	0.310526	-2	0	0	0	0	0	346	0	2	0	1	
65	0.269474	0.331579	-2	0	0	0	0	0	346	0	2	0	1	
65	0.269474	0.352632	1	125.87	173.812	3.12375e-05	1.51407e-05	140.594	346	0	2	0	1	
65	0.269474	0.373684	1	120.522	184.561	-1.49985e-05	-5.45145e-07	150.092	346	0	2	0	1	
65	0.269474	0.394737	1	114.727	194.577	6.41263e-06	-1.08358e-05	159.059	346	0	2	0	1	
65	0.269474	0.415789	1	108.386	203.929	1.02217e-05	-9.63343e-07	167.584	346	0	2	0	1	
65	0.269474	0.436842	1	101.354	212.704	9.44187e-06	-4.8462e-06	175.728	346	0	2	0	1	
65	0.269474	0.457895	1	93.3993	220.913	-3.42191e-06	9.69638e-06	183.521	346	0	2	0	1	
65	0.269474	0.478947	1	84.1158	228.55	5.45255e-05	-1.40639e-05	191.02	346	0	2	0	1	
65	0.269474	0.5	1	72.6614	235.553	-1.88909e-05	2.0564e-05	198.238	346	0	2	0	1	
65	0.284737	0.1	1	153.589	51.9303	-1.28789e-05	-1.54394e-05	5.02229e-06	346	0	2	0	1	
65	0.284737	0.121053	1	153.459	51.8885	6.20529e-06	-2.27334e-05	1.207e-05	346	0	2	0	1	
65	0.284737	0.142105	1	153.32	51.8544	-4.73782e-06	-1.26626e-05	-1.16154e-05	346	0	2	0	1	
65	0.284737	0.163158	1	153.166	51.8755	1.50251e-06	-4.55232e-06	-2.65662e-05	346	0	2	0	1	
65	0.284737	0.184211	1	152.993	51.9187	7.51246e-06	2.7749e-06	-1.92242e-05	346	0	2	0	1	
65	0.284737	0.205263	1	152.791	52.0717	-5.76586e-06	1.88229e-05	2.75502e-05	346	0	2	0	1	
65	0.284737	0.226316	-2	0	0	0	0	0	346	0	2	0	1	
65	0.284737	0.247368	-2	0	0	0	0	0	346	0	2	0	1	
65	0.284737	0.268421	-2	0	0	0	0	0	346	0	2	0	1	
65	0.284737	0.289474	-2	0	0	0	0	0	346	0	2	0	1	
65	0.284737	0.310526	-2	0	0	0	0	0	346	0	2	0	1	
65	0.284737	0.331579	-2	0	0	0	0	0	346	0	2	0	1	
65	0.284737	0.352632	1	127.303	170.571	-6.80401e-05	-5.22062e-06	136.039	346	0	2	0	1	
65	0.284737	0.373684	1	122.205	181.284	-1.67804e-05	-7.65521e-06	145.333	346	0	2	0	1	
65	0.284737	0.394737	1	116.707	191.278	3.91051e-06	-1.80796e-05	154.097	346	0	2	0	1	
65	0.284737	0.415789	1	110.729	200.604	-1.04062e-05	-1.49851e-06	162.419	346	0	2	0	1	
65	0.284737	0.436842	1	104.156	209.358	5.27111e-06	8.19292e-09	170.367	346	0	2	0	1	
65	0.284737	0.457895	1	96.8044	217.576	8.68507e-06	6.93726e-06	177.969	346	0	2	0	1	
65	0.284737	0.478947	1	88.3917	225.252	2.42656e-05	2.1256e-06	185.279	346	0	2	0	1	
65	0.284737	0.5	1	78.3572	232.364	-1.58093e-05	7.71177e-06	192.321	346	0	2	0	1	
65	0.3	0.1	1	153.594	51.9301	-2.73303e-06	2.65142e-05	1.5396e-05	346	0	2	0	1	
65	0.3	0.121053	1	153.465	51.8875	1.31227e-05	1.21178e-05	-8.52934e-06	346	0	2	0	1	
65	0.3	0.142105	1	153.327	51.8522	-9.90295e-06	-5.69604e-06	-1.64759e-05	346	0	2	0	1	
65	0.3	0.163158	1	153.176	51.8701	-1.38434e-05	-9.42723e-06	1.76038e-05	346	0	2	0	1	
65	0.3	0.184211	1	153.006	51.9061	-2.18579e-05	1.70394e-05	5.98856e-06	346	0	2	0	1	
65	0.3	0.205263	1	152.81	52.0378	-1.18195e-05	-1.85951e-05	1.02101e-05	346	0	2	0	1	
65	0.3	0.226316	1	151.569	69.4979	-8.6017e-05	-1.60078e-05	46.7747	346	0	2	0	1	
65	0.3	0.247368	-2	0	0	0	0	0	346	0	2	0	1	
65	0.3	0.268421	-2	0	0	0	0	0	346	0	2	0	1	
65	0.3	0.289474	-2	0	0	0	0	0	346	0	2	0	1	
65	0.3	0.310526	-2	0	0	0	0	0	346	0	2	0	1	
65	0.3	0.331579	-2	0	0	0	0	0	346	0	2	0	1	
65	0.3	0.352632	-2	0	0	0	0	0	346	0	2	0	1	
65	0.3	0.373684	1	123.73	178.177	2.81648e-05	-4.89589e-06	140.94	346	0	2	0	1	
65	0.3	0.394737	1	118.491	188.136	-8.35109e-06	-1.2158e-05	149.519	346	0	2	0	1	
65	0.3	0.415789	1	112.824	197.455	-4.62257e-05	-2.68677e-05	157.657	346	0	2	0	1	
65	0.3	0.436842	1	106.634	206.185	2.46956e-06	-1.67243e-06	165.421	346	0	2	0	1	
65	0.3	0.457895	1	99.7812	214.402	1.76725e-05	-1.76993e-05	172.856	346	0	2	0	1	
65	0.3	0.478947	1	92.0463	222.104	5.11065e-06	-4.16562e-05	179.991	346	0	2	0	1	
65	0.3	0.5	1	83.0433	-229.282	9.77966e-06	6.46674e-05	186.867	346	0	2	0	1	
