65	0.01	0.1	1	156.802	53.7851	-8.76011e-06	7.23429e-06	1.90441e-05	173	0	2	0	1	
65	0.01	0.113793	1	156.685	53.7778	-3.18175e-06	2.21111e-05	-1.39198e-05	173	0	2	0	1	
65	0.01	0.127586	1	156.557	53.7964	1.79545e-05	-3.18674e-05	2.79014e-05	173	0	2	0	1	
65	0.01	0.141379	1	156.417	53.8266	7.05606e-06	-9.65705e-06	-3.16669e-05	173	0	2	0	1	
65	0.01	0.155172	1	156.227	54.537	-2.48858e-05	6.38816e-06	34.4495	173	0	2	0	1	
65	0.01	0.168966	1	144.029	135.046	8.2323e-06	1.58929e-05	241.678	173	0	2	0	1	
65	0.01	0.182759	1	125.294	182.807	-1.98458e-06	-6.06319e-06	338.444	173	0	2	0	1	
65	0.01	0.196552	1	98.9875	-218.963	-1.12149e-05	-3.4776e-06	412.557	173	0	2	0	1	
65	0.01	0.210345	1	45.62	245.802	-4.00924e-06	9.82455e-06	472.825	173	0	2	0	1	
65	0.01	0.224138	-3	0	0	0	0	0	173	0	2	0	1	
65	0.01	0.237931	-3	0	0	0	0	0	173	0	2	0	1	
65	0.01	0.251724	-3	0	0	0	0	0	173	0	2	0	1	
65	0.01	0.265517	-3	0	0	0	0	0	173	0	2	0	1	
65	0.01	0.27931	-3	0	0	0	0	0	173	0	2	0	1	
65	0.01	0.293103	-3	0	0	0	0	0	173	0	2	0	1	
65	0.01	0.306897	-3	0	0	0	0	0	173	0	2	0	1	
65	0.01	0.32069	-3	0	0	0	0	0	173	0	2	0	1	
65	0.01	0.334483	-3	0	0	0	0	0	173	0	2	0	1	
65	0.01	0.348276	-3	0	0	0	0	0	173	0	2	0	1	
65	0.01	0.362069	-3	0	0	0	0	0	173	0	2	0	1	
65	0.01	0.375862	-3	0	0	0	0	0	173	0	2	0	1	
65	0.01	0.389655	-3	0	0	0	0	0	173	0	2	0	1	
65	0.01	0.403448	-3	0	0	0	0	0	173	0	2	0	1	
65	0.01	0.417241	-3	0	0	0	0	0	173	0	2	0	1	
65	0.01	0.431034	-3	0	0	0	0	0	173	0	2	0	1	
65	0.01	0.444828	-3	0	0	0	0	0	173	0	2	0	1	
65	0.01	0.458621	-3	0	0	0	0	0	173	0	2	0	1	
65	0.01	0.472414	-3	0	0	0	0	0	173	0	2	0	1	
65	0.01	0.486207	-3	0	0	0	0	0	173	0	2	0	1	
65	0.01	0.5	-3	0	0	0	0	0	173	0	2	0	1	
65	0.02	0.1	1	156.806	53.7821	1.14929e-05	6.06496e-06	-1.0633e-05	173	0	2	0	1	
65	0.02	0.113793	1	156.691	53.7726	-2.21531e-05	-8.72164e-06	-1.00505e-05	173	0	2	0	1	
65	0.02	0.127586	1	156.565	53.7869	-2.82593e-06	2.66805e-06	-1.34703e-05	173	0	2	0	1	
65	0.02	0.141379	1	156.428	53.8066	-1.5679e-05	-2.79412e-06	-2.60245e-06	173	0	2	0	1	
65	0.02	0.155172	1	156.259	54.0846	-1.8026e-05	4.54565e-06	2.37557e-05	173	0	2	0	1	
65	0.02	0.168966	1	150.744	104.981	2.89355e-05	-2.41553e-06	147.281	173	0	2	0	1	
65	0.02	0.182759	1	140.742	145.769	2.04485e-06	2.27669e-05	217.144	173	0	2	0	1	
65	0.02	0.196552	1	128.315	176.67	1.28873e-05	1.19247e-05	270.532	173	0	2	0	1	
65	0.02	0.210345	1	112.867	-202.623	3.1216e-06	1.54674e-05	315.525	173	0	2	0	1	
65	0.02	0.224138	1	92.4389	224.809	-2.43904e-05	2.1668e-05	355.168	173	0	2	0	1	
65	0.02	0.237931	1	58.4371	243.054	-4.81377e-05	-1.68114e-05	390.486	173	0	2	0	1	
65	0.02	0.251724	-2	0	0	0	0	0	173	0	2	0	1	
65	0.02	0.265517	-3	0	0	0	0	0	173	0	2	0	1	
65	0.02	0.27931	-3	0	0	0	0	0	173	0	2	0	1	
65	0.02	0.293103	-3	0	0	0	0	0	173	0	2	0	1	
65	0.02	0.306897	-3	0	0	0	0	0	173	0	2	0	1	
65	0.02	0.32069	-3	0	0	0	0	0	173	0	2	0	1	
65	0.02	0.334483	-3	0	0	0	0	0	173	0	2	0	1	
65	0.02	0.348276	-3	0	0	0	0	0	173	0	2	0	1	
65	0.02	0.362069	-3	0	0	0	0	0	173	0	2	0	1	
65	0.02	0.375862	-3	0	0	0	0	0	173	0	2	0	1	
65	0.02	0.389655	-3	0	0	0	0	0	173	0	2	0	1	
65	0.02	0.403448	-3	0	0	0	0	0	173	0	2	0	1	
65	0.02	0.417241	-3	0	0	0	0	0	173	0	2	0	1	
65	0.02	0.431034	-3	0	0	0	0	0	173	0	2	0	1	
65	0.02	0.444828	-3	0	0	0	0	0	173	0	2	0	1	
65	0.02	0.458621	-3	0	0	0	0	0	173	0	2	0	1	
65	0.02	0.472414	-3	0	0	0	0	0	173	0	2	0	1	
65	0.02	0.486207	-3	0	0	0	0	0	173	0	2	0	1	
65	0.02	0.5	-3	0	0	0	0	0	173	0	2	0	1	
65	0.03	0.1	1	156.811	53.7793	1.09786e-05	9.44456e-06	4.89467e-06	173	0	2	0	1	
65	0.03	0.113793	1	156.697	53.7678	4.06859e-06	1.35685e-05	1.31257e-05	173	0	2	0	1	
65	0.03	0.127586	1	156.573	53.7783	-1.00466e-05	-9.75184e-06	4.24998e-05	173	0	2	0	1	
65	0.03	0.141379	1	156.438	53.7892	4.37511e-06	-1.91136e-05	3.60854e-06	173	0	2	0	1	
65	0.03	0.155172	1	156.275	54.0326	-2.23705e-05	-7.96327e-06	-1.39853e-05	173	0	2	0	1	
65	0.03	0.168966	1	153.149	89.27	1.77412e-05	3.11243e-06	107.061	173	0	2	0	1	
65	0.03	0.182759	1	145.977	127.113	1.4678e-05	1.16777e-05	166.217	173	0	2	0	1	
65	0.03	0.196552	1	137.253	155.516	5.5331e-06	-1.41264e-05	210.207	173	0	2	0	1	
65	0.03	0.210345	1	126.948	179.247	-1.19334e-05	-1.5029e-05	247.2	173	0	2	0	1	
65	0.03	0.224138	1	114.669	199.962	-7.30964e-06	1.11445e-05	279.823	173	0	2	0	1	
65	0.03	0.237931	1	99.4803	-218.28	2.46361e-06	-2.32517e-06	309.331	173	0	2	0	1	
65	0.03	0.251724	1	78.8321	234.351	6.58764e-06	-1.87702e-06	336.401	173	0	2	0	1	
65	0.03	0.265517	1	33.9009	246.977	1.06336e-05	-2.78424e-05	361.058	173	0	2	0	1	
65	0.03	0.27931	-2	0	0	0	0	0	173	0	2	0	1	
65	0.03	0.293103	-2	0	0	0	0	0	173	0	2	0	1	
65	0.03	0.306897	-2	0	0	0	0	0	173	0	2	0	1	
65	0.03	0.32069	-3	0	0	0	0	0	173	0	2	0	1	
65	0.03	0.334483	-3	0	0	0	0	0	173	0	2	0	1	
65	0.03	0.348276	-3	0	0	0	0	0	173	0	2	0	1	
65	0.03	0.362069	-3	0	0	0	0	0	173	0	2	0	1	
65	0.03	0.375862	-3	0	0	0	0	0	173	0	2	0	1	
65	0.03	0.389655	-3	0	0	0	0	0	173	0	2	0	1	
65	0.03	0.403448	-3	0	0	0	0	0	173	0	2	0	1	
65	0.03	0.417241	-3	0	0	0	0	0	173	0	2	0	1	
65	0.03	0.431034	-3	0	0	0	0	0	173	0	2	0	1	
65	0.03	0.444828	-3	0	0	0	0	0	173	0	2	0	1	
65	0.03	0.458621	-3	0	0	0	0	0	173	0	2	0	1	
65	0.03	0.472414	-3	0	0	0	0	0	173	0	2	0	1	
65	0.03	0.486207	-3	0	0	0	0	0	173	0	2	0	1	
65	0.03	0.5	-3	0	0	0	0	0	173	0	2	0	1	
65	0.04	0.1	1	156.816	53.7766	-7.53964e-06	1.56913e-05	6.94888e-06	173	0	2	0	1	
65	0.04	0.113793	1	156.703	53.7632	1.13363e-05	-2.32034e-05	1.25732e-05	173	0	2	0	1	
65	0.04	0.127586	1	156.581	53.7701	2.69996e-06	-7.58871e-07	1.87773e-05	173	0	2	0	1	
65	0.04	0.141379	1	156.448	53.7738	-2.11695e-05	-8.20507e-06	4.73376e-06	173	0	2	0	1	
65	0.04	0.155172	1	156.289	53.9904	7.7919e-06	5.59432e-06	-6.07719e-05	173	0	2	0	1	
65	0.04	0.168966	1	154.455	78.0216	-5.37277e-05	1.10966e-05	82.1434	173	0	2	0	1	
65	0.04	0.182759	1	148.794	114.615	1.07732e-05	-1.85524e-05	136.284	173	0	2	0	1	
65	0.04	0.196552	1	141.873	141.917	3.74966e-05	-1.1984e-05	175.079	173	0	2	0	1	
65	0.04	0.210345	1	133.859	164.012	-1.6081e-05	1.87152e-05	207.338	173	0	2	0	1	
65	0.04	0.224138	1	124.637	183.53	7.05108e-07	7.84131e-06	235.714	173	0	2	0	1	
65	0.04	0.237931	1	113.885	-200.975	-2.67615e-05	-1.62686e-05	261.414	173	0	2	0	1	
65	0.04	0.251724	1	100.962	216.699	2.78802e-06	-1.97314e-05	285.011	173	0	2	0	1	
65	0.04	0.265517	1	84.3827	230.803	1.33821e-06	3.17415e-06	306.988	173	0	2	0	1	
65	0.04	0.27931	1	58.8065	242.916	-6.82911e-06	-4.01753e-06	327.468	173	0	2	0	1	
65	0.04	0.293103	-2	0	0	0	0	0	173	0	2	0	1	
65	0.04	0.306897	-2	0	0	0	0	0	173	0	2	0	1	
65	0.04	0.32069	-2	0	0	0	0	0	173	0	2	0	1	
65	0.04	0.334483	-2	0	0	0	0	0	173	0	2	0	1	
65	0.04	0.348276	-3	0	0	0	0	0	173	0	2	0	1	
65	0.04	0.362069	-3	0	0	0	0	0	173	0	2	0	1	
65	0.04	0.375862	-3	0	0	0	0	0	173	0	2	0	1	
65	0.04	0.389655	-3	0	0	0	0	0	173	0	2	0	1	
65	0.04	0.403448	-3	0	0	0	0	0	173	0	2	0	1	
65	0.04	0.417241	-3	0	0	0	0	0	173	0	2	0	1	
65	0.04	0.431034	-3	0	0	0	0	0	173	0	2	0	1	
65	0.04	0.444828	-3	0	0	0	0	0	173	0	2	0	1	
65	0.04	0.458621	-3	0	0	0	0	0	173	0	2	0	1	
65	0.04	0.472414	-3	0	0	0	0	0	173	0	2	0	1	
65	0.04	0.486207	-3	0	0	0	0	0	173	0	2	0	1	
65	0.04	0.5	-3	0	0	0	0	0	173	0	2	0	1	
65	0.05	0.1	1	156.82	53.774	-1.32364e-05	1.10774e-05	3.98368e-06	173	0	2	0	1	
65	0.05	0.113793	1	156.708	53.7589	-2.02737e-05	1.4114e-05	2.04031e-05	173	0	2	0	1	
65	0.05	0.127586	1	156.588	53.7627	-2.09071e-06	5.80612e-06	-5.58411e-06	173	0	2	0	1	
65	0.05	0.141379	1	156.458	53.7602	3.64014e-05	1.53313e-05	-6.38869e-06	173	0	2	0	1	
65	0.05	0.155172	1	156.303	53.955	-8.88433e-06	5.95073e-06	-5.6488e-06	173	0	2	0	1	
65	0.05	0.168966	1	155.269	68.9576	1.17462e-05	1.67102e-05	63.2959	173	0	2	0	1	
65	0.05	0.182759	1	150.629	104.964	1.6554e-05	2.02734e-05	115.676	173	0	2	0	1	
65	0.05	0.196552	1	144.802	131.301	1.44278e-05	1.00791e-05	151.288	173	0	2	0	1	
65	0.05	0.210345	1	138.13	152.791	1.03253e-05	8.02835e-06	180.478	173	0	2	0	1	
65	0.05	0.224138	1	130.57	171.441	1.69818e-05	1.73782e-05	206.001	173	0	2	0	1	
65	0.05	0.237931	1	121.991	188.162	2.99008e-05	1.06687e-05	229.054	173	0	2	0	1	
65	0.05	0.251724	1	112.114	203.341	-3.29691e-05	-8.92398e-06	250.271	173	0	2	0	1	
65	0.05	0.265517	1	100.426	-217.187	3.41745e-05	4.18498e-05	270.008	173	0	2	0	1	
65	0.05	0.27931	1	85.8267	229.76	1.37007e-06	4.67528e-05	288.55	173	0	2	0	1	
65	0.05	0.293103	1	65.0344	240.836	-1.87203e-06	2.02365e-06	306.002	173	0	2	0	1	
65	0.05	0.306897	-2	0	0	0	0	0	173	0	2	0	1	
65	0.05	0.32069	-2	0	0	0	0	0	173	0	2	0	1	
65	0.05	0.334483	-2	0	0	0	0	0	173	0	2	0	1	
65	0.05	0.348276	-2	0	0	0	0	0	173	0	2	0	1	
65	0.05	0.362069	-3	0	0	0	0	0	173	0	2	0	1	
65	0.05	0.375862	-3	0	0	0	0	0	173	0	2	0	1	
65	0.05	0.389655	-3	0	0	0	0	0	173	0	2	0	1	
65	0.05	0.403448	-2	0	0	0	0	0	173	0	2	0	1	
65	0.05	0.417241	-3	0	0	0	0	0	173	0	2	0	1	
65	0.05	0.431034	-3	0	0	0	0	0	173	0	2	0	1	
65	0.05	0.444828	-3	0	0	0	0	0	173	0	2	0	1	
65	0.05	0.458621	-3	0	0	0	0	0	173	0	2	0	1	
65	0.05	0.472414	-3	0	0	0	0	0	173	0	2	0	1	
65	0.05	0.486207	-3	0	0	0	0	0	173	0	2	0	1	
65	0.05	0.5	-3	0	0	0	0	0	173	0	2	0	1	
65	0.06	0.1	1	156.825	53.7715	5.84066e-06	-1.91958e-05	3.20412e-06	173	0	2	0	1	
65	0.06	0.113793	1	156.714	53.7549	-9.23595e-06	-8.44343e-06	1.08686e-05	173	0	2	0	1	
65	0.06	0.127586	1	156.595	53.7557	-3.1927e-06	-8.51807e-06	-2.37483e-05	173	0	2	0	1	
65	0.06	0.141379	1	156.467	53.748	-2.62862e-07	-2.00966e-05	-8.48071e-06	173	0	2	0	1	
65	0.06	0.155172	1	156.316	53.9249	3.8112e-06	1.19232e-06	2.3496e-06	173	0	2	0	1	
65	0.06	0.168966	1	155.786	61.4569	8.23927e-06	-2.08511e-06	47.0373	173	0	2	0	1	
65	0.06	0.182759	1	151.944	96.96	-4.2617e-05	1.99283e-05	100.094	173	0	2	0	1	
65	0.06	0.196552	1	146.88	122.849	5.94184e-05	-2.46879e-06	133.676	173	0	2	0	1	
65	0.06	0.210345	1	141.093	144.07	-8.0733e-05	4.53764e-05	160.752	173	0	2	0	1	
65	0.06	0.224138	1	134.604	161.914	-5.81942e-06	-7.55221e-06	184.247	173	0	2	0	1	
65	0.06	0.237931	1	127.346	178.074	2.81114e-05	9.94807e-06	205.389	173	0	2	0	1	
65	0.06	0.251724	1	119.18	192.772	4.63765e-06	-3.77688e-05	224.819	173	0	2	0	1	
65	0.06	0.265517	1	109.849	206.261	2.65557e-05	-6.74024e-06	242.965	173	0	2	0	1	
65	0.06	0.27931	1	98.8998	218.67	-2.23424e-05	-7.02899e-06	259.893	173	0	2	0	1	
65	0.06	0.293103	1	85.4067	230.021	1.83051e-05	8.96107e-06	275.952	173	0	2	0	1	
65	0.06	0.306897	1	66.796	240.14	-1.06509e-05	-3.91126e-06	291.168	173	0	2	0	1	
65	0.06	0.32069	-2	0	0	0	0	0	173	0	2	0	1	
65	0.06	0.334483	-2	0	0	0	0	0	173	0	2	0	1	
65	0.06	0.348276	-2	0	0	0	0	0	173	0	2	0	1	
65	0.06	0.362069	-2	0	0	0	0	0	173	0	2	0	1	
65	0.06	0.375862	-2	0	0	0	0	0	173	0	2	0	1	
65	0.06	0.389655	-3	0	0	0	0	0	173	0	2	0	1	
65	0.06	0.403448	-3	0	0	0	0	0	173	0	2	0	1	
65	0.06	0.417241	-3	0	0	0	0	0	173	0	2	0	1	
65	0.06	0.431034	-2	0	0	0	0	0	173	0	2	0	1	
65	0.06	0.444828	-3	0	0	0	0	0	173	0	2	0	1	
65	0.06	0.458621	-3	0	0	0	0	0	173	0	2	0	1	
65	0.06	0.472414	-3	0	0	0	0	0	173	0	2	0	1	
65	0.06	0.486207	-3	0	0	0	0	0	173	0	2	0	1	
65	0.06	0.5	-3	0	0	0	0	0	173	0	2	0	1	
65	0.07	0.1	1	156.829	53.769	-6.37305e-06	-2.54396e-06	-1.25092e-05	173	0	2	0	1	
65	0.07	0.113793	1	156.72	53.7509	-7.69384e-06	3.52645e-06	-3.08248e-06	173	0	2	0	1	
65	0.07	0.127586	1	156.602	53.7492	5.23989e-07	-2.57567e-05	5.31668e-07	173	0	2	0	1	
65	0.07	0.141379	1	156.476	53.7368	5.11e-06	-2.93239e-05	2.98213e-05	173	0	2	0	1	
65	0.07	0.155172	1	156.328	53.8989	7.13756e-08	-1.61939e-05	-1.62066e-05	173	0	2	0	1	
65	0.07	0.168966	1	156.077	55.998	1.96577e-05	-2.00375e-05	30.4173	173	0	2	0	1	
65	0.07	0.182759	1	152.944	89.984	-2.18765e-05	-3.10577e-06	87.534	173	0	2	0	1	
65	0.07	0.196552	1	148.455	115.689	-7.16256e-05	3.11435e-06	119.845	173	0	2	0	1	
65	0.07	0.210345	1	143.303	136.458	1.92809e-05	-1.46148e-05	145.412	173	0	2	0	1	
65	0.07	0.224138	1	137.573	154.063	2.14839e-05	4.42629e-06	167.404	173	0	2	0	1	
65	0.07	0.237931	1	131.218	169.769	-1.23858e-06	1.19607e-06	187.105	173	0	2	0	1	
65	0.07	0.251724	1	124.166	184.077	7.02865e-06	-1.65449e-05	205.164	173	0	2	0	1	
65	0.07	0.265517	1	116.269	197.232	-5.04192e-06	3.90151e-06	221.966	173	0	2	0	1	
65	0.07	0.27931	1	107.284	209.401	-7.50015e-06	4.44956e-07	237.763	173	0	2	0	1	
65	0.07	0.293103	1	96.7876	220.662	1.38673e-05	-1.68038e-06	252.658	173	0	2	0	1	
65	0.07	0.306897	1	83.9237	231.013	-1.07897e-05	2.21264e-05	266.834	173	0	2	0	1	
65	0.07	0.32069	1	66.3851	240.288	3.06742e-06	-3.93396e-06	280.33	173	0	2	0	1	
65	0.07	0.334483	1	18.7913	247.423	1.11458e-05	-1.92606e-05	293.004	173	0	2	0	1	
65	0.07	0.348276	-2	0	0	0	0	0	173	0	2	0	1	
65	0.07	0.362069	-2	0	0	0	0	0	173	0	2	0	1	
65	0.07	0.375862	-2	0	0	0	0	0	173	0	2	0	1	
65	0.07	0.389655	-2	0	0	0	0	0	173	0	2	0	1	
65	0.07	0.403448	-2	0	0	0	0	0	173	0	2	0	1	
65	0.07	0.417241	-2	0	0	0	0	0	173	0	2	0	1	
65	0.07	0.431034	-2	0	0	0	0	0	173	0	2	0	1	
65	0.07	0.444828	-3	0	0	0	0	0	173	0	2	0	1	
65	0.07	0.458621	-3	0	0	0	0	0	173	0	2	0	1	
65	0.07	0.472414	-3	0	0	0	0	0	173	0	2	0	1	
65	0.07	0.486207	-3	0	0	0	0	0	173	0	2	0	1	
65	0.07	0.5	-3	0	0	0	0	0	173	0	2	0	1	
65	0.08	0.1	1	156.834	53.7667	1.01254e-05	1.27803e-05	1.20223e-05	173	0	2	0	1	
65	0.08	0.113793	1	156.725	53.7472	3.4898e-06	-1.97174e-05	2.78956e-06	173	0	2	0	1	
65	0.08	0.127586	1	156.609	53.7431	7.99319e-07	2.57779e-06	9.27117e-06	173	0	2	0	1	
65	0.08	0.141379	1	156.485	53.7266	1.11198e-05	-2.00451e-05	-1.03253e-05	173	0	2	0	1	
65	0.08	0.155172	1	156.34	53.876	-1.67419e-05	-4.52171e-06	-3.03175e-06	173	0	2	0	1	
65	0.08	0.168966	-2	0	0	0	0	0	173	0	2	0	1	
65	0.08	0.182759	1	153.732	83.6945	-4.86557e-05	1.16739e-06	76.9169	173	0	2	0	1	
65	0.08	0.196552	1	149.705	109.408	-4.73446e-07	1.15868e-05	108.509	173	0	2	0	1	
65	0.08	0.210345	1	145.044	129.925	1.75683e-05	-9.95605e-06	132.98	173	0	2	0	1	
65	0.08	0.224138	1	139.878	147.396	-6.03506e-06	-3.14607e-06	153.831	173	0	2	0	1	
65	0.08	0.237931	1	134.186	162.714	9.4012e-06	-1.62731e-05	172.411	173	0	2	0	1	
65	0.08	0.251724	1	127.926	176.699	-1.42225e-05	1.66131e-05	189.392	173	0	2	0	1	
65	0.08	0.265517	1	121.008	189.571	1.121e-05	2.02988e-05	205.162	173	0	2	0	1	
65	0.08	0.27931	1	113.284	201.502	-8.33397e-06	-4.78461e-06	219.969	173	0	2	0	1	
65	0.08	0.293103	1	104.51	212.603	1.8101e-05	3.97467e-06	233.982	173	0	2	0	1	
65	0.08	0.306897	1	94.2744	222.918	-2.25733e-06	1.02552e-05	247.263	173	0	2	0	1	
65	0.08	0.32069	1	81.7331	232.426	1.05902e-05	-1.55917e-05	259.958	173	0	2	0	1	
65	0.08	0.334483	1	64.6036	-240.954	2.47523e-05	-1.21462e-05	272.085	173	0	2	0	1	
65	0.08	0.348276	1	8.88377	247.456	-2.11992e-05	8.98813e-06	283.488	173	0	2	0	1	
65	0.08	0.362069	-2	0	0	0	0	0	173	0	2	0	1	
65	0.08	0.375862	-2	0	0	0	0	0	173	0	2	0	1	
65	0.08	0.389655	-2	0	0	0	0	0	173	0	2	0	1	
65	0.08	0.403448	-2	0	0	0	0	0	173	0	2	0	1	
65	0.08	0.417241	-2	0	0	0	0	0	173	0	2	0	1	
65	0.08	0.431034	-2	0	0	0	0	0	173	0	2	0	1	
65	0.08	0.444828	-3	0	0	0	0	0	173	0	2	0	1	
65	0.08	0.458621	-3	0	0	0	0	0	173	0	2	0	1	
65	0.08	0.472414	-3	0	0	0	0	0	173	0	2	0	1	
65	0.08	0.486207	-3	0	0	0	0	0	173	0	2	0	1	
65	0.08	0.5	-2	0	0	0	0	0	173	0	2	0	1	
65	0.09	0.1	1	156.838	53.7645	-2.97465e-06	1.72321e-05	7.48304e-06	173	0	2	0	1	
65	0.09	0.113793	1	156.73	53.7437	-8.01428e-06	1.93965e-05	-4.65899e-06	173	0	2	0	1	
65	0.09	0.127586	1	156.615	53.7372	2.71613e-06	-8.70166e-06	7.36143e-06	173	0	2	0	1	
65	0.09	0.141379	1	156.493	53.7169	-7.67845e-07	2.10234e-06	2.00122e-05	173	0	2	0	1	
65	0.09	0.155172	1	156.351	53.8557	6.21751e-06	4.37425e-06	-2.77601e-05	173	0	2	0	1	
65	0.09	0.168966	1	156.187	54.0497	2.32406e-05	-2.06912e-06	1.71437e-05	173	0	2	0	1	
65	0.09	0.182759	1	154.369	77.8811	2.61805e-06	1.22744e-05	67.5814	173	0	2	0	1	
65	0.09	0.196552	1	150.729	103.754	4.82241e-05	1.23592e-05	98.91	173	0	2	0	1	
65	0.09	0.210345	1	146.462	124.155	4.13561e-05	-1.01758e-05	122.59	173	0	2	0	1	
65	0.09	0.224138	1	141.732	141.624	-1.16577e-06	2.3275e-06	142.558	173	0	2	0	1	
65	0.09	0.237931	1	136.555	156.58	-1.08206e-05	-3.28736e-05	160.248	173	0	2	0	1	
65	0.09	0.251724	1	130.893	170.292	3.777e-06	-6.48895e-06	176.362	173	0	2	0	1	
65	0.09	0.265517	1	124.692	182.923	4.74248e-05	4.24991e-06	191.294	173	0	2	0	1	
65	0.09	0.27931	1	117.855	194.643	-8.24011e-06	3.73784e-05	205.295	173	0	2	0	1	
65	0.09	0.293103	1	110.229	205.573	9.87309e-07	1.66525e-05	218.533	173	0	2	0	1	
65	0.09	0.306897	1	101.569	215.786	8.33227e-06	-2.71184e-05	231.116	173	0	2	0	1	
65	0.09	0.32069	1	91.45	225.302	2.94977e-06	1.39009e-05	243.11	173	0	2	0	1	
65	0.09	0.334483	1	78.9981	234.079	2.58281e-06	-3.88187e-06	254.606	173	0	2	0	1	
65	0.09	0.348276	1	61.7758	241.935	3.20938e-05	1.59653e-05	265.617	173	0	2	0	1	
65	0.09	0.362069	-2	0	0	0	0	0	173	0	2	0	1	
65	0.09	0.375862	-2	0	0	0	0	0	173	0	2	0	1	
65	0.09	0.389655	-2	0	0	0	0	0	173	0	2	0	1	
65	0.09	0.403448	-2	0	0	0	0	0	173	0	2	0	1	
65	0.09	0.417241	-2	0	0	0	0	0	173	0	2	0	1	
65	0.09	0.431034	-2	0	0	0	0	0	173	0	2	0	1	
65	0.09	0.444828	-3	0	0	0	0	0	173	0	2	0	1	
65	0.09	0.458621	-3	0	0	0	0	0	173	0	2	0	1	
65	0.09	0.472414	-3	0	0	0	0	0	173	0	2	0	1	
65	0.09	0.486207	-3	0	0	0	0	0	173	0	2	0	1	
65	0.09	0.5	-3	0	0	0	0	0	173	0	2	0	1	
65	0.1	0.1	1	156.842	53.7623	-1.04886e-05	-9.9598e-07	8.42487e-06	173	0	2	0	1	
65	0.1	0.113793	1	156.736	53.7403	4.3387e-06	-1.70106e-05	-9.44991e-06	173	0	2	0	1	
65	0.1	0.127586	1	156.622	53.7318	9.52443e-06	-1.99541e-06	-9.53562e-06	173	0	2	0	1	
65	0.1	0.141379	1	156.501	53.708	2.77195e-06	6.95297e-06	3.13287e-05	173	0	2	0	1	
65	0.1	0.155172	1	156.362	53.8377	-4.28404e-06	-1.52426e-05	-8.52955e-06	173	0	2	0	1	
65	0.1	0.168966	1	156.202	54.0035	-3.07871e-05	5.69466e-06	6.30515e-06	173	0	2	0	1	
65	0.1	0.182759	1	154.886	72.4529	2.7638e-05	1.48047e-05	58.8632	173	0	2	0	1	
65	0.1	0.196552	1	151.588	98.5619	5.67242e-05	1.04266e-05	90.5676	173	0	2	0	1	
65	0.1	0.210345	1	147.648	118.944	1.81673e-05	-6.19879e-06	113.693	173	0	2	0	1	
65	0.1	0.224138	1	143.274	136.164	7.75876e-06	2.49824e-05	132.973	173	0	2	0	1	
65	0.1	0.237931	1	138.505	151.122	-1.92769e-05	2.90039e-05	149.945	173	0	2	0	1	
65	0.1	0.251724	1	133.313	164.623	1.17951e-07	1.08618e-05	165.349	173	0	2	0	1	
65	0.1	0.265517	1	127.664	177.053	-1.21066e-06	8.20768e-06	179.589	173	0	2	0	1	
65	0.1	0.27931	1	121.491	188.588	-1.53995e-05	-5.45484e-06	192.92	173	0	2	0	1	
65	0.1	0.293103	1	114.692	199.36	-8.53068e-06	9.32736e-06	205.512	173	0	2	0	1	
65	0.1	0.306897	1	107.106	209.451	-2.64636e-06	2.18173e-05	217.483	173	0	2	0	1	
65	0.1	0.32069	1	98.4761	218.909	-6.22778e-06	-8.42154e-06	228.901	173	0	2	0	1	
65	0.1	0.334483	1	88.356	227.735	1.02347e-05	1.8596e-05	239.835	173	0	2	0	1	
65	0.1	0.348276	1	75.7947	235.873	-1.78383e-05	8.27466e-07	250.339	173	0	2	0	1	
65	0.1	0.362069	1	57.9679	243.1	-4.79982e-06	-1.41407e-05	260.418	173	0	2	0	1	
65	0.1	0.375862	-2	0	0	0	0	0	173	0	2	0	1	
65	0.1	0.389655	-2	0	0	0	0	0	173	0	2	0	1	
65	0.1	0.403448	-2	0	0	0	0	0	173	0	2	0	1	
65	0.1	0.417241	-2	0	0	0	0	0	173	0	2	0	1	
65	0.1	0.431034	-2	0	0	0	0	0	173	0	2	0	1	
65	0.1	0.444828	-2	0	0	0	0	0	173	0	2	0	1	
65	0.1	0.458621	-2	0	0	0	0	0	173	0	2	0	1	
65	0.1	0.472414	-2	0	0	0	0	0	173	0	2	0	1	
65	0.1	0.486207	-3	0	0	0	0	0	173	0	2	0	1	
65	0.1	0.5	-2	0	0	0	0	0	173	0	2	0	1	
65	0.11	0.1	1	156.847	53.7603	1.33387e-06	1.58319e-05	-7.68552e-06	173	0	2	0	1	
65	0.11	0.113793	1	156.741	53.7371	4.32689e-07	-1.67205e-05	-5.62777e-06	173	0	2	0	1	
65	0.11	0.127586	1	156.628	53.7266	-3.17896e-06	-8.05457e-06	9.80125e-06	173	0	2	0	1	
65	0.11	0.141379	1	156.509	53.6996	-1.26549e-05	-6.69916e-06	2.47188e-05	173	0	2	0	1	
65	0.11	0.155172	1	156.372	53.8213	4.80469e-06	2.60187e-05	-1.5897e-05	173	0	2	0	1	
65	0.11	0.168966	1	156.216	53.9646	-1.59487e-05	1.35816e-05	-2.6172e-05	173	0	2	0	1	
65	0.11	0.182759	1	155.301	67.3869	-1.63426e-05	1.81406e-05	50.634	173	0	2	0	1	
65	0.11	0.196552	1	152.322	93.7199	-3.54544e-06	9.73282e-06	83.1583	173	0	2	0	1	
65	0.11	0.210345	1	148.661	114.163	-2.9439e-05	-3.81517e-06	105.923	173	0	2	0	1	
65	0.11	0.224138	1	144.583	131.285	2.67768e-05	5.61977e-06	124.665	173	0	2	0	1	
65	0.11	0.237931	1	140.148	146.256	2.71452e-05	1.07187e-05	141.055	173	0	2	0	1	
65	0.11	0.251724	1	135.337	159.528	-9.25234e-05	1.7965e-05	155.869	173	0	2	0	1	
65	0.11	0.265517	1	130.128	171.796	-4.66552e-06	7.37258e-07	169.529	173	0	2	0	1	
65	0.11	0.27931	1	124.475	183.17	1.61156e-05	9.40513e-05	182.295	173	0	2	0	1	
65	0.11	0.293103	1	118.304	193.798	-2.18495e-05	2.48682e-05	194.339	173	0	2	0	1	
65	0.11	0.306897	1	111.504	203.77	5.37139e-06	-3.1683e-05	205.78	173	0	2	0	1	
65	0.11	0.32069	1	103.905	213.144	2.32645e-06	-3.27463e-07	216.708	173	0	2	0	1	
65	0.11	0.334483	1	95.2354	221.947	3.26979e-06	1.93974e-05	227.156	173	0	2	0	1	
65	0.11	0.348276	1	85.0041	230.165	1.36739e-05	-1.0375e-05	237.2	173	0	2	0	1	
65	0.11	0.362069	1	72.1337	237.723	3.96877e-05	6.06292e-06	246.866	173	0	2	0	1	
65	0.11	0.375862	1	53.0472	244.351	-1.91939e-05	2.70202e-06	256.153	173	0	2	0	1	
65	0.11	0.389655	-2	0	0	0	0	0	173	0	2	0	1	
65	0.11	0.403448	-2	0	0	0	0	0	173	0	2	0	1	
65	0.11	0.417241	-2	0	0	0	0	0	173	0	2	0	1	
65	0.11	0.431034	-2	0	0	0	0	0	173	0	2	0	1	
65	0.11	0.444828	-2	0	0	0	0	0	173	0	2	0	1	
65	0.11	0.458621	-2	0	0	0	0	0	173	0	2	0	1	
65	0.11	0.472414	-2	0	0	0	0	0	173	0	2	0	1	
65	0.11	0.486207	-2	0	0	0	0	0	173	0	2	0	1	
65	0.11	0.5	-3	0	0	0	0	0	173	0	2	0	1	
65	0.12	0.1	1	156.851	53.7583	-6.46915e-06	1.80752e-05	7.25527e-06	173	0	2	0	1	
65	0.12	0.113793	1	156.746	53.734	7.56343e-06	-1.4846e-06	2.78428e-06	173	0	2	0	1	
65	0.12	0.127586	1	156.635	53.7217	-9.27925e-06	-1.54301e-05	3.4947e-06	173	0	2	0	1	
65	0.12	0.141379	1	156.517	53.6915	-9.492e-06	1.09201e-05	1.16971e-06	173	0	2	0	1	
65	0.12	0.155172	1	156.382	53.8064	5.48854e-06	-9.96598e-06	-2.53964e-05	173	0	2	0	1	
65	0.12	0.168966	1	156.23	53.9311	-2.28312e-07	1.01345e-06	2.51095e-05	173	0	2	0	1	
65	0.12	0.182759	1	155.639	62.514	-1.12472e-05	-6.20932e-06	42.447	173	0	2	0	1	
65	0.12	0.196552	1	152.956	89.1462	1.25208e-05	3.72988e-06	76.4554	173	0	2	0	1	
65	0.12	0.210345	1	149.54	109.719	-7.47152e-05	4.26841e-05	99.0234	173	0	2	0	1	
65	0.12	0.224138	1	145.715	126.807	-3.26965e-05	8.98032e-06	117.351	173	0	2	0	1	
65	0.12	0.237931	1	141.556	141.883	-1.00093e-05	-5.65056e-06	133.266	173	0	2	0	1	
65	0.12	0.251724	1	137.064	154.896	-3.91935e-05	-1.78306e-05	147.586	173	0	2	0	1	
65	0.12	0.265517	1	132.216	167.023	8.69724e-06	2.11009e-06	160.755	173	0	2	0	1	
65	0.12	0.27931	1	126.982	178.266	-5.50723e-07	-7.49179e-06	173.038	173	0	2	0	1	
65	0.12	0.293103	1	121.307	188.765	-2.16771e-05	1.73234e-05	184.611	173	0	2	0	1	
65	0.12	0.306897	1	115.112	198.626	5.83638e-06	3.15495e-05	195.596	173	0	2	0	1	
65	0.12	0.32069	1	108.276	207.912	-1.76755e-05	4.26219e-06	206.079	173	0	2	0	1	
65	0.12	0.334483	1	100.618	216.662	-4.28994e-05	1.81102e-05	216.139	173	0	2	0	1	
65	0.12	0.348276	1	91.839	224.887	6.58366e-06	5.55601e-06	225.759	173	0	2	0	1	
65	0.12	0.362069	1	81.3846	232.561	-1.38503e-05	-1.58671e-05	235.044	173	0	2	0	1	
65	0.12	0.375862	1	67.9684	239.584	-4.20881e-05	-3.00473e-06	243.993	173	0	2	0	1	
65	0.12	0.389655	1	46.5244	245.606	-3.60184e-06	-1.49195e-05	252.594	173	0	2	0	1	
65	0.12	0.403448	-2	0	0	0	0	0	173	0	2	0	1	
65	0.12	0.417241	-2	0	0	0	0	0	173	0	2	0	1	
65	0.12	0.431034	-2	0	0	0	0	0	173	0	2	0	1	
65	0.12	0.444828	-2	0	0	0	0	0	173	0	2	0	1	
65	0.12	0.458621	-2	0	0	0	0	0	173	0	2	0	1	
65	0.12	0.472414	-2	0	0	0	0	0	173	0	2	0	1	
65	0.12	0.486207	-2	0	0	0	0	0	173	0	2	0	1	
65	0.12	0.5	-2	0	0	0	0	0	173	0	2	0	1	
65	0.13	0.1	1	156.855	53.7563	-5.23011e-06	-5.32168e-06	1.2735e-05	173	0	2	0	1	
65	0.13	0.113793	1	156.751	53.731	1.31316e-05	-1.64956e-05	-1.11046e-05	173	0	2	0	1	
65	0.13	0.127586	1	156.641	53.7172	-1.00455e-05	8.6443e-06	-2.32971e-05	173	0	2	0	1	
65	0.13	0.141379	1	156.525	53.6838	2.12459e-06	-2.57686e-05	-1.8902e-06	173	0	2	0	1	
65	0.13	0.155172	1	156.392	53.7928	-2.09415e-06	-1.1553e-06	3.50026e-05	173	0	2	0	1	
65	0.13	0.168966	1	156.243	53.9019	1.3326e-05	3.55746e-06	8.54877e-06	173	0	2	0	1	
65	0.13	0.182759	1	155.883	58.3418	-1.17151e-05	-1.28302e-05	33.8009	173	0	2	0	1	
65	0.13	0.196552	1	153.509	84.7792	3.36502e-05	2.2421e-05	70.2992	173	0	2	0	1	
65	0.13	0.210345	1	150.312	105.545	2.42189e-05	1.75107e-05	92.8112	173	0	2	0	1	
65	0.13	0.224138	1	146.707	122.648	-2.55288e-05	1.41963e-05	110.827	173	0	2	0	1	
65	0.13	0.237931	1	142.784	137.539	2.82063e-05	-1.95464e-05	126.353	173	0	2	0	1	
65	0.13	0.251724	1	138.562	150.656	-2.46474e-05	1.2559e-05	140.257	173	0	2	0	1	
65	0.13	0.265517	1	134.015	162.643	1.04824e-05	-9.34741e-06	153.006	173	0	2	0	1	
65	0.13	0.27931	1	129.128	173.819	-4.1874e-06	1.55429e-05	164.874	173	0	2	0	1	
65	0.13	0.293103	1	123.858	184.17	1.45018e-06	-5.35265e-05	176.04	173	0	2	0	1	
65	0.13	0.306897	1	118.144	193.929	3.80287e-06	-4.79761e-05	186.627	173	0	2	0	1	
65	0.13	0.32069	1	111.9	203.129	-2.45851e-07	-6.13262e-07	196.724	173	0	2	0	1	
65	0.13	0.334483	1	104.995	211.816	1.08006e-07	1.13765e-05	206.397	173	0	2	0	1	
65	0.13	0.348276	1	97.2296	220.016	3.91703e-05	-2.44427e-05	215.691	173	0	2	0	1	
65	0.13	0.362069	1	88.2669	227.726	5.02905e-05	3.32149e-06	224.626	173	0	2	0	1	
65	0.13	0.375862	1	77.4672	-234.9	-2.95211e-05	1.11228e-05	233.255	173	0	2	0	1	
65	0.13	0.389655	1	63.1949	241.415	-1.66356e-05	-2.56596e-06	241.582	173	0	2	0	1	
65	0.13	0.403448	1	36.6711	246.767	-1.84563e-06	-1.65369e-05	249.572	173	0	2	0	1	
65	0.13	0.417241	-2	0	0	0	0	0	173	0	2	0	1	
65	0.13	0.431034	-2	0	0	0	0	0	173	0	2	0	1	
65	0.13	0.444828	-2	0	0	0	0	0	173	0	2	0	1	
65	0.13	0.458621	-2	0	0	0	0	0	173	0	2	0	1	
65	0.13	0.472414	-2	0	0	0	0	0	173	0	2	0	1	
65	0.13	0.486207	-2	0	0	0	0	0	173	0	2	0	1	
65	0.13	0.5	-2	0	0	0	0	0	173	0	2	0	1	
65	0.14	0.1	1	156.859	53.7544	7.23741e-06	2.03754e-05	2.14593e-05	173	0	2	0	1	
65	0.14	0.113793	1	156.756	53.7282	-1.33644e-05	2.56942e-06	-1.57978e-06	173	0	2	0	1	
65	0.14	0.127586	1	156.647	53.7126	4.54673e-06	5.55108e-06	-1.15615e-05	173	0	2	0	1	
65	0.14	0.141379	1	156.532	53.6765	-1.08735e-05	-1.57872e-05	-5.1452e-06	173	0	2	0	1	
65	0.14	0.155172	1	156.401	53.7804	-4.28081e-06	2.807e-05	7.01784e-06	173	0	2	0	1	
65	0.14	0.168966	1	156.256	53.8761	-1.60593e-05	1.0382e-05	-1.45477e-06	173	0	2	0	1	
65	0.14	0.182759	1	156.038	55.2741	2.0556e-05	-1.01865e-05	23.5516	173	0	2	0	1	
65	0.14	0.196552	1	153.996	80.5681	-1.74665e-05	-7.69614e-06	64.5708	173	0	2	0	1	
65	0.14	0.210345	1	150.997	101.59	7.9102e-05	1.32786e-05	87.1487	173	0	2	0	1	
65	0.14	0.224138	1	147.587	118.747	-4.83833e-05	2.39043e-05	104.941	173	0	2	0	1	
65	0.14	0.237931	1	143.87	133.586	2.50692e-05	3.07192e-05	120.149	173	0	2	0	1	
65	0.14	0.251724	1	139.878	146.76	-4.89817e-06	-3.21151e-05	133.703	173	0	2	0	1	
65	0.14	0.265517	1	135.589	158.602	-4.96737e-05	1.62065e-06	146.091	173	0	2	0	1	
65	0.14	0.27931	1	130.993	169.639	3.472e-05	-2.51179e-05	157.598	173	0	2	0	1	
65	0.14	0.293103	1	126.059	179.944	-2.32586e-05	7.79832e-06	168.408	173	0	2	0	1	
65	0.14	0.306897	1	120.741	189.607	-1.89611e-05	2.04637e-05	178.646	173	0	2	0	1	
65	0.14	0.32069	1	114.971	198.726	7.98385e-06	4.70131e-06	188.403	173	0	2	0	1	
65	0.14	0.334483	1	108.653	207.348	-2.43121e-05	9.88674e-06	197.745	173	0	2	0	1	
65	0.14	0.348276	1	101.645	215.506	-8.74104e-06	-3.18668e-05	206.725	173	0	2	0	1	
65	0.14	0.362069	1	93.7233	223.212	7.70539e-06	-9.34951e-06	215.361	173	0	2	0	1	
65	0.14	0.375862	1	84.504	230.45	1.36868e-05	4.9933e-06	223.694	173	0	2	0	1	
65	0.14	0.389655	1	73.1969	-237.163	2.84551e-05	-6.05605e-06	231.751	173	0	2	0	1	
65	0.14	0.403448	1	57.5952	-243.18	1.33538e-05	3.24019e-06	239.53	173	0	2	0	1	
65	0.14	0.417241	-2	0	0	0	0	0	173	0	2	0	1	
65	0.14	0.431034	-2	0	0	0	0	0	173	0	2	0	1	
65	0.14	0.444828	-2	0	0	0	0	0	173	0	2	0	1	
65	0.14	0.458621	-2	0	0	0	0	0	173	0	2	0	1	
65	0.14	0.472414	-2	0	0	0	0	0	173	0	2	0	1	
65	0.14	0.486207	-2	0	0	0	0	0	173	0	2	0	1	
65	0.14	0.5	-2	0	0	0	0	0	173	0	2	0	1	
65	0.15	0.1	1	156.863	53.7527	1.09494e-05	1.32983e-05	1.26631e-05	173	0	2	0	1	
65	0.15	0.113793	1	156.761	53.7254	2.14551e-05	-6.8021e-06	-1.32062e-05	173	0	2	0	1	
65	0.15	0.127586	1	156.653	53.7084	-2.16104e-05	-2.07803e-05	8.39578e-06	173	0	2	0	1	
65	0.15	0.141379	1	156.539	53.6694	1.14146e-06	1.24135e-05	5.41196e-06	173	0	2	0	1	
65	0.15	0.155172	1	156.41	53.7689	2.10602e-06	7.75567e-06	-1.39976e-05	173	0	2	0	1	
65	0.15	0.168966	1	156.268	53.8532	9.31109e-06	1.32026e-06	2.12882e-05	173	0	2	0	1	
65	0.15	0.182759	-2	0	0	0	0	0	173	0	2	0	1	
65	0.15	0.196552	1	154.424	76.4803	-9.24958e-06	6.37706e-07	58.9801	173	0	2	0	1	
65	0.15	0.210345	1	151.61	97.812	-3.21721e-05	-8.94272e-06	81.9308	173	0	2	0	1	
65	0.15	0.224138	1	148.38	115.033	3.00926e-05	-2.56454e-07	99.5756	173	0	2	0	1	
65	0.15	0.237931	1	144.839	129.889	-9.95779e-05	6.68349e-06	114.53	173	0	2	0	1	
65	0.15	0.251724	1	141.044	143.331	7.13741e-05	6.84883e-06	127.788	173	0	2	0	1	
65	0.15	0.265517	1	136.981	154.846	-4.14343e-05	-2.41514e-05	139.864	173	0	2	0	1	
65	0.15	0.27931	1	132.635	165.79	-1.71901e-05	-5.98902e-06	151.056	173	0	2	0	1	
65	0.15	0.293103	1	127.986	176.019	-7.19783e-07	5.45422e-06	161.553	173	0	2	0	1	
65	0.15	0.306897	1	122.998	185.606	-4.56834e-06	1.2353e-05	171.483	173	0	2	0	1	
65	0.15	0.32069	1	117.618	194.649	4.89353e-06	1.68431e-05	180.938	173	0	2	0	1	
65	0.15	0.334483	1	111.772	203.207	-2.50914e-06	-2.8189e-06	189.986	173	0	2	0	1	
65	0.15	0.348276	1	105.355	211.318	6.1334e-06	-2.01025e-05	198.677	173	0	2	0	1	
65	0.15	0.362069	1	98.2079	219.002	-2.01159e-05	2.77774e-05	207.059	173	0	2	0	1	
65	0.15	0.375862	1	90.0758	226.26	-3.07299e-05	9.2063e-06	215.118	173	0	2	0	1	
65	0.15	0.389655	1	80.5016	233.064	-7.275e-06	9.33373e-06	222.922	173	0	2	0	1	
65	0.15	0.403448	1	68.4827	-239.336	1.4834e-05	4.20781e-06	230.473	173	0	2	0	1	
65	0.15	0.417241	1	50.7063	244.838	-1.02957e-05	-5.2799e-05	237.763	173	0	2	0	1	
65	0.15	0.431034	-2	0	0	0	0	0	173	0	2	0	1	
65	0.15	0.444828	-2	0	0	0	0	0	173	0	2	0	1	
65	0.15	0.458621	-2	0	0	0	0	0	173	0	2	0	1	
65	0.15	0.472414	-2	0	0	0	0	0	173	0	2	0	1	
65	0.15	0.486207	-2	0	0	0	0	0	173	0	2	0	1	
65	0.15	0.5	-2	0	0	0	0	0	173	0	2	0	1	
65	0.16	0.1	1	156.867	53.7509	9.55122e-06	-2.15977e-05	-8.31347e-06	173	0	2	0	1	
65	0.16	0.113793	1	156.765	53.7228	-1.16136e-05	1.19526e-05	-1.23628e-05	173	0	2	0	1	
65	0.16	0.127586	1	156.658	53.7044	1.72605e-05	1.9511e-05	2.54362e-06	173	0	2	0	1	
65	0.16	0.141379	1	156.547	53.6626	1.67783e-05	1.52616e-05	7.14242e-06	173	0	2	0	1	
65	0.16	0.155172	1	156.419	53.7583	1.4479e-05	-1.76733e-05	5.16145e-06	173	0	2	0	1	
65	0.16	0.168966	1	156.279	53.8325	3.47514e-06	-1.92569e-06	3.89963e-05	173	0	2	0	1	
65	0.16	0.182759	1	156.118	54.0249	-2.14669e-06	6.97827e-06	4.72371e-05	173	0	2	0	1	
65	0.16	0.196552	1	154.798	72.5159	4.87143e-05	-5.95937e-06	53.5739	173	0	2	0	1	
65	0.16	0.210345	1	152.163	94.1756	-3.1254e-05	1.00469e-05	77.0749	173	0	2	0	1	
65	0.16	0.224138	-2	0	0	0	0	0	173	0	2	0	1	
65	0.16	0.237931	1	145.713	126.395	-0.00010537	2.15412e-05	109.398	173	0	2	0	1	
65	0.16	0.251724	1	142.089	139.63	3.74265e-05	2.35449e-05	122.407	173	0	2	0	1	
65	0.16	0.265517	1	138.225	151.339	2.53714e-06	-1.48221e-05	134.212	173	0	2	0	1	
65	0.16	0.27931	1	134.096	162.196	1.00523e-05	-5.06623e-05	145.128	173	0	2	0	1	
65	0.16	0.293103	1	129.692	172.347	-5.64255e-05	-1.83612e-05	155.347	173	0	2	0	1	
65	0.16	0.306897	1	124.985	181.888	1.12233e-06	1.43144e-06	165.004	173	0	2	0	1	
65	0.16	0.32069	1	119.933	190.852	-1.47855e-06	-5.57526e-06	174.19	173	0	2	0	1	
65	0.16	0.334483	1	114.477	199.35	1.01058e-05	-8.00553e-05	182.974	173	0	2	0	1	
65	0.16	0.348276	1	108.539	207.409	-2.06871e-05	-8.36621e-06	191.408	173	0	2	0	1	
65	0.16	0.362069	1	101.992	215.066	4.55236e-06	6.79655e-06	199.533	173	0	2	0	1	
65	0.16	0.375862	1	94.6644	222.32	-8.35135e-06	3.51786e-05	207.375	173	0	2	0	1	
65	0.16	0.389655	1	86.2541	229.167	1.13459e-05	1.69662e-05	214.942	173	0	2	0	1	
65	0.16	0.403448	1	76.2087	235.56	2.26383e-05	1.16571e-05	222.275	173	0	2	0	1	
65	0.16	0.417241	1	63.1707	241.401	-1.27969e-05	9.17831e-06	229.375	173	0	2	0	1	
65	0.16	0.431034	1	41.1998	246.325	-2.607e-05	-2.19037e-06	236.219	173	0	2	0	1	
65	0.16	0.444828	-2	0	0	0	0	0	173	0	2	0	1	
65	0.16	0.458621	-2	0	0	0	0	0	173	0	2	0	1	
65	0.16	0.472414	-2	0	0	0	0	0	173	0	2	0	1	
65	0.16	0.486207	-2	0	0	0	0	0	173	0	2	0	1	
65	0.16	0.5	-2	0	0	0	0	0	173	0	2	0	1	
65	0.17	0.1	1	156.871	53.7491	4.11455e-06	1.82799e-05	1.60838e-05	173	0	2	0	1	
65	0.17	0.113793	1	156.77	53.7202	-1.20622e-06	9.94709e-06	9.9717e-06	173	0	2	0	1	
65	0.17	0.127586	1	156.664	53.7005	1.99139e-06	8.5174e-06	-1.81677e-05	173	0	2	0	1	
65	0.17	0.141379	1	156.554	53.6561	-4.9185e-06	2.64007e-05	-1.96942e-05	173	0	2	0	1	
65	0.17	0.155172	1	156.428	53.7484	-6.41411e-06	1.01898e-05	3.49538e-05	173	0	2	0	1	
65	0.17	0.168966	1	156.29	53.8137	-9.89247e-06	4.44354e-07	-2.8771e-06	173	0	2	0	1	
65	0.17	0.182759	1	156.133	53.9822	1.01639e-05	5.9181e-06	2.44158e-05	173	0	2	0	1	
65	0.17	0.196552	1	155.124	68.6723	5.62228e-05	2.5459e-05	48.2401	173	0	2	0	1	
65	0.17	0.210345	-2	0	0	0	0	0	173	0	2	0	1	
65	0.17	0.224138	-2	0	0	0	0	0	173	0	2	0	1	
65	0.17	0.237931	-2	0	0	0	0	0	173	0	2	0	1	
65	0.17	0.251724	1	143.036	136.269	1.38979e-05	3.04978e-05	117.475	173	0	2	0	1	
65	0.17	0.265517	1	139.345	148.056	8.3175e-06	9.69167e-06	129.046	173	0	2	0	1	
65	0.17	0.27931	1	135.407	158.823	-2.96942e-05	1.11202e-05	139.718	173	0	2	0	1	
65	0.17	0.293103	1	131.217	168.907	1.9239e-05	2.18486e-06	149.693	173	0	2	0	1	
65	0.17	0.306897	1	126.753	178.378	-1.4921e-05	-1.91932e-05	159.104	173	0	2	0	1	
65	0.17	0.32069	1	121.98	187.302	-5.26492e-06	-1.50131e-05	168.048	173	0	2	0	1	
65	0.17	0.334483	1	116.852	195.741	4.02819e-06	-9.4725e-06	176.596	173	0	2	0	1	
65	0.17	0.348276	1	111.305	203.755	-2.26054e-06	7.28256e-06	184.798	173	0	2	0	1	
65	0.17	0.362069	1	105.247	211.373	2.44207e-06	-1.48461e-05	192.696	173	0	2	0	1	
65	0.17	0.375862	1	98.5452	218.61	-3.95815e-06	9.01538e-06	200.323	173	0	2	0	1	
65	0.17	0.389655	1	90.9917	225.469	1.09424e-05	3.71308e-06	207.685	173	0	2	0	1	
65	0.17	0.403448	1	82.2315	231.929	3.35702e-06	1.25788e-06	214.814	173	0	2	0	1	
65	0.17	0.417241	1	71.5443	237.935	-3.92402e-06	-1.69738e-05	221.727	173	0	2	0	1	
65	0.17	0.431034	1	56.974	243.338	3.31592e-06	-2.04144e-05	228.419	173	0	2	0	1	
65	0.17	0.444828	1	14.8303	247.447	4.35313e-05	-8.59003e-06	234.813	173	0	2	0	1	
65	0.17	0.458621	-2	0	0	0	0	0	173	0	2	0	1	
65	0.17	0.472414	-2	0	0	0	0	0	173	0	2	0	1	
65	0.17	0.486207	-2	0	0	0	0	0	173	0	2	0	1	
65	0.17	0.5	-2	0	0	0	0	0	173	0	2	0	1	
65	0.18	0.1	1	156.874	53.7476	6.18143e-06	8.61019e-06	9.92565e-06	173	0	2	0	1	
65	0.18	0.113793	1	156.775	53.7177	-1.2555e-05	2.21099e-05	1.12212e-05	173	0	2	0	1	
65	0.18	0.127586	1	156.67	53.6968	-6.18102e-06	-1.02842e-05	1.85673e-06	173	0	2	0	1	
65	0.18	0.141379	1	156.561	53.6499	-4.17926e-06	-9.57018e-06	1.16358e-05	173	0	2	0	1	
65	0.18	0.155172	1	156.436	53.7392	4.80171e-06	-1.52652e-05	2.23492e-06	173	0	2	0	1	
65	0.18	0.168966	1	156.301	53.7966	2.23088e-05	-4.23443e-06	2.65553e-05	173	0	2	0	1	
65	0.18	0.182759	1	156.147	53.9455	-3.85079e-06	-1.21223e-05	-7.775e-06	173	0	2	0	1	
65	0.18	0.196552	1	155.401	64.9894	2.32227e-05	-6.37979e-06	42.8594	173	0	2	0	1	
65	0.18	0.210345	-2	0	0	0	0	0	173	0	2	0	1	
65	0.18	0.224138	-2	0	0	0	0	0	173	0	2	0	1	
65	0.18	0.237931	-2	0	0	0	0	0	173	0	2	0	1	
65	0.18	0.251724	-2	0	0	0	0	0	173	0	2	0	1	
65	0.18	0.265517	1	140.356	145.012	-1.41541e-05	-3.4974e-06	124.297	173	0	2	0	1	
65	0.18	0.27931	1	136.594	155.643	-7.46065e-06	-1.07815e-05	134.753	173	0	2	0	1	
65	0.18	0.293103	1	132.592	165.667	1.0111e-05	-1.11728e-05	144.508	173	0	2	0	1	
65	0.18	0.306897	1	128.339	175.08	-1.46158e-05	5.03293e-05	153.7	173	0	2	0	1	
65	0.18	0.32069	1	123.809	183.967	-7.06109e-06	5.3334e-06	162.427	173	0	2	0	1	
65	0.18	0.334483	1	118.962	192.35	3.36917e-05	4.96935e-05	170.76	173	0	2	0	1	
65	0.18	0.348276	1	113.746	200.317	-8.73636e-06	2.3584e-07	178.752	173	0	2	0	1	
65	0.18	0.362069	1	108.091	207.896	-4.95469e-05	5.02222e-06	186.445	173	0	2	0	1	
65	0.18	0.375862	1	101.89	215.113	-2.18437e-05	-1.75536e-05	193.87	173	0	2	0	1	
65	0.18	0.389655	1	94.9948	221.97	-3.40247e-06	1.81829e-06	201.097	173	0	2	0	1	
65	0.18	0.403448	1	87.1598	228.461	-1.09388e-05	-7.05927e-06	207.991	173	0	2	0	1	
65	0.18	0.417241	1	77.9435	234.561	-3.78915e-05	-1.05887e-05	214.725	173	0	2	0	1	
65	0.18	0.431034	1	66.381	240.18	-4.89921e-05	3.1691e-05	221.257	173	0	2	0	1	
65	0.18	0.444828	1	49.2801	245.109	1.32059e-05	-1.81606e-05	227.578	173	0	2	0	1	
65	0.18	0.458621	-2	0	0	0	0	0	173	0	2	0	1	
65	0.18	0.472414	-2	0	0	0	0	0	173	0	2	0	1	
65	0.18	0.486207	-2	0	0	0	0	0	173	0	2	0	1	
65	0.18	0.5	-2	0	0	0	0	0	173	0	2	0	1	
65	0.19	0.1	1	156.878	53.7459	-8.76069e-06	-2.02729e-05	1.48183e-05	173	0	2	0	1	
65	0.19	0.113793	1	156.779	53.7154	-4.0799e-06	-1.96755e-05	-2.81576e-06	173	0	2	0	1	
65	0.19	0.127586	1	156.675	53.6932	-1.35712e-05	7.29767e-06	3.24122e-06	173	0	2	0	1	
65	0.19	0.141379	1	156.567	53.644	-1.87113e-06	1.94602e-05	5.20387e-07	173	0	2	0	1	
65	0.19	0.155172	1	156.445	53.7304	1.49968e-05	-8.52438e-06	-3.85603e-06	173	0	2	0	1	
65	0.19	0.168966	1	156.311	53.781	-2.27172e-05	7.19655e-06	1.61923e-05	173	0	2	0	1	
65	0.19	0.182759	1	156.161	53.9133	9.99935e-06	-1.49902e-05	2.32494e-05	173	0	2	0	1	
65	0.19	0.196552	1	155.639	61.3849	-7.08133e-05	-1.6312e-06	37.2518	173	0	2	0	1	
65	0.19	0.210345	-2	0	0	0	0	0	173	0	2	0	1	
65	0.19	0.224138	-2	0	0	0	0	0	173	0	2	0	1	
65	0.19	0.237931	-2	0	0	0	0	0	173	0	2	0	1	
65	0.19	0.251724	-2	0	0	0	0	0	173	0	2	0	1	
65	0.19	0.265517	-2	0	0	0	0	0	173	0	2	0	1	
65	0.19	0.27931	1	137.674	152.634	2.73983e-05	1.32678e-05	130.17	173	0	2	0	1	
65	0.19	0.293103	1	133.84	162.602	1.89774e-05	-5.40945e-06	139.73	173	0	2	0	1	
65	0.19	0.306897	1	129.774	171.965	-4.47622e-05	-1.09891e-05	148.725	173	0	2	0	1	
65	0.19	0.32069	1	125.455	180.797	-2.64488e-05	1.11375e-05	157.255	173	0	2	0	1	
65	0.19	0.334483	1	120.852	189.156	1.70879e-05	-1.02001e-05	165.393	173	0	2	0	1	
65	0.19	0.348276	1	115.92	197.075	1.60462e-05	2.88009e-06	173.194	173	0	2	0	1	
65	0.19	0.362069	1	110.601	204.619	-5.24926e-05	-1.64526e-05	180.699	173	0	2	0	1	
65	0.19	0.375862	1	104.816	211.808	-2.31724e-05	-2.30553e-05	187.94	173	0	2	0	1	
65	0.19	0.389655	1	98.4481	218.653	4.9128e-05	2.83822e-05	194.944	173	0	2	0	1	
65	0.19	0.403448	1	91.3178	225.157	8.43179e-06	-4.55193e-06	201.721	173	0	2	0	1	
65	0.19	0.417241	1	83.1309	231.303	-3.96898e-05	-9.14198e-06	208.287	173	0	2	0	1	
65	0.19	0.431034	1	73.3193	237.047	-2.29715e-05	2.40972e-05	214.664	173	0	2	0	1	
65	0.19	0.444828	1	60.5011	242.282	-3.52497e-06	9.77947e-06	220.85	173	0	2	0	1	
65	0.19	0.458621	1	38.0811	246.64	-6.56105e-06	2.39254e-05	226.822	173	0	2	0	1	
65	0.19	0.472414	-2	0	0	0	0	0	173	0	2	0	1	
65	0.19	0.486207	-2	0	0	0	0	0	173	0	2	0	1	
65	0.19	0.5	-2	0	0	0	0	0	173	0	2	0	1	
65	0.2	0.1	1	156.882	53.7444	-4.42867e-06	2.02912e-05	4.22422e-06	173	0	2	0	1	
65	0.2	0.113793	1	156.784	53.7131	5.75403e-06	1.51196e-05	8.57389e-06	173	0	2	0	1	
65	0.2	0.127586	1	156.681	53.6898	-2.26634e-05	1.46178e-05	-4.9955e-06	173	0	2	0	1	
65	0.2	0.141379	1	156.574	53.6384	-1.80736e-05	-9.3603e-06	2.62841e-05	173	0	2	0	1	
65	0.2	0.155172	1	156.453	53.7222	-2.5312e-06	-2.3258e-06	-9.8562e-06	173	0	2	0	1	
65	0.2	0.168966	1	156.321	53.7665	7.11601e-06	-2.03061e-05	2.61991e-05	173	0	2	0	1	
65	0.2	0.182759	1	156.174	53.8848	8.98601e-06	6.84304e-07	-6.16105e-06	173	0	2	0	1	
65	0.2	0.196552	1	155.823	58.2021	-2.62621e-05	-9.08392e-06	31.1559	173	0	2	0	1	
65	0.2	0.210345	1	153.913	80.6041	1.63653e-05	1.1063e-05	60.3067	173	0	2	0	1	
65	0.2	0.224138	-2	0	0	0	0	0	173	0	2	0	1	
65	0.2	0.237931	-2	0	0	0	0	0	173	0	2	0	1	
65	0.2	0.251724	-2	0	0	0	0	0	173	0	2	0	1	
65	0.2	0.265517	-2	0	0	0	0	0	173	0	2	0	1	
65	0.2	0.27931	1	138.665	149.779	2.91607e-06	-4.37224e-05	125.92	173	0	2	0	1	
65	0.2	0.293103	1	134.98	159.693	-8.19666e-05	9.47372e-06	135.305	173	0	2	0	1	
65	0.2	0.306897	1	131.081	169.011	2.28992e-05	-5.22826e-06	144.121	173	0	2	0	1	
65	0.2	0.32069	1	126.949	177.799	1.25897e-05	-1.45552e-05	152.473	173	0	2	0	1	
65	0.2	0.334483	1	122.558	186.124	6.628e-06	1.28846e-05	160.434	173	0	2	0	1	
65	0.2	0.348276	1	117.873	194.007	-1.03379e-05	-2.48873e-05	168.06	173	0	2	0	1	
65	0.2	0.362069	1	112.845	201.515	4.26202e-05	1.85998e-06	175.393	173	0	2	0	1	
65	0.2	0.375862	1	107.411	208.673	1.6547e-05	2.15147e-05	182.466	173	0	2	0	1	
65	0.2	0.389655	1	101.472	215.505	1.25088e-06	4.90651e-06	189.305	173	0	2	0	1	
65	0.2	0.403448	1	94.904	222.007	5.01924e-06	8.17475e-05	195.935	173	0	2	0	1	
65	0.2	0.417241	1	87.4852	228.182	3.13376e-06	2.92973e-05	202.344	173	0	2	0	1	
65	0.2	0.431034	1	78.854	233.995	1.42805e-06	-5.42027e-06	208.573	173	0	2	0	1	
65	0.2	0.444828	1	68.2454	239.396	-3.19165e-05	-1.54366e-05	214.624	173	0	2	0	1	
65	0.2	0.458621	1	53.4754	244.217	2.00067e-05	-8.76504e-06	220.491	173	0	2	0	1	
65	0.2	0.472414	-2	0	0	0	0	0	173	0	2	0	1	
65	0.2	0.486207	-2	0	0	0	0	0	173	0	2	0	1	
65	0.2	0.5	-2	0	0	0	0	0	173	0	2	0	1	
65	0.21	0.1	1	156.886	53.7429	-3.34677e-06	-1.94101e-05	-6.043e-06	173	0	2	0	1	
65	0.21	0.113793	1	156.788	53.7108	2.94357e-06	-5.29475e-06	-1.46352e-05	173	0	2	0	1	
65	0.21	0.127586	1	156.686	53.6865	-9.54952e-06	3.40394e-06	1.9206e-05	173	0	2	0	1	
65	0.21	0.141379	1	156.58	53.6332	-3.95889e-07	-7.86966e-06	1.08054e-05	173	0	2	0	1	
65	0.21	0.155172	1	156.461	53.7144	2.46487e-06	1.29104e-05	-1.74372e-06	173	0	2	0	1	
65	0.21	0.168966	1	156.331	53.7531	1.59488e-05	8.37457e-06	1.73594e-05	173	0	2	0	1	
65	0.21	0.182759	1	156.187	53.8592	3.1422e-05	1.0104e-05	1.36242e-05	173	0	2	0	1	
65	0.21	0.196552	1	155.955	55.6633	8.81721e-06	-2.34556e-05	23.9772	173	0	2	0	1	
65	0.21	0.210345	1	154.258	77.3832	-6.91556e-05	1.06259e-05	56.2368	173	0	2	0	1	
65	0.21	0.224138	-2	0	0	0	0	0	173	0	2	0	1	
65	0.21	0.237931	-2	0	0	0	0	0	173	0	2	0	1	
65	0.21	0.251724	-2	0	0	0	0	0	173	0	2	0	1	
65	0.21	0.265517	-2	0	0	0	0	0	173	0	2	0	1	
65	0.21	0.27931	-2	0	0	0	0	0	173	0	2	0	1	
65	0.21	0.293103	1	136.027	156.924	8.36588e-05	1.19628e-05	131.189	173	0	2	0	1	
65	0.21	0.306897	1	132.278	166.201	2.1473e-05	3.62581e-06	139.844	173	0	2	0	1	
65	0.21	0.32069	1	128.313	174.95	1.36984e-05	-1.76199e-05	148.034	173	0	2	0	1	
65	0.21	0.334483	1	124.111	183.233	-9.62044e-06	3.33979e-06	155.833	173	0	2	0	1	
65	0.21	0.348276	1	119.642	191.1	-4.07896e-06	1.5963e-06	163.299	173	0	2	0	1	
65	0.21	0.362069	1	114.865	198.568	2.25208e-05	2.76406e-05	170.474	173	0	2	0	1	
65	0.21	0.375862	1	109.726	205.701	2.26977e-07	2.7476e-05	177.392	173	0	2	0	1	
65	0.21	0.389655	1	104.153	212.511	6.60654e-06	8.61203e-06	184.079	173	0	2	0	1	
65	0.21	0.403448	1	98.0398	219.008	-3.35859e-05	3.08129e-07	190.557	173	0	2	0	1	
65	0.21	0.417241	1	91.2275	225.194	-4.89555e-07	1.85554e-05	196.838	173	0	2	0	1	
65	0.21	0.431034	1	83.4595	231.052	1.81594e-05	8.0326e-06	202.925	173	0	2	0	1	
65	0.21	0.444828	1	74.2579	236.548	4.07581e-05	-9.76012e-06	208.846	173	0	2	0	1	
65	0.21	0.458621	1	62.5347	241.594	1.21583e-05	4.84513e-06	214.597	173	0	2	0	1	
65	0.21	0.472414	1	44.201	245.936	-7.02302e-05	1.08481e-05	220.165	173	0	2	0	1	
65	0.21	0.486207	-2	0	0	0	0	0	173	0	2	0	1	
65	0.21	0.5	-2	0	0	0	0	0	173	0	2	0	1	
65	0.22	0.1	1	156.889	53.7414	-2.76693e-06	-2.29432e-05	-1.06151e-05	173	0	2	0	1	
65	0.22	0.113793	1	156.793	53.7087	1.05003e-05	2.16894e-05	-2.50012e-05	173	0	2	0	1	
65	0.22	0.127586	1	156.692	53.6833	1.51202e-05	-1.644e-05	-1.08745e-05	173	0	2	0	1	
65	0.22	0.141379	1	156.587	53.6283	1.17404e-05	-1.09654e-06	-8.39124e-06	173	0	2	0	1	
65	0.22	0.155172	1	156.468	53.707	4.18615e-06	6.48278e-06	2.20294e-06	173	0	2	0	1	
65	0.22	0.168966	1	156.341	53.7407	4.62259e-06	-1.68504e-06	-1.48933e-05	173	0	2	0	1	
65	0.22	0.182759	1	156.199	53.8362	-1.53982e-05	-1.90112e-05	9.7679e-06	173	0	2	0	1	
65	0.22	0.196552	1	156.03	54.2106	-1.62784e-06	3.31568e-06	13.5604	173	0	2	0	1	
65	0.22	0.210345	1	154.573	74.1945	-2.75195e-06	1.90963e-05	52.3056	173	0	2	0	1	
65	0.22	0.224138	-2	0	0	0	0	0	173	0	2	0	1	
65	0.22	0.237931	-2	0	0	0	0	0	173	0	2	0	1	
65	0.22	0.251724	-2	0	0	0	0	0	173	0	2	0	1	
65	0.22	0.265517	-2	0	0	0	0	0	173	0	2	0	1	
65	0.22	0.27931	-2	0	0	0	0	0	173	0	2	0	1	
65	0.22	0.293103	-2	0	0	0	0	0	173	0	2	0	1	
65	0.22	0.306897	1	133.38	163.52	5.09409e-05	1.04675e-05	135.855	173	0	2	0	1	
65	0.22	0.32069	1	129.565	172.234	-2.20536e-05	-2.08403e-06	143.896	173	0	2	0	1	
65	0.22	0.334483	1	125.531	180.482	6.87799e-06	-5.77762e-06	151.547	173	0	2	0	1	
65	0.22	0.348276	1	121.253	188.321	-1.70724e-05	-2.6287e-06	158.866	173	0	2	0	1	
65	0.22	0.362069	1	116.697	195.766	-1.8129e-06	2.72424e-06	165.895	173	0	2	0	1	
65	0.22	0.375862	1	111.817	202.869	-9.21417e-06	-3.92732e-06	172.67	173	0	2	0	1	
65	0.22	0.389655	1	106.556	209.654	-1.92461e-05	-3.22927e-06	179.217	173	0	2	0	1	
65	0.22	0.403448	1	100.822	216.144	1.83183e-05	-1.33502e-06	185.557	173	0	2	0	1	
65	0.22	0.417241	1	94.5011	222.331	-3.35378e-05	-2.93379e-06	191.71	173	0	2	0	1	
65	0.22	0.431034	1	87.397	-228.216	-4.38509e-05	-1.64553e-05	197.671	173	0	2	0	1	
65	0.22	0.444828	1	79.1907	233.774	-5.93127e-06	-2.24282e-05	203.467	173	0	2	0	1	
65	0.22	0.458621	1	69.2363	238.951	3.13806e-05	-8.80963e-06	209.104	173	0	2	0	1	
65	0.22	0.472414	1	55.8369	243.624	1.56156e-05	-6.89597e-06	214.577	173	0	2	0	1	
65	0.22	0.486207	1	26.3453	247.294	1.6259e-05	-2.37319e-05	219.849	173	0	2	0	1	
65	0.22	0.5	-2	0	0	0	0	0	173	0	2	0	1	
65	0.23	0.1	1	156.893	53.7399	5.53882e-06	-2.19117e-05	-1.48139e-05	173	0	2	0	1	
65	0.23	0.113793	1	156.797	53.7066	-3.67001e-06	-1.23916e-05	-1.72847e-05	173	0	2	0	1	
65	0.23	0.127586	1	156.697	53.6802	-3.42018e-06	8.57003e-06	1.95927e-05	173	0	2	0	1	
65	0.23	0.141379	1	156.593	53.624	7.47561e-06	-1.21891e-05	1.19587e-06	173	0	2	0	1	
65	0.23	0.155172	1	156.476	53.6999	8.97588e-06	2.10588e-05	1.1135e-06	173	0	2	0	1	
65	0.23	0.168966	1	156.35	53.729	-4.15935e-08	-2.96696e-06	1.56942e-05	173	0	2	0	1	
65	0.23	0.182759	1	156.211	53.8153	-1.4387e-06	9.22259e-06	-3.37616e-05	173	0	2	0	1	
65	0.23	0.196552	1	156.052	54.0068	-1.80725e-05	-2.17612e-05	5.62485e-05	173	0	2	0	1	
65	0.23	0.210345	1	154.858	71.0523	4.39491e-05	-9.38687e-06	48.4253	173	0	2	0	1	
65	0.23	0.224138	-2	0	0	0	0	0	173	0	2	0	1	
65	0.23	0.237931	-2	0	0	0	0	0	173	0	2	0	1	
65	0.23	0.251724	-2	0	0	0	0	0	173	0	2	0	1	
65	0.23	0.265517	-2	0	0	0	0	0	173	0	2	0	1	
65	0.23	0.27931	-2	0	0	0	0	0	173	0	2	0	1	
65	0.23	0.293103	-2	0	0	0	0	0	173	0	2	0	1	
65	0.23	0.306897	1	134.399	160.956	-6.6813e-07	1.966e-05	132.121	173	0	2	0	1	
65	0.23	0.32069	1	130.72	169.638	-2.26254e-05	1.47297e-05	140.027	173	0	2	0	1	
65	0.23	0.334483	1	126.838	177.855	5.17322e-06	7.80903e-06	147.542	173	0	2	0	1	
65	0.23	0.348276	1	122.73	185.66	-2.53682e-07	-3.40137e-05	154.725	173	0	2	0	1	
65	0.23	0.362069	1	118.369	193.105	6.08462e-06	-3.22414e-05	161.62	173	0	2	0	1	
65	0.23	0.375862	1	113.716	200.167	-8.16069e-05	9.56761e-06	168.262	173	0	2	0	1	
65	0.23	0.389655	1	108.72	206.934	-3.94724e-06	1.94873e-06	174.679	173	0	2	0	1	
65	0.23	0.403448	1	103.313	213.406	1.60483e-05	-1.3755e-05	180.891	173	0	2	0	1	
65	0.23	0.417241	1	97.3981	219.591	-5.15605e-06	-2.12517e-05	186.918	173	0	2	0	1	
65	0.23	0.431034	1	90.8285	225.489	-5.63717e-06	8.15828e-06	192.772	173	0	2	0	1	
65	0.23	0.444828	1	83.3728	-231.084	-3.17829e-05	-1.79757e-05	198.445	173	0	2	0	1	
65	0.23	0.458621	1	74.6092	236.346	9.70056e-06	1.89041e-05	203.972	173	0	2	0	1	
65	0.23	0.472414	1	63.6169	241.201	-6.70302e-06	7.59964e-05	209.346	173	0	2	0	1	
65	0.23	0.486207	1	47.3362	245.447	2.37866e-06	4.46464e-05	214.559	173	0	2	0	1	
65	0.23	0.5	-2	0	0	0	0	0	173	0	2	0	1	
65	0.24	0.1	1	156.897	53.7385	4.36634e-06	1.99466e-05	7.02475e-06	173	0	2	0	1	
65	0.24	0.113793	1	156.802	53.7045	2.33184e-06	2.13693e-05	1.40344e-05	173	0	2	0	1	
65	0.24	0.127586	1	156.702	53.6773	-1.87832e-05	6.8045e-06	5.52302e-06	173	0	2	0	1	
65	0.24	0.141379	1	156.599	53.62	-2.00673e-05	3.77951e-06	-7.17059e-06	173	0	2	0	1	
65	0.24	0.155172	1	156.483	53.6932	-1.60167e-05	-1.14153e-06	5.63111e-06	173	0	2	0	1	
65	0.24	0.168966	1	156.359	53.7182	-3.81694e-06	-1.50062e-05	7.14143e-06	173	0	2	0	1	
65	0.24	0.182759	1	156.223	53.7961	-2.91216e-05	7.17545e-06	3.45394e-05	173	0	2	0	1	
65	0.24	0.196552	1	156.067	53.965	2.18585e-05	-1.49321e-05	-3.89299e-05	173	0	2	0	1	
65	0.24	0.210345	1	155.114	67.9641	0.000115725	1.31671e-05	44.5208	173	0	2	0	1	
65	0.24	0.224138	-2	0	0	0	0	0	173	0	2	0	1	
65	0.24	0.237931	-2	0	0	0	0	0	173	0	2	0	1	
65	0.24	0.251724	-2	0	0	0	0	0	173	0	2	0	1	
65	0.24	0.265517	-2	0	0	0	0	0	173	0	2	0	1	
65	0.24	0.27931	-2	0	0	0	0	0	173	0	2	0	1	
65	0.24	0.293103	-2	0	0	0	0	0	173	0	2	0	1	
65	0.24	0.306897	-2	0	0	0	0	0	173	0	2	0	1	
65	0.24	0.32069	1	131.791	167.152	5.44958e-05	-3.05878e-05	136.396	173	0	2	0	1	
65	0.24	0.334483	1	128.045	175.341	-2.65146e-06	-8.67047e-06	143.786	173	0	2	0	1	
65	0.24	0.348276	1	124.091	183.117	-4.45046e-05	3.17778e-05	150.844	173	0	2	0	1	
65	0.24	0.362069	1	119.904	190.529	-1.17236e-05	1.62997e-06	157.615	173	0	2	0	1	
65	0.24	0.375862	1	115.451	197.585	-2.18595e-05	2.03273e-05	164.134	173	0	2	0	1	
65	0.24	0.389655	1	110.69	204.329	-1.5682e-05	3.08832e-05	170.429	173	0	2	0	1	
65	0.24	0.403448	1	105.568	210.78	-1.74344e-07	7.04926e-06	176.522	173	0	2	0	1	
65	0.24	0.417241	1	99.9926	216.963	2.23418e-05	1.91985e-05	182.433	173	0	2	0	1	
65	0.24	0.431034	1	93.8635	222.865	1.45449e-05	-6.644e-06	188.174	173	0	2	0	1	
65	0.24	0.444828	1	86.9978	228.486	1.55061e-05	6.74084e-07	193.744	173	0	2	0	1	
65	0.24	0.458621	1	79.105	233.805	-6.69078e-06	-2.26349e-05	199.164	173	0	2	0	1	
65	0.24	0.472414	1	69.6116	238.77	-1.30446e-05	-1.51137e-05	204.441	173	0	2	0	1	
65	0.24	0.486207	1	57.0823	243.281	-4.64587e-05	-3.18689e-05	209.571	173	0	2	0	1	
65	0.24	0.5	1	33.8242	246.963	-5.08414e-06	-5.80634e-06	214.529	173	0	2	0	1	
65	0.25	0.1	1	156.9	53.7372	-7.39864e-06	1.1655e-05	2.17639e-05	173	0	2	0	1	
65	0.25	0.113793	1	156.806	53.7026	-8.20728e-06	-1.53957e-05	-1.44789e-05	173	0	2	0	1	
65	0.25	0.127586	1	156.707	53.6744	-1.4348e-06	-7.01887e-06	-1.66901e-05	173	0	2	0	1	
65	0.25	0.141379	1	156.605	53.6164	1.59139e-06	-8.74428e-06	2.12496e-06	173	0	2	0	1	
65	0.25	0.155172	1	156.491	53.6868	-1.5863e-05	-2.51422e-05	-1.40937e-07	173	0	2	0	1	
65	0.25	0.168966	1	156.368	53.708	-1.00718e-05	-4.06592e-06	-3.97004e-06	173	0	2	0	1	
65	0.25	0.182759	1	156.234	53.7785	1.57519e-05	-3.31606e-06	1.98041e-05	173	0	2	0	1	
65	0.25	0.196552	1	156.082	53.9296	-3.33314e-06	-4.69464e-07	-3.17229e-06	173	0	2	0	1	
65	0.25	0.210345	1	155.34	64.958	4.51375e-05	-1.94581e-05	40.5238	173	0	2	0	1	
65	0.25	0.224138	-2	0	0	0	0	0	173	0	2	0	1	
65	0.25	0.237931	-2	0	0	0	0	0	173	0	2	0	1	
65	0.25	0.251724	-2	0	0	0	0	0	173	0	2	0	1	
65	0.25	0.265517	-2	0	0	0	0	0	173	0	2	0	1	
65	0.25	0.27931	-2	0	0	0	0	0	173	0	2	0	1	
65	0.25	0.293103	-2	0	0	0	0	0	173	0	2	0	1	
65	0.25	0.306897	-2	0	0	0	0	0	173	0	2	0	1	
65	0.25	0.32069	1	132.794	164.746	-4.14589e-05	-1.91863e-05	132.978	173	0	2	0	1	
65	0.25	0.334483	1	129.165	172.928	-3.51188e-05	1.7256e-05	140.255	173	0	2	0	1	
65	0.25	0.348276	1	125.35	180.68	4.99964e-06	1.14724e-05	147.196	173	0	2	0	1	
65	0.25	0.362069	1	121.32	188.064	1.80383e-05	1.16347e-05	153.852	173	0	2	0	1	
65	0.25	0.375862	1	117.046	195.13	-9.73147e-06	3.12696e-06	160.257	173	0	2	0	1	
65	0.25	0.389655	1	112.493	201.833	-6.51775e-06	1.17337e-05	166.439	173	0	2	0	1	
65	0.25	0.403448	1	107.609	208.275	-2.02853e-05	5.26248e-06	172.422	173	0	2	0	1	
65	0.25	0.417241	1	102.335	214.441	2.43676e-06	6.62849e-06	178.222	173	0	2	0	1	
65	0.25	0.431034	1	96.5747	220.343	-1.33731e-05	1.64123e-05	183.856	173	0	2	0	1	
65	0.25	0.444828	1	90.1911	225.978	4.46626e-06	4.0523e-06	189.335	173	0	2	0	1	
65	0.25	0.458621	1	82.9697	231.332	-1.18673e-05	-1.68936e-06	194.651	173	0	2	0	1	
65	0.25	0.472414	1	74.5238	236.374	-2.59506e-05	-6.79098e-06	199.832	173	0	2	0	1	
65	0.25	0.486207	1	64.0314	241.039	8.97737e-06	-4.10179e-05	204.876	173	0	2	0	1	
65	0.25	0.5	1	48.9435	245.157	-1.49079e-05	-1.48518e-05	209.774	173	0	2	0	1	
65	0.26	0.1	1	156.904	53.736	-1.4466e-05	-1.01972e-05	-9.40322e-06	173	0	2	0	1	
65	0.26	0.113793	1	156.81	53.7007	4.05505e-06	-6.62096e-06	-1.3771e-05	173	0	2	0	1	
65	0.26	0.127586	1	156.712	53.6717	6.495e-06	8.95592e-06	5.76107e-06	173	0	2	0	1	
65	0.26	0.141379	1	156.611	53.6134	3.26116e-06	-2.19738e-05	-4.05747e-06	173	0	2	0	1	
65	0.26	0.155172	1	156.498	53.6805	1.07683e-05	-2.60744e-05	1.10089e-05	173	0	2	0	1	
65	0.26	0.168966	1	156.377	53.6984	4.75377e-06	1.40743e-05	1.78037e-05	173	0	2	0	1	
65	0.26	0.182759	1	156.244	53.7622	6.80336e-06	4.2744e-06	-4.60951e-06	173	0	2	0	1	
65	0.26	0.196552	1	156.096	53.8983	-5.9555e-06	1.14428e-05	-2.23547e-05	173	0	2	0	1	
65	0.26	0.210345	1	155.534	62.1003	4.0069e-05	-7.77816e-06	36.3457	173	0	2	0	1	
65	0.26	0.224138	-2	0	0	0	0	0	173	0	2	0	1	
65	0.26	0.237931	-2	0	0	0	0	0	173	0	2	0	1	
65	0.26	0.251724	-2	0	0	0	0	0	173	0	2	0	1	
65	0.26	0.265517	-2	0	0	0	0	0	173	0	2	0	1	
65	0.26	0.27931	-2	0	0	0	0	0	173	0	2	0	1	
65	0.26	0.293103	-2	0	0	0	0	0	173	0	2	0	1	
65	0.26	0.306897	-2	0	0	0	0	0	173	0	2	0	1	
65	0.26	0.32069	-2	0	0	0	0	0	173	0	2	0	1	
65	0.26	0.334483	1	130.209	170.609	2.81306e-06	-1.08445e-05	136.925	173	0	2	0	1	
65	0.26	0.348276	1	126.52	178.338	1.04214e-05	-6.57125e-06	143.759	173	0	2	0	1	
65	0.26	0.362069	1	122.632	185.699	-1.82079e-05	-7.54234e-06	150.307	173	0	2	0	1	
65	0.26	0.375862	1	118.519	192.732	1.6146e-05	-5.76928e-06	156.605	173	0	2	0	1	
65	0.26	0.389655	1	114.15	199.439	8.16968e-06	3.43386e-06	162.682	173	0	2	0	1	
65	0.26	0.403448	1	109.485	205.86	-2.01372e-06	-3.88018e-05	168.561	173	0	2	0	1	
65	0.26	0.417241	1	104.472	212.011	-4.26853e-05	6.71349e-06	174.259	173	0	2	0	1	
65	0.26	0.431034	1	99.0212	217.916	6.94957e-05	-7.2626e-06	179.794	173	0	2	0	1	
65	0.26	0.444828	1	93.0403	223.557	1.87186e-05	-1.45994e-05	185.176	173	0	2	0	1	
65	0.26	0.458621	1	86.3551	228.936	-2.7689e-05	-4.06157e-06	190.403	173	0	2	0	1	
65	0.26	0.472414	1	78.6935	234.027	-2.02206e-05	5.89342e-06	195.493	173	0	2	0	1	
65	0.26	0.486207	1	69.5257	238.796	2.34132e-05	-1.11544e-05	200.452	173	0	2	0	1	
65	0.26	0.5	1	57.5656	243.139	-6.0925e-06	5.46061e-06	205.278	173	0	2	0	1	
65	0.27	0.1	1	156.907	53.7346	8.57727e-07	2.14143e-05	7.99465e-06	173	0	2	0	1	
65	0.27	0.113793	1	156.814	53.6988	1.42696e-06	1.17658e-05	1.42731e-05	173	0	2	0	1	
65	0.27	0.127586	1	156.717	53.669	-1.75659e-06	7.20052e-06	6.10185e-06	173	0	2	0	1	
65	0.27	0.141379	1	156.617	53.6109	-3.23386e-06	1.69584e-05	-2.12651e-05	173	0	2	0	1	
65	0.27	0.155172	1	156.505	53.6746	-7.5275e-06	-4.6646e-06	-2.82657e-05	173	0	2	0	1	
65	0.27	0.168966	1	156.385	53.6892	4.03898e-06	1.99432e-05	-3.16952e-05	173	0	2	0	1	
65	0.27	0.182759	1	156.255	53.7472	1.09241e-05	-2.50865e-05	2.1029e-05	173	0	2	0	1	
65	0.27	0.196552	1	156.109	53.8701	3.63798e-06	4.49457e-06	1.87766e-05	173	0	2	0	1	
65	0.27	0.210345	1	155.707	59.2584	4.31801e-06	-1.26022e-05	31.8304	173	0	2	0	1	
65	0.27	0.224138	-2	0	0	0	0	0	173	0	2	0	1	
65	0.27	0.237931	-2	0	0	0	0	0	173	0	2	0	1	
65	0.27	0.251724	-2	0	0	0	0	0	173	0	2	0	1	
65	0.27	0.265517	-2	0	0	0	0	0	173	0	2	0	1	
65	0.27	0.27931	-2	0	0	0	0	0	173	0	2	0	1	
65	0.27	0.293103	-2	0	0	0	0	0	173	0	2	0	1	
65	0.27	0.306897	-2	0	0	0	0	0	173	0	2	0	1	
65	0.27	0.32069	-2	0	0	0	0	0	173	0	2	0	1	
65	0.27	0.334483	1	131.189	168.364	-3.82534e-05	9.1034e-06	133.776	173	0	2	0	1	
65	0.27	0.348276	1	127.612	176.084	-2.3077e-05	2.3096e-05	140.512	173	0	2	0	1	
65	0.27	0.362069	1	123.852	183.424	1.33087e-05	6.31752e-06	146.96	173	0	2	0	1	
65	0.27	0.375862	1	119.884	190.433	-5.33372e-06	1.86056e-05	153.159	173	0	2	0	1	
65	0.27	0.389655	1	115.682	197.151	2.77978e-05	3.31609e-08	159.137	173	0	2	0	1	
65	0.27	0.403448	1	111.209	203.54	3.84819e-06	-1.20084e-05	164.919	173	0	2	0	1	
65	0.27	0.417241	1	106.418	209.683	5.41432e-05	6.45723e-06	170.521	173	0	2	0	1	
65	0.27	0.431034	1	101.245	215.577	-2.6022e-06	-5.85144e-06	175.961	173	0	2	0	1	
65	0.27	0.444828	1	95.6044	221.222	2.37503e-05	-8.23904e-06	181.25	173	0	2	0	1	
65	0.27	0.458621	1	89.3629	226.616	-7.227e-06	-6.45769e-06	186.401	173	0	2	0	1	
65	0.27	0.472414	1	82.3158	231.745	-1.28883e-05	-3.08253e-06	191.399	173	0	2	0	1	
65	0.27	0.486207	1	74.098	236.581	-8.84857e-06	-2.11719e-06	196.276	173	0	2	0	1	
65	0.27	0.5	1	63.944	241.062	-6.08424e-06	-1.98353e-05	201.027	173	0	2	0	1	
65	0.28	0.1	1	156.911	53.7333	3.46939e-06	1.16998e-05	4.54416e-06	173	0	2	0	1	
65	0.28	0.113793	1	156.818	53.697	-8.68051e-06	-4.11427e-06	-1.04184e-05	173	0	2	0	1	
65	0.28	0.127586	1	156.722	53.6664	-5.09267e-06	6.22836e-06	-6.52494e-06	173	0	2	0	1	
65	0.28	0.141379	1	156.623	53.609	7.24129e-06	6.98254e-07	2.7043e-05	173	0	2	0	1	
65	0.28	0.155172	1	156.512	53.6688	-1.02258e-05	-5.37672e-06	-1.81222e-05	173	0	2	0	1	
65	0.28	0.168966	1	156.394	53.6807	-1.67538e-06	2.34724e-06	-5.91269e-06	173	0	2	0	1	
65	0.28	0.182759	1	156.265	53.7331	-1.71481e-05	1.23843e-05	-2.0105e-05	173	0	2	0	1	
65	0.28	0.196552	1	156.122	53.8446	-2.50016e-05	5.05547e-06	2.94034e-05	173	0	2	0	1	
65	0.28	0.210345	1	155.84	56.8477	-3.20605e-05	-4.30279e-06	26.7408	173	0	2	0	1	
65	0.28	0.224138	-2	0	0	0	0	0	173	0	2	0	1	
65	0.28	0.237931	-2	0	0	0	0	0	173	0	2	0	1	
65	0.28	0.251724	-2	0	0	0	0	0	173	0	2	0	1	
65	0.28	0.265517	-2	0	0	0	0	0	173	0	2	0	1	
65	0.28	0.27931	-2	0	0	0	0	0	173	0	2	0	1	
65	0.28	0.293103	-2	0	0	0	0	0	173	0	2	0	1	
65	0.28	0.306897	-2	0	0	0	0	0	173	0	2	0	1	
65	0.28	0.32069	-2	0	0	0	0	0	173	0	2	0	1	
65	0.28	0.334483	-2	0	0	0	0	0	173	0	2	0	1	
65	0.28	0.348276	1	128.633	173.911	9.10965e-06	1.23155e-05	137.438	173	0	2	0	1	
65	0.28	0.362069	1	124.991	181.232	5.4719e-07	-1.126e-05	143.793	173	0	2	0	1	
65	0.28	0.375862	1	121.156	188.222	-2.56673e-05	3.0726e-06	149.898	173	0	2	0	1	
65	0.28	0.389655	1	117.103	194.916	-2.1067e-05	2.1144e-05	155.784	173	0	2	0	1	
65	0.28	0.403448	1	112.802	201.308	-8.68998e-06	2.99917e-06	161.474	173	0	2	0	1	
65	0.28	0.417241	1	108.213	207.437	-1.23862e-05	-2.87798e-05	166.987	173	0	2	0	1	
65	0.28	0.431034	1	103.28	213.322	-7.7155e-07	-8.92762e-06	172.338	173	0	2	0	1	
65	0.28	0.444828	1	97.9329	218.966	-1.14829e-05	-3.80006e-06	177.54	173	0	2	0	1	
65	0.28	0.458621	1	92.0655	224.368	2.20746e-05	1.67647e-05	182.605	173	0	2	0	1	
65	0.28	0.472414	1	85.5152	229.524	5.2583e-06	-2.11367e-06	187.528	173	0	2	0	1	
65	0.28	0.486207	1	78.0207	234.402	-2.87081e-05	-1.71229e-05	192.326	173	0	2	0	1	
65	0.28	0.5	1	69.0768	238.984	1.07925e-05	1.40968e-05	197.003	173	0	2	0	1	
65	0.29	0.1	1	156.914	53.7321	-9.8612e-06	7.28751e-06	2.39129e-06	173	0	2	0	1	
65	0.29	0.113793	1	156.823	53.6952	1.10899e-05	-6.90822e-06	8.83768e-06	173	0	2	0	1	
65	0.29	0.127586	1	156.727	53.6639	-8.56153e-06	-6.42837e-06	3.99455e-06	173	0	2	0	1	
65	0.29	0.141379	1	156.629	53.6078	5.05843e-06	-3.09413e-06	-1.30271e-05	173	0	2	0	1	
65	0.29	0.155172	1	156.519	53.6633	8.47265e-06	8.9264e-07	2.69198e-05	173	0	2	0	1	
65	0.29	0.168966	1	156.402	53.6724	-1.33071e-05	1.2825e-05	-2.54371e-05	173	0	2	0	1	
65	0.29	0.182759	1	156.275	53.72	-1.09375e-05	3.96801e-06	1.64555e-05	173	0	2	0	1	
65	0.29	0.196552	1	156.135	53.8214	1.15491e-05	-1.09925e-05	-4.54179e-05	173	0	2	0	1	
65	0.29	0.210345	1	155.935	55.0082	-1.219e-06	-1.56698e-06	20.4588	173	0	2	0	1	
65	0.29	0.224138	-2	0	0	0	0	0	173	0	2	0	1	
65	0.29	0.237931	-2	0	0	0	0	0	173	0	2	0	1	
65	0.29	0.251724	-2	0	0	0	0	0	173	0	2	0	1	
65	0.29	0.265517	-2	0	0	0	0	0	173	0	2	0	1	
65	0.29	0.27931	-2	0	0	0	0	0	173	0	2	0	1	
65	0.29	0.293103	-2	0	0	0	0	0	173	0	2	0	1	
65	0.29	0.306897	-2	0	0	0	0	0	173	0	2	0	1	
65	0.29	0.32069	-2	0	0	0	0	0	173	0	2	0	1	
65	0.29	0.334483	-2	0	0	0	0	0	173	0	2	0	1	
65	0.29	0.348276	1	129.596	171.801	-0.000100069	1.09951e-05	134.52	173	0	2	0	1	
65	0.29	0.362069	1	126.058	179.117	-1.04794e-06	-2.72292e-06	140.788	173	0	2	0	1	
65	0.29	0.375862	1	122.344	186.09	1.39441e-05	5.76887e-06	146.807	173	0	2	0	1	
65	0.29	0.389655	1	118.427	192.763	1.04297e-05	1.21795e-05	152.606	173	0	2	0	1	
65	0.29	0.403448	1	114.282	199.161	-8.46009e-06	2.85573e-06	158.21	173	0	2	0	1	
65	0.29	0.417241	1	109.873	205.27	-4.37667e-05	8.62784e-06	163.638	173	0	2	0	1	
65	0.29	0.431034	1	105.155	211.143	-1.57264e-05	3.05706e-05	168.905	173	0	2	0	1	
65	0.29	0.444828	1	100.061	216.786	-1.53883e-05	7.77177e-05	174.026	173	0	2	0	1	
65	0.29	0.458621	1	94.5122	222.194	-2.04964e-06	-6.68279e-07	179.009	173	0	2	0	1	
65	0.29	0.472414	1	88.3769	227.366	2.4613e-05	2.43249e-05	183.865	173	0	2	0	1	
65	0.29	0.486207	1	81.4561	232.286	-2.51104e-05	-1.58875e-05	188.583	173	0	2	0	1	
65	0.29	0.5	1	73.3958	236.928	6.5205e-06	2.41113e-05	193.189	173	0	2	0	1	
65	0.3	0.1	1	156.917	53.7309	5.30171e-06	1.89958e-05	-4.8782e-06	173	0	2	0	1	
65	0.3	0.113793	1	156.827	53.6935	1.38336e-05	1.18679e-05	1.10708e-05	173	0	2	0	1	
65	0.3	0.127586	1	156.732	53.6615	-7.06454e-06	-7.1061e-06	-4.66607e-06	173	0	2	0	1	
65	0.3	0.141379	1	156.634	53.6072	2.83621e-06	-3.91629e-06	-6.8438e-06	173	0	2	0	1	
65	0.3	0.155172	1	156.526	53.6579	-3.35782e-06	-1.47829e-05	6.69411e-06	173	0	2	0	1	
65	0.3	0.168966	1	156.41	53.6648	1.30413e-05	4.18285e-06	9.40798e-06	173	0	2	0	1	
65	0.3	0.182759	1	156.285	53.7077	7.49438e-06	-1.15162e-05	-4.16835e-05	173	0	2	0	1	
65	0.3	0.196552	1	156.147	53.8002	2.26545e-05	1.32625e-05	-1.49095e-05	173	0	2	0	1	
65	0.3	0.210345	1	155.985	54.1264	4.86013e-06	2.29518e-05	10.3545	173	0	2	0	1	
65	0.3	0.224138	1	154.781	71.2712	-0.000141005	-1.31816e-05	46.5934	173	0	2	0	1	
65	0.3	0.237931	-2	0	0	0	0	0	173	0	2	0	1	
65	0.3	0.251724	-2	0	0	0	0	0	173	0	2	0	1	
65	0.3	0.265517	-2	0	0	0	0	0	173	0	2	0	1	
65	0.3	0.27931	-2	0	0	0	0	0	173	0	2	0	1	
65	0.3	0.293103	-2	0	0	0	0	0	173	0	2	0	1	
65	0.3	0.306897	-2	0	0	0	0	0	173	0	2	0	1	
65	0.3	0.32069	-2	0	0	0	0	0	173	0	2	0	1	
65	0.3	0.334483	-2	0	0	0	0	0	173	0	2	0	1	
65	0.3	0.348276	-2	0	0	0	0	0	173	0	2	0	1	
65	0.3	0.362069	1	127.06	177.073	3.4147e-05	-5.23671e-05	137.934	173	0	2	0	1	
65	0.3	0.375862	1	123.457	184.03	-1.83687e-05	2.69373e-06	143.87	173	0	2	0	1	
65	0.3	0.389655	1	119.665	190.687	1.32536e-05	-1.83591e-05	149.588	173	0	2	0	1	
65	0.3	0.403448	1	115.661	197.075	-1.51724e-06	-4.17803e-05	155.111	173	0	2	0	1	
65	0.3	0.417241	1	111.414	203.179	1.27374e-05	-1.90653e-05	160.459	173	0	2	0	1	
65	0.3	0.431034	1	106.884	209.042	5.00974e-06	2.27743e-05	165.647	173	0	2	0	1	
65	0.3	0.444828	1	102.018	214.678	5.99677e-06	8.52804e-06	170.69	173	0	2	0	1	
65	0.3	0.458621	1	96.7458	220.088	-2.98629e-05	1.83306e-05	175.597	173	0	2	0	1	
65	0.3	0.472414	1	90.9632	225.27	-3.25363e-06	8.75177e-06	180.38	173	0	2	0	1	
65	0.3	0.486207	1	84.5102	230.217	-2.62301e-05	-8.83923e-05	185.03	173	0	2	0	1	
65	0.3	0.5	1	77.1307	234.906	-2.81381e-06	-1.21772e-06	189.567	173	0	2	0	1	
