10	0.1	0.1	-3	0	0	0	0	0	173	0	2	0	1	
10	0.1	0.113793	-3	0	0	0	0	0	173	0	2	0	1	
10	0.1	0.127586	-3	0	0	0	0	0	173	0	2	0	1	
10	0.1	0.141379	-3	0	0	0	0	0	173	0	2	0	1	
10	0.1	0.155172	-3	0	0	0	0	0	173	0	2	0	1	
10	0.1	0.168966	-3	0	0	0	0	0	173	0	2	0	1	
10	0.1	0.182759	-3	0	0	0	0	0	173	0	2	0	1	
10	0.1	0.196552	-3	0	0	0	0	0	173	0	2	0	1	
10	0.1	0.210345	-3	0	0	0	0	0	173	0	2	0	1	
10	0.1	0.224138	-3	0	0	0	0	0	173	0	2	0	1	
10	0.1	0.237931	-3	0	0	0	0	0	173	0	2	0	1	
10	0.1	0.251724	-2	0	0	0	0	0	173	0	2	0	1	
10	0.1	0.265517	-2	0	0	0	0	0	173	0	2	0	1	
10	0.1	0.27931	-2	0	0	0	0	0	173	0	2	0	1	
10	0.1	0.293103	-2	0	0	0	0	0	173	0	2	0	1	
10	0.1	0.306897	-2	0	0	0	0	0	173	0	2	0	1	
10	0.1	0.32069	-2	0	0	0	0	0	173	0	2	0	1	
10	0.1	0.334483	-2	0	0	0	0	0	173	0	2	0	1	
10	0.1	0.348276	-2	0	0	0	0	0	173	0	2	0	1	
10	0.1	0.362069	-2	0	0	0	0	0	173	0	2	0	1	
10	0.1	0.375862	-2	0	0	0	0	0	173	0	2	0	1	
10	0.1	0.389655	-2	0	0	0	0	0	173	0	2	0	1	
10	0.1	0.403448	-2	0	0	0	0	0	173	0	2	0	1	
10	0.1	0.417241	-3	0	0	0	0	0	173	0	2	0	1	
10	0.1	0.431034	-3	0	0	0	0	0	173	0	2	0	1	
10	0.1	0.444828	-3	0	0	0	0	0	173	0	2	0	1	
10	0.1	0.458621	-3	0	0	0	0	0	173	0	2	0	1	
10	0.1	0.472414	-3	0	0	0	0	0	173	0	2	0	1	
10	0.1	0.486207	-3	0	0	0	0	0	173	0	2	0	1	
10	0.1	0.5	-3	0	0	0	0	0	173	0	2	0	1	
13.7931	0.1	0.1	-3	0	0	0	0	0	173	0	2	0	1	
13.7931	0.1	0.113793	-3	0	0	0	0	0	173	0	2	0	1	
13.7931	0.1	0.127586	-3	0	0	0	0	0	173	0	2	0	1	
13.7931	0.1	0.141379	-3	0	0	0	0	0	173	0	2	0	1	
13.7931	0.1	0.155172	-3	0	0	0	0	0	173	0	2	0	1	
13.7931	0.1	0.168966	-3	0	0	0	0	0	173	0	2	0	1	
13.7931	0.1	0.182759	-3	0	0	0	0	0	173	0	2	0	1	
13.7931	0.1	0.196552	-3	0	0	0	0	0	173	0	2	0	1	
13.7931	0.1	0.210345	-3	0	0	0	0	0	173	0	2	0	1	
13.7931	0.1	0.224138	-3	0	0	0	0	0	173	0	2	0	1	
13.7931	0.1	0.237931	5	35.0768	246.821	-1.77766e-05	7.4334e-05	265.829	173	0	2	0	1	
13.7931	0.1	0.251724	-2	0	0	0	0	0	173	0	2	0	1	
13.7931	0.1	0.265517	-2	0	0	0	0	0	173	0	2	0	1	
13.7931	0.1	0.27931	-2	0	0	0	0	0	173	0	2	0	1	
13.7931	0.1	0.293103	-2	0	0	0	0	0	173	0	2	0	1	
13.7931	0.1	0.306897	-2	0	0	0	0	0	173	0	2	0	1	
13.7931	0.1	0.32069	-2	0	0	0	0	0	173	0	2	0	1	
13.7931	0.1	0.334483	-2	0	0	0	0	0	173	0	2	0	1	
13.7931	0.1	0.348276	-2	0	0	0	0	0	173	0	2	0	1	
13.7931	0.1	0.362069	-2	0	0	0	0	0	173	0	2	0	1	
13.7931	0.1	0.375862	-2	0	0	0	0	0	173	0	2	0	1	
13.7931	0.1	0.389655	-2	0	0	0	0	0	173	0	2	0	1	
13.7931	0.1	0.403448	-2	0	0	0	0	0	173	0	2	0	1	
13.7931	0.1	0.417241	-3	0	0	0	0	0	173	0	2	0	1	
13.7931	0.1	0.431034	-3	0	0	0	0	0	173	0	2	0	1	
13.7931	0.1	0.444828	-3	0	0	0	0	0	173	0	2	0	1	
13.7931	0.1	0.458621	-3	0	0	0	0	0	173	0	2	0	1	
13.7931	0.1	0.472414	-3	0	0	0	0	0	173	0	2	0	1	
13.7931	0.1	0.486207	-3	0	0	0	0	0	173	0	2	0	1	
13.7931	0.1	0.5	-3	0	0	0	0	0	173	0	2	0	1	
17.5862	0.1	0.1	-3	0	0	0	0	0	173	0	2	0	1	
17.5862	0.1	0.113793	-3	0	0	0	0	0	173	0	2	0	1	
17.5862	0.1	0.127586	-3	0	0	0	0	0	173	0	2	0	1	
17.5862	0.1	0.141379	-3	0	0	0	0	0	173	0	2	0	1	
17.5862	0.1	0.155172	-3	0	0	0	0	0	173	0	2	0	1	
17.5862	0.1	0.168966	-3	0	0	0	0	0	173	0	2	0	1	
17.5862	0.1	0.182759	-3	0	0	0	0	0	173	0	2	0	1	
17.5862	0.1	0.196552	-3	0	0	0	0	0	173	0	2	0	1	
17.5862	0.1	0.210345	-3	0	0	0	0	0	173	0	2	0	1	
17.5862	0.1	0.224138	-2	0	0	0	0	0	173	0	2	0	1	
17.5862	0.1	0.237931	1	47.3395	245.392	-2.73448e-06	-1.20831e-05	263.101	173	0	2	0	1	
17.5862	0.1	0.251724	-2	0	0	0	0	0	173	0	2	0	1	
17.5862	0.1	0.265517	-2	0	0	0	0	0	173	0	2	0	1	
17.5862	0.1	0.27931	-2	0	0	0	0	0	173	0	2	0	1	
17.5862	0.1	0.293103	-2	0	0	0	0	0	173	0	2	0	1	
17.5862	0.1	0.306897	-2	0	0	0	0	0	173	0	2	0	1	
17.5862	0.1	0.32069	-2	0	0	0	0	0	173	0	2	0	1	
17.5862	0.1	0.334483	-2	0	0	0	0	0	173	0	2	0	1	
17.5862	0.1	0.348276	-2	0	0	0	0	0	173	0	2	0	1	
17.5862	0.1	0.362069	-2	0	0	0	0	0	173	0	2	0	1	
17.5862	0.1	0.375862	-2	0	0	0	0	0	173	0	2	0	1	
17.5862	0.1	0.389655	-2	0	0	0	0	0	173	0	2	0	1	
17.5862	0.1	0.403448	-2	0	0	0	0	0	173	0	2	0	1	
17.5862	0.1	0.417241	-3	0	0	0	0	0	173	0	2	0	1	
17.5862	0.1	0.431034	-3	0	0	0	0	0	173	0	2	0	1	
17.5862	0.1	0.444828	-3	0	0	0	0	0	173	0	2	0	1	
17.5862	0.1	0.458621	-3	0	0	0	0	0	173	0	2	0	1	
17.5862	0.1	0.472414	-2	0	0	0	0	0	173	0	2	0	1	
17.5862	0.1	0.486207	-3	0	0	0	0	0	173	0	2	0	1	
17.5862	0.1	0.5	-3	0	0	0	0	0	173	0	2	0	1	
21.3793	0.1	0.1	-3	0	0	0	0	0	173	0	2	0	1	
21.3793	0.1	0.113793	-3	0	0	0	0	0	173	0	2	0	1	
21.3793	0.1	0.127586	-3	0	0	0	0	0	173	0	2	0	1	
21.3793	0.1	0.141379	-3	0	0	0	0	0	173	0	2	0	1	
21.3793	0.1	0.155172	-3	0	0	0	0	0	173	0	2	0	1	
21.3793	0.1	0.168966	-3	0	0	0	0	0	173	0	2	0	1	
21.3793	0.1	0.182759	-3	0	0	0	0	0	173	0	2	0	1	
21.3793	0.1	0.196552	-3	0	0	0	0	0	173	0	2	0	1	
21.3793	0.1	0.210345	-3	0	0	0	0	0	173	0	2	0	1	
21.3793	0.1	0.224138	1	74.4055	236.519	-3.43761e-05	-2.25025e-06	249.909	173	0	2	0	1	
21.3793	0.1	0.237931	1	56.8839	243.315	-6.62489e-06	6.69679e-06	259.721	173	0	2	0	1	
21.3793	0.1	0.251724	-2	0	0	0	0	0	173	0	2	0	1	
21.3793	0.1	0.265517	-2	0	0	0	0	0	173	0	2	0	1	
21.3793	0.1	0.27931	-2	0	0	0	0	0	173	0	2	0	1	
21.3793	0.1	0.293103	-2	0	0	0	0	0	173	0	2	0	1	
21.3793	0.1	0.306897	-2	0	0	0	0	0	173	0	2	0	1	
21.3793	0.1	0.32069	-2	0	0	0	0	0	173	0	2	0	1	
21.3793	0.1	0.334483	-2	0	0	0	0	0	173	0	2	0	1	
21.3793	0.1	0.348276	-2	0	0	0	0	0	173	0	2	0	1	
21.3793	0.1	0.362069	-2	0	0	0	0	0	173	0	2	0	1	
21.3793	0.1	0.375862	-2	0	0	0	0	0	173	0	2	0	1	
21.3793	0.1	0.389655	-2	0	0	0	0	0	173	0	2	0	1	
21.3793	0.1	0.403448	-2	0	0	0	0	0	173	0	2	0	1	
21.3793	0.1	0.417241	-3	0	0	0	0	0	173	0	2	0	1	
21.3793	0.1	0.431034	-3	0	0	0	0	0	173	0	2	0	1	
21.3793	0.1	0.444828	-3	0	0	0	0	0	173	0	2	0	1	
21.3793	0.1	0.458621	-3	0	0	0	0	0	173	0	2	0	1	
21.3793	0.1	0.472414	-3	0	0	0	0	0	173	0	2	0	1	
21.3793	0.1	0.486207	-3	0	0	0	0	0	173	0	2	0	1	
21.3793	0.1	0.5	-3	0	0	0	0	0	173	0	2	0	1	
25.1724	0.1	0.1	-3	0	0	0	0	0	173	0	2	0	1	
25.1724	0.1	0.113793	-3	0	0	0	0	0	173	0	2	0	1	
25.1724	0.1	0.127586	-3	0	0	0	0	0	173	0	2	0	1	
25.1724	0.1	0.141379	-3	0	0	0	0	0	173	0	2	0	1	
25.1724	0.1	0.155172	-3	0	0	0	0	0	173	0	2	0	1	
25.1724	0.1	0.168966	-3	0	0	0	0	0	173	0	2	0	1	
25.1724	0.1	0.182759	-3	0	0	0	0	0	173	0	2	0	1	
25.1724	0.1	0.196552	-3	0	0	0	0	0	173	0	2	0	1	
25.1724	0.1	0.210345	-3	0	0	0	0	0	173	0	2	0	1	
25.1724	0.1	0.224138	1	80.0909	233.349	1.54247e-05	1.56929e-05	245.706	173	0	2	0	1	
25.1724	0.1	0.237931	1	65.3909	240.562	-6.17322e-06	2.08214e-05	255.647	173	0	2	0	1	
25.1724	0.1	0.251724	1	38.5346	246.556	-9.15155e-06	-6.24236e-06	265.342	173	0	2	0	1	
25.1724	0.1	0.265517	-2	0	0	0	0	0	173	0	2	0	1	
25.1724	0.1	0.27931	-2	0	0	0	0	0	173	0	2	0	1	
25.1724	0.1	0.293103	-2	0	0	0	0	0	173	0	2	0	1	
25.1724	0.1	0.306897	-2	0	0	0	0	0	173	0	2	0	1	
25.1724	0.1	0.32069	-2	0	0	0	0	0	173	0	2	0	1	
25.1724	0.1	0.334483	-2	0	0	0	0	0	173	0	2	0	1	
25.1724	0.1	0.348276	-2	0	0	0	0	0	173	0	2	0	1	
25.1724	0.1	0.362069	-2	0	0	0	0	0	173	0	2	0	1	
25.1724	0.1	0.375862	-2	0	0	0	0	0	173	0	2	0	1	
25.1724	0.1	0.389655	-2	0	0	0	0	0	173	0	2	0	1	
25.1724	0.1	0.403448	-3	0	0	0	0	0	173	0	2	0	1	
25.1724	0.1	0.417241	-3	0	0	0	0	0	173	0	2	0	1	
25.1724	0.1	0.431034	-3	0	0	0	0	0	173	0	2	0	1	
25.1724	0.1	0.444828	-3	0	0	0	0	0	173	0	2	0	1	
25.1724	0.1	0.458621	-3	0	0	0	0	0	173	0	2	0	1	
25.1724	0.1	0.472414	-2	0	0	0	0	0	173	0	2	0	1	
25.1724	0.1	0.486207	-3	0	0	0	0	0	173	0	2	0	1	
25.1724	0.1	0.5	-3	0	0	0	0	0	173	0	2	0	1	
28.9655	0.1	0.1	-3	0	0	0	0	0	173	0	2	0	1	
28.9655	0.1	0.113793	-3	0	0	0	0	0	173	0	2	0	1	
28.9655	0.1	0.127586	-3	0	0	0	0	0	173	0	2	0	1	
28.9655	0.1	0.141379	-3	0	0	0	0	0	173	0	2	0	1	
28.9655	0.1	0.155172	-3	0	0	0	0	0	173	0	2	0	1	
28.9655	0.1	0.168966	-3	0	0	0	0	0	173	0	2	0	1	
28.9655	0.1	0.182759	-3	0	0	0	0	0	173	0	2	0	1	
28.9655	0.1	0.196552	-3	0	0	0	0	0	173	0	2	0	1	
28.9655	0.1	0.210345	-3	0	0	0	0	0	173	0	2	0	1	
28.9655	0.1	0.224138	1	85.9711	229.483	2.50731e-05	1.98403e-06	240.729	173	0	2	0	1	
28.9655	0.1	0.237931	1	73.3384	237.095	-5.82466e-06	-9.73011e-06	250.832	173	0	2	0	1	
28.9655	0.1	0.251724	1	54.9811	243.832	-2.29746e-05	-1.44201e-05	260.641	173	0	2	0	1	
28.9655	0.1	0.265517	-2	0	0	0	0	0	173	0	2	0	1	
28.9655	0.1	0.27931	-2	0	0	0	0	0	173	0	2	0	1	
28.9655	0.1	0.293103	-2	0	0	0	0	0	173	0	2	0	1	
28.9655	0.1	0.306897	-2	0	0	0	0	0	173	0	2	0	1	
28.9655	0.1	0.32069	-2	0	0	0	0	0	173	0	2	0	1	
28.9655	0.1	0.334483	-2	0	0	0	0	0	173	0	2	0	1	
28.9655	0.1	0.348276	-2	0	0	0	0	0	173	0	2	0	1	
28.9655	0.1	0.362069	-2	0	0	0	0	0	173	0	2	0	1	
28.9655	0.1	0.375862	-2	0	0	0	0	0	173	0	2	0	1	
28.9655	0.1	0.389655	-2	0	0	0	0	0	173	0	2	0	1	
28.9655	0.1	0.403448	-3	0	0	0	0	0	173	0	2	0	1	
28.9655	0.1	0.417241	-3	0	0	0	0	0	173	0	2	0	1	
28.9655	0.1	0.431034	-3	0	0	0	0	0	173	0	2	0	1	
28.9655	0.1	0.444828	-3	0	0	0	0	0	173	0	2	0	1	
28.9655	0.1	0.458621	-3	0	0	0	0	0	173	0	2	0	1	
28.9655	0.1	0.472414	-2	0	0	0	0	0	173	0	2	0	1	
28.9655	0.1	0.486207	-2	0	0	0	0	0	173	0	2	0	1	
28.9655	0.1	0.5	-3	0	0	0	0	0	173	0	2	0	1	
32.7586	0.1	0.1	-3	0	0	0	0	0	173	0	2	0	1	
32.7586	0.1	0.113793	-3	0	0	0	0	0	173	0	2	0	1	
32.7586	0.1	0.127586	-3	0	0	0	0	0	173	0	2	0	1	
32.7586	0.1	0.141379	-3	0	0	0	0	0	173	0	2	0	1	
32.7586	0.1	0.155172	-3	0	0	0	0	0	173	0	2	0	1	
32.7586	0.1	0.168966	-3	0	0	0	0	0	173	0	2	0	1	
32.7586	0.1	0.182759	-3	0	0	0	0	0	173	0	2	0	1	
32.7586	0.1	0.196552	-3	0	0	0	0	0	173	0	2	0	1	
32.7586	0.1	0.210345	-2	0	0	0	0	0	173	0	2	0	1	
32.7586	0.1	0.224138	1	91.9772	224.855	-9.3567e-07	1.88018e-05	234.926	173	0	2	0	1	
32.7586	0.1	0.237931	1	80.9302	232.866	-2.59816e-05	7.26467e-06	245.234	173	0	2	0	1	
32.7586	0.1	0.251724	1	66.4622	240.169	9.49579e-06	-4.97697e-07	255.222	173	0	2	0	1	
32.7586	0.1	0.265517	1	41.0901	246.304	5.50538e-06	5.81134e-06	264.942	173	0	2	0	1	
32.7586	0.1	0.27931	-2	0	0	0	0	0	173	0	2	0	1	
32.7586	0.1	0.293103	-2	0	0	0	0	0	173	0	2	0	1	
32.7586	0.1	0.306897	-2	0	0	0	0	0	173	0	2	0	1	
32.7586	0.1	0.32069	-2	0	0	0	0	0	173	0	2	0	1	
32.7586	0.1	0.334483	-2	0	0	0	0	0	173	0	2	0	1	
32.7586	0.1	0.348276	-2	0	0	0	0	0	173	0	2	0	1	
32.7586	0.1	0.362069	-2	0	0	0	0	0	173	0	2	0	1	
32.7586	0.1	0.375862	-2	0	0	0	0	0	173	0	2	0	1	
32.7586	0.1	0.389655	-2	0	0	0	0	0	173	0	2	0	1	
32.7586	0.1	0.403448	-2	0	0	0	0	0	173	0	2	0	1	
32.7586	0.1	0.417241	-2	0	0	0	0	0	173	0	2	0	1	
32.7586	0.1	0.431034	-3	0	0	0	0	0	173	0	2	0	1	
32.7586	0.1	0.444828	-3	0	0	0	0	0	173	0	2	0	1	
32.7586	0.1	0.458621	-2	0	0	0	0	0	173	0	2	0	1	
32.7586	0.1	0.472414	-3	0	0	0	0	0	173	0	2	0	1	
32.7586	0.1	0.486207	-3	0	0	0	0	0	173	0	2	0	1	
32.7586	0.1	0.5	-3	0	0	0	0	0	173	0	2	0	1	
36.5517	0.1	0.1	-3	0	0	0	0	0	173	0	2	0	1	
36.5517	0.1	0.113793	-3	0	0	0	0	0	173	0	2	0	1	
36.5517	0.1	0.127586	-3	0	0	0	0	0	173	0	2	0	1	
36.5517	0.1	0.141379	-3	0	0	0	0	0	173	0	2	0	1	
36.5517	0.1	0.155172	-3	0	0	0	0	0	173	0	2	0	1	
36.5517	0.1	0.168966	-3	0	0	0	0	0	173	0	2	0	1	
36.5517	0.1	0.182759	-3	0	0	0	0	0	173	0	2	0	1	
36.5517	0.1	0.196552	-3	0	0	0	0	0	173	0	2	0	1	
36.5517	0.1	0.210345	-2	0	0	0	0	0	173	0	2	0	1	
36.5517	0.1	0.224138	1	98.0594	219.391	6.39863e-06	1.65264e-05	228.231	173	0	2	0	1	
36.5517	0.1	0.237931	1	88.2706	227.817	1.2598e-05	-2.73982e-05	238.794	173	0	2	0	1	
36.5517	0.1	0.251724	1	76.2157	235.62	-5.38988e-06	1.10108e-06	249.017	173	0	2	0	1	
36.5517	0.1	0.265517	1	59.4523	242.618	2.02805e-05	-2.05697e-05	258.907	173	0	2	0	1	
36.5517	0.1	0.27931	-2	0	0	0	0	0	173	0	2	0	1	
36.5517	0.1	0.293103	-2	0	0	0	0	0	173	0	2	0	1	
36.5517	0.1	0.306897	-2	0	0	0	0	0	173	0	2	0	1	
36.5517	0.1	0.32069	-2	0	0	0	0	0	173	0	2	0	1	
36.5517	0.1	0.334483	-2	0	0	0	0	0	173	0	2	0	1	
36.5517	0.1	0.348276	-2	0	0	0	0	0	173	0	2	0	1	
36.5517	0.1	0.362069	-2	0	0	0	0	0	173	0	2	0	1	
36.5517	0.1	0.375862	-2	0	0	0	0	0	173	0	2	0	1	
36.5517	0.1	0.389655	-2	0	0	0	0	0	173	0	2	0	1	
36.5517	0.1	0.403448	-2	0	0	0	0	0	173	0	2	0	1	
36.5517	0.1	0.417241	-2	0	0	0	0	0	173	0	2	0	1	
36.5517	0.1	0.431034	-2	0	0	0	0	0	173	0	2	0	1	
36.5517	0.1	0.444828	-2	0	0	0	0	0	173	0	2	0	1	
36.5517	0.1	0.458621	-2	0	0	0	0	0	173	0	2	0	1	
36.5517	0.1	0.472414	-3	0	0	0	0	0	173	0	2	0	1	
36.5517	0.1	0.486207	-3	0	0	0	0	0	173	0	2	0	1	
36.5517	0.1	0.5	-3	0	0	0	0	0	173	0	2	0	1	
40.3448	0.1	0.1	-3	0	0	0	0	0	173	0	2	0	1	
40.3448	0.1	0.113793	-3	0	0	0	0	0	173	0	2	0	1	
40.3448	0.1	0.127586	-3	0	0	0	0	0	173	0	2	0	1	
40.3448	0.1	0.141379	-3	0	0	0	0	0	173	0	2	0	1	
40.3448	0.1	0.155172	-3	0	0	0	0	0	173	0	2	0	1	
40.3448	0.1	0.168966	-3	0	0	0	0	0	173	0	2	0	1	
40.3448	0.1	0.182759	-3	0	0	0	0	0	173	0	2	0	1	
40.3448	0.1	0.196552	-3	0	0	0	0	0	173	0	2	0	1	
40.3448	0.1	0.210345	-2	0	0	0	0	0	173	0	2	0	1	
40.3448	0.1	0.224138	1	104.182	213.003	-5.78754e-06	-3.58444e-06	220.558	173	0	2	0	1	
40.3448	0.1	0.237931	1	95.4186	221.874	3.44124e-05	1.9943e-05	231.435	173	0	2	0	1	
40.3448	0.1	0.251724	1	85.0537	230.163	-3.88912e-05	1.40686e-05	241.932	173	0	2	0	1	
40.3448	0.1	0.265517	1	71.9615	237.794	5.44321e-07	-2.4535e-05	252.075	173	0	2	0	1	
40.3448	0.1	0.27931	1	52.3028	244.484	1.01518e-05	4.44796e-06	261.907	173	0	2	0	1	
40.3448	0.1	0.293103	-2	0	0	0	0	0	173	0	2	0	1	
40.3448	0.1	0.306897	-2	0	0	0	0	0	173	0	2	0	1	
40.3448	0.1	0.32069	-2	0	0	0	0	0	173	0	2	0	1	
40.3448	0.1	0.334483	-2	0	0	0	0	0	173	0	2	0	1	
40.3448	0.1	0.348276	-2	0	0	0	0	0	173	0	2	0	1	
40.3448	0.1	0.362069	-2	0	0	0	0	0	173	0	2	0	1	
40.3448	0.1	0.375862	-2	0	0	0	0	0	173	0	2	0	1	
40.3448	0.1	0.389655	-2	0	0	0	0	0	173	0	2	0	1	
40.3448	0.1	0.403448	-2	0	0	0	0	0	173	0	2	0	1	
40.3448	0.1	0.417241	-2	0	0	0	0	0	173	0	2	0	1	
40.3448	0.1	0.431034	-3	0	0	0	0	0	173	0	2	0	1	
40.3448	0.1	0.444828	-3	0	0	0	0	0	173	0	2	0	1	
40.3448	0.1	0.458621	-3	0	0	0	0	0	173	0	2	0	1	
40.3448	0.1	0.472414	-3	0	0	0	0	0	173	0	2	0	1	
40.3448	0.1	0.486207	-3	0	0	0	0	0	173	0	2	0	1	
40.3448	0.1	0.5	-3	0	0	0	0	0	173	0	2	0	1	
44.1379	0.1	0.1	-2	0	0	0	0	0	173	0	2	0	1	
44.1379	0.1	0.113793	-3	0	0	0	0	0	173	0	2	0	1	
44.1379	0.1	0.127586	-3	0	0	0	0	0	173	0	2	0	1	
44.1379	0.1	0.141379	-3	0	0	0	0	0	173	0	2	0	1	
44.1379	0.1	0.155172	-3	0	0	0	0	0	173	0	2	0	1	
44.1379	0.1	0.168966	-3	0	0	0	0	0	173	0	2	0	1	
44.1379	0.1	0.182759	-3	0	0	0	0	0	173	0	2	0	1	
44.1379	0.1	0.196552	-2	0	0	0	0	0	173	0	2	0	1	
44.1379	0.1	0.210345	-2	0	0	0	0	0	173	0	2	0	1	
44.1379	0.1	0.224138	1	110.318	205.581	3.91927e-05	8.25877e-05	211.797	173	0	2	0	1	
44.1379	0.1	0.237931	1	102.409	214.947	-1.21119e-05	1.88118e-05	223.062	173	0	2	0	1	
44.1379	0.1	0.251724	1	93.3156	223.736	1.89183e-06	2.94342e-05	233.9	173	0	2	0	1	
44.1379	0.1	0.265517	1	82.4384	231.927	-1.99914e-06	-5.04107e-07	244.36	173	0	2	0	1	
44.1379	0.1	0.27931	1	68.3486	239.422	-2.21066e-05	5.12619e-06	254.45	173	0	2	0	1	
44.1379	0.1	0.293103	1	45.0425	-245.81	6.04663e-06	-1.87746e-05	264.232	173	0	2	0	1	
44.1379	0.1	0.306897	-2	0	0	0	0	0	173	0	2	0	1	
44.1379	0.1	0.32069	-2	0	0	0	0	0	173	0	2	0	1	
44.1379	0.1	0.334483	-2	0	0	0	0	0	173	0	2	0	1	
44.1379	0.1	0.348276	-2	0	0	0	0	0	173	0	2	0	1	
44.1379	0.1	0.362069	-2	0	0	0	0	0	173	0	2	0	1	
44.1379	0.1	0.375862	-2	0	0	0	0	0	173	0	2	0	1	
44.1379	0.1	0.389655	-2	0	0	0	0	0	173	0	2	0	1	
44.1379	0.1	0.403448	-2	0	0	0	0	0	173	0	2	0	1	
44.1379	0.1	0.417241	-2	0	0	0	0	0	173	0	2	0	1	
44.1379	0.1	0.431034	-3	0	0	0	0	0	173	0	2	0	1	
44.1379	0.1	0.444828	-3	0	0	0	0	0	173	0	2	0	1	
44.1379	0.1	0.458621	-3	0	0	0	0	0	173	0	2	0	1	
44.1379	0.1	0.472414	-3	0	0	0	0	0	173	0	2	0	1	
44.1379	0.1	0.486207	-2	0	0	0	0	0	173	0	2	0	1	
44.1379	0.1	0.5	-3	0	0	0	0	0	173	0	2	0	1	
47.931	0.1	0.1	1	156.701	53.9501	3.3044e-05	-1.37104e-05	5.42479e-05	173	0	2	0	1	
47.931	0.1	0.113793	-2	0	0	0	0	0	173	0	2	0	1	
47.931	0.1	0.127586	-2	0	0	0	0	0	173	0	2	0	1	
47.931	0.1	0.141379	-3	0	0	0	0	0	173	0	2	0	1	
47.931	0.1	0.155172	-3	0	0	0	0	0	173	0	2	0	1	
47.931	0.1	0.168966	-3	0	0	0	0	0	173	0	2	0	1	
47.931	0.1	0.182759	-3	0	0	0	0	0	173	0	2	0	1	
47.931	0.1	0.196552	-2	0	0	0	0	0	173	0	2	0	1	
47.931	0.1	0.210345	1	122.929	186.387	-3.22799e-05	-4.21949e-06	189.478	173	0	2	0	1	
47.931	0.1	0.224138	1	116.446	196.982	-1.74014e-05	1.03061e-05	201.799	173	0	2	0	1	
47.931	0.1	0.237931	1	109.264	206.917	9.14934e-07	5.0911e-06	213.549	173	0	2	0	1	
47.931	0.1	0.251724	1	101.172	216.249	6.84717e-07	4.58035e-06	224.809	173	0	2	0	1	
47.931	0.1	0.265517	1	91.8194	225.001	-3.89933e-06	3.77924e-07	235.639	173	0	2	0	1	
47.931	0.1	0.27931	1	80.5231	-233.142	-5.97429e-06	8.038e-06	246.07	173	0	2	0	1	
47.931	0.1	0.293103	1	65.5892	240.539	5.98711e-06	-7.4955e-06	256.146	173	0	2	0	1	
47.931	0.1	0.306897	1	37.8535	-246.653	1.42643e-06	1.57434e-05	265.889	173	0	2	0	1	
47.931	0.1	0.32069	-2	0	0	0	0	0	173	0	2	0	1	
47.931	0.1	0.334483	-2	0	0	0	0	0	173	0	2	0	1	
47.931	0.1	0.348276	-2	0	0	0	0	0	173	0	2	0	1	
47.931	0.1	0.362069	-2	0	0	0	0	0	173	0	2	0	1	
47.931	0.1	0.375862	-2	0	0	0	0	0	173	0	2	0	1	
47.931	0.1	0.389655	-2	0	0	0	0	0	173	0	2	0	1	
47.931	0.1	0.403448	-2	0	0	0	0	0	173	0	2	0	1	
47.931	0.1	0.417241	-2	0	0	0	0	0	173	0	2	0	1	
47.931	0.1	0.431034	-2	0	0	0	0	0	173	0	2	0	1	
47.931	0.1	0.444828	-3	0	0	0	0	0	173	0	2	0	1	
47.931	0.1	0.458621	-3	0	0	0	0	0	173	0	2	0	1	
47.931	0.1	0.472414	-2	0	0	0	0	0	173	0	2	0	1	
47.931	0.1	0.486207	-3	0	0	0	0	0	173	0	2	0	1	
47.931	0.1	0.5	-2	0	0	0	0	0	173	0	2	0	1	
51.7241	0.1	0.1	1	156.745	53.8622	-4.47498e-06	1.75641e-06	3.65744e-05	173	0	2	0	1	
51.7241	0.1	0.113793	1	156.598	53.9556	1.32878e-05	-1.65921e-05	6.05933e-06	173	0	2	0	1	
51.7241	0.1	0.127586	-2	0	0	0	0	0	173	0	2	0	1	
51.7241	0.1	0.141379	-2	0	0	0	0	0	173	0	2	0	1	
51.7241	0.1	0.155172	-2	0	0	0	0	0	173	0	2	0	1	
51.7241	0.1	0.168966	-2	0	0	0	0	0	173	0	2	0	1	
51.7241	0.1	0.182759	-2	0	0	0	0	0	173	0	2	0	1	
51.7241	0.1	0.196552	-2	0	0	0	0	0	173	0	2	0	1	
51.7241	0.1	0.210345	1	128.519	175.658	-5.20207e-05	-2.53201e-05	177.299	173	0	2	0	1	
51.7241	0.1	0.224138	1	122.545	187.016	5.55226e-06	-3.71606e-06	190.359	173	0	2	0	1	
51.7241	0.1	0.237931	1	115.992	197.628	1.53158e-06	1.96474e-05	202.727	173	0	2	0	1	
51.7241	0.1	0.251724	1	108.722	207.573	-5.07861e-06	1.46213e-05	214.514	173	0	2	0	1	
51.7241	0.1	0.265517	1	100.51	216.922	-2.5641e-05	-6.46415e-06	225.804	173	0	2	0	1	
51.7241	0.1	0.27931	1	90.9905	225.678	3.31298e-05	-4.85241e-06	236.665	173	0	2	0	1	
51.7241	0.1	0.293103	1	79.4183	233.813	-3.75192e-05	1.01853e-05	247.091	173	0	2	0	1	
51.7241	0.1	0.306897	1	63.9042	241.171	-2.97928e-06	9.4234e-06	257.169	173	0	2	0	1	
51.7241	0.1	0.32069	1	31.583	-247.087	-1.37903e-05	-2.28267e-05	266.882	173	0	2	0	1	
51.7241	0.1	0.334483	-2	0	0	0	0	0	173	0	2	0	1	
51.7241	0.1	0.348276	-2	0	0	0	0	0	173	0	2	0	1	
51.7241	0.1	0.362069	-2	0	0	0	0	0	173	0	2	0	1	
51.7241	0.1	0.375862	-2	0	0	0	0	0	173	0	2	0	1	
51.7241	0.1	0.389655	-2	0	0	0	0	0	173	0	2	0	1	
51.7241	0.1	0.403448	-2	0	0	0	0	0	173	0	2	0	1	
51.7241	0.1	0.417241	-2	0	0	0	0	0	173	0	2	0	1	
51.7241	0.1	0.431034	-2	0	0	0	0	0	173	0	2	0	1	
51.7241	0.1	0.444828	-2	0	0	0	0	0	173	0	2	0	1	
51.7241	0.1	0.458621	-2	0	0	0	0	0	173	0	2	0	1	
51.7241	0.1	0.472414	-3	0	0	0	0	0	173	0	2	0	1	
51.7241	0.1	0.486207	-3	0	0	0	0	0	173	0	2	0	1	
51.7241	0.1	0.5	-3	0	0	0	0	0	173	0	2	0	1	
55.5172	0.1	0.1	1	156.779	53.8013	4.73766e-06	-8.85176e-06	5.14212e-06	173	0	2	0	1	
55.5172	0.1	0.113793	1	156.65	53.8456	-3.24946e-06	6.26644e-07	1.6959e-05	173	0	2	0	1	
55.5172	0.1	0.127586	1	156.501	53.9519	-1.21677e-05	2.22515e-05	6.80971e-05	173	0	2	0	1	
55.5172	0.1	0.141379	1	155.253	71.5644	-8.46713e-05	1.28944e-05	57.7974	173	0	2	0	1	
55.5172	0.1	0.155172	-2	0	0	0	0	0	173	0	2	0	1	
55.5172	0.1	0.168966	-2	0	0	0	0	0	173	0	2	0	1	
55.5172	0.1	0.182759	-2	0	0	0	0	0	173	0	2	0	1	
55.5172	0.1	0.196552	-2	0	0	0	0	0	173	0	2	0	1	
55.5172	0.1	0.210345	1	134.099	163.088	-5.5732e-05	1.50724e-05	163.13	173	0	2	0	1	
55.5172	0.1	0.224138	1	128.594	175.417	-8.41153e-06	5.67902e-06	177.186	173	0	2	0	1	
55.5172	0.1	0.237931	1	122.598	186.869	6.63933e-05	-4.47883e-05	190.361	173	0	2	0	1	
55.5172	0.1	0.251724	1	116.016	197.543	-2.04754e-05	3.90773e-06	202.823	173	0	2	0	1	
55.5172	0.1	0.265517	1	108.708	207.56	8.93881e-06	7.96521e-06	214.689	173	0	2	0	1	
55.5172	0.1	0.27931	1	100.448	216.969	-7.48654e-06	3.07371e-06	226.045	173	0	2	0	1	
55.5172	0.1	0.293103	1	90.8575	225.78	1.03447e-05	-1.57538e-06	236.94	173	0	2	0	1	
55.5172	0.1	0.306897	1	79.1877	233.942	-8.13307e-06	4.80803e-06	247.417	173	0	2	0	1	
55.5172	0.1	0.32069	1	63.4665	241.333	7.49646e-06	4.9772e-05	257.52	173	0	2	0	1	
55.5172	0.1	0.334483	1	29.0522	-247.202	-1.36788e-05	-1.71708e-05	267.222	173	0	2	0	1	
55.5172	0.1	0.348276	-2	0	0	0	0	0	173	0	2	0	1	
55.5172	0.1	0.362069	-2	0	0	0	0	0	173	0	2	0	1	
55.5172	0.1	0.375862	-2	0	0	0	0	0	173	0	2	0	1	
55.5172	0.1	0.389655	-2	0	0	0	0	0	173	0	2	0	1	
55.5172	0.1	0.403448	-2	0	0	0	0	0	173	0	2	0	1	
55.5172	0.1	0.417241	-2	0	0	0	0	0	173	0	2	0	1	
55.5172	0.1	0.431034	-2	0	0	0	0	0	173	0	2	0	1	
55.5172	0.1	0.444828	-2	0	0	0	0	0	173	0	2	0	1	
55.5172	0.1	0.458621	-3	0	0	0	0	0	173	0	2	0	1	
55.5172	0.1	0.472414	-3	0	0	0	0	0	173	0	2	0	1	
55.5172	0.1	0.486207	-3	0	0	0	0	0	173	0	2	0	1	
55.5172	0.1	0.5	-3	0	0	0	0	0	173	0	2	0	1	
59.3103	0.1	0.1	1	156.806	53.7864	-1.71949e-05	-1.6932e-05	3.46385e-08	173	0	2	0	1	
59.3103	0.1	0.113793	1	156.689	53.7734	-7.91524e-07	-2.29107e-05	-1.03231e-05	173	0	2	0	1	
59.3103	0.1	0.127586	1	156.559	53.8222	-2.66002e-05	-1.37283e-05	-4.43621e-06	173	0	2	0	1	
59.3103	0.1	0.141379	1	156.41	53.9373	-2.51934e-06	-1.26117e-05	2.33514e-06	173	0	2	0	1	
59.3103	0.1	0.155172	1	155.484	67.4938	-7.98266e-06	-2.36879e-05	51.9597	173	0	2	0	1	
59.3103	0.1	0.168966	1	152.368	94.6368	4.1892e-05	-1.92097e-05	85.9671	173	0	2	0	1	
59.3103	0.1	0.182759	1	148.541	115.542	0.000319498	-2.24372e-05	109.722	173	0	2	0	1	
59.3103	0.1	0.196552	1	144.274	133.026	9.48051e-06	-4.48883e-05	129.268	173	0	2	0	1	
59.3103	0.1	0.210345	1	139.625	148.229	-1.36281e-05	6.82219e-06	146.367	173	0	2	0	1	
59.3103	0.1	0.224138	1	134.567	161.803	-5.26699e-06	1.41124e-05	161.835	173	0	2	0	1	
59.3103	0.1	0.237931	1	129.075	174.321	6.27364e-06	2.76635e-05	176.11	173	0	2	0	1	
59.3103	0.1	0.251724	1	123.091	185.907	-1.42723e-05	-6.24849e-06	189.463	173	0	2	0	1	
59.3103	0.1	0.265517	1	116.523	196.725	2.3891e-06	2.07964e-05	202.073	173	0	2	0	1	
59.3103	0.1	0.27931	1	109.235	206.86	-6.35139e-06	-9.04601e-07	214.062	173	0	2	0	1	
59.3103	0.1	0.293103	1	100.996	216.38	-2.5022e-05	2.62267e-06	225.523	173	0	2	0	1	
59.3103	0.1	0.306897	1	91.4467	225.288	1.24601e-07	4.88561e-05	236.494	173	0	2	0	1	
59.3103	0.1	0.32069	1	79.8559	233.55	-1.7824e-05	1.46733e-05	247.042	173	0	2	0	1	
59.3103	0.1	0.334483	1	64.3392	241.023	-4.17438e-06	3.56077e-05	257.198	173	0	2	0	1	
59.3103	0.1	0.348276	1	32.5871	247.04	9.45982e-06	1.18406e-05	266.927	173	0	2	0	1	
59.3103	0.1	0.362069	-2	0	0	0	0	0	173	0	2	0	1	
59.3103	0.1	0.375862	-2	0	0	0	0	0	173	0	2	0	1	
59.3103	0.1	0.389655	-2	0	0	0	0	0	173	0	2	0	1	
59.3103	0.1	0.403448	-2	0	0	0	0	0	173	0	2	0	1	
59.3103	0.1	0.417241	-2	0	0	0	0	0	173	0	2	0	1	
59.3103	0.1	0.431034	-2	0	0	0	0	0	173	0	2	0	1	
59.3103	0.1	0.444828	-2	0	0	0	0	0	173	0	2	0	1	
59.3103	0.1	0.458621	-3	0	0	0	0	0	173	0	2	0	1	
59.3103	0.1	0.472414	-3	0	0	0	0	0	173	0	2	0	1	
59.3103	0.1	0.486207	-3	0	0	0	0	0	173	0	2	0	1	
59.3103	0.1	0.5	-3	0	0	0	0	0	173	0	2	0	1	
63.1034	0.1	0.1	1	156.831	53.7694	6.45713e-06	-1.84136e-05	-2.34546e-05	173	0	2	0	1	
63.1034	0.1	0.113793	1	156.721	53.7514	-2.11884e-06	-1.55205e-05	-1.67355e-05	173	0	2	0	1	
63.1034	0.1	0.127586	1	156.603	53.7479	4.08661e-06	-1.39071e-05	-1.38766e-05	173	0	2	0	1	
63.1034	0.1	0.141379	1	156.474	53.8467	-3.74837e-06	5.12202e-06	-9.87723e-06	173	0	2	0	1	
63.1034	0.1	0.155172	1	156.325	53.9133	4.11225e-06	1.45989e-05	-1.23011e-06	173	0	2	0	1	
63.1034	0.1	0.168966	1	155.829	60.8787	-3.34172e-05	-8.04427e-06	41.0516	173	0	2	0	1	
63.1034	0.1	0.182759	1	152.967	89.7571	2.43504e-06	-2.35935e-05	80.317	173	0	2	0	1	
63.1034	0.1	0.196552	1	149.231	111.775	-7.14451e-07	8.40975e-06	105.563	173	0	2	0	1	
63.1034	0.1	0.210345	1	145.022	129.919	-1.79987e-05	-2.86812e-05	125.929	173	0	2	0	1	
63.1034	0.1	0.224138	1	140.419	145.68	7.27688e-06	8.74903e-06	143.575	173	0	2	0	1	
63.1034	0.1	0.237931	1	135.406	159.537	-7.0577e-06	4.84972e-05	159.443	173	0	2	0	1	
63.1034	0.1	0.251724	1	129.959	172.315	1.47977e-05	5.6877e-07	174.03	173	0	2	0	1	
63.1034	0.1	0.265517	1	124.022	184.132	8.83038e-06	-8.00458e-06	187.634	173	0	2	0	1	
63.1034	0.1	0.27931	1	117.509	195.148	1.68365e-05	6.25837e-06	200.45	173	0	2	0	1	
63.1034	0.1	0.293103	1	110.287	205.463	-7.10362e-06	-3.76348e-06	212.613	173	0	2	0	1	
63.1034	0.1	0.306897	1	102.148	215.135	-5.68198e-07	-4.80139e-05	224.224	173	0	2	0	1	
63.1034	0.1	0.32069	1	92.7419	224.189	-1.30807e-05	1.36498e-05	235.304	173	0	2	0	1	
63.1034	0.1	0.334483	1	81.3989	232.593	-1.61753e-05	-3.0788e-06	245.956	173	0	2	0	1	
63.1034	0.1	0.348276	1	66.45	240.222	-4.93128e-06	-1.85697e-05	256.194	173	0	2	0	1	
63.1034	0.1	0.362069	1	39.2645	246.538	1.38232e-05	1.43088e-05	265.991	173	0	2	0	1	
63.1034	0.1	0.375862	-2	0	0	0	0	0	173	0	2	0	1	
63.1034	0.1	0.389655	-2	0	0	0	0	0	173	0	2	0	1	
63.1034	0.1	0.403448	-2	0	0	0	0	0	173	0	2	0	1	
63.1034	0.1	0.417241	-2	0	0	0	0	0	173	0	2	0	1	
63.1034	0.1	0.431034	-2	0	0	0	0	0	173	0	2	0	1	
63.1034	0.1	0.444828	-2	0	0	0	0	0	173	0	2	0	1	
63.1034	0.1	0.458621	-2	0	0	0	0	0	173	0	2	0	1	
63.1034	0.1	0.472414	-2	0	0	0	0	0	173	0	2	0	1	
63.1034	0.1	0.486207	-3	0	0	0	0	0	173	0	2	0	1	
63.1034	0.1	0.5	-3	0	0	0	0	0	173	0	2	0	1	
66.8966	0.1	0.1	1	156.853	53.7561	3.40877e-06	2.16885e-05	-2.10017e-07	173	0	2	0	1	
66.8966	0.1	0.113793	1	156.75	53.7305	4.11659e-06	9.99205e-06	-3.63626e-06	173	0	2	0	1	
66.8966	0.1	0.127586	1	156.639	53.717	8.98244e-06	-2.09029e-05	7.74685e-07	173	0	2	0	1	
66.8966	0.1	0.141379	1	156.522	53.7169	-3.53617e-06	-1.31658e-05	1.26706e-06	173	0	2	0	1	
66.8966	0.1	0.155172	1	156.395	53.8909	2.32902e-06	-2.6504e-05	3.04123e-05	173	0	2	0	1	
66.8966	0.1	0.168966	1	156.247	53.8828	-6.64962e-06	1.22684e-05	2.56196e-05	173	0	2	0	1	
66.8966	0.1	0.182759	1	156.067	54.3369	-9.51873e-06	4.94006e-06	16.0045	173	0	2	0	1	
66.8966	0.1	0.196552	1	153.774	82.531	4.52579e-05	-4.0737e-08	71.8622	173	0	2	0	1	
66.8966	0.1	0.210345	1	150.192	106.282	6.75128e-06	-1.38056e-06	99.439	173	0	2	0	1	
66.8966	0.1	0.224138	1	146.075	125.414	-1.81034e-05	1.0935e-05	121.031	173	0	2	0	1	
66.8966	0.1	0.237931	1	141.545	142.036	-3.69127e-08	-1.1836e-06	139.456	173	0	2	0	1	
66.8966	0.1	0.251724	1	136.609	156.235	7.99278e-06	9.87302e-06	155.877	173	0	2	0	1	
66.8966	0.1	0.265517	1	131.235	169.361	-4.41105e-06	-3.66822e-06	170.885	173	0	2	0	1	
66.8966	0.1	0.27931	1	125.38	181.49	7.30859e-06	-1.81701e-05	184.825	173	0	2	0	1	
66.8966	0.1	0.293103	1	118.962	192.773	1.56052e-05	2.86666e-05	197.915	173	0	2	0	1	
66.8966	0.1	0.306897	1	111.859	203.32	-4.44295e-05	5.8678e-06	210.305	173	0	2	0	1	
66.8966	0.1	0.32069	1	103.879	213.203	4.48607e-06	7.78392e-06	222.123	173	0	2	0	1	
66.8966	0.1	0.334483	1	94.707	222.452	6.85624e-06	-2.14847e-06	233.346	173	0	2	0	1	
66.8966	0.1	0.348276	1	83.7506	231.05	1.99718e-05	-3.76931e-06	244.137	173	0	2	0	1	
66.8966	0.1	0.362069	1	69.621	238.897	-9.1806e-06	-2.96352e-06	254.494	173	0	2	0	1	
66.8966	0.1	0.375862	1	46.6738	-245.59	3.27493e-06	3.28964e-06	264.398	173	0	2	0	1	
66.8966	0.1	0.389655	-2	0	0	0	0	0	173	0	2	0	1	
66.8966	0.1	0.403448	-2	0	0	0	0	0	173	0	2	0	1	
66.8966	0.1	0.417241	-2	0	0	0	0	0	173	0	2	0	1	
66.8966	0.1	0.431034	-2	0	0	0	0	0	173	0	2	0	1	
66.8966	0.1	0.444828	-2	0	0	0	0	0	173	0	2	0	1	
66.8966	0.1	0.458621	-2	0	0	0	0	0	173	0	2	0	1	
66.8966	0.1	0.472414	-2	0	0	0	0	0	173	0	2	0	1	
66.8966	0.1	0.486207	-2	0	0	0	0	0	173	0	2	0	1	
66.8966	0.1	0.5	-2	0	0	0	0	0	173	0	2	0	1	
70.6897	0.1	0.1	1	156.874	53.7455	-1.87024e-05	-1.1027e-05	-1.14305e-05	173	0	2	0	1	
70.6897	0.1	0.113793	1	156.776	53.7142	3.88935e-06	1.0585e-05	8.54292e-06	173	0	2	0	1	
70.6897	0.1	0.127586	1	156.672	53.6924	-7.67676e-06	1.59699e-05	-3.54904e-06	173	0	2	0	1	
70.6897	0.1	0.141379	1	156.561	53.6823	-9.59504e-06	1.22741e-05	7.58582e-06	173	0	2	0	1	
70.6897	0.1	0.155172	1	156.444	53.6863	1.22103e-05	1.45704e-05	1.81742e-06	173	0	2	0	1	
70.6897	0.1	0.168966	1	156.321	53.6613	-2.36853e-06	-2.2006e-05	3.01145e-05	173	0	2	0	1	
70.6897	0.1	0.182759	1	156.175	53.8501	-3.99413e-06	-2.6346e-05	-1.90859e-05	173	0	2	0	1	
70.6897	0.1	0.196552	1	156.01	54.0515	8.92509e-06	-7.24045e-06	2.5153e-05	173	0	2	0	1	
70.6897	0.1	0.210345	1	154.72	72.2177	-1.77252e-05	2.57633e-05	58.6296	173	0	2	0	1	
70.6897	0.1	0.224138	1	151.394	98.7131	-2.55666e-05	2.25252e-05	90.8798	173	0	2	0	1	
70.6897	0.1	0.237931	1	147.416	119.304	5.25822e-07	1.43418e-05	114.321	173	0	2	0	1	
70.6897	0.1	0.251724	1	142.99	136.695	-3.02085e-05	-2.16127e-05	133.845	173	0	2	0	1	
70.6897	0.1	0.265517	1	138.16	151.771	-1.08606e-05	1.11871e-05	151.018	173	0	2	0	1	
70.6897	0.1	0.27931	1	132.889	165.382	-1.25865e-05	1.35369e-05	166.587	173	0	2	0	1	
70.6897	0.1	0.293103	1	127.146	177.916	-2.0302e-06	-4.7922e-05	180.965	173	0	2	0	1	
70.6897	0.1	0.306897	1	120.86	189.542	-3.13582e-05	-2.92072e-05	194.41	173	0	2	0	1	
70.6897	0.1	0.32069	1	113.921	200.388	-3.97638e-06	1.72985e-05	207.094	173	0	2	0	1	
70.6897	0.1	0.334483	1	106.154	210.54	-6.90438e-06	5.14472e-06	219.141	173	0	2	0	1	
70.6897	0.1	0.348276	1	97.2876	220.036	4.2942e-06	2.11374e-05	230.589	173	0	2	0	1	
70.6897	0.1	0.362069	1	86.8172	228.879	2.42736e-06	5.91789e-06	241.56	173	0	2	0	1	
70.6897	0.1	0.375862	1	73.6473	236.995	4.10065e-05	-2.07515e-05	252.073	173	0	2	0	1	
70.6897	0.1	0.389655	1	54.1565	244.105	1.89787e-05	-5.32552e-06	262.123	173	0	2	0	1	
70.6897	0.1	0.403448	-2	0	0	0	0	0	173	0	2	0	1	
70.6897	0.1	0.417241	-2	0	0	0	0	0	173	0	2	0	1	
70.6897	0.1	0.431034	-2	0	0	0	0	0	173	0	2	0	1	
70.6897	0.1	0.444828	-2	0	0	0	0	0	173	0	2	0	1	
70.6897	0.1	0.458621	-2	0	0	0	0	0	173	0	2	0	1	
70.6897	0.1	0.472414	-2	0	0	0	0	0	173	0	2	0	1	
70.6897	0.1	0.486207	-3	0	0	0	0	0	173	0	2	0	1	
70.6897	0.1	0.5	-2	0	0	0	0	0	173	0	2	0	1	
74.4828	0.1	0.1	1	156.894	53.7369	-1.30134e-06	2.31608e-05	-4.24572e-06	173	0	2	0	1	
74.4828	0.1	0.113793	1	156.8	53.7013	4.36206e-06	-1.17265e-05	2.78911e-06	173	0	2	0	1	
74.4828	0.1	0.127586	1	156.701	53.6731	1.05833e-05	7.58944e-06	1.09429e-06	173	0	2	0	1	
74.4828	0.1	0.141379	1	156.597	53.6542	1.31317e-05	-1.5918e-05	-1.79378e-06	173	0	2	0	1	
74.4828	0.1	0.155172	1	156.488	53.647	-3.63667e-07	2.06527e-05	-7.61507e-06	173	0	2	0	1	
74.4828	0.1	0.168966	1	156.371	53.6539	5.96996e-06	-1.13658e-05	-6.39892e-06	173	0	2	0	1	
74.4828	0.1	0.182759	1	156.248	53.6522	1.39288e-05	3.68031e-06	1.65753e-05	173	0	2	0	1	
74.4828	0.1	0.196552	1	156.109	53.8503	-1.96669e-06	2.23325e-06	9.7899e-06	173	0	2	0	1	
74.4828	0.1	0.210345	1	155.95	53.9744	3.16332e-05	1.33313e-05	6.7483e-06	173	0	2	0	1	
74.4828	0.1	0.224138	1	155.573	58.6327	-3.11541e-05	2.13273e-06	35.9961	173	0	2	0	1	
74.4828	0.1	0.237931	1	152.784	88.4758	-1.03562e-05	5.15317e-06	79.0146	173	0	2	0	1	
74.4828	0.1	0.251724	1	149.015	111.262	-3.39076e-06	1.59665e-05	105.383	173	0	2	0	1	
74.4828	0.1	0.265517	1	144.734	129.941	-5.68673e-07	-1.92727e-05	126.493	173	0	2	0	1	
74.4828	0.1	0.27931	1	140.035	146.102	1.20454e-05	2.92248e-06	144.698	173	0	2	0	1	
74.4828	0.1	0.293103	1	134.898	160.268	-2.13994e-06	4.17538e-06	161.011	173	0	2	0	1	
74.4828	0.1	0.306897	1	129.298	173.319	3.16048e-06	-1.44024e-05	175.959	173	0	2	0	1	
74.4828	0.1	0.32069	1	123.176	185.38	2.46789e-06	4.13336e-07	189.858	173	0	2	0	1	
74.4828	0.1	0.334483	1	116.437	196.6	8.84602e-06	-1.9705e-05	202.916	173	0	2	0	1	
74.4828	0.1	0.348276	1	108.928	-207.086	1.97101e-06	7.05368e-06	215.274	173	0	2	0	1	
74.4828	0.1	0.362069	1	100.418	216.889	3.55525e-05	4.79532e-06	226.986	173	0	2	0	1	
74.4828	0.1	0.375862	1	90.4935	226.028	3.89059e-06	1.12311e-05	238.185	173	0	2	0	1	
74.4828	0.1	0.389655	1	78.3167	234.465	-1.09053e-05	3.46196e-05	248.898	173	0	2	0	1	
74.4828	0.1	0.403448	1	61.5737	242.005	5.70344e-06	-3.58574e-05	259.134	173	0	2	0	1	
74.4828	0.1	0.417241	-2	0	0	0	0	0	173	0	2	0	1	
74.4828	0.1	0.431034	-2	0	0	0	0	0	173	0	2	0	1	
74.4828	0.1	0.444828	-2	0	0	0	0	0	173	0	2	0	1	
74.4828	0.1	0.458621	-2	0	0	0	0	0	173	0	2	0	1	
74.4828	0.1	0.472414	-2	0	0	0	0	0	173	0	2	0	1	
74.4828	0.1	0.486207	-2	0	0	0	0	0	173	0	2	0	1	
74.4828	0.1	0.5	-2	0	0	0	0	0	173	0	2	0	1	
78.2759	0.1	0.1	1	156.913	53.7296	-5.65911e-06	2.48097e-06	5.39348e-06	173	0	2	0	1	
78.2759	0.1	0.113793	1	156.822	53.6908	-9.97996e-06	-1.54442e-05	-1.85683e-07	173	0	2	0	1	
78.2759	0.1	0.127586	1	156.728	53.6579	-6.68643e-06	-1.48514e-05	-6.11101e-06	173	0	2	0	1	
78.2759	0.1	0.141379	1	156.63	53.6323	4.60331e-06	-7.96093e-06	-9.8657e-06	173	0	2	0	1	
78.2759	0.1	0.155172	1	156.527	53.6159	2.23003e-06	-9.7392e-06	-5.46161e-06	173	0	2	0	1	
78.2759	0.1	0.168966	1	156.418	53.6106	1.27734e-05	-1.16205e-05	8.93453e-06	173	0	2	0	1	
78.2759	0.1	0.182759	1	156.303	53.6191	-4.94545e-06	-1.72676e-05	2.8098e-06	173	0	2	0	1	
78.2759	0.1	0.196552	1	156.18	53.6377	-7.89898e-06	-1.12832e-05	-8.35531e-06	173	0	2	0	1	
78.2759	0.1	0.210345	1	156.05	53.8365	9.31488e-07	1.66123e-06	-7.34892e-06	173	0	2	0	1	
78.2759	0.1	0.224138	1	155.895	53.9101	-3.00089e-05	8.14755e-06	7.55932e-06	173	0	2	0	1	
78.2759	0.1	0.237931	1	155.721	54.1729	3.38371e-05	1.1366e-05	-1.07374e-05	173	0	2	0	1	
78.2759	0.1	0.251724	1	154.264	74.292	3.27821e-05	8.16343e-06	61.5129	173	0	2	0	1	
78.2759	0.1	0.265517	1	150.822	100.741	3.5322e-09	-1.89975e-05	93.4861	173	0	2	0	1	
78.2759	0.1	0.27931	1	146.743	121.336	4.29106e-05	-4.25271e-06	117.005	173	0	2	0	1	
78.2759	0.1	0.293103	1	142.203	138.815	-3.9173e-05	-2.10863e-05	136.665	173	0	2	0	1	
78.2759	0.1	0.306897	1	137.236	153.873	-2.99323e-05	-1.21145e-05	153.976	173	0	2	0	1	
78.2759	0.1	0.32069	1	131.806	167.579	3.83514e-06	3.89602e-06	169.67	173	0	2	0	1	
78.2759	0.1	0.334483	1	125.877	180.188	7.10965e-07	4.53733e-06	184.154	173	0	2	0	1	
78.2759	0.1	0.348276	1	119.368	191.872	5.03732e-06	1.16473e-05	197.684	173	0	2	0	1	
78.2759	0.1	0.362069	1	112.149	202.767	1.67523e-06	5.82383e-06	210.442	173	0	2	0	1	
78.2759	0.1	0.375862	1	104.029	212.941	3.62539e-05	9.91141e-06	222.478	173	0	2	0	1	
78.2759	0.1	0.389655	1	94.6765	222.433	-1.2931e-05	1.96332e-05	233.962	173	0	2	0	1	
78.2759	0.1	0.403448	1	83.4614	231.234	-1.10175e-05	9.3477e-06	244.927	173	0	2	0	1	
78.2759	0.1	0.417241	1	68.9049	-239.221	4.97936e-06	5.69644e-06	255.392	173	0	2	0	1	
78.2759	0.1	0.431034	1	44.4387	245.941	-4.02239e-06	1.2445e-05	265.308	173	0	2	0	1	
78.2759	0.1	0.444828	-2	0	0	0	0	0	173	0	2	0	1	
78.2759	0.1	0.458621	-2	0	0	0	0	0	173	0	2	0	1	
78.2759	0.1	0.472414	-2	0	0	0	0	0	173	0	2	0	1	
78.2759	0.1	0.486207	-2	0	0	0	0	0	173	0	2	0	1	
78.2759	0.1	0.5	-2	0	0	0	0	0	173	0	2	0	1	
82.069	0.1	0.1	1	156.93	53.7235	6.4162e-06	8.27248e-06	2.25511e-06	173	0	2	0	1	
82.069	0.1	0.113793	1	156.843	53.6818	-1.30429e-05	5.39053e-06	-1.44141e-05	173	0	2	0	1	
82.069	0.1	0.127586	1	156.753	53.6453	-4.46764e-06	-1.46669e-05	-1.44072e-05	173	0	2	0	1	
82.069	0.1	0.141379	1	156.66	53.6148	7.69159e-06	-1.11756e-05	-5.83702e-06	173	0	2	0	1	
82.069	0.1	0.155172	1	156.562	53.5916	8.3524e-06	-1.76149e-05	-2.99812e-06	173	0	2	0	1	
82.069	0.1	0.168966	1	156.46	53.577	-5.61893e-06	-3.4357e-06	3.75892e-06	173	0	2	0	1	
82.069	0.1	0.182759	1	156.352	53.5731	-4.16578e-08	1.97392e-05	-1.12073e-05	173	0	2	0	1	
82.069	0.1	0.196552	1	156.238	53.5824	4.216e-06	5.97272e-06	1.81612e-06	173	0	2	0	1	
82.069	0.1	0.210345	1	156.118	53.6055	1.67193e-05	-2.07734e-05	-4.35647e-06	173	0	2	0	1	
82.069	0.1	0.224138	1	155.993	53.5783	-1.18377e-05	-2.48402e-05	1.17632e-05	173	0	2	0	1	
82.069	0.1	0.237931	1	155.846	53.8951	2.69455e-06	8.25345e-06	3.2841e-05	173	0	2	0	1	
82.069	0.1	0.251724	1	155.681	54.0452	-1.83333e-05	6.90771e-06	-1.14603e-05	173	0	2	0	1	
82.069	0.1	0.265517	1	155.413	56.3267	2.87448e-05	-1.65572e-05	28.7195	173	0	2	0	1	
82.069	0.1	0.27931	1	152.768	86.6011	-3.02502e-06	2.53239e-05	77.2699	173	0	2	0	1	
82.069	0.1	0.293103	1	148.977	110.288	-3.3853e-06	-5.00169e-06	104.701	173	0	2	0	1	
82.069	0.1	0.306897	1	144.637	129.549	-2.90917e-05	9.77542e-06	126.521	173	0	2	0	1	
82.069	0.1	0.32069	1	139.873	146.021	-4.35854e-05	4.07112e-05	145.218	173	0	2	0	1	
82.069	0.1	0.334483	1	134.643	160.511	-2.67032e-05	-1.82135e-05	161.907	173	0	2	0	1	
82.069	0.1	0.348276	1	128.923	173.833	6.17164e-07	-9.48405e-06	177.151	173	0	2	0	1	
82.069	0.1	0.362069	1	122.67	186.092	-6.68084e-06	4.53489e-06	191.284	173	0	2	0	1	
82.069	0.1	0.375862	1	115.765	197.485	-2.13604e-05	1.29992e-05	204.579	173	0	2	0	1	
82.069	0.1	0.389655	1	108.051	208.107	-5.23435e-06	7.08927e-06	216.988	173	0	2	0	1	
82.069	0.1	0.403448	1	99.2726	218.016	-1.61699e-05	3.59355e-06	228.825	173	0	2	0	1	
82.069	0.1	0.417241	1	88.9656	227.227	9.4882e-06	-4.02342e-06	240.098	173	0	2	0	1	
82.069	0.1	0.431034	1	76.1565	-235.682	2.60328e-05	7.81947e-07	250.844	173	0	2	0	1	
82.069	0.1	0.444828	1	57.8986	-243.143	-4.89907e-07	-3.33718e-05	261.055	173	0	2	0	1	
82.069	0.1	0.458621	-2	0	0	0	0	0	173	0	2	0	1	
82.069	0.1	0.472414	-2	0	0	0	0	0	173	0	2	0	1	
82.069	0.1	0.486207	-2	0	0	0	0	0	173	0	2	0	1	
82.069	0.1	0.5	-2	0	0	0	0	0	173	0	2	0	1	
85.8621	0.1	0.1	1	156.947	53.7181	1.0222e-05	-2.34088e-05	1.6019e-05	173	0	2	0	1	
85.8621	0.1	0.113793	1	156.864	53.6743	-7.70508e-06	1.87931e-06	-1.12773e-05	173	0	2	0	1	
85.8621	0.1	0.127586	1	156.777	53.6349	7.75262e-06	-1.97939e-05	-3.29387e-06	173	0	2	0	1	
85.8621	0.1	0.141379	1	156.688	53.6004	5.52104e-06	-8.66722e-06	-9.10822e-06	173	0	2	0	1	
85.8621	0.1	0.155172	1	156.595	53.5719	1.03568e-05	8.74873e-06	-2.12549e-06	173	0	2	0	1	
85.8621	0.1	0.168966	1	156.498	53.5505	-2.82809e-06	1.729e-05	2.55816e-06	173	0	2	0	1	
85.8621	0.1	0.182759	1	156.397	53.5374	8.07188e-06	-1.67992e-05	-6.03826e-06	173	0	2	0	1	
85.8621	0.1	0.196552	1	156.29	53.5345	-5.40262e-06	-1.60138e-05	1.62275e-05	173	0	2	0	1	
85.8621	0.1	0.210345	1	156.178	53.5438	-9.64194e-06	-1.72643e-05	1.0192e-05	173	0	2	0	1	
85.8621	0.1	0.224138	1	156.06	53.5671	3.80537e-07	2.24591e-05	-3.53731e-06	173	0	2	0	1	
85.8621	0.1	0.237931	1	155.935	53.5962	-8.57492e-06	-2.05727e-05	-9.10639e-06	173	0	2	0	1	
85.8621	0.1	0.251724	1	155.804	53.6511	1.27585e-05	-2.98439e-05	1.72075e-05	173	0	2	0	1	
85.8621	0.1	0.265517	1	155.644	53.9565	-8.8927e-08	-2.42676e-05	3.16597e-05	173	0	2	0	1	
85.8621	0.1	0.27931	1	155.468	54.2203	1.37371e-05	-2.29866e-05	-2.68594e-06	173	0	2	0	1	
85.8621	0.1	0.293103	1	154.602	66.9701	-4.80734e-06	-1.21686e-05	51.2988	173	0	2	0	1	
85.8621	0.1	0.306897	1	151.35	95.8535	-2.78547e-05	2.62894e-05	88.2718	173	0	2	0	1	
85.8621	0.1	0.32069	1	147.303	117.874	1.13106e-05	-1.42096e-05	113.594	173	0	2	0	1	
85.8621	0.1	0.334483	1	142.756	136.145	5.63832e-06	-7.21188e-06	134.334	173	0	2	0	1	
85.8621	0.1	0.348276	1	137.762	151.913	-9.42486e-06	-2.09867e-05	152.39	173	0	2	0	1	
85.8621	0.1	0.362069	1	132.29	166.094	1.06599e-05	3.75324e-07	168.639	173	0	2	0	1	
85.8621	0.1	0.375862	1	126.304	179.098	4.19179e-05	1.74322e-05	183.554	173	0	2	0	1	
85.8621	0.1	0.389655	1	119.723	191.113	2.51962e-05	4.93237e-06	197.44	173	0	2	0	1	
85.8621	0.1	0.403448	1	112.421	202.279	3.83203e-06	2.03669e-05	210.412	173	0	2	0	1	
85.8621	0.1	0.417241	1	104.202	212.68	1.67072e-06	-1.98483e-05	222.685	173	0	2	0	1	
85.8621	0.1	0.431034	1	94.7231	222.361	1.96214e-05	-2.56844e-06	234.339	173	0	2	0	1	
85.8621	0.1	0.444828	1	83.3386	-231.31	-5.29492e-06	1.03477e-05	245.425	173	0	2	0	1	
85.8621	0.1	0.458621	1	68.4896	-239.407	-4.5164e-06	7.8754e-06	255.962	173	0	2	0	1	
85.8621	0.1	0.472414	1	42.9726	246.145	1.1385e-05	1.75853e-05	265.873	173	0	2	0	1	
85.8621	0.1	0.486207	-2	0	0	0	0	0	173	0	2	0	1	
85.8621	0.1	0.5	-2	0	0	0	0	0	173	0	2	0	1	
89.6552	0.1	0.1	1	156.963	53.7134	1.38579e-06	-4.92625e-06	-1.54472e-05	173	0	2	0	1	
89.6552	0.1	0.113793	1	156.883	53.6677	-1.20679e-06	-8.05548e-06	-1.43339e-05	173	0	2	0	1	
89.6552	0.1	0.127586	1	156.8	53.6258	3.58351e-06	1.52201e-05	-1.29261e-05	173	0	2	0	1	
89.6552	0.1	0.141379	1	156.714	53.5883	6.27447e-06	5.56218e-08	-7.73729e-06	173	0	2	0	1	
89.6552	0.1	0.155172	1	156.626	53.5559	1.55291e-05	2.07402e-05	1.49039e-06	173	0	2	0	1	
89.6552	0.1	0.168966	1	156.533	53.529	-3.75701e-06	-1.62048e-05	-1.00748e-05	173	0	2	0	1	
89.6552	0.1	0.182759	1	156.437	53.509	3.26489e-06	-6.50429e-06	5.98008e-06	173	0	2	0	1	
89.6552	0.1	0.196552	1	156.337	53.4969	-6.86712e-06	-1.31144e-05	-3.61655e-06	173	0	2	0	1	
89.6552	0.1	0.210345	1	156.233	53.4943	3.46187e-06	1.33387e-05	-3.34088e-06	173	0	2	0	1	
89.6552	0.1	0.224138	1	156.123	53.5032	7.86411e-06	4.50591e-06	5.6201e-06	173	0	2	0	1	
89.6552	0.1	0.237931	1	156.007	53.5256	4.66647e-06	1.13187e-05	7.47525e-06	173	0	2	0	1	
89.6552	0.1	0.251724	1	155.885	53.561	-1.3192e-05	1.42849e-05	-7.9788e-06	173	0	2	0	1	
89.6552	0.1	0.265517	1	155.758	53.5553	7.91398e-06	-2.46552e-05	-1.90178e-05	173	0	2	0	1	
89.6552	0.1	0.27931	1	155.613	54.6987	-6.49434e-06	-2.28538e-05	-2.45217e-05	173	0	2	0	1	
89.6552	0.1	0.293103	1	155.446	54.0728	4.5683e-06	-4.19485e-06	2.7551e-05	173	0	2	0	1	
89.6552	0.1	0.306897	1	155.26	54.4216	3.33749e-05	-5.93842e-06	2.17803e-05	173	0	2	0	1	
89.6552	0.1	0.32069	1	153.685	75.9257	-4.70172e-06	-5.25521e-07	64.0469	173	0	2	0	1	
89.6552	0.1	0.334483	1	150.1	102.812	4.25039e-05	1.86704e-05	96.6247	173	0	2	0	1	
89.6552	0.1	0.348276	1	145.85	123.756	-2.77696e-05	-1.55757e-05	120.631	173	0	2	0	1	
89.6552	0.1	0.362069	1	141.114	141.548	-2.30994e-05	-4.33308e-06	140.687	173	0	2	0	1	
89.6552	0.1	0.375862	1	135.915	156.759	2.04876e-05	-1.78404e-07	158.319	173	0	2	0	1	
89.6552	0.1	0.389655	1	130.218	170.695	4.14265e-05	-4.64291e-06	174.269	173	0	2	0	1	
89.6552	0.1	0.403448	1	123.972	183.486	-1.72619e-05	2.4607e-05	188.96	173	0	2	0	1	
89.6552	0.1	0.417241	1	117.081	195.317	-1.30376e-05	7.64726e-06	202.613	173	0	2	0	1	
89.6552	0.1	0.431034	1	109.396	206.304	1.06686e-05	-8.34478e-06	215.427	173	0	2	0	1	
89.6552	0.1	0.444828	1	100.668	216.529	-5.66968e-06	-8.84299e-07	227.55	173	0	2	0	1	
89.6552	0.1	0.458621	1	90.4604	-226.017	-1.23086e-05	-1.0907e-05	239.049	173	0	2	0	1	
89.6552	0.1	0.472414	1	77.8728	-234.726	-1.98235e-06	-5.48253e-06	249.967	173	0	2	0	1	
89.6552	0.1	0.486207	1	60.3232	242.429	2.27582e-07	-2.21389e-05	260.299	173	0	2	0	1	
89.6552	0.1	0.5	-2	0	0	0	0	0	173	0	2	0	1	
93.4483	0.1	0.1	1	156.97	53.925	-1.03932e-05	-1.67382e-05	3.38221e-06	173	0	2	0	1	
93.4483	0.1	0.113793	1	156.893	53.8876	-9.95869e-06	1.18945e-06	-5.27256e-06	173	0	2	0	1	
93.4483	0.1	0.127586	1	156.822	53.6181	-6.80804e-06	1.33467e-05	-1.88672e-06	173	0	2	0	1	
93.4483	0.1	0.141379	1	156.739	53.578	3.93392e-07	1.24672e-05	-5.85191e-06	173	0	2	0	1	
93.4483	0.1	0.155172	1	156.654	53.5422	-2.97503e-06	1.30339e-05	-1.44124e-05	173	0	2	0	1	
93.4483	0.1	0.168966	1	156.566	53.5112	1.32593e-06	1.99141e-05	5.34643e-06	173	0	2	0	1	
93.4483	0.1	0.182759	1	156.475	53.486	8.36066e-06	2.83862e-05	-1.64846e-05	173	0	2	0	1	
93.4483	0.1	0.196552	1	156.38	53.467	-3.24411e-07	-1.46929e-05	1.6136e-05	173	0	2	0	1	
93.4483	0.1	0.210345	1	156.282	53.4555	3.68587e-06	-1.12559e-05	-1.70791e-05	173	0	2	0	1	
93.4483	0.1	0.224138	1	156.179	53.453	1.05253e-05	1.64648e-05	6.49656e-06	173	0	2	0	1	
93.4483	0.1	0.237931	1	156.071	53.4611	6.92448e-06	-8.20186e-06	-1.48988e-05	173	0	2	0	1	
93.4483	0.1	0.251724	1	155.958	53.4817	-7.6591e-07	-1.45216e-05	-1.15292e-05	173	0	2	0	1	
93.4483	0.1	0.265517	1	155.838	53.5161	1.16924e-05	1.66249e-05	1.74008e-05	173	0	2	0	1	
93.4483	0.1	0.27931	1	155.713	53.5586	-8.32915e-06	-1.03377e-05	4.11931e-06	173	0	2	0	1	
93.4483	0.1	0.293103	1	155.584	53.5265	4.29989e-06	-2.02858e-05	-1.48797e-05	173	0	2	0	1	
93.4483	0.1	0.306897	1	155.427	54.0855	-1.46943e-05	4.77832e-06	2.08269e-05	173	0	2	0	1	
93.4483	0.1	0.32069	1	155.254	54.2047	7.36403e-06	-1.35448e-05	3.7538e-06	173	0	2	0	1	
93.4483	0.1	0.334483	1	155.059	54.6341	9.35587e-06	2.72567e-06	1.99001e-05	173	0	2	0	1	
93.4483	0.1	0.348276	1	152.875	82.2452	9.94139e-06	1.45003e-05	72.4205	173	0	2	0	1	
93.4483	0.1	0.362069	1	149.07	107.918	-4.0574e-06	-5.94299e-06	102.812	173	0	2	0	1	
93.4483	0.1	0.375862	1	144.653	128.188	3.03039e-05	-2.43485e-06	126.068	173	0	2	0	1	
93.4483	0.1	0.389655	1	139.753	145.52	-5.69299e-07	-8.39653e-06	145.719	173	0	2	0	1	
93.4483	0.1	0.403448	1	134.367	160.592	3.82604e-05	-1.60577e-05	163.096	173	0	2	0	1	
93.4483	0.1	0.417241	1	128.464	174.373	-5.3383e-07	-2.42518e-06	178.863	173	0	2	0	1	
93.4483	0.1	0.431034	1	121.977	187.033	3.15204e-06	-1.55839e-06	193.414	173	0	2	0	1	
93.4483	0.1	0.444828	1	114.8	198.734	2.12543e-05	-3.88699e-06	206.896	173	0	2	0	1	
93.4483	0.1	0.458621	1	106.75	209.598	1.29031e-05	-1.45728e-05	219.602	173	0	2	0	1	
93.4483	0.1	0.472414	1	97.5242	-219.694	3.22719e-05	1.27201e-05	231.608	173	0	2	0	1	
93.4483	0.1	0.486207	1	86.5796	-229.02	1.89507e-05	-2.6235e-05	242.98	173	0	2	0	1	
93.4483	0.1	0.5	1	72.6814	237.492	-5.82503e-07	1.87457e-05	253.749	173	0	2	0	1	
97.2414	0.1	0.1	1	156.986	53.8983	-3.72567e-06	1.79745e-05	6.77082e-06	173	0	2	0	1	
97.2414	0.1	0.113793	1	156.911	53.8629	-3.02285e-06	-1.27445e-05	8.39857e-06	173	0	2	0	1	
97.2414	0.1	0.127586	1	156.834	53.8278	3.72577e-06	-6.11317e-07	6.87247e-06	173	0	2	0	1	
97.2414	0.1	0.141379	1	156.754	53.7953	1.37721e-05	-2.62065e-05	-1.31519e-05	173	0	2	0	1	
97.2414	0.1	0.155172	1	156.682	53.5305	-7.84039e-07	1.29418e-05	-3.51867e-06	173	0	2	0	1	
97.2414	0.1	0.168966	1	156.598	53.4962	-2.1489e-06	1.28291e-05	-5.25255e-06	173	0	2	0	1	
97.2414	0.1	0.182759	1	156.511	53.4666	1.11244e-05	9.98277e-06	-5.47396e-06	173	0	2	0	1	
97.2414	0.1	0.196552	1	156.42	53.4424	-2.05858e-06	5.70165e-06	-8.02796e-06	173	0	2	0	1	
97.2414	0.1	0.210345	1	156.327	53.4243	-1.61842e-06	-8.02617e-06	1.57429e-06	173	0	2	0	1	
97.2414	0.1	0.224138	1	156.23	53.4133	4.50559e-06	-1.22223e-05	-8.45519e-06	173	0	2	0	1	
97.2414	0.1	0.237931	1	156.129	53.4105	1.01595e-06	-2.35678e-05	-4.42476e-06	173	0	2	0	1	
97.2414	0.1	0.251724	1	156.023	53.4176	-1.22978e-05	8.92142e-06	1.57291e-05	173	0	2	0	1	
97.2414	0.1	0.265517	1	155.912	53.436	7.0176e-06	1.38199e-05	4.51926e-06	173	0	2	0	1	
97.2414	0.1	0.27931	1	155.796	53.4677	3.68381e-06	1.17477e-05	8.92334e-06	173	0	2	0	1	
97.2414	0.1	0.293103	1	155.674	53.5126	-1.02274e-05	1.87739e-05	1.19666e-05	173	0	2	0	1	
97.2414	0.1	0.306897	1	155.546	53.5528	-1.23532e-05	-1.47944e-05	-9.81325e-06	173	0	2	0	1	
97.2414	0.1	0.32069	1	155.413	53.6011	2.3475e-05	9.41845e-06	-6.88785e-06	173	0	2	0	1	
97.2414	0.1	0.334483	1	155.248	54.1004	9.46512e-06	1.7482e-05	-8.787e-06	173	0	2	0	1	
97.2414	0.1	0.348276	1	155.069	54.341	3.35687e-06	1.24916e-06	-2.98835e-05	173	0	2	0	1	
97.2414	0.1	0.362069	1	154.85	55.2758	1.61771e-05	-1.14577e-05	20.2075	173	0	2	0	1	
97.2414	0.1	0.375862	1	152.255	86.2802	-2.68847e-06	-1.74782e-05	77.8139	173	0	2	0	1	
97.2414	0.1	0.389655	1	148.295	111.364	5.86344e-06	-1.05747e-05	107.13	173	0	2	0	1	
97.2414	0.1	0.403448	1	143.739	131.32	-2.0093e-05	-1.78533e-05	130.043	173	0	2	0	1	
97.2414	0.1	0.417241	1	138.696	148.402	-1.0374e-05	1.14457e-05	149.514	173	0	2	0	1	
97.2414	0.1	0.431034	1	133.149	163.45	-3.5636e-06	1.36286e-05	166.777	173	0	2	0	1	
97.2414	0.1	0.444828	1	127.064	177.166	1.33598e-05	-9.28268e-06	182.469	173	0	2	0	1	
97.2414	0.1	0.458621	1	120.364	189.762	1.927e-05	4.34908e-06	196.878	173	0	2	0	1	
97.2414	0.1	0.472414	1	112.929	201.397	5.88238e-06	1.57394e-05	210.32	173	0	2	0	1	
97.2414	0.1	0.486207	1	104.547	212.188	-3.35316e-06	1.65002e-06	222.955	173	0	2	0	1	
97.2414	0.1	0.5	1	94.8624	222.193	-2.29908e-05	1.5141e-06	234.879	173	0	2	0	1	
101.034	0.1	0.1	1	157.002	53.8711	-5.73872e-07	-1.79691e-05	-8.08789e-06	173	0	2	0	1	
101.034	0.1	0.113793	1	156.929	53.8334	-3.91075e-07	-1.86519e-05	8.61738e-06	173	0	2	0	1	
101.034	0.1	0.127586	1	156.855	53.7985	1.86485e-06	-2.50875e-06	9.30808e-06	173	0	2	0	1	
101.034	0.1	0.141379	1	156.778	53.7673	-6.44519e-06	1.28339e-05	-1.48486e-06	173	0	2	0	1	
101.034	0.1	0.155172	1	156.699	53.7369	-1.38698e-08	2.42144e-05	-1.33422e-05	173	0	2	0	1	
101.034	0.1	0.168966	1	156.618	53.7101	6.96074e-06	1.94215e-05	1.37087e-05	173	0	2	0	1	
101.034	0.1	0.182759	1	156.544	53.4502	1.14328e-05	-2.89012e-05	-1.08396e-05	173	0	2	0	1	
101.034	0.1	0.196552	1	156.458	53.4218	9.56373e-07	4.47456e-06	-9.06943e-06	173	0	2	0	1	
101.034	0.1	0.210345	1	156.369	53.3984	-9.22637e-06	2.10772e-05	-1.49946e-07	173	0	2	0	1	
101.034	0.1	0.224138	1	156.277	53.3808	-6.90653e-06	2.02849e-05	7.60482e-07	173	0	2	0	1	
101.034	0.1	0.237931	1	156.182	53.37	-4.70379e-07	1.59739e-05	-5.69501e-06	173	0	2	0	1	
101.034	0.1	0.251724	1	156.082	53.3668	-1.14306e-05	-7.31719e-06	6.76651e-06	173	0	2	0	1	
101.034	0.1	0.265517	1	155.979	53.3726	1.49829e-05	-8.71414e-06	1.17002e-05	173	0	2	0	1	
101.034	0.1	0.27931	1	155.871	53.3888	8.30176e-06	-1.92713e-05	-7.50226e-06	173	0	2	0	1	
101.034	0.1	0.293103	1	155.758	53.4172	1.65121e-05	1.92414e-05	-9.8988e-06	173	0	2	0	1	
101.034	0.1	0.306897	1	155.639	53.459	1.0889e-05	9.87374e-06	-1.71184e-06	173	0	2	0	1	
101.034	0.1	0.32069	1	155.514	53.5123	-5.46351e-06	4.98399e-06	2.26876e-06	173	0	2	0	1	
101.034	0.1	0.334483	1	155.385	53.5406	9.8338e-06	-1.03776e-05	2.01722e-05	173	0	2	0	1	
101.034	0.1	0.348276	1	155.248	53.7035	-7.23382e-06	8.84357e-06	6.21964e-07	173	0	2	0	1	
101.034	0.1	0.362069	1	155.077	54.208	-9.52125e-06	1.5582e-05	-2.04621e-05	173	0	2	0	1	
101.034	0.1	0.375862	1	154.893	54.4716	-7.586e-06	-1.91458e-05	-3.96179e-06	173	0	2	0	1	
101.034	0.1	0.389655	1	154.64	56.182	2.84923e-05	6.88959e-06	26.1757	173	0	2	0	1	
101.034	0.1	0.403448	1	151.874	88.178	-1.25721e-06	2.04775e-05	80.5449	173	0	2	0	1	
101.034	0.1	0.417241	1	147.805	113.154	1.7999e-06	1.00853e-05	109.714	173	0	2	0	1	
101.034	0.1	0.431034	1	143.139	133.181	-3.46377e-05	-8.07872e-06	132.621	173	0	2	0	1	
101.034	0.1	0.444828	1	137.972	150.257	-1.08889e-05	1.09894e-05	152.109	173	0	2	0	1	
101.034	0.1	0.458621	1	132.29	165.355	8.61119e-06	-6.21087e-06	169.389	173	0	2	0	1	
101.034	0.1	0.472414	1	126.05	179.097	5.0882e-06	-3.20301e-06	185.09	173	0	2	0	1	
101.034	0.1	0.486207	1	119.173	-191.694	1.67162e-05	1.26258e-05	199.461	173	0	2	0	1	
101.034	0.1	0.5	1	111.517	203.322	2.77354e-06	7.33214e-06	212.894	173	0	2	0	1	
104.828	0.1	0.1	1	157.016	53.8618	-1.59697e-06	1.60198e-05	-4.3948e-06	173	0	2	0	1	
104.828	0.1	0.113793	1	156.946	53.8102	5.88382e-07	9.29747e-06	9.62522e-06	173	0	2	0	1	
104.828	0.1	0.127586	1	156.875	53.7685	4.58218e-06	-8.33696e-06	-7.10689e-06	173	0	2	0	1	
104.828	0.1	0.141379	1	156.801	53.7345	-2.02175e-07	-9.48759e-06	5.66339e-06	173	0	2	0	1	
104.828	0.1	0.155172	1	156.725	53.7043	7.10816e-06	1.70098e-05	-2.92469e-06	173	0	2	0	1	
104.828	0.1	0.168966	1	156.647	53.6777	-4.37964e-06	1.28669e-05	1.56443e-06	173	0	2	0	1	
104.828	0.1	0.182759	1	156.567	53.6521	2.98476e-06	2.1748e-05	-1.07583e-06	173	0	2	0	1	
104.828	0.1	0.196552	1	156.485	53.6303	3.77853e-06	-2.25313e-05	9.17368e-06	173	0	2	0	1	
104.828	0.1	0.210345	1	156.409	53.3765	-8.53617e-07	-1.86082e-05	-7.588e-06	173	0	2	0	1	
104.828	0.1	0.224138	1	156.321	53.354	1.37671e-06	-1.43195e-05	-1.24294e-05	173	0	2	0	1	
104.828	0.1	0.237931	1	156.231	53.3367	4.08979e-07	1.92366e-05	4.64753e-06	173	0	2	0	1	
104.828	0.1	0.251724	1	156.137	53.3258	9.9475e-07	-1.6408e-05	1.21216e-05	173	0	2	0	1	
104.828	0.1	0.265517	1	156.04	53.322	-3.33579e-06	-1.77526e-05	-1.55405e-06	173	0	2	0	1	
104.828	0.1	0.27931	1	155.938	53.3265	9.69507e-07	2.88453e-05	7.26867e-06	173	0	2	0	1	
104.828	0.1	0.293103	1	155.833	53.3404	-4.95901e-06	-1.54903e-05	-8.48859e-06	173	0	2	0	1	
104.828	0.1	0.306897	1	155.723	53.3654	-8.03704e-06	-5.38771e-06	-8.88183e-06	173	0	2	0	1	
104.828	0.1	0.32069	1	155.608	53.4029	2.4798e-06	-1.05853e-05	-3.81581e-06	173	0	2	0	1	
104.828	0.1	0.334483	1	155.487	53.4538	-5.60504e-06	-7.77264e-06	9.45998e-06	173	0	2	0	1	
104.828	0.1	0.348276	1	155.361	53.5132	-1.33276e-06	1.0126e-05	-2.53484e-05	173	0	2	0	1	
104.828	0.1	0.362069	1	155.231	53.5053	8.5205e-06	-2.64818e-06	-1.07853e-05	173	0	2	0	1	
104.828	0.1	0.375862	3	155.081	53.9869	-1.20507e-06	-8.10939e-06	1.12418e-05	173	0	2	0	1	
104.828	0.1	0.389655	1	154.914	54.3094	2.9426e-06	-7.48853e-06	8.62698e-06	173	0	2	0	1	
104.828	0.1	0.403448	1	154.728	54.5895	1.1179e-05	-1.84987e-05	4.4465e-06	173	0	2	0	1	
104.828	0.1	0.417241	1	154.492	55.8186	6.16502e-06	-1.32506e-05	22.9342	173	0	2	0	1	
104.828	0.1	0.431034	1	151.732	88.1657	3.48928e-06	1.03123e-05	80.8765	173	0	2	0	1	
104.828	0.1	0.444828	1	147.603	113.522	1.16886e-05	-1.97228e-05	110.597	173	0	2	0	1	
104.828	0.1	0.458621	1	142.858	133.824	8.63777e-06	-1.69468e-05	133.819	173	0	2	0	1	
104.828	0.1	0.472414	1	137.611	151.039	1.72279e-05	-3.11411e-06	153.506	173	0	2	0	1	
104.828	0.1	0.486207	1	131.816	166.31	-1.01842e-05	2.33416e-05	170.939	173	0	2	0	1	
104.828	0.1	0.5	1	125.455	-180.161	-3.91528e-06	-4.40637e-06	186.678	173	0	2	0	1	
108.621	0.1	0.1	1	157.03	53.8591	5.65847e-06	-2.41957e-06	-3.4633e-07	173	0	2	0	1	
108.621	0.1	0.113793	1	156.962	53.8065	-6.06559e-06	-2.72653e-05	-1.09092e-05	173	0	2	0	1	
108.621	0.1	0.127586	1	156.893	53.7562	-4.08433e-06	1.74595e-05	-4.06001e-06	173	0	2	0	1	
108.621	0.1	0.141379	1	156.823	53.7088	5.05221e-06	-1.15095e-05	1.28026e-05	173	0	2	0	1	
108.621	0.1	0.155172	1	156.75	53.6707	-1.22277e-06	1.61837e-05	1.17201e-05	173	0	2	0	1	
108.621	0.1	0.168966	1	156.675	53.6413	3.41762e-06	-7.77771e-06	-8.00868e-07	173	0	2	0	1	
108.621	0.1	0.182759	1	156.598	53.6156	-5.33155e-06	-4.81475e-06	-4.3361e-07	173	0	2	0	1	
108.621	0.1	0.196552	1	156.519	53.593	-2.13109e-06	-2.33353e-05	-4.03229e-07	173	0	2	0	1	
108.621	0.1	0.210345	1	156.438	53.5721	-8.65773e-06	-1.17465e-05	-4.7618e-06	173	0	2	0	1	
108.621	0.1	0.224138	1	156.354	53.5559	1.42159e-06	1.59964e-05	-6.71712e-06	173	0	2	0	1	
108.621	0.1	0.237931	1	156.276	53.3088	7.13489e-06	2.15585e-05	2.35298e-06	173	0	2	0	1	
108.621	0.1	0.251724	1	156.188	53.2918	9.13678e-06	-2.55388e-05	1.03721e-05	173	0	2	0	1	
108.621	0.1	0.265517	1	156.096	53.2806	3.10073e-06	-3.49239e-06	7.06915e-06	173	0	2	0	1	
108.621	0.1	0.27931	1	156	53.2762	5.3084e-06	6.00155e-07	-3.49473e-06	173	0	2	0	1	
108.621	0.1	0.293103	1	155.901	53.2792	-1.67163e-06	2.67599e-06	-1.23255e-06	173	0	2	0	1	
108.621	0.1	0.306897	1	155.799	53.2909	-4.57814e-08	2.42141e-05	2.42114e-06	173	0	2	0	1	
108.621	0.1	0.32069	1	155.692	53.3127	-5.83449e-06	6.24421e-06	2.83091e-06	173	0	2	0	1	
108.621	0.1	0.334483	1	155.58	53.3456	-6.5388e-07	6.88988e-06	1.43401e-05	173	0	2	0	1	
108.621	0.1	0.348276	1	155.463	53.3915	3.9044e-07	-1.63967e-05	-9.18744e-06	173	0	2	0	1	
108.621	0.1	0.362069	1	155.341	53.4501	-1.80736e-06	1.46228e-05	1.62157e-05	173	0	2	0	1	
108.621	0.1	0.375862	1	155.213	53.5145	8.55612e-06	9.7878e-06	2.63096e-05	173	0	2	0	1	
108.621	0.1	0.389655	1	155.084	53.4847	-4.13006e-07	2.28379e-05	-1.15918e-05	173	0	2	0	1	
108.621	0.1	0.403448	1	154.931	54.0334	4.28118e-06	-1.16785e-05	1.59178e-05	173	0	2	0	1	
108.621	0.1	0.417241	1	154.762	54.4243	2.70158e-06	3.48396e-06	1.84044e-05	173	0	2	0	1	
108.621	0.1	0.431034	1	154.573	54.6914	-6.65025e-06	-3.67885e-06	4.02639e-07	173	0	2	0	1	
108.621	0.1	0.444828	-2	0	0	0	0	0	173	0	2	0	1	
108.621	0.1	0.458621	1	151.864	85.9167	3.90589e-06	-1.58042e-05	78.3974	173	0	2	0	1	
108.621	0.1	0.472414	1	147.72	112.289	-1.17204e-05	1.35915e-05	109.694	173	0	2	0	1	
108.621	0.1	0.486207	1	142.927	133.156	1.58272e-05	1.89097e-06	133.587	173	0	2	0	1	
108.621	0.1	0.5	1	137.618	150.751	1.94702e-06	-9.0425e-06	153.684	173	0	2	0	1	
112.414	0.1	0.1	1	157.043	53.8563	-4.87088e-06	-6.41266e-06	-1.16194e-07	173	0	2	0	1	
112.414	0.1	0.113793	1	156.978	53.8031	3.88119e-06	-1.80985e-05	8.60617e-06	173	0	2	0	1	
112.414	0.1	0.127586	1	156.911	53.752	1.68211e-06	-1.95241e-05	-7.08658e-06	173	0	2	0	1	
112.414	0.1	0.141379	1	156.843	53.7031	3.15235e-06	3.56178e-05	-1.28251e-06	173	0	2	0	1	
112.414	0.1	0.155172	1	156.773	53.6564	-4.48446e-06	-8.09374e-08	3.49011e-06	173	0	2	0	1	
112.414	0.1	0.168966	1	156.702	53.6126	-3.04121e-06	-2.12739e-05	1.91532e-06	173	0	2	0	1	
112.414	0.1	0.182759	1	156.628	53.5776	-3.89501e-06	-9.91305e-06	8.19664e-07	173	0	2	0	1	
112.414	0.1	0.196552	1	156.552	53.5523	-8.02888e-06	-1.39915e-05	2.41595e-07	173	0	2	0	1	
112.414	0.1	0.210345	1	156.474	53.5312	5.83083e-07	-1.62204e-05	-1.10276e-05	173	0	2	0	1	
112.414	0.1	0.224138	1	156.394	53.5134	9.43179e-06	-1.46067e-05	-5.7044e-06	173	0	2	0	1	
112.414	0.1	0.237931	1	156.311	53.4972	-2.06651e-06	2.06246e-05	6.04759e-06	173	0	2	0	1	
112.414	0.1	0.251724	1	156.227	53.486	-2.98989e-06	1.16886e-05	-2.49576e-06	173	0	2	0	1	
112.414	0.1	0.265517	1	156.148	53.2462	-1.9918e-06	-2.5304e-05	8.62551e-06	173	0	2	0	1	
112.414	0.1	0.27931	1	156.058	53.2347	1.04973e-05	2.84357e-05	-1.21699e-06	173	0	2	0	1	
112.414	0.1	0.293103	1	155.964	53.2293	-1.16756e-05	-1.69929e-05	1.14996e-07	173	0	2	0	1	
112.414	0.1	0.306897	1	155.868	53.2311	5.40155e-06	1.357e-05	3.39768e-06	173	0	2	0	1	
112.414	0.1	0.32069	1	155.768	53.2406	1.02259e-06	-2.00882e-05	3.95839e-07	173	0	2	0	1	
112.414	0.1	0.334483	1	155.664	53.259	-1.35613e-06	3.45585e-06	-1.25735e-05	173	0	2	0	1	
112.414	0.1	0.348276	1	155.555	53.2879	-5.04577e-06	-1.52847e-05	-8.87357e-06	173	0	2	0	1	
112.414	0.1	0.362069	1	155.442	53.3283	-2.91543e-06	-2.3204e-05	1.35067e-05	173	0	2	0	1	
112.414	0.1	0.375862	1	155.324	53.3813	2.30523e-06	-1.19342e-05	2.55559e-06	173	0	2	0	1	
112.414	0.1	0.389655	1	155.201	53.4467	7.61429e-07	9.56799e-06	3.57199e-06	173	0	2	0	1	
112.414	0.1	0.403448	1	155.072	53.5155	-3.0882e-06	-1.58657e-05	1.0096e-05	173	0	2	0	1	
112.414	0.1	0.417241	1	154.942	53.4812	1.25149e-05	7.54616e-06	2.35111e-05	173	0	2	0	1	
112.414	0.1	0.431034	1	154.799	53.769	-4.39344e-07	2.09148e-05	2.10911e-05	173	0	2	0	1	
112.414	0.1	0.444828	1	154.619	54.5334	-1.912e-05	5.25998e-06	4.14701e-06	173	0	2	0	1	
112.414	0.1	0.458621	1	154.43	54.778	6.79986e-06	2.51909e-05	1.66261e-05	173	0	2	0	1	
112.414	0.1	0.472414	1	154.221	55.3045	-5.4709e-06	-9.08088e-06	1.85057e-05	173	0	2	0	1	
112.414	0.1	0.486207	1	152.251	81.1549	-6.14137e-06	9.69966e-06	72.7614	173	0	2	0	1	
112.414	0.1	0.5	1	148.156	109.326	-1.53235e-05	-1.39595e-05	106.821	173	0	2	0	1	
116.207	0.1	0.1	1	157.055	53.8541	-1.9667e-06	6.80273e-07	6.94313e-06	173	0	2	0	1	
116.207	0.1	0.113793	1	156.993	53.7999	-9.55697e-07	-8.63747e-06	2.13777e-06	173	0	2	0	1	
116.207	0.1	0.127586	1	156.928	53.7477	-6.33146e-06	-1.38058e-05	3.03621e-06	173	0	2	0	1	
116.207	0.1	0.141379	1	156.862	53.6977	4.76123e-07	7.96315e-07	-3.87778e-07	173	0	2	0	1	
116.207	0.1	0.155172	1	156.795	53.6501	3.02838e-06	2.65804e-05	1.62332e-06	173	0	2	0	1	
116.207	0.1	0.168966	1	156.726	53.6049	8.89645e-07	1.80139e-05	4.83132e-07	173	0	2	0	1	
116.207	0.1	0.182759	1	156.656	53.562	-1.24473e-06	-9.85012e-06	2.12562e-06	173	0	2	0	1	
116.207	0.1	0.196552	1	156.583	53.5219	6.08155e-06	1.73583e-05	-1.15218e-06	173	0	2	0	1	
116.207	0.1	0.210345	1	156.509	53.489	5.44976e-06	1.29922e-05	3.60786e-06	173	0	2	0	1	
116.207	0.1	0.224138	1	156.432	53.468	1.01555e-07	-1.98403e-07	-5.28065e-06	173	0	2	0	1	
116.207	0.1	0.237931	1	156.353	53.4504	-1.47434e-06	-2.26491e-05	1.33361e-05	173	0	2	0	1	
116.207	0.1	0.251724	1	156.272	53.4376	1.51125e-06	2.93691e-06	-2.77566e-07	173	0	2	0	1	
116.207	0.1	0.265517	1	156.189	53.4264	5.55454e-06	3.30855e-05	-8.00315e-06	173	0	2	0	1	
116.207	0.1	0.27931	1	156.103	53.4196	-7.53003e-06	-1.64603e-05	5.08022e-06	173	0	2	0	1	
116.207	0.1	0.293103	1	156.023	53.1879	3.02894e-06	1.33322e-05	-1.9426e-06	173	0	2	0	1	
116.207	0.1	0.306897	1	155.932	53.1817	-6.90833e-06	1.94099e-05	-7.35632e-06	173	0	2	0	1	
116.207	0.1	0.32069	1	155.838	53.182	9.93976e-07	1.51171e-05	-2.19865e-06	173	0	2	0	1	
116.207	0.1	0.334483	1	155.74	53.1893	3.60357e-06	-1.64208e-05	1.68203e-06	173	0	2	0	1	
116.207	0.1	0.348276	1	155.639	53.205	-8.06874e-06	-1.8246e-05	-1.96665e-05	173	0	2	0	1	
116.207	0.1	0.362069	1	155.534	53.2296	-1.22744e-05	8.52009e-06	-8.89002e-07	173	0	2	0	1	
116.207	0.1	0.375862	1	155.425	53.2648	6.93725e-06	2.29611e-06	-6.71951e-06	173	0	2	0	1	
116.207	0.1	0.389655	1	155.311	53.3117	2.57979e-06	-1.71323e-05	-5.02924e-06	173	0	2	0	1	
116.207	0.1	0.403448	1	155.192	53.3711	-3.01582e-06	-5.1116e-06	-1.54753e-05	173	0	2	0	1	
116.207	0.1	0.417241	1	155.068	53.4423	-3.04643e-06	-7.31947e-06	7.14097e-06	173	0	2	0	1	
116.207	0.1	0.431034	1	154.939	53.5162	3.08073e-06	-1.1638e-05	-1.23634e-05	173	0	2	0	1	
116.207	0.1	0.444828	1	154.808	53.4944	7.79171e-06	2.54071e-06	-8.57887e-06	173	0	2	0	1	
116.207	0.1	0.458621	1	154.668	53.6773	-7.13809e-07	-9.94799e-06	-6.1474e-06	173	0	2	0	1	
116.207	0.1	0.472414	1	154.489	54.8941	-1.16321e-05	-1.06186e-06	6.44477e-06	173	0	2	0	1	
116.207	0.1	0.486207	1	154.299	54.8557	-6.64167e-06	-3.74971e-06	1.32712e-05	173	0	2	0	1	
116.207	0.1	0.5	1	154.092	55.3413	-2.2096e-06	-1.83288e-05	1.8568e-05	173	0	2	0	1	
120	0.1	0.1	1	157.068	53.8515	1.92881e-06	-2.24971e-05	-1.16653e-05	173	0	2	0	1	
120	0.1	0.113793	1	157.007	53.7969	9.52995e-07	-4.74394e-07	5.64901e-06	173	0	2	0	1	
120	0.1	0.127586	1	156.945	53.7441	1.18605e-06	-8.80102e-06	-4.42145e-06	173	0	2	0	1	
120	0.1	0.141379	1	156.881	53.6929	-1.28904e-05	-1.49613e-05	1.95429e-06	173	0	2	0	1	
120	0.1	0.155172	1	156.816	53.6439	-2.85207e-06	1.85329e-05	8.25867e-06	173	0	2	0	1	
120	0.1	0.168966	1	156.75	53.5974	6.19762e-06	2.51776e-05	3.92262e-06	173	0	2	0	1	
120	0.1	0.182759	1	156.682	53.553	7.90353e-08	2.48427e-05	1.26255e-05	173	0	2	0	1	
120	0.1	0.196552	1	156.613	53.5113	-3.34043e-06	2.52858e-06	-1.51908e-06	173	0	2	0	1	
120	0.1	0.210345	1	156.541	53.4721	2.41639e-06	2.07302e-05	9.86026e-06	173	0	2	0	1	
120	0.1	0.224138	1	156.468	53.4361	3.53107e-06	1.15584e-05	-2.50208e-06	173	0	2	0	1	
120	0.1	0.237931	1	156.393	53.4043	3.46507e-06	8.58371e-06	-1.08054e-05	173	0	2	0	1	
120	0.1	0.251724	1	156.316	53.3867	6.56873e-06	1.66789e-05	-2.80804e-06	173	0	2	0	1	
120	0.1	0.265517	1	156.236	53.3737	6.59353e-06	-2.75317e-05	-2.61629e-06	173	0	2	0	1	
120	0.1	0.27931	1	156.154	53.365	7.9538e-06	1.81825e-05	-1.17973e-06	173	0	2	0	1	
120	0.1	0.293103	1	156.07	53.3588	9.4663e-06	-2.2158e-05	-8.43838e-06	173	0	2	0	1	
120	0.1	0.306897	1	155.983	53.3567	-6.13958e-06	2.54202e-05	-6.34507e-06	173	0	2	0	1	
120	0.1	0.32069	1	155.894	53.3603	-3.72364e-06	-7.71528e-06	9.86753e-06	173	0	2	0	1	
120	0.1	0.334483	1	155.811	53.1321	-1.82661e-06	1.61081e-05	2.52782e-06	173	0	2	0	1	
120	0.1	0.348276	1	155.715	53.1375	-1.61994e-06	-2.42529e-06	-5.75186e-06	173	0	2	0	1	
120	0.1	0.362069	1	155.617	53.1501	4.17449e-06	1.69551e-05	-8.90426e-06	173	0	2	0	1	
120	0.1	0.375862	1	155.515	53.1712	7.28664e-06	-1.01795e-05	4.34653e-06	173	0	2	0	1	
120	0.1	0.389655	1	155.409	53.2016	-3.16025e-06	-1.14552e-06	-1.1563e-05	173	0	2	0	1	
120	0.1	0.403448	1	155.299	53.2425	1.10848e-05	-1.76811e-05	1.28461e-05	173	0	2	0	1	
120	0.1	0.417241	1	155.185	53.295	-3.22608e-06	-4.9246e-06	-1.0359e-06	173	0	2	0	1	
120	0.1	0.431034	1	155.066	53.36	1.01724e-05	-1.68471e-05	-4.89785e-06	173	0	2	0	1	
120	0.1	0.444828	1	154.941	53.4364	-1.01563e-05	-1.67071e-05	-9.3548e-06	173	0	2	0	1	
120	0.1	0.458621	1	154.812	53.5154	-1.12803e-05	-6.61522e-06	1.31709e-05	173	0	2	0	1	
120	0.1	0.472414	1	154.68	53.5355	-5.12937e-06	-7.81479e-06	1.24954e-07	173	0	2	0	1	
120	0.1	0.486207	3	154.545	53.5599	-8.63455e-06	-1.79623e-05	8.85845e-07	173	0	2	0	1	
120	0.1	0.5	3	154.373	54.9173	-2.65319e-06	9.01706e-06	-1.66132e-05	173	0	2	0	1	
