10	0.01	0.3	-3	0	0	0	0	0	173	3	2	0	1	
10	0.02	0.3	-3	0	0	0	0	0	173	3	2	0	1	
10	0.03	0.3	-3	0	0	0	0	0	173	3	2	0	1	
10	0.04	0.3	-3	0	0	0	0	0	173	3	2	0	1	
10	0.05	0.3	-2	0	0	0	0	0	173	3	2	0	1	
10	0.06	0.3	-3	0	0	0	0	0	173	3	2	0	1	
10	0.07	0.3	-2	0	0	0	0	0	173	3	2	0	1	
10	0.08	0.3	-2	0	0	0	0	0	173	3	2	0	1	
10	0.09	0.3	-2	0	0	0	0	0	173	3	2	0	1	
10	0.1	0.3	-2	0	0	0	0	0	173	3	2	0	1	
10	0.11	0.3	-2	0	0	0	0	0	173	3	2	0	1	
10	0.12	0.3	-2	0	0	0	0	0	173	3	2	0	1	
10	0.13	0.3	-2	0	0	0	0	0	173	3	2	0	1	
10	0.14	0.3	-2	0	0	0	0	0	173	3	2	0	1	
10	0.15	0.3	-2	0	0	0	0	0	173	3	2	0	1	
10	0.16	0.3	-2	0	0	0	0	0	173	3	2	0	1	
10	0.17	0.3	-3	0	0	0	0	0	173	3	2	0	1	
10	0.18	0.3	-2	0	0	0	0	0	173	3	2	0	1	
10	0.19	0.3	-2	0	0	0	0	0	173	3	2	0	1	
10	0.2	0.3	-2	0	0	0	0	0	173	3	2	0	1	
10	0.21	0.3	-2	0	0	0	0	0	173	3	2	0	1	
10	0.22	0.3	-2	0	0	0	0	0	173	3	2	0	1	
10	0.23	0.3	-2	0	0	0	0	0	173	3	2	0	1	
10	0.24	0.3	-2	0	0	0	0	0	173	3	2	0	1	
10	0.25	0.3	-2	0	0	0	0	0	173	3	2	0	1	
10	0.26	0.3	-2	0	0	0	0	0	173	3	2	0	1	
10	0.27	0.3	-2	0	0	0	0	0	173	3	2	0	1	
10	0.28	0.3	-2	0	0	0	0	0	173	3	2	0	1	
10	0.29	0.3	-2	0	0	0	0	0	173	3	2	0	1	
10	0.3	0.3	-2	0	0	0	0	0	173	3	2	0	1	
13.7931	0.01	0.3	-3	0	0	0	0	0	173	3	2	0	1	
13.7931	0.02	0.3	-3	0	0	0	0	0	173	3	2	0	1	
13.7931	0.03	0.3	-3	0	0	0	0	0	173	3	2	0	1	
13.7931	0.04	0.3	-3	0	0	0	0	0	173	3	2	0	1	
13.7931	0.05	0.3	-2	0	0	0	0	0	173	3	2	0	1	
13.7931	0.06	0.3	-3	0	0	0	0	0	173	3	2	0	1	
13.7931	0.07	0.3	-2	0	0	0	0	0	173	3	2	0	1	
13.7931	0.08	0.3	-2	0	0	0	0	0	173	3	2	0	1	
13.7931	0.09	0.3	-2	0	0	0	0	0	173	3	2	0	1	
13.7931	0.1	0.3	-2	0	0	0	0	0	173	3	2	0	1	
13.7931	0.11	0.3	-2	0	0	0	0	0	173	3	2	0	1	
13.7931	0.12	0.3	-2	0	0	0	0	0	173	3	2	0	1	
13.7931	0.13	0.3	-2	0	0	0	0	0	173	3	2	0	1	
13.7931	0.14	0.3	-2	0	0	0	0	0	173	3	2	0	1	
13.7931	0.15	0.3	-2	0	0	0	0	0	173	3	2	0	1	
13.7931	0.16	0.3	-3	0	0	0	0	0	173	3	2	0	1	
13.7931	0.17	0.3	-3	0	0	0	0	0	173	3	2	0	1	
13.7931	0.18	0.3	-3	0	0	0	0	0	173	3	2	0	1	
13.7931	0.19	0.3	-2	0	0	0	0	0	173	3	2	0	1	
13.7931	0.2	0.3	-2	0	0	0	0	0	173	3	2	0	1	
13.7931	0.21	0.3	-2	0	0	0	0	0	173	3	2	0	1	
13.7931	0.22	0.3	-2	0	0	0	0	0	173	3	2	0	1	
13.7931	0.23	0.3	-2	0	0	0	0	0	173	3	2	0	1	
13.7931	0.24	0.3	-2	0	0	0	0	0	173	3	2	0	1	
13.7931	0.25	0.3	-2	0	0	0	0	0	173	3	2	0	1	
13.7931	0.26	0.3	-2	0	0	0	0	0	173	3	2	0	1	
13.7931	0.27	0.3	-2	0	0	0	0	0	173	3	2	0	1	
13.7931	0.28	0.3	-2	0	0	0	0	0	173	3	2	0	1	
13.7931	0.29	0.3	-2	0	0	0	0	0	173	3	2	0	1	
13.7931	0.3	0.3	-2	0	0	0	0	0	173	3	2	0	1	
17.5862	0.01	0.3	-3	0	0	0	0	0	173	3	2	0	1	
17.5862	0.02	0.3	-3	0	0	0	0	0	173	3	2	0	1	
17.5862	0.03	0.3	-3	0	0	0	0	0	173	3	2	0	1	
17.5862	0.04	0.3	-3	0	0	0	0	0	173	3	2	0	1	
17.5862	0.05	0.3	-3	0	0	0	0	0	173	3	2	0	1	
17.5862	0.06	0.3	-2	0	0	0	0	0	173	3	2	0	1	
17.5862	0.07	0.3	-2	0	0	0	0	0	173	3	2	0	1	
17.5862	0.08	0.3	-2	0	0	0	0	0	173	3	2	0	1	
17.5862	0.09	0.3	-2	0	0	0	0	0	173	3	2	0	1	
17.5862	0.1	0.3	-2	0	0	0	0	0	173	3	2	0	1	
17.5862	0.11	0.3	-2	0	0	0	0	0	173	3	2	0	1	
17.5862	0.12	0.3	-2	0	0	0	0	0	173	3	2	0	1	
17.5862	0.13	0.3	-2	0	0	0	0	0	173	3	2	0	1	
17.5862	0.14	0.3	-2	0	0	0	0	0	173	3	2	0	1	
17.5862	0.15	0.3	-2	0	0	0	0	0	173	3	2	0	1	
17.5862	0.16	0.3	1	44.8507	246.267	-4.89812e-05	-7.5644e-06	233.934	173	3	2	0	1	
17.5862	0.17	0.3	3	59.2857	243.554	1.20718e-05	-3.59741e-05	226.218	173	3	2	0	1	
17.5862	0.18	0.3	-3	0	0	0	0	0	173	3	2	0	1	
17.5862	0.19	0.3	-3	0	0	0	0	0	173	3	2	0	1	
17.5862	0.2	0.3	-2	0	0	0	0	0	173	3	2	0	1	
17.5862	0.21	0.3	-2	0	0	0	0	0	173	3	2	0	1	
17.5862	0.22	0.3	-2	0	0	0	0	0	173	3	2	0	1	
17.5862	0.23	0.3	-2	0	0	0	0	0	173	3	2	0	1	
17.5862	0.24	0.3	-2	0	0	0	0	0	173	3	2	0	1	
17.5862	0.25	0.3	-2	0	0	0	0	0	173	3	2	0	1	
17.5862	0.26	0.3	-2	0	0	0	0	0	173	3	2	0	1	
17.5862	0.27	0.3	-2	0	0	0	0	0	173	3	2	0	1	
17.5862	0.28	0.3	-2	0	0	0	0	0	173	3	2	0	1	
17.5862	0.29	0.3	-2	0	0	0	0	0	173	3	2	0	1	
17.5862	0.3	0.3	-2	0	0	0	0	0	173	3	2	0	1	
21.3793	0.01	0.3	-3	0	0	0	0	0	173	3	2	0	1	
21.3793	0.02	0.3	-3	0	0	0	0	0	173	3	2	0	1	
21.3793	0.03	0.3	-3	0	0	0	0	0	173	3	2	0	1	
21.3793	0.04	0.3	-3	0	0	0	0	0	173	3	2	0	1	
21.3793	0.05	0.3	-3	0	0	0	0	0	173	3	2	0	1	
21.3793	0.06	0.3	-2	0	0	0	0	0	173	3	2	0	1	
21.3793	0.07	0.3	-2	0	0	0	0	0	173	3	2	0	1	
21.3793	0.08	0.3	-2	0	0	0	0	0	173	3	2	0	1	
21.3793	0.09	0.3	-2	0	0	0	0	0	173	3	2	0	1	
21.3793	0.1	0.3	-2	0	0	0	0	0	173	3	2	0	1	
21.3793	0.11	0.3	-2	0	0	0	0	0	173	3	2	0	1	
21.3793	0.12	0.3	-2	0	0	0	0	0	173	3	2	0	1	
21.3793	0.13	0.3	-2	0	0	0	0	0	173	3	2	0	1	
21.3793	0.14	0.3	-2	0	0	0	0	0	173	3	2	0	1	
21.3793	0.15	0.3	1	30.258	-247.291	6.43332e-06	-1.14654e-05	239.983	173	3	2	0	1	
21.3793	0.16	0.3	1	53.9625	244.819	-2.11814e-06	-5.73055e-07	231.521	173	3	2	0	1	
21.3793	0.17	0.3	1	65.0363	241.857	-7.36923e-06	-6.27238e-06	223.887	173	3	2	0	1	
21.3793	0.18	0.3	-3	0	0	0	0	0	173	3	2	0	1	
21.3793	0.19	0.3	-3	0	0	0	0	0	173	3	2	0	1	
21.3793	0.2	0.3	-2	0	0	0	0	0	173	3	2	0	1	
21.3793	0.21	0.3	-2	0	0	0	0	0	173	3	2	0	1	
21.3793	0.22	0.3	-2	0	0	0	0	0	173	3	2	0	1	
21.3793	0.23	0.3	-2	0	0	0	0	0	173	3	2	0	1	
21.3793	0.24	0.3	-2	0	0	0	0	0	173	3	2	0	1	
21.3793	0.25	0.3	-2	0	0	0	0	0	173	3	2	0	1	
21.3793	0.26	0.3	-2	0	0	0	0	0	173	3	2	0	1	
21.3793	0.27	0.3	-2	0	0	0	0	0	173	3	2	0	1	
21.3793	0.28	0.3	-2	0	0	0	0	0	173	3	2	0	1	
21.3793	0.29	0.3	-2	0	0	0	0	0	173	3	2	0	1	
21.3793	0.3	0.3	-2	0	0	0	0	0	173	3	2	0	1	
25.1724	0.01	0.3	-3	0	0	0	0	0	173	3	2	0	1	
25.1724	0.02	0.3	-3	0	0	0	0	0	173	3	2	0	1	
25.1724	0.03	0.3	-3	0	0	0	0	0	173	3	2	0	1	
25.1724	0.04	0.3	-3	0	0	0	0	0	173	3	2	0	1	
25.1724	0.05	0.3	-2	0	0	0	0	0	173	3	2	0	1	
25.1724	0.06	0.3	-2	0	0	0	0	0	173	3	2	0	1	
25.1724	0.07	0.3	-2	0	0	0	0	0	173	3	2	0	1	
25.1724	0.08	0.3	-2	0	0	0	0	0	173	3	2	0	1	
25.1724	0.09	0.3	-2	0	0	0	0	0	173	3	2	0	1	
25.1724	0.1	0.3	-2	0	0	0	0	0	173	3	2	0	1	
25.1724	0.11	0.3	-2	0	0	0	0	0	173	3	2	0	1	
25.1724	0.12	0.3	-2	0	0	0	0	0	173	3	2	0	1	
25.1724	0.13	0.3	-2	0	0	0	0	0	173	3	2	0	1	
25.1724	0.14	0.3	-2	0	0	0	0	0	173	3	2	0	1	
25.1724	0.15	0.3	1	48.2851	245.834	8.38239e-06	-7.70518e-06	236.937	173	3	2	0	1	
25.1724	0.16	0.3	1	62.0154	242.833	-1.05089e-05	-3.92967e-05	228.64	173	3	2	0	1	
25.1724	0.17	0.3	1	70.9297	239.683	-1.22626e-05	-9.99039e-06	221.072	173	3	2	0	1	
25.1724	0.18	0.3	1	77.6746	236.557	-3.6287e-05	-1.63095e-06	214.179	173	3	2	0	1	
25.1724	0.19	0.3	-3	0	0	0	0	0	173	3	2	0	1	
25.1724	0.2	0.3	-3	0	0	0	0	0	173	3	2	0	1	
25.1724	0.21	0.3	-3	0	0	0	0	0	173	3	2	0	1	
25.1724	0.22	0.3	-2	0	0	0	0	0	173	3	2	0	1	
25.1724	0.23	0.3	-2	0	0	0	0	0	173	3	2	0	1	
25.1724	0.24	0.3	-2	0	0	0	0	0	173	3	2	0	1	
25.1724	0.25	0.3	-2	0	0	0	0	0	173	3	2	0	1	
25.1724	0.26	0.3	-2	0	0	0	0	0	173	3	2	0	1	
25.1724	0.27	0.3	-2	0	0	0	0	0	173	3	2	0	1	
25.1724	0.28	0.3	-2	0	0	0	0	0	173	3	2	0	1	
25.1724	0.29	0.3	-2	0	0	0	0	0	173	3	2	0	1	
25.1724	0.3	0.3	-3	0	0	0	0	0	173	3	2	0	1	
28.9655	0.01	0.3	-3	0	0	0	0	0	173	3	2	0	1	
28.9655	0.02	0.3	-3	0	0	0	0	0	173	3	2	0	1	
28.9655	0.03	0.3	-3	0	0	0	0	0	173	3	2	0	1	
28.9655	0.04	0.3	-3	0	0	0	0	0	173	3	2	0	1	
28.9655	0.05	0.3	-3	0	0	0	0	0	173	3	2	0	1	
28.9655	0.06	0.3	-2	0	0	0	0	0	173	3	2	0	1	
28.9655	0.07	0.3	-2	0	0	0	0	0	173	3	2	0	1	
28.9655	0.08	0.3	-2	0	0	0	0	0	173	3	2	0	1	
28.9655	0.09	0.3	-2	0	0	0	0	0	173	3	2	0	1	
28.9655	0.1	0.3	-2	0	0	0	0	0	173	3	2	0	1	
28.9655	0.11	0.3	-2	0	0	0	0	0	173	3	2	0	1	
28.9655	0.12	0.3	-2	0	0	0	0	0	173	3	2	0	1	
28.9655	0.13	0.3	-2	0	0	0	0	0	173	3	2	0	1	
28.9655	0.14	0.3	1	42.0063	246.61	4.26587e-06	-1.75759e-05	242.511	173	3	2	0	1	
28.9655	0.15	0.3	1	59.415	243.581	7.75809e-05	2.48642e-06	233.403	173	3	2	0	1	
28.9655	0.16	0.3	1	69.5137	240.284	-9.26644e-06	-1.32536e-05	225.204	173	3	2	0	1	
28.9655	0.17	0.3	1	76.8943	236.992	4.56476e-05	1.09169e-05	217.754	173	3	2	0	1	
28.9655	0.18	0.3	1	82.7461	233.783	2.74491e-06	-2.28905e-05	210.947	173	3	2	0	1	
28.9655	0.19	0.3	-3	0	0	0	0	0	173	3	2	0	1	
28.9655	0.2	0.3	-3	0	0	0	0	0	173	3	2	0	1	
28.9655	0.21	0.3	-3	0	0	0	0	0	173	3	2	0	1	
28.9655	0.22	0.3	-3	0	0	0	0	0	173	3	2	0	1	
28.9655	0.23	0.3	-3	0	0	0	0	0	173	3	2	0	1	
28.9655	0.24	0.3	-3	0	0	0	0	0	173	3	2	0	1	
28.9655	0.25	0.3	-3	0	0	0	0	0	173	3	2	0	1	
28.9655	0.26	0.3	-3	0	0	0	0	0	173	3	2	0	1	
28.9655	0.27	0.3	-3	0	0	0	0	0	173	3	2	0	1	
28.9655	0.28	0.3	-3	0	0	0	0	0	173	3	2	0	1	
28.9655	0.29	0.3	-3	0	0	0	0	0	173	3	2	0	1	
28.9655	0.3	0.3	-3	0	0	0	0	0	173	3	2	0	1	
32.7586	0.01	0.3	-3	0	0	0	0	0	173	3	2	0	1	
32.7586	0.02	0.3	-3	0	0	0	0	0	173	3	2	0	1	
32.7586	0.03	0.3	-3	0	0	0	0	0	173	3	2	0	1	
32.7586	0.04	0.3	-3	0	0	0	0	0	173	3	2	0	1	
32.7586	0.05	0.3	-2	0	0	0	0	0	173	3	2	0	1	
32.7586	0.06	0.3	-2	0	0	0	0	0	173	3	2	0	1	
32.7586	0.07	0.3	-2	0	0	0	0	0	173	3	2	0	1	
32.7586	0.08	0.3	-2	0	0	0	0	0	173	3	2	0	1	
32.7586	0.09	0.3	-2	0	0	0	0	0	173	3	2	0	1	
32.7586	0.1	0.3	-2	0	0	0	0	0	173	3	2	0	1	
32.7586	0.11	0.3	-2	0	0	0	0	0	173	3	2	0	1	
32.7586	0.12	0.3	-2	0	0	0	0	0	173	3	2	0	1	
32.7586	0.13	0.3	1	34.4621	-247.152	-4.13427e-06	-1.95024e-06	248.297	173	3	2	0	1	
32.7586	0.14	0.3	1	57.3682	244.116	-2.77268e-05	-9.16446e-06	238.271	173	3	2	0	1	
32.7586	0.15	0.3	1	68.6814	240.632	-1.80524e-05	3.79822e-05	229.326	173	3	2	0	1	
32.7586	0.16	0.3	1	76.6676	237.14	5.0524e-05	2.34657e-05	221.246	173	3	2	0	1	
32.7586	0.17	0.3	1	82.8902	233.741	3.89493e-05	-4.41851e-06	213.905	173	3	2	0	1	
32.7586	0.18	0.3	1	87.9872	230.466	1.09989e-05	3.00327e-05	207.196	173	3	2	0	1	
32.7586	0.19	0.3	-2	0	0	0	0	0	173	3	2	0	1	
32.7586	0.2	0.3	-3	0	0	0	0	0	173	3	2	0	1	
32.7586	0.21	0.3	-3	0	0	0	0	0	173	3	2	0	1	
32.7586	0.22	0.3	-3	0	0	0	0	0	173	3	2	0	1	
32.7586	0.23	0.3	-3	0	0	0	0	0	173	3	2	0	1	
32.7586	0.24	0.3	-3	0	0	0	0	0	173	3	2	0	1	
32.7586	0.25	0.3	-3	0	0	0	0	0	173	3	2	0	1	
32.7586	0.26	0.3	-3	0	0	0	0	0	173	3	2	0	1	
32.7586	0.27	0.3	-3	0	0	0	0	0	173	3	2	0	1	
32.7586	0.28	0.3	-3	0	0	0	0	0	173	3	2	0	1	
32.7586	0.29	0.3	-3	0	0	0	0	0	173	3	2	0	1	
32.7586	0.3	0.3	-3	0	0	0	0	0	173	3	2	0	1	
36.5517	0.01	0.3	-3	0	0	0	0	0	173	3	2	0	1	
36.5517	0.02	0.3	-3	0	0	0	0	0	173	3	2	0	1	
36.5517	0.03	0.3	-3	0	0	0	0	0	173	3	2	0	1	
36.5517	0.04	0.3	-3	0	0	0	0	0	173	3	2	0	1	
36.5517	0.05	0.3	-2	0	0	0	0	0	173	3	2	0	1	
36.5517	0.06	0.3	-2	0	0	0	0	0	173	3	2	0	1	
36.5517	0.07	0.3	-2	0	0	0	0	0	173	3	2	0	1	
36.5517	0.08	0.3	-2	0	0	0	0	0	173	3	2	0	1	
36.5517	0.09	0.3	-2	0	0	0	0	0	173	3	2	0	1	
36.5517	0.1	0.3	-2	0	0	0	0	0	173	3	2	0	1	
36.5517	0.11	0.3	-2	0	0	0	0	0	173	3	2	0	1	
36.5517	0.12	0.3	1	21.8652	-247.446	-2.37079e-05	-5.04147e-06	254.363	173	3	2	0	1	
36.5517	0.13	0.3	1	56.014	244.449	4.17036e-05	-4.62454e-06	243.262	173	3	2	0	1	
36.5517	0.14	0.3	1	68.4994	240.727	1.09377e-05	1.48565e-05	233.447	173	3	2	0	1	
36.5517	0.15	0.3	1	77.036	236.99	-4.50638e-05	6.30629e-06	224.656	173	3	2	0	1	
36.5517	0.16	0.3	1	83.5843	233.364	5.24616e-05	-1.13037e-05	216.713	173	3	2	0	1	
36.5517	0.17	0.3	1	88.894	229.885	3.9016e-07	-1.12897e-05	209.495	173	3	2	0	1	
36.5517	0.18	0.3	1	93.3471	226.562	-1.5511e-05	-5.28318e-05	202.897	173	3	2	0	1	
36.5517	0.19	0.3	-2	0	0	0	0	0	173	3	2	0	1	
36.5517	0.2	0.3	-3	0	0	0	0	0	173	3	2	0	1	
36.5517	0.21	0.3	-3	0	0	0	0	0	173	3	2	0	1	
36.5517	0.22	0.3	-3	0	0	0	0	0	173	3	2	0	1	
36.5517	0.23	0.3	-3	0	0	0	0	0	173	3	2	0	1	
36.5517	0.24	0.3	-3	0	0	0	0	0	173	3	2	0	1	
36.5517	0.25	0.3	-3	0	0	0	0	0	173	3	2	0	1	
36.5517	0.26	0.3	-3	0	0	0	0	0	173	3	2	0	1	
36.5517	0.27	0.3	-3	0	0	0	0	0	173	3	2	0	1	
36.5517	0.28	0.3	-3	0	0	0	0	0	173	3	2	0	1	
36.5517	0.29	0.3	-3	0	0	0	0	0	173	3	2	0	1	
36.5517	0.3	0.3	-3	0	0	0	0	0	173	3	2	0	1	
40.3448	0.01	0.3	-3	0	0	0	0	0	173	3	2	0	1	
40.3448	0.02	0.3	-3	0	0	0	0	0	173	3	2	0	1	
40.3448	0.03	0.3	-3	0	0	0	0	0	173	3	2	0	1	
40.3448	0.04	0.3	-3	0	0	0	0	0	173	3	2	0	1	
40.3448	0.05	0.3	-3	0	0	0	0	0	173	3	2	0	1	
40.3448	0.06	0.3	-2	0	0	0	0	0	173	3	2	0	1	
40.3448	0.07	0.3	-2	0	0	0	0	0	173	3	2	0	1	
40.3448	0.08	0.3	-2	0	0	0	0	0	173	3	2	0	1	
40.3448	0.09	0.3	-2	0	0	0	0	0	173	3	2	0	1	
40.3448	0.1	0.3	-2	0	0	0	0	0	173	3	2	0	1	
40.3448	0.11	0.3	-2	0	0	0	0	0	173	3	2	0	1	
40.3448	0.12	0.3	1	55.4824	-244.583	-1.60067e-05	2.01912e-05	248.425	173	3	2	0	1	
40.3448	0.13	0.3	1	69.0137	240.556	-8.09338e-06	-8.54037e-06	237.597	173	3	2	0	1	
40.3448	0.14	0.3	1	78.0241	236.52	-3.16421e-05	1.29436e-05	227.988	173	3	2	0	1	
40.3448	0.15	0.3	1	84.8439	232.625	-3.27037e-06	-1.67969e-05	219.355	173	3	2	0	1	
40.3448	0.16	0.3	1	90.3251	228.908	-3.68534e-06	7.9193e-05	211.564	173	3	2	0	1	
40.3448	0.17	0.3	1	94.891	225.373	1.44561e-05	3.62558e-05	204.483	173	3	2	0	1	
40.3448	0.18	0.3	1	98.7887	222.009	9.95914e-05	4.49897e-05	198.008	173	3	2	0	1	
40.3448	0.19	0.3	1	102.175	218.815	3.16723e-05	9.33625e-07	192.059	173	3	2	0	1	
40.3448	0.2	0.3	-2	0	0	0	0	0	173	3	2	0	1	
40.3448	0.21	0.3	-3	0	0	0	0	0	173	3	2	0	1	
40.3448	0.22	0.3	-3	0	0	0	0	0	173	3	2	0	1	
40.3448	0.23	0.3	-3	0	0	0	0	0	173	3	2	0	1	
40.3448	0.24	0.3	-3	0	0	0	0	0	173	3	2	0	1	
40.3448	0.25	0.3	-3	0	0	0	0	0	173	3	2	0	1	
40.3448	0.26	0.3	-3	0	0	0	0	0	173	3	2	0	1	
40.3448	0.27	0.3	-3	0	0	0	0	0	173	3	2	0	1	
40.3448	0.28	0.3	-3	0	0	0	0	0	173	3	2	0	1	
40.3448	0.29	0.3	-3	0	0	0	0	0	173	3	2	0	1	
40.3448	0.3	0.3	-3	0	0	0	0	0	173	3	2	0	1	
44.1379	0.01	0.3	-3	0	0	0	0	0	173	3	2	0	1	
44.1379	0.02	0.3	-3	0	0	0	0	0	173	3	2	0	1	
44.1379	0.03	0.3	-3	0	0	0	0	0	173	3	2	0	1	
44.1379	0.04	0.3	-3	0	0	0	0	0	173	3	2	0	1	
44.1379	0.05	0.3	-2	0	0	0	0	0	173	3	2	0	1	
44.1379	0.06	0.3	-2	0	0	0	0	0	173	3	2	0	1	
44.1379	0.07	0.3	-2	0	0	0	0	0	173	3	2	0	1	
44.1379	0.08	0.3	-2	0	0	0	0	0	173	3	2	0	1	
44.1379	0.09	0.3	-2	0	0	0	0	0	173	3	2	0	1	
44.1379	0.1	0.3	-2	0	0	0	0	0	173	3	2	0	1	
44.1379	0.11	0.3	1	55.8335	244.521	-3.82535e-05	3.17057e-06	253.828	173	3	2	0	1	
44.1379	0.12	0.3	1	70.2359	240.103	4.6733e-06	1.39055e-08	241.8	173	3	2	0	1	
44.1379	0.13	0.3	1	79.6352	235.702	8.06191e-06	3.91117e-06	231.222	173	3	2	0	1	
44.1379	0.14	0.3	1	86.6728	231.487	6.34262e-06	7.42496e-06	221.811	173	3	2	0	1	
44.1379	0.15	0.3	1	92.2832	227.493	2.06106e-05	3.76355e-05	213.371	173	3	2	0	1	
44.1379	0.16	0.3	1	96.9274	223.717	3.46734e-06	-1.07607e-06	205.749	173	3	2	0	1	
44.1379	0.17	0.3	1	100.871	220.146	2.39253e-06	-5.2209e-06	198.819	173	3	2	0	1	
44.1379	0.18	0.3	1	104.284	216.76	-3.84966e-05	9.89267e-06	192.483	173	3	2	0	1	
44.1379	0.19	0.3	1	107.28	213.552	-4.28271e-05	-1.31062e-05	186.659	173	3	2	0	1	
44.1379	0.2	0.3	-2	0	0	0	0	0	173	3	2	0	1	
44.1379	0.21	0.3	-3	0	0	0	0	0	173	3	2	0	1	
44.1379	0.22	0.3	-3	0	0	0	0	0	173	3	2	0	1	
44.1379	0.23	0.3	-3	0	0	0	0	0	173	3	2	0	1	
44.1379	0.24	0.3	-3	0	0	0	0	0	173	3	2	0	1	
44.1379	0.25	0.3	-3	0	0	0	0	0	173	3	2	0	1	
44.1379	0.26	0.3	-3	0	0	0	0	0	173	3	2	0	1	
44.1379	0.27	0.3	-3	0	0	0	0	0	173	3	2	0	1	
44.1379	0.28	0.3	-3	0	0	0	0	0	173	3	2	0	1	
44.1379	0.29	0.3	-3	0	0	0	0	0	173	3	2	0	1	
44.1379	0.3	0.3	-3	0	0	0	0	0	173	3	2	0	1	
47.931	0.01	0.3	-3	0	0	0	0	0	173	3	2	0	1	
47.931	0.02	0.3	-3	0	0	0	0	0	173	3	2	0	1	
47.931	0.03	0.3	-3	0	0	0	0	0	173	3	2	0	1	
47.931	0.04	0.3	-2	0	0	0	0	0	173	3	2	0	1	
47.931	0.05	0.3	-2	0	0	0	0	0	173	3	2	0	1	
47.931	0.06	0.3	-2	0	0	0	0	0	173	3	2	0	1	
47.931	0.07	0.3	-2	0	0	0	0	0	173	3	2	0	1	
47.931	0.08	0.3	-2	0	0	0	0	0	173	3	2	0	1	
47.931	0.09	0.3	-2	0	0	0	0	0	173	3	2	0	1	
47.931	0.1	0.3	1	57.0565	244.258	1.62774e-05	4.21852e-06	259.566	173	3	2	0	1	
47.931	0.11	0.3	1	72.1543	239.336	2.43913e-05	6.51322e-06	246.09	173	3	2	0	1	
47.931	0.12	0.3	1	81.8627	234.492	-3.17701e-05	-2.44532e-05	234.37	173	3	2	0	1	
47.931	0.13	0.3	1	89.0654	229.898	2.19777e-06	-4.33105e-05	224.053	173	3	2	0	1	
47.931	0.14	0.3	1	94.7644	225.581	-7.74286e-06	-2.30131e-05	214.871	173	3	2	0	1	
47.931	0.15	0.3	1	99.4535	221.529	3.80881e-06	-2.65885e-05	206.64	173	3	2	0	1	
47.931	0.16	0.3	1	103.415	217.719	-2.67375e-05	2.95557e-05	199.204	173	3	2	0	1	
47.931	0.17	0.3	1	106.828	214.129	-9.46688e-06	-8.2432e-06	192.442	173	3	2	0	1	
47.931	0.18	0.3	1	109.817	210.736	4.54111e-06	-8.93398e-06	186.258	173	3	2	0	1	
47.931	0.19	0.3	1	112.461	207.516	-5.23258e-06	8.97247e-07	180.573	173	3	2	0	1	
47.931	0.2	0.3	-2	0	0	0	0	0	173	3	2	0	1	
47.931	0.21	0.3	-2	0	0	0	0	0	173	3	2	0	1	
47.931	0.22	0.3	-3	0	0	0	0	0	173	3	2	0	1	
47.931	0.23	0.3	-3	0	0	0	0	0	173	3	2	0	1	
47.931	0.24	0.3	-3	0	0	0	0	0	173	3	2	0	1	
47.931	0.25	0.3	-3	0	0	0	0	0	173	3	2	0	1	
47.931	0.26	0.3	-3	0	0	0	0	0	173	3	2	0	1	
47.931	0.27	0.3	-3	0	0	0	0	0	173	3	2	0	1	
47.931	0.28	0.3	-3	0	0	0	0	0	173	3	2	0	1	
47.931	0.29	0.3	-3	0	0	0	0	0	173	3	2	0	1	
47.931	0.3	0.3	-3	0	0	0	0	0	173	3	2	0	1	
51.7241	0.01	0.3	-3	0	0	0	0	0	173	3	2	0	1	
51.7241	0.02	0.3	-3	0	0	0	0	0	173	3	2	0	1	
51.7241	0.03	0.3	-3	0	0	0	0	0	173	3	2	0	1	
51.7241	0.04	0.3	-3	0	0	0	0	0	173	3	2	0	1	
51.7241	0.05	0.3	-2	0	0	0	0	0	173	3	2	0	1	
51.7241	0.06	0.3	-2	0	0	0	0	0	173	3	2	0	1	
51.7241	0.07	0.3	-2	0	0	0	0	0	173	3	2	0	1	
51.7241	0.08	0.3	-2	0	0	0	0	0	173	3	2	0	1	
51.7241	0.09	0.3	1	59.0544	-243.784	-3.1368e-07	2.12468e-05	265.775	173	3	2	0	1	
51.7241	0.1	0.3	1	74.7225	238.221	-1.55551e-05	3.54853e-06	250.517	173	3	2	0	1	
51.7241	0.11	0.3	1	84.6849	232.836	4.11773e-06	-2.57431e-05	237.427	173	3	2	0	1	
51.7241	0.12	0.3	1	92.0104	227.791	6.97505e-06	-5.5053e-06	226.043	173	3	2	0	1	
51.7241	0.13	0.3	1	97.7615	223.098	2.90334e-06	2.4935e-05	216.003	173	3	2	0	1	
51.7241	0.14	0.3	1	102.464	218.728	-2.08753e-06	-1.24835e-05	207.08	173	3	2	0	1	
51.7241	0.15	0.3	1	106.416	214.647	1.11579e-05	1.06606e-05	199.078	173	3	2	0	1	
51.7241	0.16	0.3	1	109.803	210.826	-6.97721e-05	6.02443e-06	191.848	173	3	2	0	1	
51.7241	0.17	0.3	1	112.755	207.233	3.02308e-05	-8.3525e-05	185.272	173	3	2	0	1	
51.7241	0.18	0.3	1	115.36	203.841	-1.17042e-05	-1.2726e-05	179.256	173	3	2	0	1	
51.7241	0.19	0.3	1	117.683	200.628	9.71686e-06	-6.00456e-05	173.724	173	3	2	0	1	
51.7241	0.2	0.3	1	119.774	197.573	-2.46297e-05	4.88749e-06	168.613	173	3	2	0	1	
51.7241	0.21	0.3	-2	0	0	0	0	0	173	3	2	0	1	
51.7241	0.22	0.3	-2	0	0	0	0	0	173	3	2	0	1	
51.7241	0.23	0.3	-3	0	0	0	0	0	173	3	2	0	1	
51.7241	0.24	0.3	-3	0	0	0	0	0	173	3	2	0	1	
51.7241	0.25	0.3	-3	0	0	0	0	0	173	3	2	0	1	
51.7241	0.26	0.3	-3	0	0	0	0	0	173	3	2	0	1	
51.7241	0.27	0.3	-3	0	0	0	0	0	173	3	2	0	1	
51.7241	0.28	0.3	-3	0	0	0	0	0	173	3	2	0	1	
51.7241	0.29	0.3	-3	0	0	0	0	0	173	3	2	0	1	
51.7241	0.3	0.3	-3	0	0	0	0	0	173	3	2	0	1	
55.5172	0.01	0.3	-3	0	0	0	0	0	173	3	2	0	1	
55.5172	0.02	0.3	-3	0	0	0	0	0	173	3	2	0	1	
55.5172	0.03	0.3	-3	0	0	0	0	0	173	3	2	0	1	
55.5172	0.04	0.3	-3	0	0	0	0	0	173	3	2	0	1	
55.5172	0.05	0.3	-2	0	0	0	0	0	173	3	2	0	1	
55.5172	0.06	0.3	-2	0	0	0	0	0	173	3	2	0	1	
55.5172	0.07	0.3	-2	0	0	0	0	0	173	3	2	0	1	
55.5172	0.08	0.3	1	61.6839	243.087	-1.76332e-05	-9.05752e-06	272.655	173	3	2	0	1	
55.5172	0.09	0.3	1	77.8872	236.709	1.39267e-05	-5.3267e-06	255.151	173	3	2	0	1	
55.5172	0.1	0.3	1	88.0733	230.662	8.66269e-07	-5.64663e-06	240.383	173	3	2	0	1	
55.5172	0.11	0.3	1	95.4957	225.075	-7.88835e-05	2.29639e-06	227.729	173	3	2	0	1	
55.5172	0.12	0.3	1	101.267	219.944	1.80934e-05	8.69534e-08	216.682	173	3	2	0	1	
55.5172	0.13	0.3	1	105.953	215.209	-3.53961e-05	9.26809e-06	206.968	173	3	2	0	1	
55.5172	0.14	0.3	1	109.867	210.823	9.44909e-06	-1.04085e-05	198.329	173	3	2	0	1	
55.5172	0.15	0.3	1	113.206	206.741	6.27855e-06	-5.33971e-06	190.58	173	3	2	0	1	
55.5172	0.16	0.3	1	116.101	202.924	2.12916e-05	-3.08705e-05	183.577	173	3	2	0	1	
55.5172	0.17	0.3	1	118.647	199.349	-7.65828e-06	-6.98473e-05	177.205	173	3	2	0	1	
55.5172	0.18	0.3	1	120.909	195.958	-2.51622e-05	1.84036e-05	171.374	173	3	2	0	1	
55.5172	0.19	0.3	1	122.938	192.755	-2.56994e-05	6.55691e-06	166.009	173	3	2	0	1	
55.5172	0.2	0.3	1	124.774	189.713	2.33137e-06	1.33882e-05	161.05	173	3	2	0	1	
55.5172	0.21	0.3	-2	0	0	0	0	0	173	3	2	0	1	
55.5172	0.22	0.3	-2	0	0	0	0	0	173	3	2	0	1	
55.5172	0.23	0.3	-2	0	0	0	0	0	173	3	2	0	1	
55.5172	0.24	0.3	-3	0	0	0	0	0	173	3	2	0	1	
55.5172	0.25	0.3	-3	0	0	0	0	0	173	3	2	0	1	
55.5172	0.26	0.3	-3	0	0	0	0	0	173	3	2	0	1	
55.5172	0.27	0.3	-3	0	0	0	0	0	173	3	2	0	1	
55.5172	0.28	0.3	-3	0	0	0	0	0	173	3	2	0	1	
55.5172	0.29	0.3	-3	0	0	0	0	0	173	3	2	0	1	
55.5172	0.3	0.3	-3	0	0	0	0	0	173	3	2	0	1	
59.3103	0.01	0.3	-3	0	0	0	0	0	173	3	2	0	1	
59.3103	0.02	0.3	-3	0	0	0	0	0	173	3	2	0	1	
59.3103	0.03	0.3	-3	0	0	0	0	0	173	3	2	0	1	
59.3103	0.04	0.3	-2	0	0	0	0	0	173	3	2	0	1	
59.3103	0.05	0.3	-2	0	0	0	0	0	173	3	2	0	1	
59.3103	0.06	0.3	-2	0	0	0	0	0	173	3	2	0	1	
59.3103	0.07	0.3	1	64.744	242.17	-2.35355e-05	-2.06077e-05	280.521	173	3	2	0	1	
59.3103	0.08	0.3	1	81.5883	234.743	-3.82959e-05	-4.79657e-06	260.095	173	3	2	0	1	
59.3103	0.09	0.3	1	92.0156	227.869	-1.60846e-06	-2.49908e-06	243.224	173	3	2	0	1	
59.3103	0.1	0.3	1	99.5054	221.638	-3.75652e-05	5.3374e-06	229.029	173	3	2	0	1	
59.3103	0.11	0.3	1	105.277	215.984	7.00565e-06	-3.43312e-06	216.789	173	3	2	0	1	
59.3103	0.12	0.3	1	109.923	210.825	9.27443e-06	-6.62563e-06	206.158	173	3	2	0	1	
59.3103	0.13	0.3	1	113.769	206.095	2.50916e-05	1.17288e-05	196.8	173	3	2	0	1	
59.3103	0.14	0.3	1	117.033	201.721	-4.66572e-05	-2.25319e-05	188.475	173	3	2	0	1	
59.3103	0.15	0.3	1	119.849	197.657	1.18059e-05	-3.86144e-05	181.004	173	3	2	0	1	
59.3103	0.16	0.3	1	122.314	193.86	-1.18184e-05	-1.3796e-05	174.25	173	3	2	0	1	
59.3103	0.17	0.3	1	124.496	190.299	8.91497e-06	-7.8851e-06	168.101	173	3	2	0	1	
59.3103	0.18	0.3	1	126.448	186.928	1.06827e-06	-2.13902e-06	162.471	173	3	2	0	1	
59.3103	0.19	0.3	1	128.208	183.74	4.27027e-06	7.08869e-06	157.289	173	3	2	0	1	
59.3103	0.2	0.3	1	129.807	180.712	1.117e-05	-1.20832e-05	152.496	173	3	2	0	1	
59.3103	0.21	0.3	1	131.27	177.823	7.41595e-05	-5.0847e-06	148.043	173	3	2	0	1	
59.3103	0.22	0.3	-2	0	0	0	0	0	173	3	2	0	1	
59.3103	0.23	0.3	-2	0	0	0	0	0	173	3	2	0	1	
59.3103	0.24	0.3	-2	0	0	0	0	0	173	3	2	0	1	
59.3103	0.25	0.3	-3	0	0	0	0	0	173	3	2	0	1	
59.3103	0.26	0.3	-3	0	0	0	0	0	173	3	2	0	1	
59.3103	0.27	0.3	-3	0	0	0	0	0	173	3	2	0	1	
59.3103	0.28	0.3	-3	0	0	0	0	0	173	3	2	0	1	
59.3103	0.29	0.3	-3	0	0	0	0	0	173	3	2	0	1	
59.3103	0.3	0.3	-3	0	0	0	0	0	173	3	2	0	1	
63.1034	0.01	0.3	-3	0	0	0	0	0	173	3	2	0	1	
63.1034	0.02	0.3	-3	0	0	0	0	0	173	3	2	0	1	
63.1034	0.03	0.3	-3	0	0	0	0	0	173	3	2	0	1	
63.1034	0.04	0.3	-2	0	0	0	0	0	173	3	2	0	1	
63.1034	0.05	0.3	-2	0	0	0	0	0	173	3	2	0	1	
63.1034	0.06	0.3	1	68.0058	241.063	1.80688e-06	-1.67943e-05	289.889	173	3	2	0	1	
63.1034	0.07	0.3	1	85.7677	-232.252	1.43078e-05	-4.32447e-05	265.516	173	3	2	0	1	
63.1034	0.08	0.3	1	96.4887	224.333	-2.34277e-06	-1.6744e-05	245.931	173	3	2	0	1	
63.1034	0.09	0.3	1	104.05	217.307	2.02559e-06	4.31507e-05	229.795	173	3	2	0	1	
63.1034	0.1	0.3	1	109.797	211.036	5.94257e-06	-9.61373e-06	216.146	173	3	2	0	1	
63.1034	0.11	0.3	1	114.368	205.391	3.12176e-07	-7.88806e-06	204.447	173	3	2	0	1	
63.1034	0.12	0.3	1	118.124	200.261	-1.44475e-05	-1.75786e-05	194.267	173	3	2	0	1	
63.1034	0.13	0.3	1	121.286	195.56	-3.85472e-06	2.17256e-06	185.3	173	3	2	0	1	
63.1034	0.14	0.3	1	123.998	191.221	1.71164e-05	-4.57555e-06	177.32	173	3	2	0	1	
63.1034	0.15	0.3	1	126.359	187.19	-9.20443e-06	-2.31708e-05	170.155	173	3	2	0	1	
63.1034	0.16	0.3	1	128.441	183.429	-1.34297e-05	7.49493e-06	163.673	173	3	2	0	1	
63.1034	0.17	0.3	1	130.296	179.882	1.40389e-06	3.02006e-06	157.768	173	3	2	0	1	
63.1034	0.18	0.3	1	131.964	176.536	-3.13024e-07	-4.72427e-06	152.356	173	3	2	0	1	
63.1034	0.19	0.3	1	133.476	173.366	-6.67271e-06	-1.0503e-05	147.371	173	3	2	0	1	
63.1034	0.2	0.3	1	134.854	170.351	4.28884e-05	-4.42352e-06	142.755	173	3	2	0	1	
63.1034	0.21	0.3	1	136.119	167.474	-1.99097e-05	-1.86076e-05	138.464	173	3	2	0	1	
63.1034	0.22	0.3	-2	0	0	0	0	0	173	3	2	0	1	
63.1034	0.23	0.3	-2	0	0	0	0	0	173	3	2	0	1	
63.1034	0.24	0.3	-2	0	0	0	0	0	173	3	2	0	1	
63.1034	0.25	0.3	-2	0	0	0	0	0	173	3	2	0	1	
63.1034	0.26	0.3	-2	0	0	0	0	0	173	3	2	0	1	
63.1034	0.27	0.3	1	139.028	160.56	9.38594e-06	-5.00843e-06	118.544	173	3	2	0	1	
63.1034	0.28	0.3	-3	0	0	0	0	0	173	3	2	0	1	
63.1034	0.29	0.3	-3	0	0	0	0	0	173	3	2	0	1	
63.1034	0.3	0.3	-3	0	0	0	0	0	173	3	2	0	1	
66.8966	0.01	0.3	-3	0	0	0	0	0	173	3	2	0	1	
66.8966	0.02	0.3	-3	0	0	0	0	0	173	3	2	0	1	
66.8966	0.03	0.3	-2	0	0	0	0	0	173	3	2	0	1	
66.8966	0.04	0.3	-2	0	0	0	0	0	173	3	2	0	1	
66.8966	0.05	0.3	1	71.1437	239.869	1.58245e-05	1.88456e-05	301.679	173	3	2	0	1	
66.8966	0.06	0.3	1	90.3695	229.158	-1.16609e-05	-7.91692e-06	271.689	173	3	2	0	1	
66.8966	0.07	0.3	1	101.499	219.873	-9.50405e-06	-3.98577e-06	248.47	173	3	2	0	1	
66.8966	0.08	0.3	1	109.144	211.853	-8.97191e-06	-4.11131e-05	229.876	173	3	2	0	1	
66.8966	0.09	0.3	1	114.844	204.837	-1.13837e-05	2.16977e-05	214.484	173	3	2	0	1	
66.8966	0.1	0.3	1	119.313	198.617	-2.5042e-06	1.17558e-05	201.522	173	3	2	0	1	
66.8966	0.11	0.3	1	122.943	193.033	-7.74671e-06	-1.04977e-05	190.401	173	3	2	0	1	
66.8966	0.12	0.3	1	125.971	187.964	3.90533e-05	1.00993e-06	180.718	173	3	2	0	1	
66.8966	0.13	0.3	1	128.55	183.321	9.25471e-06	-1.52142e-05	172.184	173	3	2	0	1	
66.8966	0.14	0.3	1	130.782	179.033	3.17664e-05	-9.85295e-06	164.583	173	3	2	0	1	
66.8966	0.15	0.3	1	132.741	175.05	1.48203e-05	5.94101e-06	157.752	173	3	2	0	1	
66.8966	0.16	0.3	1	134.479	171.312	-4.77023e-05	1.77283e-06	151.565	173	3	2	0	1	
66.8966	0.17	0.3	1	136.036	167.796	-5.07497e-05	-1.03762e-05	145.922	173	3	2	0	1	
66.8966	0.18	0.3	1	137.443	164.472	-3.21821e-05	-4.11199e-05	140.745	173	3	2	0	1	
66.8966	0.19	0.3	1	138.723	161.318	-1.83064e-05	-1.09627e-06	135.969	173	3	2	0	1	
66.8966	0.2	0.3	1	139.895	158.314	1.46145e-05	-2.04726e-05	131.542	173	3	2	0	1	
66.8966	0.21	0.3	1	140.974	155.445	-1.23336e-05	6.34459e-06	127.419	173	3	2	0	1	
66.8966	0.22	0.3	1	141.972	152.696	3.15819e-05	-1.36177e-05	123.565	173	3	2	0	1	
66.8966	0.23	0.3	-2	0	0	0	0	0	173	3	2	0	1	
66.8966	0.24	0.3	-2	0	0	0	0	0	173	3	2	0	1	
66.8966	0.25	0.3	-2	0	0	0	0	0	173	3	2	0	1	
66.8966	0.26	0.3	-2	0	0	0	0	0	173	3	2	0	1	
66.8966	0.27	0.3	-2	0	0	0	0	0	173	3	2	0	1	
66.8966	0.28	0.3	-2	0	0	0	0	0	173	3	2	0	1	
66.8966	0.29	0.3	-3	0	0	0	0	0	173	3	2	0	1	
66.8966	0.3	0.3	-2	0	0	0	0	0	173	3	2	0	1	
70.6897	0.01	0.3	-3	0	0	0	0	0	173	3	2	0	1	
70.6897	0.02	0.3	-2	0	0	0	0	0	173	3	2	0	1	
70.6897	0.03	0.3	-2	0	0	0	0	0	173	3	2	0	1	
70.6897	0.04	0.3	1	73.567	238.859	-1.73153e-07	3.44982e-06	317.691	173	3	2	0	1	
70.6897	0.05	0.3	1	95.3332	225.375	-2.78806e-05	-2.87239e-06	279.115	173	3	2	0	1	
70.6897	0.06	0.3	1	107.075	214.227	-7.24121e-05	1.63867e-06	250.78	173	3	2	0	1	
70.6897	0.07	0.3	1	114.828	204.926	2.69116e-05	-6.96645e-06	228.972	173	3	2	0	1	
70.6897	0.08	0.3	1	120.456	196.994	2.32523e-07	-4.98754e-06	211.369	173	3	2	0	1	
70.6897	0.09	0.3	1	124.782	190.093	-1.95547e-05	-1.7469e-05	196.895	173	3	2	0	1	
70.6897	0.1	0.3	1	128.246	183.985	1.12288e-05	-3.19563e-05	184.691	173	3	2	0	1	
70.6897	0.11	0.3	1	131.103	178.5	4.97723e-06	-2.54884e-06	174.212	173	3	2	0	1	
70.6897	0.12	0.3	1	133.514	173.518	-8.18744e-06	-7.65677e-06	165.08	173	3	2	0	1	
70.6897	0.13	0.3	1	135.586	168.949	-5.39089e-06	-2.05233e-05	157.02	173	3	2	0	1	
70.6897	0.14	0.3	1	137.394	164.732	1.10485e-05	-1.1234e-05	149.832	173	3	2	0	1	
70.6897	0.15	0.3	1	138.99	160.778	7.35089e-06	-4.5384e-06	143.362	173	3	2	0	1	
70.6897	0.16	0.3	1	140.415	157.076	-3.63334e-05	2.81928e-05	137.491	173	3	2	0	1	
70.6897	0.17	0.3	1	141.698	153.588	9.72386e-06	-8.15476e-06	132.127	173	3	2	0	1	
70.6897	0.18	0.3	1	142.862	150.29	1.97103e-06	1.90688e-05	127.195	173	3	2	0	1	
70.6897	0.19	0.3	1	143.925	147.165	-1.00362e-05	-2.54816e-05	122.635	173	3	2	0	1	
70.6897	0.2	0.3	1	144.901	144.231	-7.65688e-07	-1.14894e-05	118.399	173	3	2	0	1	
70.6897	0.21	0.3	1	145.801	141.341	3.58118e-05	-1.73728e-05	114.445	173	3	2	0	1	
70.6897	0.22	0.3	1	146.637	138.481	1.06974e-05	-1.60302e-05	110.738	173	3	2	0	1	
70.6897	0.23	0.3	1	147.417	135.752	-2.22357e-05	7.67518e-06	107.251	173	3	2	0	1	
70.6897	0.24	0.3	-2	0	0	0	0	0	173	3	2	0	1	
70.6897	0.25	0.3	-2	0	0	0	0	0	173	3	2	0	1	
70.6897	0.26	0.3	-2	0	0	0	0	0	173	3	2	0	1	
70.6897	0.27	0.3	-2	0	0	0	0	0	173	3	2	0	1	
70.6897	0.28	0.3	-2	0	0	0	0	0	173	3	2	0	1	
70.6897	0.29	0.3	-2	0	0	0	0	0	173	3	2	0	1	
70.6897	0.3	0.3	-2	0	0	0	0	0	173	3	2	0	1	
74.4828	0.01	0.3	-3	0	0	0	0	0	173	3	2	0	1	
74.4828	0.02	0.3	-2	0	0	0	0	0	173	3	2	0	1	
74.4828	0.03	0.3	1	73.8054	238.773	1.57335e-05	1.90476e-06	341.992	173	3	2	0	1	
74.4828	0.04	0.3	1	100.56	220.85	7.52128e-06	1.07571e-05	288.81	173	3	2	0	1	
74.4828	0.05	0.3	1	113.285	206.982	-1.55701e-05	2.02289e-05	252.745	173	3	2	0	1	
74.4828	0.06	0.3	1	121.186	195.961	1.06991e-05	8.31302e-06	226.433	173	3	2	0	1	
74.4828	0.07	0.3	1	126.696	186.88	-6.79781e-06	-3.38606e-06	206.05	173	3	2	0	1	
74.4828	0.08	0.3	1	130.823	179.16	-1.59806e-05	-3.72668e-06	189.745	173	3	2	0	1	
74.4828	0.09	0.3	1	134.065	172.441	7.28255e-06	-4.92169e-06	176.294	173	3	2	0	1	
74.4828	0.1	0.3	1	136.7	166.485	-1.77103e-05	-4.30888e-05	164.937	173	3	2	0	1	
74.4828	0.11	0.3	1	138.899	161.127	1.01179e-05	3.02963e-05	155.17	173	3	2	0	1	
74.4828	0.12	0.3	1	140.772	156.251	-2.76477e-05	1.93286e-08	146.641	173	3	2	0	1	
74.4828	0.13	0.3	1	142.395	151.837	1.50412e-05	-2.92775e-05	139.096	173	3	2	0	1	
74.4828	0.14	0.3	1	143.819	147.616	-2.04726e-05	-1.99568e-06	132.348	173	3	2	0	1	
74.4828	0.15	0.3	1	145.084	143.795	-2.92031e-06	1.38031e-05	126.257	173	3	2	0	1	
74.4828	0.16	0.3	1	146.217	140.042	9.25777e-06	-6.45653e-06	120.713	173	3	2	0	1	
74.4828	0.17	0.3	1	147.245	136.47	-2.14085e-05	-2.24871e-06	115.629	173	3	2	0	1	
74.4828	0.18	0.3	1	148.181	133.081	5.28101e-05	9.75302e-06	110.937	173	3	2	0	1	
74.4828	0.19	0.3	1	149.041	129.84	-2.46218e-06	-2.6324e-06	106.581	173	3	2	0	1	
74.4828	0.2	0.3	1	149.834	126.715	3.96052e-06	2.58006e-06	102.515	173	3	2	0	1	
74.4828	0.21	0.3	1	150.569	123.709	1.21164e-05	-1.44384e-05	98.702	173	3	2	0	1	
74.4828	0.22	0.3	1	151.253	120.79	-2.52959e-05	-2.44019e-05	95.11	173	3	2	0	1	
74.4828	0.23	0.3	1	151.893	117.957	2.10879e-06	-3.90283e-06	91.7122	173	3	2	0	1	
74.4828	0.24	0.3	1	152.493	115.178	3.16513e-05	-1.08463e-05	88.4856	173	3	2	0	1	
74.4828	0.25	0.3	1	153.057	112.473	5.04388e-05	-4.32063e-05	85.4105	173	3	2	0	1	
74.4828	0.26	0.3	-2	0	0	0	0	0	173	3	2	0	1	
74.4828	0.27	0.3	-2	0	0	0	0	0	173	3	2	0	1	
74.4828	0.28	0.3	-2	0	0	0	0	0	173	3	2	0	1	
74.4828	0.29	0.3	-2	0	0	0	0	0	173	3	2	0	1	
74.4828	0.3	0.3	-2	0	0	0	0	0	173	3	2	0	1	
78.2759	0.01	0.3	-3	0	0	0	0	0	173	3	2	0	1	
78.2759	0.02	0.3	1	66.1063	241.799	-1.63156e-05	2.2808e-06	385.938	173	3	2	0	1	
78.2759	0.03	0.3	1	105.828	215.669	2.25108e-05	6.42418e-06	303.164	173	3	2	0	1	
78.2759	0.04	0.3	1	120.272	197.424	-2.05665e-05	-4.44271e-06	254.105	173	3	2	0	1	
78.2759	0.05	0.3	1	128.368	183.953	3.53204e-05	-7.82141e-06	221.179	173	3	2	0	1	
78.2759	0.06	0.3	1	133.691	173.36	-1.55288e-05	3.65197e-06	197.095	173	3	2	0	1	
78.2759	0.07	0.3	1	137.524	164.642	-1.09447e-05	-3.4703e-06	178.551	173	3	2	0	1	
78.2759	0.08	0.3	1	140.455	157.221	1.51304e-06	-3.3304e-06	163.678	173	3	2	0	1	
78.2759	0.09	0.3	1	142.787	150.767	-7.46044e-06	-2.4585e-05	151.38	173	3	2	0	1	
78.2759	0.1	0.3	1	144.71	145.057	3.785e-05	-2.52476e-05	140.964	173	3	2	0	1	
78.2759	0.11	0.3	1	146.329	139.836	2.45401e-05	-2.16078e-05	131.971	173	3	2	0	1	
78.2759	0.12	0.3	1	147.721	134.902	3.0702e-05	2.05974e-05	124.081	173	3	2	0	1	
78.2759	0.13	0.3	1	148.937	130.357	1.12836e-05	-2.41674e-06	117.065	173	3	2	0	1	
78.2759	0.14	0.3	1	150.014	126.095	-8.07066e-05	-4.19096e-05	110.753	173	3	2	0	1	
78.2759	0.15	0.3	1	150.977	122.063	1.29689e-05	2.56264e-05	105.017	173	3	2	0	1	
78.2759	0.16	0.3	1	151.845	118.218	2.76174e-05	-3.99014e-05	99.7591	173	3	2	0	1	
78.2759	0.17	0.3	1	152.635	114.529	-2.42961e-05	-7.34708e-06	94.8997	173	3	2	0	1	
78.2759	0.18	0.3	1	153.359	110.97	-3.39499e-05	1.37165e-05	90.3766	173	3	2	0	1	
78.2759	0.19	0.3	1	154.025	107.515	6.33389e-05	2.80516e-06	86.1385	173	3	2	0	1	
78.2759	0.2	0.3	1	154.641	104.147	-3.52466e-05	1.82273e-05	82.1434	173	3	2	0	1	
78.2759	0.21	0.3	1	155.214	100.848	-1.21919e-05	-1.01425e-05	78.356	173	3	2	0	1	
78.2759	0.22	0.3	1	155.749	97.6022	2.28644e-07	5.84613e-06	74.7467	173	3	2	0	1	
78.2759	0.23	0.3	1	156.25	94.3957	5.60008e-05	8.92541e-06	71.2905	173	3	2	0	1	
78.2759	0.24	0.3	1	156.72	91.2141	-3.46465e-06	7.78622e-06	67.9677	173	3	2	0	1	
78.2759	0.25	0.3	1	157.162	88.0428	-0.000122843	-3.36028e-06	64.7664	173	3	2	0	1	
78.2759	0.26	0.3	1	157.581	84.8651	2.37567e-06	-5.62171e-07	61.6714	173	3	2	0	1	
78.2759	0.27	0.3	1	157.978	81.6516	9.21012e-06	-6.75365e-06	58.5886	173	3	2	0	1	
78.2759	0.28	0.3	1	158.353	78.4175	-9.7969e-05	1.12512e-06	55.4482	173	3	2	0	1	
78.2759	0.29	0.3	1	158.706	75.1505	2.88959e-05	7.78985e-06	52.3102	173	3	2	0	1	
78.2759	0.3	0.3	1	159.04	71.8306	4.33796e-05	1.8049e-05	49.193	173	3	2	0	1	
82.069	0.01	0.3	-3	0	0	0	0	0	173	3	2	0	1	
82.069	0.02	0.3	1	110.278	210.764	7.18422e-06	2.12043e-05	329.464	173	3	2	0	1	
82.069	0.03	0.3	1	128.338	184.106	-2.03979e-05	1.07023e-05	254.158	173	3	2	0	1	
82.069	0.04	0.3	1	136.665	166.812	5.15797e-05	-2.06211e-05	210.545	173	3	2	0	1	
82.069	0.05	0.3	1	141.622	154.195	8.35314e-07	-7.12531e-06	181.344	173	3	2	0	1	
82.069	0.06	0.3	1	144.985	144.364	-4.51707e-05	8.3405e-06	160.075	173	3	2	0	1	
82.069	0.07	0.3	1	147.456	135.992	1.87114e-05	-1.80097e-05	143.637	173	3	2	0	1	
82.069	0.08	0.3	1	149.381	128.84	-8.50496e-06	-6.57983e-06	130.375	173	3	2	0	1	
82.069	0.09	0.3	1	150.938	122.358	-8.68355e-06	3.2438e-06	119.322	173	3	2	0	1	
82.069	0.1	0.3	1	152.228	116.57	1.33196e-05	-1.77057e-05	109.874	173	3	2	0	1	
82.069	0.11	0.3	1	153.335	111.167	-1.34838e-05	-4.88005e-06	101.618	173	3	2	0	1	
82.069	0.12	0.3	1	154.294	106.095	5.26246e-05	-7.59145e-06	94.2784	173	3	2	0	1	
82.069	0.13	0.3	1	155.138	101.275	-4.34306e-05	1.67488e-05	87.6538	173	3	2	0	1	
82.069	0.14	0.3	1	155.888	96.6422	8.36813e-06	9.60833e-06	81.5946	173	3	2	0	1	
82.069	0.15	0.3	1	156.562	92.1436	6.83577e-06	2.1314e-05	75.9909	173	3	2	0	1	
82.069	0.16	0.3	1	157.172	87.7315	-1.35963e-05	-3.76452e-06	70.763	173	3	2	0	1	
82.069	0.17	0.3	1	157.73	83.3502	7.93776e-06	-1.01449e-05	65.7392	173	3	2	0	1	
82.069	0.18	0.3	1	158.238	78.9885	1.67517e-05	1.41872e-05	60.8533	173	3	2	0	1	
82.069	0.19	0.3	1	158.703	74.6149	-2.71519e-05	-9.1924e-06	56.0628	173	3	2	0	1	
82.069	0.2	0.3	1	159.128	70.191	1.64069e-06	-6.81559e-06	51.3507	173	3	2	0	1	
82.069	0.21	0.3	1	159.516	65.6844	9.76776e-06	7.47246e-06	46.6302	173	3	2	0	1	
82.069	0.22	0.3	1	159.867	61.067	1.27327e-05	1.44132e-06	41.8067	173	3	2	0	1	
82.069	0.23	0.3	1	160.19	56.1653	9.50944e-06	1.45071e-05	36.7395	173	3	2	0	1	
82.069	0.24	0.3	1	160.465	51.2225	2.93331e-05	-3.67615e-06	31.2448	173	3	2	0	1	
82.069	0.25	0.3	1	160.69	46.3678	-4.13619e-05	7.5461e-06	24.9212	173	3	2	0	1	
82.069	0.26	0.3	1	160.845	42.3752	-3.39334e-05	1.19494e-05	16.6852	173	3	2	0	1	
82.069	0.27	0.3	-2	0	0	0	0	0	173	3	2	0	1	
82.069	0.28	0.3	1	160.93	40.9044	-2.96557e-07	-6.20487e-06	1.22e-05	173	3	2	0	1	
82.069	0.29	0.3	1	160.954	40.8242	-1.15336e-05	6.91581e-06	3.42209e-05	173	3	2	0	1	
82.069	0.3	0.3	1	160.977	40.7569	1.07224e-05	4.9628e-06	2.35246e-05	173	3	2	0	1	
85.8621	0.01	0.3	1	107.85	213.584	6.84145e-06	-1.21617e-06	403.957	173	3	2	0	1	
85.8621	0.02	0.3	1	138.249	163.141	1.08347e-05	-2.53347e-06	250.165	173	3	2	0	1	
85.8621	0.03	0.3	1	146.677	138.916	1.31447e-05	7.73744e-06	186.146	173	3	2	0	1	
85.8621	0.04	0.3	1	150.793	123.154	9.28754e-06	2.07673e-05	149.62	173	3	2	0	1	
85.8621	0.05	0.3	1	153.33	111.358	7.31037e-06	1.98648e-05	125.164	173	3	2	0	1	
85.8621	0.06	0.3	1	155.083	101.762	2.55833e-05	1.69789e-05	107.097	173	3	2	0	1	
85.8621	0.07	0.3	1	156.402	93.2785	-2.07981e-05	8.18487e-06	92.8119	173	3	2	0	1	
85.8621	0.08	0.3	1	157.444	85.5522	2.19282e-05	1.03975e-05	80.904	173	3	2	0	1	
85.8621	0.09	0.3	1	158.29	78.2686	3.26387e-06	2.4723e-05	70.301	173	3	2	0	1	
85.8621	0.1	0.3	1	158.991	71.2073	-2.19807e-05	-5.62764e-06	60.7159	173	3	2	0	1	
85.8621	0.11	0.3	1	159.577	64.1938	-5.11934e-06	4.10962e-07	51.6408	173	3	2	0	1	
85.8621	0.12	0.3	1	160.06	57.1072	1.34821e-05	8.67824e-06	42.6241	173	3	2	0	1	
85.8621	0.13	0.3	1	160.443	49.963	-5.09272e-05	-7.81797e-06	33.0463	173	3	2	0	1	
85.8621	0.14	0.3	1	160.708	43.4756	-5.95048e-05	5.20424e-06	21.4733	173	3	2	0	1	
85.8621	0.15	0.3	-2	0	0	0	0	0	173	3	2	0	1	
85.8621	0.16	0.3	1	160.822	41.1614	-6.15511e-06	-1.06652e-06	6.83463e-05	173	3	2	0	1	
85.8621	0.17	0.3	1	160.848	41.0686	-4.09845e-06	3.31644e-06	2.33667e-05	173	3	2	0	1	
85.8621	0.18	0.3	1	160.873	40.9851	-7.33613e-06	1.4478e-06	-4.14536e-05	173	3	2	0	1	
85.8621	0.19	0.3	1	160.898	40.9087	-2.20365e-06	1.23512e-05	-3.15329e-05	173	3	2	0	1	
85.8621	0.2	0.3	1	160.921	40.8384	-9.21523e-06	5.45802e-06	-3.99227e-05	173	3	2	0	1	
85.8621	0.21	0.3	1	160.944	40.7733	1.41042e-05	-8.39919e-06	-3.28237e-06	173	3	2	0	1	
85.8621	0.22	0.3	1	160.966	40.7128	-1.73424e-05	-2.38688e-06	-3.88193e-05	173	3	2	0	1	
85.8621	0.23	0.3	1	160.988	40.6563	-3.18578e-05	3.85182e-06	3.67922e-05	173	3	2	0	1	
85.8621	0.24	0.3	1	161.009	40.6032	8.95831e-07	5.41332e-06	-6.20604e-06	173	3	2	0	1	
85.8621	0.25	0.3	1	161.029	40.553	-2.5376e-05	5.94194e-06	1.83499e-05	173	3	2	0	1	
85.8621	0.26	0.3	1	161.049	40.5058	-1.37271e-05	2.16757e-06	1.69028e-05	173	3	2	0	1	
85.8621	0.27	0.3	1	161.069	40.461	-1.46486e-05	6.44797e-06	2.23344e-06	173	3	2	0	1	
85.8621	0.28	0.3	1	161.088	40.4183	-3.44755e-05	9.17289e-06	-1.80621e-05	173	3	2	0	1	
85.8621	0.29	0.3	1	161.107	40.3778	-1.29997e-05	-2.23668e-07	-2.58248e-06	173	3	2	0	1	
85.8621	0.3	0.3	1	161.125	40.3392	-2.75275e-05	-6.85084e-06	-1.65566e-05	173	3	2	0	1	
89.6552	0.01	0.3	1	153.606	-110.2	1.92151e-05	7.00102e-06	212.947	173	3	2	0	1	
89.6552	0.02	0.3	1	159.719	61.9159	1.46526e-05	-1.64369e-06	81.8029	173	3	2	0	1	
89.6552	0.03	0.3	-2	0	0	0	0	0	173	3	2	0	1	
89.6552	0.04	0.3	1	160.717	41.4602	-5.71277e-05	1.38081e-06	7.23219e-06	173	3	2	0	1	
89.6552	0.05	0.3	1	160.746	41.3425	2.37266e-05	-2.17853e-06	-7.31692e-05	173	3	2	0	1	
89.6552	0.06	0.3	1	160.774	41.2378	3.80151e-06	-1.11515e-05	-1.47879e-05	173	3	2	0	1	
89.6552	0.07	0.3	1	160.8	41.1437	-6.32632e-06	-1.00851e-05	-1.63297e-05	173	3	2	0	1	
89.6552	0.08	0.3	1	160.826	41.0584	2.78905e-05	2.10352e-05	1.67192e-05	173	3	2	0	1	
89.6552	0.09	0.3	1	160.85	40.9805	1.34567e-05	1.33906e-06	4.15176e-05	173	3	2	0	1	
89.6552	0.1	0.3	1	160.874	40.909	-6.00189e-06	3.42746e-06	3.25347e-05	173	3	2	0	1	
89.6552	0.11	0.3	1	160.897	40.8427	-2.01558e-08	-7.00632e-06	3.50284e-05	173	3	2	0	1	
89.6552	0.12	0.3	1	160.919	40.781	-7.93513e-06	-1.13859e-05	2.91185e-05	173	3	2	0	1	
89.6552	0.13	0.3	1	160.941	40.7236	1.43189e-06	-2.53889e-05	-1.658e-05	173	3	2	0	1	
89.6552	0.14	0.3	1	160.962	40.6696	5.11788e-06	-1.94941e-05	-4.9659e-06	173	3	2	0	1	
89.6552	0.15	0.3	1	160.983	40.6189	2.48169e-05	2.7965e-06	-5.77625e-06	173	3	2	0	1	
89.6552	0.16	0.3	1	161.003	40.571	1.16031e-05	-1.29969e-05	-2.46281e-05	173	3	2	0	1	
89.6552	0.17	0.3	1	161.023	40.5257	3.65962e-06	1.82956e-05	-2.17719e-05	173	3	2	0	1	
89.6552	0.18	0.3	1	161.042	40.4826	-1.02958e-05	1.89333e-05	9.02529e-07	173	3	2	0	1	
89.6552	0.19	0.3	1	161.061	40.4416	1.97275e-05	2.9952e-06	7.95538e-06	173	3	2	0	1	
89.6552	0.2	0.3	1	161.079	40.4025	1.00838e-05	-9.90729e-06	-9.72319e-06	173	3	2	0	1	
89.6552	0.21	0.3	1	161.097	40.3651	8.15476e-06	2.46608e-05	-7.91743e-06	173	3	2	0	1	
89.6552	0.22	0.3	1	161.115	40.3294	6.40998e-06	3.02732e-06	7.89478e-07	173	3	2	0	1	
89.6552	0.23	0.3	1	161.133	40.295	-7.67265e-06	-1.00392e-05	-8.47128e-06	173	3	2	0	1	
89.6552	0.24	0.3	1	161.15	40.2621	3.55733e-06	-1.74029e-05	-1.55251e-05	173	3	2	0	1	
89.6552	0.25	0.3	1	161.167	40.2304	1.18367e-05	2.37346e-05	7.07267e-06	173	3	2	0	1	
89.6552	0.26	0.3	1	161.183	40.1998	-2.54939e-05	3.26108e-06	1.47164e-05	173	3	2	0	1	
89.6552	0.27	0.3	1	161.2	40.1703	7.79718e-06	-7.24536e-06	8.16937e-06	173	3	2	0	1	
89.6552	0.28	0.3	1	161.216	40.1418	9.40653e-06	2.23241e-05	6.87519e-06	173	3	2	0	1	
89.6552	0.29	0.3	1	161.232	40.1142	1.672e-05	-2.94345e-06	-1.33691e-05	173	3	2	0	1	
89.6552	0.3	0.3	1	161.247	40.0875	1.07118e-05	-1.26261e-05	-1.0126e-05	173	3	2	0	1	
93.4483	0.01	0.3	1	160.864	40.8957	1.63075e-05	7.45266e-06	-8.04201e-06	173	3	2	0	1	
93.4483	0.02	0.3	1	160.886	40.8026	-9.76652e-06	-1.89184e-06	-1.24636e-05	173	3	2	0	1	
93.4483	0.03	0.3	3	160.916	40.418	9.47549e-06	2.25757e-05	7.08417e-06	173	3	2	0	1	
93.4483	0.04	0.3	3	160.936	40.356	2.78291e-06	-2.55869e-05	1.82604e-05	173	3	2	0	1	
93.4483	0.05	0.3	3	160.956	40.2976	-3.16503e-06	-1.77257e-05	4.02663e-06	173	3	2	0	1	
93.4483	0.06	0.3	3	160.975	40.2405	-1.49738e-06	2.38536e-05	-1.10242e-05	173	3	2	0	1	
93.4483	0.07	0.3	3	160.994	40.196	8.08993e-06	-2.81502e-06	-1.40877e-05	173	3	2	0	1	
93.4483	0.08	0.3	3	161.008	40.3758	-6.10057e-06	4.90726e-06	1.42605e-05	173	3	2	0	1	
93.4483	0.09	0.3	3	161.027	40.3755	-6.77215e-06	-2.23571e-06	-2.56728e-05	173	3	2	0	1	
93.4483	0.1	0.3	3	161.036	40.9833	4.20254e-06	-2.4183e-05	-9.73139e-06	173	3	2	0	1	
93.4483	0.11	0.3	3	161.06	40.8042	6.00578e-06	-1.8529e-05	-7.94575e-06	173	3	2	0	1	
93.4483	0.12	0.3	3	161.08	40.9494	1.54073e-06	-9.20851e-06	-4.57714e-06	173	3	2	0	1	
93.4483	0.13	0.3	3	161.099	42.2115	1.21572e-06	-1.02206e-05	1.64258e-05	173	3	2	0	1	
93.4483	0.14	0.3	3	161.117	41.9421	-1.37153e-05	6.62386e-06	-3.30208e-05	173	3	2	0	1	
93.4483	0.15	0.3	3	161.134	41.6794	-5.42429e-06	9.86921e-06	-2.46873e-06	173	3	2	0	1	
93.4483	0.16	0.3	3	161.152	41.4246	3.03441e-05	-6.46986e-06	-9.07448e-06	173	3	2	0	1	
93.4483	0.17	0.3	3	161.168	41.179	-7.84896e-06	2.40063e-05	-1.39222e-05	173	3	2	0	1	
93.4483	0.18	0.3	3	161.185	40.944	1.18042e-05	1.48299e-05	4.9082e-06	173	3	2	0	1	
93.4483	0.19	0.3	3	161.201	40.7211	-8.72699e-06	8.668e-06	-2.87831e-06	173	3	2	0	1	
93.4483	0.2	0.3	3	161.217	40.512	-1.62994e-06	-1.54954e-05	-3.08945e-07	173	3	2	0	1	
93.4483	0.21	0.3	3	161.233	40.3193	-1.35793e-05	9.89702e-06	-7.7945e-06	173	3	2	0	1	
93.4483	0.22	0.3	3	161.248	40.1461	-2.42724e-06	1.14609e-05	-1.51583e-05	173	3	2	0	1	
93.4483	0.23	0.3	3	161.263	39.9901	-2.93989e-06	-5.29042e-06	2.66715e-06	173	3	2	0	1	
93.4483	0.24	0.3	3	161.278	39.871	8.19615e-06	1.80323e-06	5.8738e-06	173	3	2	0	1	
93.4483	0.25	0.3	3	161.293	39.7951	4.91084e-06	8.62067e-06	-1.44059e-05	173	3	2	0	1	
93.4483	0.26	0.3	3	161.307	39.763	-4.64666e-06	1.13888e-05	1.95375e-05	173	3	2	0	1	
93.4483	0.27	0.3	3	161.321	39.76	2.15905e-06	5.87513e-07	-4.61147e-06	173	3	2	0	1	
93.4483	0.28	0.3	3	161.335	39.7802	-6.27394e-06	2.67383e-05	-8.99002e-06	173	3	2	0	1	
93.4483	0.29	0.3	3	161.349	39.8159	1.17748e-05	8.67493e-06	2.5147e-05	173	3	2	0	1	
93.4483	0.3	0.3	3	161.363	39.8598	6.44588e-06	-3.50503e-06	-7.77655e-06	173	3	2	0	1	
97.2414	0.01	0.3	1	161.015	40.3602	1.48756e-05	-2.42046e-05	-8.8676e-06	173	3	2	0	1	
97.2414	0.02	0.3	1	161.032	40.3259	1.68935e-06	-1.81126e-06	-1.85554e-05	173	3	2	0	1	
97.2414	0.03	0.3	1	161.049	40.2928	1.09962e-05	-8.58009e-06	-1.14665e-05	173	3	2	0	1	
97.2414	0.04	0.3	1	161.066	40.261	4.11667e-06	-4.06691e-06	-1.0256e-05	173	3	2	0	1	
97.2414	0.05	0.3	1	161.083	40.2304	6.09244e-07	-2.66616e-05	-4.78854e-06	173	3	2	0	1	
97.2414	0.06	0.3	1	161.099	40.201	7.71076e-06	1.46428e-05	7.74896e-06	173	3	2	0	1	
97.2414	0.07	0.3	1	161.115	40.1724	-1.8729e-07	1.08392e-05	1.13107e-05	173	3	2	0	1	
97.2414	0.08	0.3	1	161.131	40.1449	-2.90979e-05	-6.92342e-06	-1.28584e-05	173	3	2	0	1	
97.2414	0.09	0.3	1	161.147	40.1181	1.18654e-05	-2.96493e-06	-1.52545e-05	173	3	2	0	1	
97.2414	0.1	0.3	1	161.162	40.0923	1.47395e-05	6.96342e-06	1.17363e-05	173	3	2	0	1	
97.2414	0.11	0.3	1	161.177	40.0673	-9.75522e-07	1.9682e-05	5.09529e-06	173	3	2	0	1	
97.2414	0.12	0.3	1	161.193	40.0429	-9.41136e-07	2.44019e-05	8.21861e-06	173	3	2	0	1	
97.2414	0.13	0.3	1	161.207	40.0193	3.34482e-06	1.77471e-05	-1.35648e-05	173	3	2	0	1	
97.2414	0.14	0.3	1	161.222	39.9964	7.40075e-06	9.82558e-06	2.66717e-05	173	3	2	0	1	
97.2414	0.15	0.3	1	161.236	39.9739	-2.96575e-06	-5.51359e-06	1.06002e-05	173	3	2	0	1	
97.2414	0.16	0.3	1	161.251	39.9522	1.16567e-05	8.07937e-06	-9.56129e-06	173	3	2	0	1	
97.2414	0.17	0.3	1	161.265	39.931	6.88628e-06	-7.09743e-06	1.0227e-05	173	3	2	0	1	
97.2414	0.18	0.3	1	161.279	39.9101	-4.30979e-06	-3.51221e-05	-8.83531e-06	173	3	2	0	1	
97.2414	0.19	0.3	1	161.293	39.8899	-9.79173e-06	1.07737e-05	5.60218e-06	173	3	2	0	1	
97.2414	0.2	0.3	1	161.306	39.8701	-1.3051e-05	-1.35322e-05	8.2714e-06	173	3	2	0	1	
97.2414	0.21	0.3	1	161.32	39.8508	-8.35285e-06	-1.09762e-05	-5.05058e-06	173	3	2	0	1	
97.2414	0.22	0.3	1	161.333	39.8319	-3.6572e-06	1.17961e-05	2.57594e-05	173	3	2	0	1	
97.2414	0.23	0.3	1	161.346	39.8134	2.00042e-05	2.49524e-05	3.45799e-06	173	3	2	0	1	
97.2414	0.24	0.3	1	161.36	39.7952	-2.72451e-06	1.9764e-05	1.14153e-05	173	3	2	0	1	
97.2414	0.25	0.3	1	161.373	39.7774	1.14178e-05	7.6628e-06	-4.44189e-06	173	3	2	0	1	
97.2414	0.26	0.3	1	161.385	39.76	-6.01451e-07	-1.26964e-05	-6.76486e-06	173	3	2	0	1	
97.2414	0.27	0.3	1	161.398	39.743	-8.87637e-06	-3.99845e-06	-1.16591e-05	173	3	2	0	1	
97.2414	0.28	0.3	1	161.411	39.7263	-5.41048e-06	3.05093e-05	3.20959e-06	173	3	2	0	1	
97.2414	0.29	0.3	1	161.423	39.7099	8.41796e-06	4.81307e-06	-5.68579e-06	173	3	2	0	1	
97.2414	0.3	0.3	1	161.436	39.6938	-2.22861e-06	1.49205e-05	-3.06264e-06	173	3	2	0	1	
101.034	0.01	0.3	1	161.137	40.1473	-4.90578e-06	-1.07502e-05	1.87879e-05	173	3	2	0	1	
101.034	0.02	0.3	1	161.152	40.1231	-2.32938e-06	-3.30391e-06	7.00605e-06	173	3	2	0	1	
101.034	0.03	0.3	1	161.167	40.0996	7.57336e-06	1.78466e-05	1.40519e-05	173	3	2	0	1	
101.034	0.04	0.3	1	161.181	40.0766	-3.4461e-06	-5.25297e-06	1.04196e-05	173	3	2	0	1	
101.034	0.05	0.3	1	161.196	40.0543	-5.48199e-06	-1.06548e-05	-1.96097e-05	173	3	2	0	1	
101.034	0.06	0.3	1	161.21	40.0325	-1.83854e-06	8.39927e-06	-9.25954e-06	173	3	2	0	1	
101.034	0.07	0.3	1	161.224	40.0113	-1.20442e-05	-3.1024e-05	-2.54188e-06	173	3	2	0	1	
101.034	0.08	0.3	1	161.238	39.9904	1.50686e-05	6.08844e-06	1.38894e-05	173	3	2	0	1	
101.034	0.09	0.3	1	161.251	39.9703	-8.13243e-07	-1.39644e-05	1.11435e-06	173	3	2	0	1	
101.034	0.1	0.3	1	161.265	39.9503	2.2083e-06	8.68746e-06	-1.57115e-05	173	3	2	0	1	
101.034	0.11	0.3	1	161.278	39.931	-4.3945e-06	1.1433e-06	-8.88216e-06	173	3	2	0	1	
101.034	0.12	0.3	1	161.292	39.912	8.32183e-06	1.7169e-05	-2.65949e-06	173	3	2	0	1	
101.034	0.13	0.3	1	161.305	39.8933	-4.99656e-06	-1.17246e-05	-8.42169e-06	173	3	2	0	1	
101.034	0.14	0.3	1	161.318	39.8753	2.40434e-06	-2.62332e-05	-1.52056e-05	173	3	2	0	1	
101.034	0.15	0.3	1	161.331	39.8573	-7.16576e-06	3.53564e-06	-9.40394e-06	173	3	2	0	1	
101.034	0.16	0.3	1	161.343	39.8399	2.92226e-06	8.60978e-06	5.54235e-06	173	3	2	0	1	
101.034	0.17	0.3	1	161.356	39.8229	1.83896e-07	2.19546e-05	8.74536e-06	173	3	2	0	1	
101.034	0.18	0.3	1	161.368	39.8059	4.13865e-06	-9.17752e-06	1.69315e-05	173	3	2	0	1	
101.034	0.19	0.3	1	161.381	39.7894	1.05774e-05	8.93709e-06	-5.67374e-06	173	3	2	0	1	
101.034	0.2	0.3	1	161.393	39.7732	-7.3197e-06	-2.23608e-08	9.81885e-06	173	3	2	0	1	
101.034	0.21	0.3	1	161.405	39.7572	-5.39398e-06	1.77114e-05	1.25904e-05	173	3	2	0	1	
101.034	0.22	0.3	1	161.418	39.7415	-4.87509e-06	2.32497e-05	4.68438e-06	173	3	2	0	1	
101.034	0.23	0.3	1	161.429	39.7262	9.24503e-06	-8.5519e-07	-1.26072e-05	173	3	2	0	1	
101.034	0.24	0.3	1	161.441	39.711	1.69888e-05	-1.22154e-05	-1.24472e-05	173	3	2	0	1	
101.034	0.25	0.3	1	161.453	39.696	1.22273e-05	-3.30608e-06	-7.88547e-06	173	3	2	0	1	
101.034	0.26	0.3	1	161.465	39.6813	1.11311e-05	-4.76992e-06	1.00985e-05	173	3	2	0	1	
101.034	0.27	0.3	1	161.477	39.667	-3.08576e-06	-1.6011e-05	7.45718e-06	173	3	2	0	1	
101.034	0.28	0.3	1	161.488	39.6527	4.62442e-06	3.29126e-06	7.16475e-06	173	3	2	0	1	
101.034	0.29	0.3	1	161.499	39.6386	-3.11428e-06	2.41216e-06	-8.94248e-06	173	3	2	0	1	
101.034	0.3	0.3	1	161.511	39.6248	-8.64301e-06	1.34714e-05	-8.54379e-06	173	3	2	0	1	
104.828	0.01	0.3	1	161.244	39.9782	-3.50389e-07	-1.24189e-06	2.36236e-05	173	3	2	0	1	
104.828	0.02	0.3	1	161.257	39.9594	3.05809e-06	-1.06014e-05	1.11474e-05	173	3	2	0	1	
104.828	0.03	0.3	1	161.27	39.9411	1.74876e-06	-1.46886e-05	-7.00325e-06	173	3	2	0	1	
104.828	0.04	0.3	1	161.283	39.9232	5.29374e-06	8.95091e-06	-7.23857e-07	173	3	2	0	1	
104.828	0.05	0.3	1	161.296	39.9056	-1.04165e-05	2.96559e-05	5.82889e-07	173	3	2	0	1	
104.828	0.06	0.3	1	161.308	39.8884	1.12717e-05	2.8476e-05	1.09434e-05	173	3	2	0	1	
104.828	0.07	0.3	1	161.321	39.8715	-3.05651e-06	2.95718e-05	1.0258e-05	173	3	2	0	1	
104.828	0.08	0.3	1	161.333	39.8549	-1.1107e-05	2.49321e-05	8.63837e-06	173	3	2	0	1	
104.828	0.09	0.3	1	161.345	39.8386	6.5211e-06	-3.01941e-05	-1.17265e-05	173	3	2	0	1	
104.828	0.1	0.3	1	161.358	39.8226	-3.8913e-06	1.39565e-05	-4.16532e-06	173	3	2	0	1	
104.828	0.11	0.3	1	161.37	39.8068	2.52364e-08	-1.66782e-05	7.27927e-06	173	3	2	0	1	
104.828	0.12	0.3	1	161.382	39.7913	1.06813e-05	-2.46637e-05	-7.1083e-06	173	3	2	0	1	
104.828	0.13	0.3	1	161.393	39.7761	-3.71882e-06	8.17908e-06	-1.48057e-05	173	3	2	0	1	
104.828	0.14	0.3	1	161.405	39.7611	1.43782e-06	1.41783e-05	-1.08299e-05	173	3	2	0	1	
104.828	0.15	0.3	1	161.417	39.7463	-2.94343e-06	1.29169e-05	-2.13336e-05	173	3	2	0	1	
104.828	0.16	0.3	1	161.429	39.7318	-2.05906e-06	1.40547e-05	-8.3741e-06	173	3	2	0	1	
104.828	0.17	0.3	1	161.44	39.7175	-8.16179e-06	-6.77567e-06	-1.57718e-05	173	3	2	0	1	
104.828	0.18	0.3	1	161.451	39.7033	-1.27713e-05	1.33416e-05	-2.21303e-06	173	3	2	0	1	
104.828	0.19	0.3	1	161.463	39.6896	6.06229e-07	6.47122e-06	-4.84663e-06	173	3	2	0	1	
104.828	0.2	0.3	1	161.474	39.6758	9.9771e-06	1.32904e-05	1.60036e-05	173	3	2	0	1	
104.828	0.21	0.3	1	161.485	39.6622	6.66217e-06	9.97521e-06	-1.58054e-06	173	3	2	0	1	
104.828	0.22	0.3	1	161.496	39.6489	5.93951e-06	2.0546e-05	5.1283e-06	173	3	2	0	1	
104.828	0.23	0.3	1	161.507	39.6358	1.01492e-05	-1.53311e-05	6.55487e-06	173	3	2	0	1	
104.828	0.24	0.3	1	161.518	39.6229	8.56806e-06	9.24395e-06	-1.29977e-05	173	3	2	0	1	
104.828	0.25	0.3	1	161.529	39.61	-4.90386e-06	6.23578e-07	-1.10273e-05	173	3	2	0	1	
104.828	0.26	0.3	1	161.54	39.5974	-8.34183e-06	1.29427e-05	-7.86867e-06	173	3	2	0	1	
104.828	0.27	0.3	1	161.551	39.5849	-4.27838e-06	-1.01123e-05	-9.22648e-06	173	3	2	0	1	
104.828	0.28	0.3	1	161.561	39.5727	-4.65513e-06	1.49503e-05	-6.5375e-06	173	3	2	0	1	
104.828	0.29	0.3	1	161.572	39.5604	-9.74009e-07	3.26453e-05	6.64401e-06	173	3	2	0	1	
104.828	0.3	0.3	1	161.582	39.5485	-8.12099e-06	8.06254e-06	-8.77488e-06	173	3	2	0	1	
108.621	0.01	0.3	1	161.339	39.8483	-1.07122e-05	-2.73032e-05	-1.39716e-05	173	3	2	0	1	
108.621	0.02	0.3	1	161.351	39.833	7.12116e-06	1.96382e-05	1.13336e-05	173	3	2	0	1	
108.621	0.03	0.3	1	161.362	39.8181	-1.01822e-05	2.53764e-05	-3.52476e-06	173	3	2	0	1	
108.621	0.04	0.3	1	161.374	39.8033	6.49666e-06	-4.05149e-06	6.14677e-06	173	3	2	0	1	
108.621	0.05	0.3	1	161.385	39.7888	2.04994e-06	-1.10619e-05	1.09275e-06	173	3	2	0	1	
108.621	0.06	0.3	1	161.397	39.7745	1.23464e-06	-1.90371e-05	2.5313e-06	173	3	2	0	1	
108.621	0.07	0.3	1	161.408	39.7604	-1.53973e-05	2.05236e-05	1.52311e-06	173	3	2	0	1	
108.621	0.08	0.3	1	161.42	39.7465	1.01526e-05	1.06615e-05	-9.16942e-06	173	3	2	0	1	
108.621	0.09	0.3	1	161.431	39.7328	5.10529e-06	-1.54923e-05	1.53763e-06	173	3	2	0	1	
108.621	0.1	0.3	1	161.442	39.7193	1.42624e-06	2.92071e-05	6.3553e-06	173	3	2	0	1	
108.621	0.11	0.3	1	161.453	39.7059	-1.99522e-06	-4.43611e-06	3.43532e-06	173	3	2	0	1	
108.621	0.12	0.3	1	161.464	39.6929	5.00551e-07	-6.58382e-06	6.84851e-06	173	3	2	0	1	
108.621	0.13	0.3	1	161.475	39.6799	7.96405e-06	2.97149e-05	3.88751e-06	173	3	2	0	1	
108.621	0.14	0.3	1	161.486	39.6671	-9.5919e-07	1.8568e-05	-7.60539e-06	173	3	2	0	1	
108.621	0.15	0.3	1	161.496	39.6545	5.54391e-06	-1.58903e-05	4.50807e-06	173	3	2	0	1	
108.621	0.16	0.3	1	161.507	39.642	-2.00855e-06	-2.29088e-05	-5.34344e-06	173	3	2	0	1	
108.621	0.17	0.3	1	161.518	39.6297	8.33533e-06	-8.5162e-06	1.46759e-05	173	3	2	0	1	
108.621	0.18	0.3	1	161.528	39.6175	2.58473e-06	1.55372e-05	-4.91117e-06	173	3	2	0	1	
108.621	0.19	0.3	1	161.539	39.6055	-5.92368e-06	-9.21317e-06	-7.2691e-06	173	3	2	0	1	
108.621	0.2	0.3	1	161.549	39.5935	8.12465e-07	-1.96592e-06	9.30846e-06	173	3	2	0	1	
108.621	0.21	0.3	1	161.559	39.5818	5.3732e-06	3.11373e-05	7.19521e-06	173	3	2	0	1	
108.621	0.22	0.3	1	161.57	39.5703	-9.24996e-06	3.02536e-05	-1.12952e-06	173	3	2	0	1	
108.621	0.23	0.3	1	161.58	39.5588	3.64369e-06	3.01811e-05	-7.52338e-08	173	3	2	0	1	
108.621	0.24	0.3	1	161.59	39.5475	-2.18754e-06	-2.52134e-05	-7.9818e-06	173	3	2	0	1	
108.621	0.25	0.3	1	161.6	39.5362	4.19917e-07	-1.42683e-05	-7.29299e-06	173	3	2	0	1	
108.621	0.26	0.3	1	161.61	39.5251	1.83957e-05	-2.34423e-05	8.03222e-06	173	3	2	0	1	
108.621	0.27	0.3	1	161.62	39.5141	-1.04023e-05	-1.3814e-05	-1.20524e-05	173	3	2	0	1	
108.621	0.28	0.3	1	161.63	39.5032	3.61042e-06	-1.35341e-05	-1.78067e-06	173	3	2	0	1	
108.621	0.29	0.3	1	161.64	39.4925	-4.94878e-06	-1.04993e-05	-5.5762e-06	173	3	2	0	1	
108.621	0.3	0.3	1	161.65	39.4818	2.52273e-07	2.59975e-05	5.82485e-07	173	3	2	0	1	
112.414	0.01	0.3	1	161.419	39.9643	-6.78354e-06	-1.95864e-05	-2.13255e-06	173	3	2	0	1	
112.414	0.02	0.3	1	161.43	39.9512	-4.69476e-06	1.44139e-06	-1.54563e-05	173	3	2	0	1	
112.414	0.03	0.3	1	161.441	39.9384	9.04788e-07	2.91393e-05	-4.19389e-06	173	3	2	0	1	
112.414	0.04	0.3	1	161.451	39.9262	-2.00391e-06	2.64114e-05	-2.42519e-06	173	3	2	0	1	
112.414	0.05	0.3	1	161.462	39.9135	7.4452e-06	9.3886e-06	-3.79159e-06	173	3	2	0	1	
112.414	0.06	0.3	1	161.472	39.9014	5.03908e-06	2.54062e-05	5.09958e-06	173	3	2	0	1	
112.414	0.07	0.3	1	161.483	39.8896	1.34203e-06	1.24118e-05	-1.18794e-05	173	3	2	0	1	
112.414	0.08	0.3	1	161.493	39.8775	-1.16489e-06	-1.00333e-05	-5.75693e-06	173	3	2	0	1	
112.414	0.09	0.3	1	161.504	39.8656	3.7616e-06	-8.82182e-06	-1.64029e-05	173	3	2	0	1	
112.414	0.1	0.3	1	161.514	39.8542	9.63676e-06	-5.56543e-06	-1.60637e-05	173	3	2	0	1	
112.414	0.11	0.3	1	161.524	39.8425	1.54299e-06	2.49278e-05	4.97688e-06	173	3	2	0	1	
112.414	0.12	0.3	1	161.534	39.831	2.73535e-06	2.5448e-05	5.17972e-06	173	3	2	0	1	
112.414	0.13	0.3	1	161.544	39.8194	-2.98221e-06	3.5788e-05	5.27109e-06	173	3	2	0	1	
112.414	0.14	0.3	1	161.554	39.8084	-1.55105e-06	1.22798e-05	-1.15388e-05	173	3	2	0	1	
112.414	0.15	0.3	1	161.564	39.7974	-7.07357e-06	1.08937e-05	-1.07481e-05	173	3	2	0	1	
112.414	0.16	0.3	1	161.574	39.7867	-6.68973e-06	-4.1394e-05	1.18188e-05	173	3	2	0	1	
112.414	0.17	0.3	1	161.584	39.7756	-6.22292e-06	2.07292e-05	-3.40587e-06	173	3	2	0	1	
112.414	0.18	0.3	1	161.594	39.7654	-3.37803e-06	3.11584e-05	8.1762e-06	173	3	2	0	1	
112.414	0.19	0.3	1	161.604	39.7551	-2.01744e-06	-5.59176e-06	-2.68262e-06	173	3	2	0	1	
112.414	0.2	0.3	1	161.613	39.7449	4.69036e-08	3.04735e-05	8.16901e-06	173	3	2	0	1	
112.414	0.21	0.3	1	161.623	39.7341	4.02366e-07	2.0241e-06	-1.44609e-05	173	3	2	0	1	
112.414	0.22	0.3	1	161.633	39.7246	3.79816e-06	3.86788e-05	9.20988e-06	173	3	2	0	1	
112.414	0.23	0.3	1	161.642	39.7146	9.9686e-06	-1.95551e-05	7.99011e-07	173	3	2	0	1	
112.414	0.24	0.3	1	161.652	39.7048	2.63402e-06	1.43185e-05	1.52858e-05	173	3	2	0	1	
112.414	0.25	0.3	1	161.661	39.6946	6.61675e-06	-7.16415e-06	-5.37072e-06	173	3	2	0	1	
112.414	0.26	0.3	1	161.67	39.6853	-4.19741e-06	-1.02865e-05	8.77247e-06	173	3	2	0	1	
112.414	0.27	0.3	1	161.68	39.6756	-3.42277e-06	3.28605e-05	3.07158e-06	173	3	2	0	1	
112.414	0.28	0.3	1	161.689	39.6662	3.6314e-07	-2.33491e-05	-1.82014e-06	173	3	2	0	1	
112.414	0.29	0.3	1	161.698	39.6572	1.77113e-06	-4.95585e-06	8.9174e-07	173	3	2	0	1	
112.414	0.3	0.3	1	161.707	39.6475	4.59215e-06	-2.23076e-05	-5.34432e-06	173	3	2	0	1	
116.207	0.01	0.3	1	161.501	39.7708	7.35717e-06	3.61048e-05	-1.38143e-06	173	3	2	0	1	
116.207	0.02	0.3	1	161.511	39.7596	-1.56623e-06	8.50791e-07	3.22993e-06	173	3	2	0	1	
116.207	0.03	0.3	1	161.521	39.7486	2.60821e-06	-1.81243e-05	7.08363e-06	173	3	2	0	1	
116.207	0.04	0.3	1	161.53	39.7373	-6.87385e-06	5.05584e-06	-1.34586e-05	173	3	2	0	1	
116.207	0.05	0.3	1	161.54	39.7267	-1.45948e-06	3.01628e-05	-1.16664e-05	173	3	2	0	1	
116.207	0.06	0.3	1	161.55	39.7155	9.33771e-06	2.87809e-05	-2.95696e-06	173	3	2	0	1	
116.207	0.07	0.3	1	161.56	39.7051	2.95919e-06	-1.87152e-05	-5.82277e-06	173	3	2	0	1	
116.207	0.08	0.3	1	161.569	39.6944	-1.76186e-06	3.8118e-05	5.15242e-06	173	3	2	0	1	
116.207	0.09	0.3	1	161.579	39.6838	-3.79406e-06	1.9394e-05	6.98707e-07	173	3	2	0	1	
116.207	0.1	0.3	1	161.589	39.6735	9.85783e-06	7.10733e-06	6.8003e-06	173	3	2	0	1	
116.207	0.11	0.3	1	161.598	39.6635	-4.32374e-06	2.65249e-05	-9.17792e-06	173	3	2	0	1	
116.207	0.12	0.3	1	161.608	39.6532	-6.81392e-06	3.21532e-05	6.06749e-06	173	3	2	0	1	
116.207	0.13	0.3	1	161.617	39.643	4.33488e-06	-1.58819e-05	6.74826e-06	173	3	2	0	1	
116.207	0.14	0.3	1	161.626	39.6331	-7.63806e-07	-3.5351e-05	1.41614e-05	173	3	2	0	1	
116.207	0.15	0.3	1	161.636	39.6235	-2.35956e-06	-5.01689e-05	-8.56907e-06	173	3	2	0	1	
116.207	0.16	0.3	1	161.645	39.6136	2.18482e-06	-2.40573e-05	4.61857e-06	173	3	2	0	1	
116.207	0.17	0.3	1	161.654	39.6038	7.22237e-06	2.07672e-05	-1.00458e-05	173	3	2	0	1	
116.207	0.18	0.3	1	161.664	39.5942	-1.21001e-06	2.0765e-05	3.96214e-06	173	3	2	0	1	
116.207	0.19	0.3	1	161.673	39.5844	-7.85475e-06	-2.54554e-05	-5.06993e-06	173	3	2	0	1	
116.207	0.2	0.3	1	161.682	39.5752	-3.01864e-06	-6.80809e-06	1.04034e-05	173	3	2	0	1	
116.207	0.21	0.3	1	161.691	39.5656	-4.92979e-06	-2.21341e-06	6.41088e-06	173	3	2	0	1	
116.207	0.22	0.3	1	161.7	39.5565	8.89952e-06	-2.03226e-06	6.6452e-06	173	3	2	0	1	
116.207	0.23	0.3	1	161.709	39.5469	6.1808e-06	1.29566e-05	3.78807e-06	173	3	2	0	1	
116.207	0.24	0.3	1	161.718	39.5379	1.08359e-07	1.37009e-05	-8.97351e-07	173	3	2	0	1	
116.207	0.25	0.3	1	161.727	39.5286	2.83233e-06	-2.43136e-05	1.17056e-05	173	3	2	0	1	
116.207	0.26	0.3	1	161.736	39.5196	5.6086e-06	2.57905e-05	-9.52384e-06	173	3	2	0	1	
116.207	0.27	0.3	1	161.744	39.5107	-3.60668e-06	1.09693e-06	-6.93465e-07	173	3	2	0	1	
116.207	0.28	0.3	1	161.753	39.5018	-2.35692e-06	-1.59128e-05	1.45459e-06	173	3	2	0	1	
116.207	0.29	0.3	1	161.762	39.4929	6.43986e-07	-3.38719e-06	4.46017e-06	173	3	2	0	1	
116.207	0.3	0.3	1	161.771	39.4845	3.42917e-07	1.94752e-05	-5.29935e-06	173	3	2	0	1	
120	0.01	0.3	1	161.576	39.6142	-3.70224e-06	-1.08063e-05	1.70012e-06	173	3	2	0	1	
120	0.02	0.3	1	161.585	39.6043	-4.59537e-06	-2.70557e-05	-5.20469e-06	173	3	2	0	1	
120	0.03	0.3	1	161.594	39.5944	5.07233e-06	-2.03719e-06	7.68098e-06	173	3	2	0	1	
120	0.04	0.3	1	161.604	39.5846	5.01571e-06	2.08089e-05	-1.28786e-05	173	3	2	0	1	
120	0.05	0.3	1	161.613	39.5749	1.0384e-05	-4.12453e-06	5.94627e-06	173	3	2	0	1	
120	0.06	0.3	1	161.622	39.5652	8.28183e-06	1.90679e-05	-2.95239e-06	173	3	2	0	1	
120	0.07	0.3	1	161.631	39.5558	-1.50651e-07	1.83256e-05	9.71225e-06	173	3	2	0	1	
120	0.08	0.3	1	161.64	39.5464	-3.91702e-06	-2.32922e-06	-1.08669e-05	173	3	2	0	1	
120	0.09	0.3	1	161.649	39.537	-5.0485e-06	-2.7647e-05	2.8298e-06	173	3	2	0	1	
120	0.1	0.3	1	161.658	39.528	2.63843e-06	1.69461e-05	-2.29735e-06	173	3	2	0	1	
120	0.11	0.3	1	161.667	39.5186	8.47753e-06	3.71973e-05	4.03668e-06	173	3	2	0	1	
120	0.12	0.3	1	161.676	39.5093	-5.62715e-07	-1.58467e-05	9.70294e-07	173	3	2	0	1	
120	0.13	0.3	1	161.685	39.5005	-4.06621e-06	-1.75318e-05	-1.17601e-05	173	3	2	0	1	
120	0.14	0.3	1	161.694	39.4916	-7.4643e-06	1.4461e-05	1.24011e-05	173	3	2	0	1	
120	0.15	0.3	1	161.703	39.4824	-6.99143e-06	7.90314e-06	-6.70781e-07	173	3	2	0	1	
120	0.16	0.3	1	161.711	39.4737	-1.26899e-05	-2.56913e-05	-9.14867e-06	173	3	2	0	1	
120	0.17	0.3	1	161.72	39.4648	9.62186e-06	-2.15826e-05	-2.33447e-06	173	3	2	0	1	
120	0.18	0.3	1	161.729	39.4565	-5.76866e-06	1.45855e-05	-2.77571e-06	173	3	2	0	1	
120	0.19	0.3	1	161.737	39.4479	-4.56856e-06	1.97052e-05	4.26361e-06	173	3	2	0	1	
120	0.2	0.3	1	161.746	39.4389	4.3808e-06	-3.115e-05	-4.93092e-06	173	3	2	0	1	
120	0.21	0.3	1	161.754	39.4306	1.07543e-06	-2.10978e-05	1.59532e-06	173	3	2	0	1	
120	0.22	0.3	1	161.763	39.4221	-1.08946e-06	-2.38893e-05	-2.28998e-06	173	3	2	0	1	
120	0.23	0.3	1	161.771	39.4137	7.8201e-06	-1.35323e-05	-3.68365e-06	173	3	2	0	1	
120	0.24	0.3	1	161.78	39.4055	7.64055e-06	1.17156e-05	5.33802e-07	173	3	2	0	1	
120	0.25	0.3	1	161.788	39.3972	-8.80999e-06	2.73503e-06	2.60844e-06	173	3	2	0	1	
120	0.26	0.3	1	161.797	39.3889	6.06034e-07	-6.06685e-07	4.041e-06	173	3	2	0	1	
120	0.27	0.3	1	161.805	39.3808	-4.78663e-07	-3.06864e-05	2.86164e-07	173	3	2	0	1	
120	0.28	0.3	1	161.813	39.3725	-1.76874e-06	1.74824e-06	7.42374e-06	173	3	2	0	1	
120	0.29	0.3	1	161.822	39.3647	6.12163e-06	-1.28196e-05	1.09744e-05	173	3	2	0	1	
120	0.3	0.3	1	161.83	39.3567	1.00311e-06	7.41899e-06	-7.12229e-07	173	3	2	0	1	
