10	0.01	0.3	-3	0	0	0	0	0	173	0	2	0	1	
10	0.02	0.3	-3	0	0	0	0	0	173	0	2	0	1	
10	0.03	0.3	-3	0	0	0	0	0	173	0	2	0	1	
10	0.04	0.3	-3	0	0	0	0	0	173	0	2	0	1	
10	0.05	0.3	-2	0	0	0	0	0	173	0	2	0	1	
10	0.06	0.3	-3	0	0	0	0	0	173	0	2	0	1	
10	0.07	0.3	-2	0	0	0	0	0	173	0	2	0	1	
10	0.08	0.3	-2	0	0	0	0	0	173	0	2	0	1	
10	0.09	0.3	-2	0	0	0	0	0	173	0	2	0	1	
10	0.1	0.3	-2	0	0	0	0	0	173	0	2	0	1	
10	0.11	0.3	-2	0	0	0	0	0	173	0	2	0	1	
10	0.12	0.3	-2	0	0	0	0	0	173	0	2	0	1	
10	0.13	0.3	-2	0	0	0	0	0	173	0	2	0	1	
10	0.14	0.3	-2	0	0	0	0	0	173	0	2	0	1	
10	0.15	0.3	-2	0	0	0	0	0	173	0	2	0	1	
10	0.16	0.3	-3	0	0	0	0	0	173	0	2	0	1	
10	0.17	0.3	-3	0	0	0	0	0	173	0	2	0	1	
10	0.18	0.3	-3	0	0	0	0	0	173	0	2	0	1	
10	0.19	0.3	-3	0	0	0	0	0	173	0	2	0	1	
10	0.2	0.3	-3	0	0	0	0	0	173	0	2	0	1	
10	0.21	0.3	-3	0	0	0	0	0	173	0	2	0	1	
10	0.22	0.3	-3	0	0	0	0	0	173	0	2	0	1	
10	0.23	0.3	-3	0	0	0	0	0	173	0	2	0	1	
10	0.24	0.3	-3	0	0	0	0	0	173	0	2	0	1	
10	0.25	0.3	-3	0	0	0	0	0	173	0	2	0	1	
10	0.26	0.3	-3	0	0	0	0	0	173	0	2	0	1	
10	0.27	0.3	-3	0	0	0	0	0	173	0	2	0	1	
10	0.28	0.3	-3	0	0	0	0	0	173	0	2	0	1	
10	0.29	0.3	-3	0	0	0	0	0	173	0	2	0	1	
10	0.3	0.3	-3	0	0	0	0	0	173	0	2	0	1	
13.7931	0.01	0.3	-3	0	0	0	0	0	173	0	2	0	1	
13.7931	0.02	0.3	-3	0	0	0	0	0	173	0	2	0	1	
13.7931	0.03	0.3	-3	0	0	0	0	0	173	0	2	0	1	
13.7931	0.04	0.3	-3	0	0	0	0	0	173	0	2	0	1	
13.7931	0.05	0.3	-3	0	0	0	0	0	173	0	2	0	1	
13.7931	0.06	0.3	-3	0	0	0	0	0	173	0	2	0	1	
13.7931	0.07	0.3	-2	0	0	0	0	0	173	0	2	0	1	
13.7931	0.08	0.3	-2	0	0	0	0	0	173	0	2	0	1	
13.7931	0.09	0.3	-2	0	0	0	0	0	173	0	2	0	1	
13.7931	0.1	0.3	-2	0	0	0	0	0	173	0	2	0	1	
13.7931	0.11	0.3	-2	0	0	0	0	0	173	0	2	0	1	
13.7931	0.12	0.3	-2	0	0	0	0	0	173	0	2	0	1	
13.7931	0.13	0.3	-2	0	0	0	0	0	173	0	2	0	1	
13.7931	0.14	0.3	-2	0	0	0	0	0	173	0	2	0	1	
13.7931	0.15	0.3	-2	0	0	0	0	0	173	0	2	0	1	
13.7931	0.16	0.3	-3	0	0	0	0	0	173	0	2	0	1	
13.7931	0.17	0.3	5	53.0204	244.18	-2.74543e-05	-4.59502e-05	229.032	173	0	2	0	1	
13.7931	0.18	0.3	-3	0	0	0	0	0	173	0	2	0	1	
13.7931	0.19	0.3	-3	0	0	0	0	0	173	0	2	0	1	
13.7931	0.2	0.3	-3	0	0	0	0	0	173	0	2	0	1	
13.7931	0.21	0.3	-3	0	0	0	0	0	173	0	2	0	1	
13.7931	0.22	0.3	-3	0	0	0	0	0	173	0	2	0	1	
13.7931	0.23	0.3	-3	0	0	0	0	0	173	0	2	0	1	
13.7931	0.24	0.3	-3	0	0	0	0	0	173	0	2	0	1	
13.7931	0.25	0.3	-3	0	0	0	0	0	173	0	2	0	1	
13.7931	0.26	0.3	-3	0	0	0	0	0	173	0	2	0	1	
13.7931	0.27	0.3	-3	0	0	0	0	0	173	0	2	0	1	
13.7931	0.28	0.3	-3	0	0	0	0	0	173	0	2	0	1	
13.7931	0.29	0.3	-3	0	0	0	0	0	173	0	2	0	1	
13.7931	0.3	0.3	-3	0	0	0	0	0	173	0	2	0	1	
17.5862	0.01	0.3	-3	0	0	0	0	0	173	0	2	0	1	
17.5862	0.02	0.3	-3	0	0	0	0	0	173	0	2	0	1	
17.5862	0.03	0.3	-3	0	0	0	0	0	173	0	2	0	1	
17.5862	0.04	0.3	-3	0	0	0	0	0	173	0	2	0	1	
17.5862	0.05	0.3	-3	0	0	0	0	0	173	0	2	0	1	
17.5862	0.06	0.3	-2	0	0	0	0	0	173	0	2	0	1	
17.5862	0.07	0.3	-2	0	0	0	0	0	173	0	2	0	1	
17.5862	0.08	0.3	-2	0	0	0	0	0	173	0	2	0	1	
17.5862	0.09	0.3	-2	0	0	0	0	0	173	0	2	0	1	
17.5862	0.1	0.3	-2	0	0	0	0	0	173	0	2	0	1	
17.5862	0.11	0.3	-2	0	0	0	0	0	173	0	2	0	1	
17.5862	0.12	0.3	-2	0	0	0	0	0	173	0	2	0	1	
17.5862	0.13	0.3	-2	0	0	0	0	0	173	0	2	0	1	
17.5862	0.14	0.3	-2	0	0	0	0	0	173	0	2	0	1	
17.5862	0.15	0.3	-2	0	0	0	0	0	173	0	2	0	1	
17.5862	0.16	0.3	3	44.4434	245.803	-2.8184e-06	-3.15825e-07	234.896	173	0	2	0	1	
17.5862	0.17	0.3	1	58.2255	242.834	2.93589e-06	-2.99246e-05	227.195	173	0	2	0	1	
17.5862	0.18	0.3	-3	0	0	0	0	0	173	0	2	0	1	
17.5862	0.19	0.3	-3	0	0	0	0	0	173	0	2	0	1	
17.5862	0.2	0.3	-3	0	0	0	0	0	173	0	2	0	1	
17.5862	0.21	0.3	-3	0	0	0	0	0	173	0	2	0	1	
17.5862	0.22	0.3	-3	0	0	0	0	0	173	0	2	0	1	
17.5862	0.23	0.3	-3	0	0	0	0	0	173	0	2	0	1	
17.5862	0.24	0.3	-3	0	0	0	0	0	173	0	2	0	1	
17.5862	0.25	0.3	-3	0	0	0	0	0	173	0	2	0	1	
17.5862	0.26	0.3	-3	0	0	0	0	0	173	0	2	0	1	
17.5862	0.27	0.3	-3	0	0	0	0	0	173	0	2	0	1	
17.5862	0.28	0.3	-3	0	0	0	0	0	173	0	2	0	1	
17.5862	0.29	0.3	-3	0	0	0	0	0	173	0	2	0	1	
17.5862	0.3	0.3	-3	0	0	0	0	0	173	0	2	0	1	
21.3793	0.01	0.3	-3	0	0	0	0	0	173	0	2	0	1	
21.3793	0.02	0.3	-3	0	0	0	0	0	173	0	2	0	1	
21.3793	0.03	0.3	-3	0	0	0	0	0	173	0	2	0	1	
21.3793	0.04	0.3	-3	0	0	0	0	0	173	0	2	0	1	
21.3793	0.05	0.3	-3	0	0	0	0	0	173	0	2	0	1	
21.3793	0.06	0.3	-2	0	0	0	0	0	173	0	2	0	1	
21.3793	0.07	0.3	-2	0	0	0	0	0	173	0	2	0	1	
21.3793	0.08	0.3	-2	0	0	0	0	0	173	0	2	0	1	
21.3793	0.09	0.3	-2	0	0	0	0	0	173	0	2	0	1	
21.3793	0.1	0.3	-2	0	0	0	0	0	173	0	2	0	1	
21.3793	0.11	0.3	-2	0	0	0	0	0	173	0	2	0	1	
21.3793	0.12	0.3	-2	0	0	0	0	0	173	0	2	0	1	
21.3793	0.13	0.3	-2	0	0	0	0	0	173	0	2	0	1	
21.3793	0.14	0.3	-2	0	0	0	0	0	173	0	2	0	1	
21.3793	0.15	0.3	1	31.0166	-247.068	-3.53172e-06	4.26722e-06	240.955	173	0	2	0	1	
21.3793	0.16	0.3	1	53.0503	244.212	-1.94538e-06	-3.95354e-06	232.521	173	0	2	0	1	
21.3793	0.17	0.3	1	63.7199	241.053	-4.79144e-07	-3.02423e-06	224.899	173	0	2	0	1	
21.3793	0.18	0.3	-2	0	0	0	0	0	173	0	2	0	1	
21.3793	0.19	0.3	-3	0	0	0	0	0	173	0	2	0	1	
21.3793	0.2	0.3	-3	0	0	0	0	0	173	0	2	0	1	
21.3793	0.21	0.3	-3	0	0	0	0	0	173	0	2	0	1	
21.3793	0.22	0.3	-3	0	0	0	0	0	173	0	2	0	1	
21.3793	0.23	0.3	-3	0	0	0	0	0	173	0	2	0	1	
21.3793	0.24	0.3	-3	0	0	0	0	0	173	0	2	0	1	
21.3793	0.25	0.3	-3	0	0	0	0	0	173	0	2	0	1	
21.3793	0.26	0.3	-3	0	0	0	0	0	173	0	2	0	1	
21.3793	0.27	0.3	-3	0	0	0	0	0	173	0	2	0	1	
21.3793	0.28	0.3	-3	0	0	0	0	0	173	0	2	0	1	
21.3793	0.29	0.3	-3	0	0	0	0	0	173	0	2	0	1	
21.3793	0.3	0.3	-3	0	0	0	0	0	173	0	2	0	1	
25.1724	0.01	0.3	-3	0	0	0	0	0	173	0	2	0	1	
25.1724	0.02	0.3	-3	0	0	0	0	0	173	0	2	0	1	
25.1724	0.03	0.3	-3	0	0	0	0	0	173	0	2	0	1	
25.1724	0.04	0.3	-3	0	0	0	0	0	173	0	2	0	1	
25.1724	0.05	0.3	-2	0	0	0	0	0	173	0	2	0	1	
25.1724	0.06	0.3	-2	0	0	0	0	0	173	0	2	0	1	
25.1724	0.07	0.3	-2	0	0	0	0	0	173	0	2	0	1	
25.1724	0.08	0.3	-2	0	0	0	0	0	173	0	2	0	1	
25.1724	0.09	0.3	-2	0	0	0	0	0	173	0	2	0	1	
25.1724	0.1	0.3	-2	0	0	0	0	0	173	0	2	0	1	
25.1724	0.11	0.3	-2	0	0	0	0	0	173	0	2	0	1	
25.1724	0.12	0.3	-2	0	0	0	0	0	173	0	2	0	1	
25.1724	0.13	0.3	-2	0	0	0	0	0	173	0	2	0	1	
25.1724	0.14	0.3	-2	0	0	0	0	0	173	0	2	0	1	
25.1724	0.15	0.3	1	47.5179	245.345	1.26236e-05	-4.16722e-05	237.967	173	0	2	0	1	
25.1724	0.16	0.3	1	60.744	242.105	-6.85794e-06	-5.19242e-06	229.664	173	0	2	0	1	
25.1724	0.17	0.3	1	69.3674	238.8	-9.77157e-06	-3.13193e-05	222.126	173	0	2	0	1	
25.1724	0.18	0.3	-2	0	0	0	0	0	173	0	2	0	1	
25.1724	0.19	0.3	-3	0	0	0	0	0	173	0	2	0	1	
25.1724	0.2	0.3	-3	0	0	0	0	0	173	0	2	0	1	
25.1724	0.21	0.3	-3	0	0	0	0	0	173	0	2	0	1	
25.1724	0.22	0.3	-3	0	0	0	0	0	173	0	2	0	1	
25.1724	0.23	0.3	-3	0	0	0	0	0	173	0	2	0	1	
25.1724	0.24	0.3	-3	0	0	0	0	0	173	0	2	0	1	
25.1724	0.25	0.3	-3	0	0	0	0	0	173	0	2	0	1	
25.1724	0.26	0.3	-3	0	0	0	0	0	173	0	2	0	1	
25.1724	0.27	0.3	-3	0	0	0	0	0	173	0	2	0	1	
25.1724	0.28	0.3	-3	0	0	0	0	0	173	0	2	0	1	
25.1724	0.29	0.3	-3	0	0	0	0	0	173	0	2	0	1	
25.1724	0.3	0.3	-3	0	0	0	0	0	173	0	2	0	1	
28.9655	0.01	0.3	-3	0	0	0	0	0	173	0	2	0	1	
28.9655	0.02	0.3	-3	0	0	0	0	0	173	0	2	0	1	
28.9655	0.03	0.3	-3	0	0	0	0	0	173	0	2	0	1	
28.9655	0.04	0.3	-3	0	0	0	0	0	173	0	2	0	1	
28.9655	0.05	0.3	-3	0	0	0	0	0	173	0	2	0	1	
28.9655	0.06	0.3	-2	0	0	0	0	0	173	0	2	0	1	
28.9655	0.07	0.3	-2	0	0	0	0	0	173	0	2	0	1	
28.9655	0.08	0.3	-2	0	0	0	0	0	173	0	2	0	1	
28.9655	0.09	0.3	-2	0	0	0	0	0	173	0	2	0	1	
28.9655	0.1	0.3	-2	0	0	0	0	0	173	0	2	0	1	
28.9655	0.11	0.3	-2	0	0	0	0	0	173	0	2	0	1	
28.9655	0.12	0.3	-2	0	0	0	0	0	173	0	2	0	1	
28.9655	0.13	0.3	-2	0	0	0	0	0	173	0	2	0	1	
28.9655	0.14	0.3	1	41.3831	246.245	9.46473e-06	9.38475e-08	243.578	173	0	2	0	1	
28.9655	0.15	0.3	1	58.1526	242.924	3.40717e-06	3.69121e-06	234.489	173	0	2	0	1	
28.9655	0.16	0.3	1	67.939	239.452	3.70114e-05	2.29715e-05	226.301	173	0	2	0	1	
28.9655	0.17	0.3	1	75.0926	236.036	-2.16803e-05	-1.80123e-05	218.856	173	0	2	0	1	
28.9655	0.18	0.3	1	80.7612	232.729	1.5034e-05	-9.9163e-05	212.053	173	0	2	0	1	
28.9655	0.19	0.3	-3	0	0	0	0	0	173	0	2	0	1	
28.9655	0.2	0.3	-3	0	0	0	0	0	173	0	2	0	1	
28.9655	0.21	0.3	-3	0	0	0	0	0	173	0	2	0	1	
28.9655	0.22	0.3	-3	0	0	0	0	0	173	0	2	0	1	
28.9655	0.23	0.3	-3	0	0	0	0	0	173	0	2	0	1	
28.9655	0.24	0.3	-3	0	0	0	0	0	173	0	2	0	1	
28.9655	0.25	0.3	-3	0	0	0	0	0	173	0	2	0	1	
28.9655	0.26	0.3	-3	0	0	0	0	0	173	0	2	0	1	
28.9655	0.27	0.3	-3	0	0	0	0	0	173	0	2	0	1	
28.9655	0.28	0.3	-3	0	0	0	0	0	173	0	2	0	1	
28.9655	0.29	0.3	-3	0	0	0	0	0	173	0	2	0	1	
28.9655	0.3	0.3	-3	0	0	0	0	0	173	0	2	0	1	
32.7586	0.01	0.3	-3	0	0	0	0	0	173	0	2	0	1	
32.7586	0.02	0.3	-3	0	0	0	0	0	173	0	2	0	1	
32.7586	0.03	0.3	-3	0	0	0	0	0	173	0	2	0	1	
32.7586	0.04	0.3	-3	0	0	0	0	0	173	0	2	0	1	
32.7586	0.05	0.3	-2	0	0	0	0	0	173	0	2	0	1	
32.7586	0.06	0.3	-2	0	0	0	0	0	173	0	2	0	1	
32.7586	0.07	0.3	-2	0	0	0	0	0	173	0	2	0	1	
32.7586	0.08	0.3	-2	0	0	0	0	0	173	0	2	0	1	
32.7586	0.09	0.3	-2	0	0	0	0	0	173	0	2	0	1	
32.7586	0.1	0.3	-2	0	0	0	0	0	173	0	2	0	1	
32.7586	0.11	0.3	-2	0	0	0	0	0	173	0	2	0	1	
32.7586	0.12	0.3	-2	0	0	0	0	0	173	0	2	0	1	
32.7586	0.13	0.3	1	33.991	-246.92	-4.20051e-06	-9.12502e-06	249.408	173	0	2	0	1	
32.7586	0.14	0.3	1	56.0697	243.522	1.05842e-05	3.7399e-05	239.409	173	0	2	0	1	
32.7586	0.15	0.3	1	67.061	239.847	5.54627e-06	-3.14733e-05	230.475	173	0	2	0	1	
32.7586	0.16	0.3	1	74.8156	236.222	-2.27456e-05	1.33791e-05	222.403	173	0	2	0	1	
32.7586	0.17	0.3	1	80.8522	232.723	2.0591e-07	1.00925e-05	215.066	173	0	2	0	1	
32.7586	0.18	0.3	1	85.7917	229.368	-1.90889e-06	2.97339e-05	208.36	173	0	2	0	1	
32.7586	0.19	0.3	-2	0	0	0	0	0	173	0	2	0	1	
32.7586	0.2	0.3	-3	0	0	0	0	0	173	0	2	0	1	
32.7586	0.21	0.3	-3	0	0	0	0	0	173	0	2	0	1	
32.7586	0.22	0.3	-3	0	0	0	0	0	173	0	2	0	1	
32.7586	0.23	0.3	-3	0	0	0	0	0	173	0	2	0	1	
32.7586	0.24	0.3	-3	0	0	0	0	0	173	0	2	0	1	
32.7586	0.25	0.3	-3	0	0	0	0	0	173	0	2	0	1	
32.7586	0.26	0.3	-3	0	0	0	0	0	173	0	2	0	1	
32.7586	0.27	0.3	-3	0	0	0	0	0	173	0	2	0	1	
32.7586	0.28	0.3	-3	0	0	0	0	0	173	0	2	0	1	
32.7586	0.29	0.3	-3	0	0	0	0	0	173	0	2	0	1	
32.7586	0.3	0.3	-3	0	0	0	0	0	173	0	2	0	1	
36.5517	0.01	0.3	-3	0	0	0	0	0	173	0	2	0	1	
36.5517	0.02	0.3	-3	0	0	0	0	0	173	0	2	0	1	
36.5517	0.03	0.3	-3	0	0	0	0	0	173	0	2	0	1	
36.5517	0.04	0.3	-3	0	0	0	0	0	173	0	2	0	1	
36.5517	0.05	0.3	-3	0	0	0	0	0	173	0	2	0	1	
36.5517	0.06	0.3	-2	0	0	0	0	0	173	0	2	0	1	
36.5517	0.07	0.3	-2	0	0	0	0	0	173	0	2	0	1	
36.5517	0.08	0.3	-2	0	0	0	0	0	173	0	2	0	1	
36.5517	0.09	0.3	-2	0	0	0	0	0	173	0	2	0	1	
36.5517	0.1	0.3	-2	0	0	0	0	0	173	0	2	0	1	
36.5517	0.11	0.3	-2	0	0	0	0	0	173	0	2	0	1	
36.5517	0.12	0.3	1	21.8226	-247.376	-1.30603e-05	6.04454e-06	255.526	173	0	2	0	1	
36.5517	0.13	0.3	1	54.6276	243.909	1.32873e-05	2.40001e-06	244.463	173	0	2	0	1	
36.5517	0.14	0.3	1	66.798	239.981	8.66908e-06	4.31822e-06	234.661	173	0	2	0	1	
36.5517	0.15	0.3	1	75.1051	236.104	1.79077e-05	-1.63738e-06	225.879	173	0	2	0	1	
36.5517	0.16	0.3	1	81.4678	232.375	7.78447e-05	-1.97501e-06	217.94	173	0	2	0	1	
36.5517	0.17	0.3	1	86.6203	228.819	-6.51238e-05	4.78428e-06	210.724	173	0	2	0	1	
36.5517	0.18	0.3	1	90.9363	225.43	-1.70948e-06	3.36577e-06	204.127	173	0	2	0	1	
36.5517	0.19	0.3	-2	0	0	0	0	0	173	0	2	0	1	
36.5517	0.2	0.3	-2	0	0	0	0	0	173	0	2	0	1	
36.5517	0.21	0.3	-3	0	0	0	0	0	173	0	2	0	1	
36.5517	0.22	0.3	-3	0	0	0	0	0	173	0	2	0	1	
36.5517	0.23	0.3	-3	0	0	0	0	0	173	0	2	0	1	
36.5517	0.24	0.3	-3	0	0	0	0	0	173	0	2	0	1	
36.5517	0.25	0.3	-3	0	0	0	0	0	173	0	2	0	1	
36.5517	0.26	0.3	-3	0	0	0	0	0	173	0	2	0	1	
36.5517	0.27	0.3	-3	0	0	0	0	0	173	0	2	0	1	
36.5517	0.28	0.3	-3	0	0	0	0	0	173	0	2	0	1	
36.5517	0.29	0.3	-3	0	0	0	0	0	173	0	2	0	1	
36.5517	0.3	0.3	-3	0	0	0	0	0	173	0	2	0	1	
40.3448	0.01	0.3	-3	0	0	0	0	0	173	0	2	0	1	
40.3448	0.02	0.3	-3	0	0	0	0	0	173	0	2	0	1	
40.3448	0.03	0.3	-3	0	0	0	0	0	173	0	2	0	1	
40.3448	0.04	0.3	-3	0	0	0	0	0	173	0	2	0	1	
40.3448	0.05	0.3	-3	0	0	0	0	0	173	0	2	0	1	
40.3448	0.06	0.3	-2	0	0	0	0	0	173	0	2	0	1	
40.3448	0.07	0.3	-2	0	0	0	0	0	173	0	2	0	1	
40.3448	0.08	0.3	-2	0	0	0	0	0	173	0	2	0	1	
40.3448	0.09	0.3	-2	0	0	0	0	0	173	0	2	0	1	
40.3448	0.1	0.3	-2	0	0	0	0	0	173	0	2	0	1	
40.3448	0.11	0.3	-2	0	0	0	0	0	173	0	2	0	1	
40.3448	0.12	0.3	1	53.9526	-244.09	1.26216e-05	-7.74103e-05	249.704	173	0	2	0	1	
40.3448	0.13	0.3	1	67.1973	239.844	-6.88704e-05	4.11759e-06	238.89	173	0	2	0	1	
40.3448	0.14	0.3	1	75.9867	235.664	1.79641e-06	7.31257e-08	229.292	173	0	2	0	1	
40.3448	0.15	0.3	1	82.6242	231.665	-1.77348e-05	1.68803e-05	220.661	173	0	2	0	1	
40.3448	0.16	0.3	1	87.9503	227.869	-1.93473e-06	-3.59244e-06	212.873	173	0	2	0	1	
40.3448	0.17	0.3	1	92.3807	224.276	-1.03281e-05	-2.0342e-05	205.793	173	0	2	0	1	
40.3448	0.18	0.3	1	96.1578	220.866	-2.45267e-05	-2.02808e-05	199.319	173	0	2	0	1	
40.3448	0.19	0.3	1	99.4341	217.628	-4.56931e-05	9.95813e-06	193.37	173	0	2	0	1	
40.3448	0.2	0.3	-2	0	0	0	0	0	173	0	2	0	1	
40.3448	0.21	0.3	-3	0	0	0	0	0	173	0	2	0	1	
40.3448	0.22	0.3	-3	0	0	0	0	0	173	0	2	0	1	
40.3448	0.23	0.3	-3	0	0	0	0	0	173	0	2	0	1	
40.3448	0.24	0.3	-3	0	0	0	0	0	173	0	2	0	1	
40.3448	0.25	0.3	-3	0	0	0	0	0	173	0	2	0	1	
40.3448	0.26	0.3	-3	0	0	0	0	0	173	0	2	0	1	
40.3448	0.27	0.3	-3	0	0	0	0	0	173	0	2	0	1	
40.3448	0.28	0.3	-3	0	0	0	0	0	173	0	2	0	1	
40.3448	0.29	0.3	-3	0	0	0	0	0	173	0	2	0	1	
40.3448	0.3	0.3	-3	0	0	0	0	0	173	0	2	0	1	
44.1379	0.01	0.3	-3	0	0	0	0	0	173	0	2	0	1	
44.1379	0.02	0.3	-3	0	0	0	0	0	173	0	2	0	1	
44.1379	0.03	0.3	-3	0	0	0	0	0	173	0	2	0	1	
44.1379	0.04	0.3	-3	0	0	0	0	0	173	0	2	0	1	
44.1379	0.05	0.3	-2	0	0	0	0	0	173	0	2	0	1	
44.1379	0.06	0.3	-2	0	0	0	0	0	173	0	2	0	1	
44.1379	0.07	0.3	-2	0	0	0	0	0	173	0	2	0	1	
44.1379	0.08	0.3	-2	0	0	0	0	0	173	0	2	0	1	
44.1379	0.09	0.3	-2	0	0	0	0	0	173	0	2	0	1	
44.1379	0.1	0.3	-2	0	0	0	0	0	173	0	2	0	1	
44.1379	0.11	0.3	1	54.1114	244.068	1.10531e-05	7.70096e-05	255.203	173	0	2	0	1	
44.1379	0.12	0.3	1	68.2743	239.421	-2.35144e-05	-1.69907e-06	243.19	173	0	2	0	1	
44.1379	0.13	0.3	1	77.4637	234.875	-2.21192e-05	7.4027e-05	232.618	173	0	2	0	1	
44.1379	0.14	0.3	1	84.3258	230.555	-7.89403e-06	2.93744e-05	223.214	173	0	2	0	1	
44.1379	0.15	0.3	1	89.7849	226.484	-6.19871e-06	2.43433e-05	214.776	173	0	2	0	1	
44.1379	0.16	0.3	1	94.2965	222.65	-5.52951e-06	-2.3967e-05	207.154	173	0	2	0	1	
44.1379	0.17	0.3	1	98.1223	219.04	-9.46344e-07	3.03801e-05	200.224	173	0	2	0	1	
44.1379	0.18	0.3	1	101.429	215.62	1.73234e-05	1.4587e-05	193.887	173	0	2	0	1	
44.1379	0.19	0.3	1	104.325	212.383	-1.39526e-06	-4.46787e-05	188.063	173	0	2	0	1	
44.1379	0.2	0.3	-2	0	0	0	0	0	173	0	2	0	1	
44.1379	0.21	0.3	-2	0	0	0	0	0	173	0	2	0	1	
44.1379	0.22	0.3	-3	0	0	0	0	0	173	0	2	0	1	
44.1379	0.23	0.3	-3	0	0	0	0	0	173	0	2	0	1	
44.1379	0.24	0.3	-3	0	0	0	0	0	173	0	2	0	1	
44.1379	0.25	0.3	-3	0	0	0	0	0	173	0	2	0	1	
44.1379	0.26	0.3	-3	0	0	0	0	0	173	0	2	0	1	
44.1379	0.27	0.3	-3	0	0	0	0	0	173	0	2	0	1	
44.1379	0.28	0.3	-3	0	0	0	0	0	173	0	2	0	1	
44.1379	0.29	0.3	-3	0	0	0	0	0	173	0	2	0	1	
44.1379	0.3	0.3	-3	0	0	0	0	0	173	0	2	0	1	
47.931	0.01	0.3	-3	0	0	0	0	0	173	0	2	0	1	
47.931	0.02	0.3	-3	0	0	0	0	0	173	0	2	0	1	
47.931	0.03	0.3	-3	0	0	0	0	0	173	0	2	0	1	
47.931	0.04	0.3	-2	0	0	0	0	0	173	0	2	0	1	
47.931	0.05	0.3	-2	0	0	0	0	0	173	0	2	0	1	
47.931	0.06	0.3	-2	0	0	0	0	0	173	0	2	0	1	
47.931	0.07	0.3	-2	0	0	0	0	0	173	0	2	0	1	
47.931	0.08	0.3	-2	0	0	0	0	0	173	0	2	0	1	
47.931	0.09	0.3	-2	0	0	0	0	0	173	0	2	0	1	
47.931	0.1	0.3	1	55.1031	-243.84	-1.12875e-05	1.72713e-05	261.06	173	0	2	0	1	
47.931	0.11	0.3	1	70.0156	238.686	2.60707e-06	-1.33603e-05	247.6	173	0	2	0	1	
47.931	0.12	0.3	1	79.5325	233.699	-1.04372e-05	2.91968e-05	235.886	173	0	2	0	1	
47.931	0.13	0.3	1	86.568	228.999	1.74285e-05	-6.12776e-06	225.573	173	0	2	0	1	
47.931	0.14	0.3	1	92.1209	224.607	1.76168e-06	4.39943e-06	216.392	173	0	2	0	1	
47.931	0.15	0.3	1	96.6812	220.501	2.74684e-06	-7.27704e-06	208.159	173	0	2	0	1	
47.931	0.16	0.3	1	100.528	216.653	-6.08696e-06	1.21007e-05	200.722	173	0	2	0	1	
47.931	0.17	0.3	1	103.837	213.048	3.27238e-05	-3.63424e-05	193.959	173	0	2	0	1	
47.931	0.18	0.3	1	106.723	209.63	4.19322e-05	-6.8078e-06	187.775	173	0	2	0	1	
47.931	0.19	0.3	1	109.286	206.389	6.89716e-05	-2.48362e-05	182.088	173	0	2	0	1	
47.931	0.2	0.3	-2	0	0	0	0	0	173	0	2	0	1	
47.931	0.21	0.3	-2	0	0	0	0	0	173	0	2	0	1	
47.931	0.22	0.3	-2	0	0	0	0	0	173	0	2	0	1	
47.931	0.23	0.3	-3	0	0	0	0	0	173	0	2	0	1	
47.931	0.24	0.3	-3	0	0	0	0	0	173	0	2	0	1	
47.931	0.25	0.3	-3	0	0	0	0	0	173	0	2	0	1	
47.931	0.26	0.3	-3	0	0	0	0	0	173	0	2	0	1	
47.931	0.27	0.3	-3	0	0	0	0	0	173	0	2	0	1	
47.931	0.28	0.3	-3	0	0	0	0	0	173	0	2	0	1	
47.931	0.29	0.3	-3	0	0	0	0	0	173	0	2	0	1	
47.931	0.3	0.3	-3	0	0	0	0	0	173	0	2	0	1	
51.7241	0.01	0.3	-3	0	0	0	0	0	173	0	2	0	1	
51.7241	0.02	0.3	-3	0	0	0	0	0	173	0	2	0	1	
51.7241	0.03	0.3	-2	0	0	0	0	0	173	0	2	0	1	
51.7241	0.04	0.3	-3	0	0	0	0	0	173	0	2	0	1	
51.7241	0.05	0.3	-2	0	0	0	0	0	173	0	2	0	1	
51.7241	0.06	0.3	-2	0	0	0	0	0	173	0	2	0	1	
51.7241	0.07	0.3	-2	0	0	0	0	0	173	0	2	0	1	
51.7241	0.08	0.3	-2	0	0	0	0	0	173	0	2	0	1	
51.7241	0.09	0.3	1	56.8444	-243.402	-1.03498e-05	-8.52701e-06	267.416	173	0	2	0	1	
51.7241	0.1	0.3	1	72.3829	237.607	1.10795e-08	1.1726e-05	252.174	173	0	2	0	1	
51.7241	0.11	0.3	1	82.1718	232.077	1.2967e-06	1.015e-05	239.088	173	0	2	0	1	
51.7241	0.12	0.3	1	89.3404	226.931	-5.47788e-06	-5.82984e-07	227.708	173	0	2	0	1	
51.7241	0.13	0.3	1	94.951	222.169	-2.55869e-05	5.10792e-06	217.665	173	0	2	0	1	
51.7241	0.14	0.3	1	99.5295	217.75	1.76105e-05	-4.21503e-05	208.739	173	0	2	0	1	
51.7241	0.15	0.3	1	103.372	213.635	-1.70616e-05	1.92306e-05	200.734	173	0	2	0	1	
51.7241	0.16	0.3	1	106.658	209.796	-8.47697e-06	1.58918e-05	193.501	173	0	2	0	1	
51.7241	0.17	0.3	1	109.517	206.192	-3.27683e-07	1.80284e-05	186.922	173	0	2	0	1	
51.7241	0.18	0.3	1	112.037	202.794	1.45411e-05	9.6426e-06	180.905	173	0	2	0	1	
51.7241	0.19	0.3	1	114.281	199.58	4.53154e-05	3.3986e-07	175.372	173	0	2	0	1	
51.7241	0.2	0.3	1	116.302	196.528	-7.19215e-06	1.00871e-05	170.26	173	0	2	0	1	
51.7241	0.21	0.3	-2	0	0	0	0	0	173	0	2	0	1	
51.7241	0.22	0.3	-2	0	0	0	0	0	173	0	2	0	1	
51.7241	0.23	0.3	-2	0	0	0	0	0	173	0	2	0	1	
51.7241	0.24	0.3	-3	0	0	0	0	0	173	0	2	0	1	
51.7241	0.25	0.3	-3	0	0	0	0	0	173	0	2	0	1	
51.7241	0.26	0.3	-3	0	0	0	0	0	173	0	2	0	1	
51.7241	0.27	0.3	-3	0	0	0	0	0	173	0	2	0	1	
51.7241	0.28	0.3	-3	0	0	0	0	0	173	0	2	0	1	
51.7241	0.29	0.3	-3	0	0	0	0	0	173	0	2	0	1	
51.7241	0.3	0.3	-3	0	0	0	0	0	173	0	2	0	1	
55.5172	0.01	0.3	-3	0	0	0	0	0	173	0	2	0	1	
55.5172	0.02	0.3	-3	0	0	0	0	0	173	0	2	0	1	
55.5172	0.03	0.3	-3	0	0	0	0	0	173	0	2	0	1	
55.5172	0.04	0.3	-2	0	0	0	0	0	173	0	2	0	1	
55.5172	0.05	0.3	-2	0	0	0	0	0	173	0	2	0	1	
55.5172	0.06	0.3	-2	0	0	0	0	0	173	0	2	0	1	
55.5172	0.07	0.3	-2	0	0	0	0	0	173	0	2	0	1	
55.5172	0.08	0.3	1	59.1874	242.751	-1.32456e-05	1.53687e-05	274.481	173	0	2	0	1	
55.5172	0.09	0.3	1	75.3222	236.142	-9.80188e-06	-1.08523e-06	256.992	173	0	2	0	1	
55.5172	0.1	0.3	1	85.3571	229.951	-6.98526e-06	3.70794e-06	242.225	173	0	2	0	1	
55.5172	0.11	0.3	1	92.6246	224.274	5.126e-06	4.01797e-07	229.563	173	0	2	0	1	
55.5172	0.12	0.3	1	98.2676	219.076	1.02692e-05	5.50757e-05	218.519	173	0	2	0	1	
55.5172	0.13	0.3	1	102.836	214.299	1.09411e-05	-2.24079e-05	208.798	173	0	2	0	1	
55.5172	0.14	0.3	1	106.645	209.885	1.29061e-05	5.94479e-07	200.153	173	0	2	0	1	
55.5172	0.15	0.3	1	109.886	205.793	-5.30917e-06	3.40329e-05	192.399	173	0	2	0	1	
55.5172	0.16	0.3	1	112.693	201.977	2.01504e-05	1.24848e-05	185.391	173	0	2	0	1	
55.5172	0.17	0.3	1	115.157	198.399	-1.9086e-05	7.25196e-06	179.016	173	0	2	0	1	
55.5172	0.18	0.3	1	117.343	195.023	-2.18521e-05	-1.13015e-05	173.183	173	0	2	0	1	
55.5172	0.19	0.3	1	119.302	191.836	-4.69623e-06	1.71059e-05	167.818	173	0	2	0	1	
55.5172	0.2	0.3	1	121.071	188.816	-2.77416e-05	1.81275e-05	162.86	173	0	2	0	1	
55.5172	0.21	0.3	-2	0	0	0	0	0	173	0	2	0	1	
55.5172	0.22	0.3	-2	0	0	0	0	0	173	0	2	0	1	
55.5172	0.23	0.3	-2	0	0	0	0	0	173	0	2	0	1	
55.5172	0.24	0.3	-2	0	0	0	0	0	173	0	2	0	1	
55.5172	0.25	0.3	-3	0	0	0	0	0	173	0	2	0	1	
55.5172	0.26	0.3	-3	0	0	0	0	0	173	0	2	0	1	
55.5172	0.27	0.3	-3	0	0	0	0	0	173	0	2	0	1	
55.5172	0.28	0.3	-3	0	0	0	0	0	173	0	2	0	1	
55.5172	0.29	0.3	-3	0	0	0	0	0	173	0	2	0	1	
55.5172	0.3	0.3	-3	0	0	0	0	0	173	0	2	0	1	
59.3103	0.01	0.3	-3	0	0	0	0	0	173	0	2	0	1	
59.3103	0.02	0.3	-3	0	0	0	0	0	173	0	2	0	1	
59.3103	0.03	0.3	-3	0	0	0	0	0	173	0	2	0	1	
59.3103	0.04	0.3	-2	0	0	0	0	0	173	0	2	0	1	
59.3103	0.05	0.3	-2	0	0	0	0	0	173	0	2	0	1	
59.3103	0.06	0.3	-2	0	0	0	0	0	173	0	2	0	1	
59.3103	0.07	0.3	1	61.9387	241.898	-2.39877e-05	1.51465e-05	282.584	173	0	2	0	1	
59.3103	0.08	0.3	1	78.7726	234.232	1.97428e-05	-1.38409e-05	262.171	173	0	2	0	1	
59.3103	0.09	0.3	1	89.0617	227.233	-4.87299e-05	-1.53307e-05	245.297	173	0	2	0	1	
59.3103	0.1	0.3	1	96.4182	220.912	2.7253e-06	1.34213e-05	231.074	173	0	2	0	1	
59.3103	0.11	0.3	1	102.066	215.202	1.05449e-07	9.62939e-06	218.844	173	0	2	0	1	
59.3103	0.12	0.3	1	106.598	210.012	2.9939e-05	-1.09764e-05	208.203	173	0	2	0	1	
59.3103	0.13	0.3	1	110.346	205.263	-2.34243e-05	-1.9025e-05	198.833	173	0	2	0	1	
59.3103	0.14	0.3	1	113.518	200.888	3.21442e-05	-2.26376e-06	190.499	173	0	2	0	1	
59.3103	0.15	0.3	1	116.251	196.833	4.11392e-05	4.36269e-05	183.022	173	0	2	0	1	
59.3103	0.16	0.3	1	118.638	193.071	-8.39642e-05	-1.1339e-05	176.262	173	0	2	0	1	
59.3103	0.17	0.3	1	120.748	189.511	-1.27139e-05	-4.01597e-05	170.11	173	0	2	0	1	
59.3103	0.18	0.3	1	122.632	186.172	5.35766e-06	1.74565e-05	164.478	173	0	2	0	1	
59.3103	0.19	0.3	1	124.328	183.019	1.59756e-05	1.19808e-05	159.297	173	0	2	0	1	
59.3103	0.2	0.3	1	125.867	180.031	1.1887e-05	-6.95157e-06	154.506	173	0	2	0	1	
59.3103	0.21	0.3	1	127.271	177.189	-1.47257e-05	1.15964e-05	150.059	173	0	2	0	1	
59.3103	0.22	0.3	-2	0	0	0	0	0	173	0	2	0	1	
59.3103	0.23	0.3	-2	0	0	0	0	0	173	0	2	0	1	
59.3103	0.24	0.3	-2	0	0	0	0	0	173	0	2	0	1	
59.3103	0.25	0.3	-2	0	0	0	0	0	173	0	2	0	1	
59.3103	0.26	0.3	-2	0	0	0	0	0	173	0	2	0	1	
59.3103	0.27	0.3	-3	0	0	0	0	0	173	0	2	0	1	
59.3103	0.28	0.3	-3	0	0	0	0	0	173	0	2	0	1	
59.3103	0.29	0.3	-3	0	0	0	0	0	173	0	2	0	1	
59.3103	0.3	0.3	-3	0	0	0	0	0	173	0	2	0	1	
63.1034	0.01	0.3	-3	0	0	0	0	0	173	0	2	0	1	
63.1034	0.02	0.3	-3	0	0	0	0	0	173	0	2	0	1	
63.1034	0.03	0.3	-3	0	0	0	0	0	173	0	2	0	1	
63.1034	0.04	0.3	-2	0	0	0	0	0	173	0	2	0	1	
63.1034	0.05	0.3	-2	0	0	0	0	0	173	0	2	0	1	
63.1034	0.06	0.3	1	64.8506	240.888	-1.40444e-05	-1.63532e-05	292.262	173	0	2	0	1	
63.1034	0.07	0.3	1	82.6716	-231.849	-1.02052e-05	-1.99014e-05	267.896	173	0	2	0	1	
63.1034	0.08	0.3	1	93.2787	223.798	-3.71194e-06	3.62913e-06	248.3	173	0	2	0	1	
63.1034	0.09	0.3	1	100.717	216.693	-1.54153e-05	2.04033e-05	232.136	173	0	2	0	1	
63.1034	0.1	0.3	1	106.349	210.377	-8.07115e-05	-1.25783e-05	218.48	173	0	2	0	1	
63.1034	0.11	0.3	1	110.817	204.709	4.71508e-06	4.63472e-05	206.762	173	0	2	0	1	
63.1034	0.12	0.3	1	114.479	199.576	-1.41688e-05	3.19157e-05	196.565	173	0	2	0	1	
63.1034	0.13	0.3	1	117.555	194.887	-2.34364e-05	-4.29346e-05	187.584	173	0	2	0	1	
63.1034	0.14	0.3	1	120.188	190.572	-2.44494e-05	4.85731e-05	179.593	173	0	2	0	1	
63.1034	0.15	0.3	1	122.476	186.578	1.45944e-05	-1.30789e-05	172.419	173	0	2	0	1	
63.1034	0.16	0.3	1	124.489	182.856	8.18299e-06	-7.70569e-07	165.931	173	0	2	0	1	
63.1034	0.17	0.3	1	126.28	179.349	-2.23374e-05	1.05826e-05	160.024	173	0	2	0	1	
63.1034	0.18	0.3	1	127.888	176.055	1.81533e-05	5.29828e-06	154.613	173	0	2	0	1	
63.1034	0.19	0.3	1	129.341	172.943	-1.25374e-05	-4.84156e-05	149.63	173	0	2	0	1	
63.1034	0.2	0.3	1	130.665	169.991	-4.77158e-06	-1.85163e-05	145.021	173	0	2	0	1	
63.1034	0.21	0.3	1	131.877	167.183	-6.72003e-06	3.55425e-05	140.738	173	0	2	0	1	
63.1034	0.22	0.3	1	132.996	164.497	-4.68774e-05	-1.01925e-05	136.743	173	0	2	0	1	
63.1034	0.23	0.3	-2	0	0	0	0	0	173	0	2	0	1	
63.1034	0.24	0.3	-2	0	0	0	0	0	173	0	2	0	1	
63.1034	0.25	0.3	-2	0	0	0	0	0	173	0	2	0	1	
63.1034	0.26	0.3	-2	0	0	0	0	0	173	0	2	0	1	
63.1034	0.27	0.3	-2	0	0	0	0	0	173	0	2	0	1	
63.1034	0.28	0.3	-2	0	0	0	0	0	173	0	2	0	1	
63.1034	0.29	0.3	-2	0	0	0	0	0	173	0	2	0	1	
63.1034	0.3	0.3	-2	0	0	0	0	0	173	0	2	0	1	
66.8966	0.01	0.3	-3	0	0	0	0	0	173	0	2	0	1	
66.8966	0.02	0.3	-3	0	0	0	0	0	173	0	2	0	1	
66.8966	0.03	0.3	-2	0	0	0	0	0	173	0	2	0	1	
66.8966	0.04	0.3	-2	0	0	0	0	0	173	0	2	0	1	
66.8966	0.05	0.3	1	67.5832	239.839	-3.87147e-06	1.91543e-05	304.465	173	0	2	0	1	
66.8966	0.06	0.3	1	86.9552	228.903	8.41317e-06	-2.64441e-05	274.476	173	0	2	0	1	
66.8966	0.07	0.3	1	97.9964	219.494	-2.66578e-05	-2.62884e-05	251.232	173	0	2	0	1	
66.8966	0.08	0.3	1	105.534	-211.407	-2.37746e-05	-4.05999e-06	232.591	173	0	2	0	1	
66.8966	0.09	0.3	1	111.131	204.359	1.95496e-05	-7.65981e-06	217.183	173	0	2	0	1	
66.8966	0.1	0.3	1	115.506	198.133	-1.68607e-05	-6.98126e-05	204.19	173	0	2	0	1	
66.8966	0.11	0.3	1	119.051	192.562	-1.04708e-06	2.50689e-05	193.042	173	0	2	0	1	
66.8966	0.12	0.3	1	122	187.524	7.69059e-06	-3.07275e-05	183.337	173	0	2	0	1	
66.8966	0.13	0.3	1	124.506	182.923	2.79814e-05	-7.36456e-06	174.786	173	0	2	0	1	
66.8966	0.14	0.3	1	126.67	178.692	7.68577e-06	1.76819e-05	167.172	173	0	2	0	1	
66.8966	0.15	0.3	1	128.564	174.782	-2.18971e-05	1.05133e-05	160.333	173	0	2	0	1	
66.8966	0.16	0.3	1	130.242	171.098	2.53519e-05	9.98326e-06	154.142	173	0	2	0	1	
66.8966	0.17	0.3	1	131.742	167.655	1.77114e-05	-1.82615e-05	148.5	173	0	2	0	1	
66.8966	0.18	0.3	1	133.094	164.413	1.40708e-05	2.78733e-05	143.327	173	0	2	0	1	
66.8966	0.19	0.3	1	134.322	161.347	-1.37646e-05	-2.02916e-05	138.559	173	0	2	0	1	
66.8966	0.2	0.3	1	135.443	158.438	-3.56976e-06	8.883e-06	134.143	173	0	2	0	1	
66.8966	0.21	0.3	1	136.474	155.668	3.80223e-06	3.44951e-05	130.035	173	0	2	0	1	
66.8966	0.22	0.3	1	137.425	153.026	-9.53865e-05	2.45849e-05	126.2	173	0	2	0	1	
66.8966	0.23	0.3	1	138.31	150.493	8.44015e-06	-4.88903e-06	122.604	173	0	2	0	1	
66.8966	0.24	0.3	-2	0	0	0	0	0	173	0	2	0	1	
66.8966	0.25	0.3	-2	0	0	0	0	0	173	0	2	0	1	
66.8966	0.26	0.3	-2	0	0	0	0	0	173	0	2	0	1	
66.8966	0.27	0.3	-2	0	0	0	0	0	173	0	2	0	1	
66.8966	0.28	0.3	-2	0	0	0	0	0	173	0	2	0	1	
66.8966	0.29	0.3	-2	0	0	0	0	0	173	0	2	0	1	
66.8966	0.3	0.3	-2	0	0	0	0	0	173	0	2	0	1	
70.6897	0.01	0.3	-3	0	0	0	0	0	173	0	2	0	1	
70.6897	0.02	0.3	-2	0	0	0	0	0	173	0	2	0	1	
70.6897	0.03	0.3	-2	0	0	0	0	0	173	0	2	0	1	
70.6897	0.04	0.3	1	69.4767	239.056	-3.85896e-06	6.88294e-07	321.054	173	0	2	0	1	
70.6897	0.05	0.3	1	91.5469	225.348	1.42549e-05	-3.59913e-06	282.471	173	0	2	0	1	
70.6897	0.06	0.3	1	103.236	214.085	-9.34497e-09	1.24594e-05	254.085	173	0	2	0	1	
70.6897	0.07	0.3	1	110.903	204.734	-1.70833e-05	-9.89085e-06	232.175	173	0	2	0	1	
70.6897	0.08	0.3	1	116.444	196.788	1.40339e-06	-2.33207e-06	214.562	173	0	2	0	1	
70.6897	0.09	0.3	1	120.689	189.904	7.49327e-06	-1.41911e-05	200.038	173	0	2	0	1	
70.6897	0.1	0.3	1	124.077	183.833	-4.17514e-06	1.00092e-05	187.792	173	0	2	0	1	
70.6897	0.11	0.3	1	126.863	178.405	2.14823e-05	9.93758e-06	177.279	173	0	2	0	1	
70.6897	0.12	0.3	1	129.208	173.494	2.92875e-05	2.73496e-05	168.12	173	0	2	0	1	
70.6897	0.13	0.3	1	131.218	169.009	1.0697e-05	-4.18336e-06	160.042	173	0	2	0	1	
70.6897	0.14	0.3	1	132.967	164.915	-4.53319e-05	-9.69412e-06	152.843	173	0	2	0	1	
70.6897	0.15	0.3	1	134.507	161.031	1.34933e-05	-1.22955e-05	146.368	173	0	2	0	1	
70.6897	0.16	0.3	1	135.878	157.436	-3.51227e-05	1.4195e-05	140.499	173	0	2	0	1	
70.6897	0.17	0.3	1	137.11	154.066	1.49809e-06	2.04214e-06	135.142	173	0	2	0	1	
70.6897	0.18	0.3	1	138.224	150.894	-1.70798e-05	6.57827e-05	130.223	173	0	2	0	1	
70.6897	0.19	0.3	1	139.239	147.903	2.8377e-06	-1.31605e-05	125.681	173	0	2	0	1	
70.6897	0.2	0.3	1	140.169	145.1	4.61435e-05	7.5792e-05	121.468	173	0	2	0	1	
70.6897	0.21	0.3	1	141.023	142.494	-2.2825e-05	-2.00685e-05	117.542	173	0	2	0	1	
70.6897	0.22	0.3	1	141.815	139.687	-2.18732e-05	9.03457e-06	113.867	173	0	2	0	1	
70.6897	0.23	0.3	1	142.551	137.084	7.43457e-05	-1.16803e-05	110.416	173	0	2	0	1	
70.6897	0.24	0.3	1	143.239	134.594	-1.23529e-05	4.06469e-05	107.163	173	0	2	0	1	
70.6897	0.25	0.3	1	143.887	132.18	-4.97945e-05	-2.21958e-06	104.087	173	0	2	0	1	
70.6897	0.26	0.3	-2	0	0	0	0	0	173	0	2	0	1	
70.6897	0.27	0.3	-2	0	0	0	0	0	173	0	2	0	1	
70.6897	0.28	0.3	-2	0	0	0	0	0	173	0	2	0	1	
70.6897	0.29	0.3	-2	0	0	0	0	0	173	0	2	0	1	
70.6897	0.3	0.3	-2	0	0	0	0	0	173	0	2	0	1	
74.4828	0.01	0.3	-3	0	0	0	0	0	173	0	2	0	1	
74.4828	0.02	0.3	-2	0	0	0	0	0	173	0	2	0	1	
74.4828	0.03	0.3	1	68.8922	239.327	1.02089e-05	2.3509e-05	346.196	173	0	2	0	1	
74.4828	0.04	0.3	1	96.3216	221.182	3.20638e-06	1.54349e-05	293.006	173	0	2	0	1	
74.4828	0.05	0.3	1	109.05	207.219	-4.88348e-06	-5.05717e-08	256.842	173	0	2	0	1	
74.4828	0.06	0.3	1	116.894	196.171	6.94645e-06	-5.68513e-06	230.419	173	0	2	0	1	
74.4828	0.07	0.3	1	122.344	187.1	-7.24591e-07	-2.31279e-05	209.947	173	0	2	0	1	
74.4828	0.08	0.3	1	126.405	179.431	-1.38421e-05	-9.49307e-06	193.559	173	0	2	0	1	
74.4828	0.09	0.3	1	129.584	172.788	-5.4043e-06	1.29967e-05	180.041	173	0	2	0	1	
74.4828	0.1	0.3	1	132.159	166.928	1.90202e-05	2.21523e-05	168.632	173	0	2	0	1	
74.4828	0.11	0.3	1	134.3	161.685	1.28106e-05	7.1866e-06	158.827	173	0	2	0	1	
74.4828	0.12	0.3	1	136.118	156.941	2.04396e-05	6.36464e-06	150.272	173	0	2	0	1	
74.4828	0.13	0.3	1	137.687	152.595	-4.63202e-06	2.53891e-05	142.713	173	0	2	0	1	
74.4828	0.14	0.3	1	139.06	148.596	-1.78645e-06	3.60047e-05	135.963	173	0	2	0	1	
74.4828	0.15	0.3	1	140.276	144.925	1.62813e-05	1.66774e-05	129.878	173	0	2	0	1	
74.4828	0.16	0.3	1	141.359	141.444	7.95268e-06	1.50368e-05	124.35	173	0	2	0	1	
74.4828	0.17	0.3	1	142.339	137.982	-6.63024e-06	2.74421e-06	119.291	173	0	2	0	1	
74.4828	0.18	0.3	1	143.23	134.759	-1.8316e-05	-1.17864e-05	114.631	173	0	2	0	1	
74.4828	0.19	0.3	1	144.045	131.701	1.15676e-05	1.57953e-05	110.315	173	0	2	0	1	
74.4828	0.2	0.3	1	144.794	128.781	-1.74926e-05	-1.1331e-05	106.296	173	0	2	0	1	
74.4828	0.21	0.3	1	145.487	125.98	2.86535e-05	-2.66771e-05	102.538	173	0	2	0	1	
74.4828	0.22	0.3	1	146.13	123.285	9.33806e-05	2.44746e-05	99.0072	173	0	2	0	1	
74.4828	0.23	0.3	1	146.728	120.681	3.51959e-05	2.32539e-05	95.6778	173	0	2	0	1	
74.4828	0.24	0.3	1	147.288	118.161	-6.18152e-06	3.87079e-05	92.5265	173	0	2	0	1	
74.4828	0.25	0.3	1	147.812	115.714	3.37529e-05	-1.25038e-05	89.5337	173	0	2	0	1	
74.4828	0.26	0.3	1	148.305	113.333	2.8692e-05	3.4803e-05	86.6824	173	0	2	0	1	
74.4828	0.27	0.3	1	148.77	111.012	-5.03998e-05	-1.1751e-05	83.9578	173	0	2	0	1	
74.4828	0.28	0.3	1	149.209	108.744	-3.05794e-05	2.0017e-05	81.3469	173	0	2	0	1	
74.4828	0.29	0.3	1	149.624	106.524	6.09428e-05	-2.43735e-05	78.8382	173	0	2	0	1	
74.4828	0.3	0.3	1	150.018	104.34	1.97184e-05	-2.88023e-05	76.4209	173	0	2	0	1	
78.2759	0.01	0.3	-3	0	0	0	0	0	173	0	2	0	1	
78.2759	0.02	0.3	1	59.023	242.882	-9.86e-06	-1.77203e-05	391.387	173	0	2	0	1	
78.2759	0.03	0.3	1	100.982	216.614	2.44998e-06	6.48364e-06	308.714	173	0	2	0	1	
78.2759	0.04	0.3	1	115.546	198.3	1.59425e-05	3.24203e-06	259.46	173	0	2	0	1	
78.2759	0.05	0.3	1	123.641	-184.838	-1.03463e-05	-1.40238e-05	226.355	173	0	2	0	1	
78.2759	0.06	0.3	1	128.935	174.306	-3.38586e-05	-2.33848e-05	202.076	173	0	2	0	1	
78.2759	0.07	0.3	1	132.729	165.69	1.311e-06	6.18439e-06	183.389	173	0	2	0	1	
78.2759	0.08	0.3	1	135.615	158.406	-2.23997e-05	-2.30289e-05	168.405	173	0	2	0	1	
78.2759	0.09	0.3	1	137.9	152.117	-1.42528e-05	-8.56887e-07	156.028	173	0	2	0	1	
78.2759	0.1	0.3	1	139.777	146.586	7.82582e-06	-5.36659e-06	145.557	173	0	2	0	1	
78.2759	0.11	0.3	1	141.349	141.688	-2.79844e-06	4.15645e-06	136.533	173	0	2	0	1	
78.2759	0.12	0.3	1	142.691	136.892	1.35673e-05	1.782e-05	128.634	173	0	2	0	1	
78.2759	0.13	0.3	1	143.861	132.555	2.20492e-05	3.10009e-06	121.627	173	0	2	0	1	
78.2759	0.14	0.3	1	144.892	128.531	-2.59874e-05	-3.33316e-05	115.341	173	0	2	0	1	
78.2759	0.15	0.3	1	145.81	124.759	3.20917e-05	2.32751e-05	109.647	173	0	2	0	1	
78.2759	0.16	0.3	1	146.634	121.197	6.45879e-06	5.54092e-07	104.445	173	0	2	0	1	
78.2759	0.17	0.3	1	147.381	117.811	3.77228e-05	-1.37303e-05	99.6572	173	0	2	0	1	
78.2759	0.18	0.3	1	148.061	114.576	-2.08906e-05	-2.16056e-05	95.2196	173	0	2	0	1	
78.2759	0.19	0.3	1	148.684	111.469	1.52757e-05	1.30668e-05	91.0813	173	0	2	0	1	
78.2759	0.2	0.3	1	149.258	108.474	1.33622e-05	-9.60483e-06	87.2003	173	0	2	0	1	
78.2759	0.21	0.3	1	149.788	105.575	-5.91347e-05	-1.72711e-05	83.5414	173	0	2	0	1	
78.2759	0.22	0.3	1	150.281	102.76	-1.5057e-05	2.16256e-05	80.0752	173	0	2	0	1	
78.2759	0.23	0.3	1	150.739	100.017	9.87779e-07	-1.85779e-05	76.7766	173	0	2	0	1	
78.2759	0.24	0.3	1	151.167	97.3355	-1.02831e-05	3.71642e-06	73.6241	173	0	2	0	1	
78.2759	0.25	0.3	1	151.568	94.7079	5.94408e-05	-1.94549e-05	70.5994	173	0	2	0	1	
78.2759	0.26	0.3	1	151.944	92.1258	1.95464e-05	1.82831e-05	67.6869	173	0	2	0	1	
78.2759	0.27	0.3	1	152.296	89.5817	-1.60416e-05	1.61228e-05	64.8742	173	0	2	0	1	
78.2759	0.28	0.3	1	152.628	87.0684	6.51602e-05	7.22637e-06	62.1536	173	0	2	0	1	
78.2759	0.29	0.3	1	152.941	84.5781	1.21343e-05	2.93433e-05	59.5383	173	0	2	0	1	
78.2759	0.3	0.3	1	153.236	82.0991	-4.60928e-05	-1.72048e-05	57.0903	173	0	2	0	1	
82.069	0.01	0.3	-3	0	0	0	0	0	173	0	2	0	1	
82.069	0.02	0.3	1	104.462	212.863	-9.47401e-06	-7.01291e-06	337.506	173	0	2	0	1	
82.069	0.03	0.3	1	122.95	186.192	4.05967e-05	8.54968e-06	261.802	173	0	2	0	1	
82.069	0.04	0.3	1	131.388	168.97	-1.77344e-05	3.47823e-06	217.776	173	0	2	0	1	
82.069	0.05	0.3	1	136.378	156.497	-4.95222e-05	-1.28085e-05	188.214	173	0	2	0	1	
82.069	0.06	0.3	1	139.741	146.831	-1.54144e-05	1.38959e-05	166.682	173	0	2	0	1	
82.069	0.07	0.3	1	142.192	138.821	-3.5829e-06	1.79245e-05	150.061	173	0	2	0	1	
82.069	0.08	0.3	1	144.088	131.854	-1.37858e-05	1.72805e-05	136.682	173	0	2	0	1	
82.069	0.09	0.3	1	145.611	125.784	6.42373e-06	2.28687e-05	125.568	173	0	2	0	1	
82.069	0.1	0.3	1	146.861	120.352	2.26936e-05	2.15551e-05	116.109	173	0	2	0	1	
82.069	0.11	0.3	1	147.928	115.349	3.71253e-05	-2.31972e-05	107.884	173	0	2	0	1	
82.069	0.12	0.3	1	148.846	110.731	1.05259e-05	-8.33615e-06	100.615	173	0	2	0	1	
82.069	0.13	0.3	1	149.647	106.414	7.23836e-06	1.82578e-05	94.0986	173	0	2	0	1	
82.069	0.14	0.3	1	150.354	102.338	-4.23883e-05	-1.53495e-05	88.1828	173	0	2	0	1	
82.069	0.15	0.3	1	150.984	98.4582	-6.56849e-06	5.23113e-06	82.7528	173	0	2	0	1	
82.069	0.16	0.3	1	151.549	94.7375	-1.43752e-05	5.89531e-06	77.7198	173	0	2	0	1	
82.069	0.17	0.3	1	152.059	91.1462	-4.50479e-05	1.54533e-05	73.0158	173	0	2	0	1	
82.069	0.18	0.3	1	152.521	87.6593	4.18128e-05	-2.43433e-05	68.5935	173	0	2	0	1	
82.069	0.19	0.3	1	152.943	84.2519	-7.28598e-06	-1.90888e-07	64.5676	173	0	2	0	1	
82.069	0.2	0.3	1	153.327	80.9029	-3.48973e-05	-6.67259e-06	60.2523	173	0	2	0	1	
82.069	0.21	0.3	1	153.676	77.6314	-6.99236e-06	-6.66744e-06	56.1496	173	0	2	0	1	
82.069	0.22	0.3	1	153.991	74.4233	4.27678e-05	-1.70803e-05	52.1456	173	0	2	0	1	
82.069	0.23	0.3	1	154.287	71.1352	4.62925e-06	9.73735e-06	48.1662	173	0	2	0	1	
82.069	0.24	0.3	1	154.544	68.0058	-1.80113e-05	-1.4743e-05	44.1695	173	0	2	0	1	
82.069	0.25	0.3	1	154.772	64.9526	-1.97727e-05	8.87337e-06	40.0797	173	0	2	0	1	
82.069	0.26	0.3	1	154.97	62.0193	1.57592e-05	-9.94003e-07	35.8049	173	0	2	0	1	
82.069	0.27	0.3	1	155.136	59.2917	-1.94474e-06	8.80345e-06	31.2036	173	0	2	0	1	
82.069	0.28	0.3	1	155.267	56.9209	-3.10821e-05	1.15661e-05	26.0169	173	0	2	0	1	
82.069	0.29	0.3	1	155.361	55.1463	1.14927e-05	-1.12649e-05	19.6369	173	0	2	0	1	
82.069	0.3	0.3	1	155.414	54.2585	1.34004e-05	-1.47067e-05	9.4294	173	0	2	0	1	
85.8621	0.01	0.3	1	99.6746	218.048	9.63063e-06	1.26873e-05	417.348	173	0	2	0	1	
85.8621	0.02	0.3	1	131.806	168.126	1.48646e-05	5.75096e-06	263.243	173	0	2	0	1	
85.8621	0.03	0.3	1	140.654	144.223	1.49631e-05	1.59673e-05	198.133	173	0	2	0	1	
85.8621	0.04	0.3	1	144.92	128.758	1.04383e-05	-5.59459e-06	160.781	173	0	2	0	1	
85.8621	0.05	0.3	1	147.523	117.466	1.74283e-06	-2.5595e-05	135.811	173	0	2	0	1	
85.8621	0.06	0.3	1	149.299	108.564	1.8642e-05	1.5752e-05	117.478	173	0	2	0	1	
85.8621	0.07	0.3	1	150.613	100.92	-3.59056e-05	-1.74047e-05	103.117	173	0	2	0	1	
85.8621	0.08	0.3	1	151.633	94.2195	-1.4149e-05	-4.42545e-06	91.331	173	0	2	0	1	
85.8621	0.09	0.3	1	152.451	88.159	6.85758e-06	1.49035e-05	81.3888	173	0	2	0	1	
85.8621	0.1	0.3	1	153.124	82.5406	-6.92763e-06	-1.69496e-05	72.3784	173	0	2	0	1	
85.8621	0.11	0.3	1	153.681	77.2774	1.65766e-05	-1.28318e-05	64.1982	173	0	2	0	1	
85.8621	0.12	0.3	1	154.143	72.2944	7.12251e-06	-2.37387e-05	56.5637	173	0	2	0	1	
85.8621	0.13	0.3	1	154.525	67.5695	1.607e-05	-1.2099e-05	49.2061	173	0	2	0	1	
85.8621	0.14	0.3	1	154.833	63.1518	7.4295e-07	1.49582e-05	41.8487	173	0	2	0	1	
85.8621	0.15	0.3	1	155.07	59.2112	2.07492e-05	-5.22127e-06	34.1134	173	0	2	0	1	
85.8621	0.16	0.3	1	155.232	56.1315	-7.79939e-06	1.08671e-05	25.2525	173	0	2	0	1	
85.8621	0.17	0.3	1	155.316	54.5134	-1.27694e-05	-1.33016e-05	12.3829	173	0	2	0	1	
85.8621	0.18	0.3	1	155.34	54.3712	-4.39821e-06	1.94323e-05	3.81527e-05	173	0	2	0	1	
85.8621	0.19	0.3	1	155.362	54.2746	4.2357e-06	1.48069e-05	2.20705e-07	173	0	2	0	1	
85.8621	0.2	0.3	1	155.382	54.2162	-1.99247e-06	-6.74487e-06	-3.11271e-05	173	0	2	0	1	
85.8621	0.21	0.3	1	155.401	54.1631	-4.46248e-06	-1.72698e-05	1.49992e-06	173	0	2	0	1	
85.8621	0.22	0.3	1	155.42	54.1146	-1.66949e-06	-1.34485e-05	1.54682e-05	173	0	2	0	1	
85.8621	0.23	0.3	1	155.438	54.07	4.69522e-06	-2.72027e-06	-4.88118e-06	173	0	2	0	1	
85.8621	0.24	0.3	1	155.455	54.0288	5.66609e-06	1.24311e-05	-9.55595e-06	173	0	2	0	1	
85.8621	0.25	0.3	1	155.472	53.9905	-1.87514e-05	2.20186e-05	-4.00309e-05	173	0	2	0	1	
85.8621	0.26	0.3	1	155.489	53.9549	3.3479e-06	2.2206e-06	-1.91491e-06	173	0	2	0	1	
85.8621	0.27	0.3	1	155.505	53.9217	-2.82264e-05	1.58802e-05	1.72611e-06	173	0	2	0	1	
85.8621	0.28	0.3	1	155.521	53.8906	8.77625e-06	-1.15874e-06	2.15719e-05	173	0	2	0	1	
85.8621	0.29	0.3	1	155.536	53.8613	1.11906e-05	3.987e-06	3.95944e-05	173	0	2	0	1	
85.8621	0.3	0.3	1	155.551	53.8337	1.82075e-06	5.61252e-06	-1.65892e-05	173	0	2	0	1	
89.6552	0.01	0.3	1	144.209	-131.787	-1.13946e-06	2.64249e-06	257.005	173	0	2	0	1	
89.6552	0.02	0.3	1	152.572	87.4879	-3.77775e-06	-3.92628e-06	127.482	173	0	2	0	1	
89.6552	0.03	0.3	1	154.465	68.1105	1.19855e-05	7.46339e-07	75.2675	173	0	2	0	1	
89.6552	0.04	0.3	1	155.123	57.167	-8.93139e-06	-6.24077e-06	40.2758	173	0	2	0	1	
89.6552	0.05	0.3	1	155.251	54.5826	-4.50575e-06	5.29247e-06	-0.000215372	173	0	2	0	1	
89.6552	0.06	0.3	1	155.274	54.4804	-3.32755e-05	-1.10756e-05	1.95495e-05	173	0	2	0	1	
89.6552	0.07	0.3	1	155.296	54.4037	3.83252e-06	-4.11114e-06	-2.86067e-05	173	0	2	0	1	
89.6552	0.08	0.3	1	155.317	54.3352	-1.49976e-05	1.10542e-05	1.50568e-05	173	0	2	0	1	
89.6552	0.09	0.3	1	155.337	54.2735	4.20743e-06	1.71799e-05	2.14416e-05	173	0	2	0	1	
89.6552	0.1	0.3	1	155.357	54.2177	1.02555e-05	2.59838e-05	4.73249e-05	173	0	2	0	1	
89.6552	0.11	0.3	1	155.375	54.1668	1.01463e-05	4.6854e-06	-3.95449e-05	173	0	2	0	1	
89.6552	0.12	0.3	1	155.394	54.1202	-2.69626e-05	-1.21699e-05	1.85717e-05	173	0	2	0	1	
89.6552	0.13	0.3	1	155.412	54.0772	-1.08009e-05	2.01496e-05	-2.33304e-05	173	0	2	0	1	
89.6552	0.14	0.3	1	155.429	54.0375	4.94504e-06	-1.27148e-05	-7.19636e-06	173	0	2	0	1	
89.6552	0.15	0.3	1	155.446	54.0005	-2.60672e-05	-1.55469e-05	-9.45841e-07	173	0	2	0	1	
89.6552	0.16	0.3	1	155.462	53.9661	2.67661e-06	-2.29181e-05	2.0063e-05	173	0	2	0	1	
89.6552	0.17	0.3	1	155.478	53.9339	7.74134e-06	1.76374e-07	-3.8294e-06	173	0	2	0	1	
89.6552	0.18	0.3	1	155.494	53.9037	-1.37355e-05	1.6523e-05	-1.56118e-05	173	0	2	0	1	
89.6552	0.19	0.3	1	155.509	53.8753	3.08516e-06	-4.92804e-07	1.6994e-05	173	0	2	0	1	
89.6552	0.2	0.3	1	155.524	53.8485	2.58485e-06	2.56562e-05	1.40695e-05	173	0	2	0	1	
89.6552	0.21	0.3	1	155.539	53.8233	-1.91016e-05	-1.46873e-05	1.70272e-05	173	0	2	0	1	
89.6552	0.22	0.3	1	155.553	53.7993	-7.75815e-06	2.2681e-05	3.01828e-05	173	0	2	0	1	
89.6552	0.23	0.3	1	155.567	53.7766	-1.36642e-06	-2.79662e-05	1.13236e-05	173	0	2	0	1	
89.6552	0.24	0.3	1	155.581	53.755	-7.42773e-06	-6.81619e-06	9.20654e-06	173	0	2	0	1	
89.6552	0.25	0.3	1	155.595	53.7345	1.09541e-05	2.22297e-06	1.27917e-05	173	0	2	0	1	
89.6552	0.26	0.3	1	155.609	53.7149	-1.0346e-05	-2.32303e-05	1.0865e-05	173	0	2	0	1	
89.6552	0.27	0.3	1	155.622	53.6962	3.94117e-06	-2.96334e-05	1.53968e-05	173	0	2	0	1	
89.6552	0.28	0.3	1	155.635	53.6783	9.71281e-07	-2.27716e-05	-9.79776e-06	173	0	2	0	1	
89.6552	0.29	0.3	1	155.648	53.6612	-1.94873e-06	7.86604e-06	-2.41459e-07	173	0	2	0	1	
89.6552	0.3	0.3	1	155.66	53.6448	-1.05695e-05	-1.67053e-05	-1.79335e-06	173	0	2	0	1	
93.4483	0.01	0.3	3	155.363	54.3378	1.78573e-06	1.49646e-05	-1.61934e-05	173	0	2	0	1	
93.4483	0.02	0.3	3	155.381	54.2924	2.80679e-05	-1.72663e-05	-5.25712e-06	173	0	2	0	1	
93.4483	0.03	0.3	3	155.398	54.2465	1.06624e-06	7.45464e-06	-2.91442e-05	173	0	2	0	1	
93.4483	0.04	0.3	3	155.415	54.1996	4.91945e-06	6.01585e-06	4.6073e-06	173	0	2	0	1	
93.4483	0.05	0.3	3	155.431	54.1512	-7.60787e-06	-2.25864e-05	-1.83716e-05	173	0	2	0	1	
93.4483	0.06	0.3	3	155.447	54.1011	-6.04099e-06	-9.84415e-06	-2.23149e-05	173	0	2	0	1	
93.4483	0.07	0.3	3	155.462	54.0519	3.12702e-06	-1.78347e-06	-5.59061e-06	173	0	2	0	1	
93.4483	0.08	0.3	3	155.477	54.0062	-4.18296e-06	-1.9761e-05	1.07908e-05	173	0	2	0	1	
93.4483	0.09	0.3	3	155.492	53.9639	-7.92931e-06	1.95066e-05	-2.34651e-05	173	0	2	0	1	
93.4483	0.1	0.3	3	155.507	53.9252	7.81036e-07	1.44183e-05	3.03418e-07	173	0	2	0	1	
93.4483	0.11	0.3	3	155.521	53.8896	-3.63291e-06	2.75648e-05	4.87777e-06	173	0	2	0	1	
93.4483	0.12	0.3	3	155.535	53.8571	1.01948e-05	-2.43694e-05	-5.28196e-06	173	0	2	0	1	
93.4483	0.13	0.3	3	155.548	53.8277	7.39795e-06	9.63586e-06	1.18035e-05	173	0	2	0	1	
93.4483	0.14	0.3	3	155.562	53.8013	-6.49697e-06	-4.46978e-06	-1.09825e-05	173	0	2	0	1	
93.4483	0.15	0.3	3	155.575	53.7776	4.1393e-06	-3.99849e-06	-2.49611e-06	173	0	2	0	1	
93.4483	0.16	0.3	3	155.588	53.7569	3.09276e-06	1.90862e-05	2.65731e-06	173	0	2	0	1	
93.4483	0.17	0.3	3	155.6	53.739	9.32327e-07	-6.53273e-06	1.28822e-05	173	0	2	0	1	
93.4483	0.18	0.3	3	155.613	53.7235	-1.84248e-06	1.20666e-05	1.97924e-05	173	0	2	0	1	
93.4483	0.19	0.3	3	155.625	53.7107	9.84268e-06	-2.97268e-05	-1.41697e-05	173	0	2	0	1	
93.4483	0.2	0.3	3	155.637	53.7005	4.3853e-06	2.28706e-05	-6.55224e-06	173	0	2	0	1	
93.4483	0.21	0.3	3	155.649	53.6927	1.08637e-07	-1.70737e-05	-2.49339e-05	173	0	2	0	1	
93.4483	0.22	0.3	3	155.67	53.4582	-8.28198e-06	-1.17992e-05	-6.55222e-06	173	0	2	0	1	
93.4483	0.23	0.3	4	155.682	53.4398	2.0846e-06	2.19023e-05	-2.10305e-06	173	0	2	0	1	
93.4483	0.24	0.3	1	155.693	53.4232	5.54033e-06	1.1708e-05	1.93443e-05	173	0	2	0	1	
93.4483	0.25	0.3	1	155.705	53.4084	-2.1931e-06	-1.71752e-05	7.89216e-06	173	0	2	0	1	
93.4483	0.26	0.3	1	155.717	53.395	-1.43421e-05	-6.83418e-06	-2.0289e-05	173	0	2	0	1	
93.4483	0.27	0.3	1	155.728	53.3823	1.49219e-05	-3.29951e-06	-1.41217e-05	173	0	2	0	1	
93.4483	0.28	0.3	1	155.74	53.3698	6.24432e-06	1.81065e-05	1.47919e-05	173	0	2	0	1	
93.4483	0.29	0.3	1	155.751	53.3577	-9.32908e-06	8.50914e-07	2.30148e-05	173	0	2	0	1	
93.4483	0.3	0.3	1	155.762	53.3458	7.59404e-06	6.03587e-06	-7.83776e-06	173	0	2	0	1	
97.2414	0.01	0.3	1	155.493	53.6978	9.98504e-07	-7.71856e-06	-1.06978e-05	173	0	2	0	1	
97.2414	0.02	0.3	1	155.507	53.6764	-8.93391e-06	-1.17615e-05	-1.47739e-05	173	0	2	0	1	
97.2414	0.03	0.3	1	155.521	53.6562	5.99768e-07	-2.06456e-05	-3.09149e-06	173	0	2	0	1	
97.2414	0.04	0.3	1	155.534	53.6369	7.63211e-06	-2.32086e-05	-2.35415e-05	173	0	2	0	1	
97.2414	0.05	0.3	1	155.547	53.6184	2.64527e-06	-1.63472e-05	-1.52475e-05	173	0	2	0	1	
97.2414	0.06	0.3	1	155.56	53.6008	1.03351e-05	7.25261e-06	-9.86518e-07	173	0	2	0	1	
97.2414	0.07	0.3	1	155.573	53.5839	-1.18868e-05	-3.25537e-05	2.33039e-06	173	0	2	0	1	
97.2414	0.08	0.3	1	155.586	53.5677	8.40298e-06	-1.24336e-05	-1.01116e-05	173	0	2	0	1	
97.2414	0.09	0.3	1	155.598	53.5521	-1.29229e-05	2.58029e-05	1.45897e-05	173	0	2	0	1	
97.2414	0.1	0.3	1	155.61	53.5372	-1.98403e-06	6.70367e-06	1.56033e-05	173	0	2	0	1	
97.2414	0.11	0.3	1	155.622	53.5228	-1.02633e-05	-8.7584e-06	-1.67091e-05	173	0	2	0	1	
97.2414	0.12	0.3	1	155.634	53.5089	2.11955e-06	1.08376e-05	-1.01349e-05	173	0	2	0	1	
97.2414	0.13	0.3	1	155.646	53.4956	-3.84259e-07	-5.57102e-06	9.92459e-06	173	0	2	0	1	
97.2414	0.14	0.3	1	155.658	53.4827	-5.18928e-06	3.38524e-06	1.75555e-05	173	0	2	0	1	
97.2414	0.15	0.3	1	155.669	53.4702	-2.42672e-05	-9.64673e-06	4.00119e-06	173	0	2	0	1	
97.2414	0.16	0.3	1	155.681	53.4582	1.91845e-05	-3.23177e-06	-1.02472e-05	173	0	2	0	1	
97.2414	0.17	0.3	1	155.692	53.4466	4.11386e-07	-6.16889e-06	3.04837e-06	173	0	2	0	1	
97.2414	0.18	0.3	1	155.703	53.4353	4.3786e-08	4.88806e-06	-7.92317e-06	173	0	2	0	1	
97.2414	0.19	0.3	1	155.714	53.4244	-6.92573e-06	-1.92282e-05	-1.67775e-05	173	0	2	0	1	
97.2414	0.2	0.3	1	155.725	53.4138	1.9457e-05	8.11677e-06	1.17232e-05	173	0	2	0	1	
97.2414	0.21	0.3	1	155.735	53.4036	-1.0352e-05	-7.49347e-07	9.39463e-06	173	0	2	0	1	
97.2414	0.22	0.3	1	155.746	53.3937	1.29994e-05	1.36165e-05	-1.51383e-06	173	0	2	0	1	
97.2414	0.23	0.3	1	155.757	53.384	1.37193e-05	-5.04024e-06	1.13008e-06	173	0	2	0	1	
97.2414	0.24	0.3	1	155.767	53.3746	5.47746e-06	5.9632e-06	-3.22668e-07	173	0	2	0	1	
97.2414	0.25	0.3	1	155.777	53.3655	-1.37615e-06	6.80896e-06	1.29946e-05	173	0	2	0	1	
97.2414	0.26	0.3	1	155.788	53.3567	6.66217e-06	-1.86767e-05	-1.3826e-05	173	0	2	0	1	
97.2414	0.27	0.3	1	155.798	53.348	4.68085e-07	8.46946e-06	-1.46249e-05	173	0	2	0	1	
97.2414	0.28	0.3	1	155.808	53.3396	4.95437e-07	-1.35149e-05	-7.91662e-06	173	0	2	0	1	
97.2414	0.29	0.3	1	155.818	53.3314	-1.05503e-05	-3.30966e-06	1.10979e-05	173	0	2	0	1	
97.2414	0.3	0.3	1	155.827	53.3234	-1.13256e-05	1.50118e-05	-1.87526e-06	173	0	2	0	1	
101.034	0.01	0.3	1	155.599	53.5419	5.24693e-06	2.25511e-05	3.60544e-05	173	0	2	0	1	
101.034	0.02	0.3	1	155.61	53.5287	-1.04486e-05	1.79744e-05	3.72145e-06	173	0	2	0	1	
101.034	0.03	0.3	1	155.622	53.5157	6.73535e-06	7.17726e-06	-1.48774e-05	173	0	2	0	1	
101.034	0.04	0.3	1	155.633	53.5033	6.10224e-06	-2.20186e-05	-9.43733e-06	173	0	2	0	1	
101.034	0.05	0.3	1	155.645	53.4913	-8.96117e-07	8.15941e-06	-7.02342e-06	173	0	2	0	1	
101.034	0.06	0.3	1	155.656	53.4796	3.41372e-06	-1.2091e-05	1.03535e-05	173	0	2	0	1	
101.034	0.07	0.3	1	155.667	53.4683	-1.81481e-06	4.46694e-06	4.47106e-06	173	0	2	0	1	
101.034	0.08	0.3	1	155.678	53.4574	-9.94476e-08	-5.37606e-06	7.35867e-06	173	0	2	0	1	
101.034	0.09	0.3	1	155.688	53.4467	-2.08042e-05	3.91213e-06	-7.56871e-06	173	0	2	0	1	
101.034	0.1	0.3	1	155.699	53.4364	-1.55181e-07	-1.50742e-05	-3.39557e-06	173	0	2	0	1	
101.034	0.11	0.3	1	155.71	53.4264	2.39793e-06	-1.24949e-05	8.08479e-06	173	0	2	0	1	
101.034	0.12	0.3	1	155.72	53.4167	3.87283e-06	-6.57771e-06	3.67218e-06	173	0	2	0	1	
101.034	0.13	0.3	1	155.731	53.4071	1.43885e-06	1.6996e-05	6.01818e-06	173	0	2	0	1	
101.034	0.14	0.3	1	155.741	53.398	1.39503e-05	1.53007e-05	-8.82063e-06	173	0	2	0	1	
101.034	0.15	0.3	1	155.751	53.3891	1.31644e-05	-1.4297e-05	-1.00305e-05	173	0	2	0	1	
101.034	0.16	0.3	1	155.761	53.3803	-9.36855e-07	9.17515e-06	1.49453e-05	173	0	2	0	1	
101.034	0.17	0.3	1	155.771	53.3717	9.06299e-07	-1.23347e-05	2.91329e-06	173	0	2	0	1	
101.034	0.18	0.3	1	155.781	53.3635	2.47775e-06	4.37999e-06	1.15522e-06	173	0	2	0	1	
101.034	0.19	0.3	1	155.791	53.3554	4.24655e-06	1.29707e-05	-2.69539e-06	173	0	2	0	1	
101.034	0.2	0.3	1	155.8	53.3476	-8.49955e-06	2.27994e-05	-2.61406e-05	173	0	2	0	1	
101.034	0.21	0.3	1	155.81	53.3398	1.08198e-05	2.45173e-05	-3.43015e-06	173	0	2	0	1	
101.034	0.22	0.3	1	155.82	53.3323	-2.64926e-06	1.39861e-05	-2.30169e-06	173	0	2	0	1	
101.034	0.23	0.3	1	155.829	53.3249	8.53346e-07	1.49332e-05	1.56997e-05	173	0	2	0	1	
101.034	0.24	0.3	1	155.839	53.3178	4.43591e-06	2.15228e-05	6.99767e-06	173	0	2	0	1	
101.034	0.25	0.3	1	155.848	53.3108	-1.97697e-06	-5.44091e-06	-2.38705e-05	173	0	2	0	1	
101.034	0.26	0.3	1	155.857	53.3039	-3.33933e-06	-1.63535e-05	-1.74559e-06	173	0	2	0	1	
101.034	0.27	0.3	1	155.866	53.2972	4.45059e-06	1.84635e-05	-7.1785e-06	173	0	2	0	1	
101.034	0.28	0.3	1	155.875	53.2906	3.83247e-06	8.68847e-06	-5.61459e-07	173	0	2	0	1	
101.034	0.29	0.3	1	155.884	53.2841	-1.43445e-06	2.0738e-05	-1.01602e-05	173	0	2	0	1	
101.034	0.3	0.3	1	155.893	53.2778	7.37575e-06	1.41648e-05	1.90916e-05	173	0	2	0	1	
104.828	0.01	0.3	1	155.689	53.4268	1.59606e-06	-1.42214e-05	1.11835e-06	173	0	2	0	1	
104.828	0.02	0.3	1	155.7	53.4175	1.13612e-06	-2.64415e-05	-1.55249e-05	173	0	2	0	1	
104.828	0.03	0.3	1	155.71	53.4086	4.15547e-06	1.34392e-05	8.82608e-06	173	0	2	0	1	
104.828	0.04	0.3	1	155.72	53.3998	1.23945e-05	-1.70626e-05	1.9936e-05	173	0	2	0	1	
104.828	0.05	0.3	1	155.73	53.3912	5.29059e-06	1.79446e-05	9.31517e-06	173	0	2	0	1	
104.828	0.06	0.3	1	155.74	53.3829	-1.16798e-06	-1.57193e-05	-7.53379e-06	173	0	2	0	1	
104.828	0.07	0.3	1	155.75	53.3747	-1.07903e-05	1.26097e-05	-1.94023e-05	173	0	2	0	1	
104.828	0.08	0.3	1	155.759	53.3668	1.02283e-06	-7.44037e-06	-1.1334e-05	173	0	2	0	1	
104.828	0.09	0.3	1	155.769	53.359	-8.73542e-06	1.50048e-05	2.4705e-05	173	0	2	0	1	
104.828	0.1	0.3	1	155.779	53.3514	-6.60993e-06	-2.6393e-06	-1.42849e-05	173	0	2	0	1	
104.828	0.11	0.3	1	155.788	53.344	9.35496e-06	4.73182e-07	-2.68093e-06	173	0	2	0	1	
104.828	0.12	0.3	1	155.798	53.3367	-7.74515e-06	1.68728e-05	8.64786e-06	173	0	2	0	1	
104.828	0.13	0.3	1	155.807	53.3297	1.83124e-06	-2.20109e-05	-3.6903e-06	173	0	2	0	1	
104.828	0.14	0.3	1	155.816	53.3229	1.41552e-05	-1.63608e-05	-2.32596e-05	173	0	2	0	1	
104.828	0.15	0.3	1	155.825	53.316	-5.84659e-06	1.5742e-05	9.10436e-06	173	0	2	0	1	
104.828	0.16	0.3	1	155.834	53.3095	5.50423e-06	3.82873e-05	-1.91396e-07	173	0	2	0	1	
104.828	0.17	0.3	1	155.843	53.303	-8.10545e-06	-1.74218e-05	-1.11262e-05	173	0	2	0	1	
104.828	0.18	0.3	1	155.852	53.2966	-8.5232e-06	2.58903e-05	-1.14338e-05	173	0	2	0	1	
104.828	0.19	0.3	1	155.861	53.2904	-1.12114e-05	1.13723e-05	-5.68565e-06	173	0	2	0	1	
104.828	0.2	0.3	1	155.87	53.2842	3.39579e-06	-1.59129e-05	-2.29633e-05	173	0	2	0	1	
104.828	0.21	0.3	1	155.879	53.2782	6.35089e-06	1.8894e-05	1.18223e-06	173	0	2	0	1	
104.828	0.22	0.3	1	155.888	53.2724	-1.82478e-06	-1.37626e-05	-1.03738e-05	173	0	2	0	1	
104.828	0.23	0.3	1	155.896	53.2666	-2.82848e-06	2.15491e-06	-1.28018e-05	173	0	2	0	1	
104.828	0.24	0.3	1	155.905	53.261	1.0328e-05	-1.41023e-05	-1.13557e-05	173	0	2	0	1	
104.828	0.25	0.3	1	155.914	53.2554	5.14365e-06	1.43116e-05	1.67483e-06	173	0	2	0	1	
104.828	0.26	0.3	1	155.922	53.2501	6.34347e-07	3.93205e-06	-1.47918e-05	173	0	2	0	1	
104.828	0.27	0.3	1	155.931	53.2447	7.95115e-06	-1.39638e-06	1.16226e-06	173	0	2	0	1	
104.828	0.28	0.3	1	155.939	53.2395	-7.07541e-06	1.97571e-05	-1.89684e-05	173	0	2	0	1	
104.828	0.29	0.3	1	155.947	53.2344	-3.70219e-06	3.21786e-05	-1.51913e-06	173	0	2	0	1	
104.828	0.3	0.3	1	155.956	53.2292	4.14015e-06	-1.51542e-05	9.58606e-06	173	0	2	0	1	
108.621	0.01	0.3	1	155.77	53.3411	2.13928e-07	-1.16801e-05	6.10122e-06	173	0	2	0	1	
108.621	0.02	0.3	1	155.779	53.3342	3.44611e-06	-2.30169e-05	-4.17982e-06	173	0	2	0	1	
108.621	0.03	0.3	1	155.788	53.3274	-4.78457e-06	2.25595e-05	1.03838e-05	173	0	2	0	1	
108.621	0.04	0.3	1	155.797	53.3209	1.3684e-05	1.34578e-05	-1.66162e-06	173	0	2	0	1	
108.621	0.05	0.3	1	155.806	53.3144	-1.06986e-05	-4.54561e-06	4.61459e-06	173	0	2	0	1	
108.621	0.06	0.3	1	155.815	53.308	3.54992e-06	-1.07411e-05	5.31803e-06	173	0	2	0	1	
108.621	0.07	0.3	1	155.824	53.3019	-2.01225e-06	8.47863e-06	7.52225e-06	173	0	2	0	1	
108.621	0.08	0.3	1	155.833	53.2957	-4.25568e-06	-1.04558e-05	-4.46649e-06	173	0	2	0	1	
108.621	0.09	0.3	1	155.842	53.2898	-2.80905e-06	-6.31071e-06	1.06823e-05	173	0	2	0	1	
108.621	0.1	0.3	1	155.851	53.284	-3.19626e-06	-1.40257e-05	-1.14477e-05	173	0	2	0	1	
108.621	0.11	0.3	1	155.859	53.2782	-2.29397e-06	-1.99499e-05	-2.03391e-05	173	0	2	0	1	
108.621	0.12	0.3	1	155.868	53.2726	-3.46715e-07	-1.67048e-05	-9.41206e-06	173	0	2	0	1	
108.621	0.13	0.3	1	155.876	53.267	-1.53704e-07	1.68186e-05	-1.46378e-05	173	0	2	0	1	
108.621	0.14	0.3	1	155.885	53.2617	-1.1466e-05	-1.46366e-05	-1.62787e-05	173	0	2	0	1	
108.621	0.15	0.3	1	155.893	53.2563	-6.38582e-06	1.32604e-05	2.43863e-08	173	0	2	0	1	
108.621	0.16	0.3	1	155.902	53.2512	-9.43401e-06	1.71182e-05	-2.25895e-06	173	0	2	0	1	
108.621	0.17	0.3	1	155.91	53.2459	-1.8023e-06	-9.90168e-06	-1.29483e-05	173	0	2	0	1	
108.621	0.18	0.3	1	155.918	53.2409	2.62293e-06	1.15438e-05	-1.10313e-05	173	0	2	0	1	
108.621	0.19	0.3	1	155.926	53.2359	6.08325e-06	-2.15865e-05	1.44565e-05	173	0	2	0	1	
108.621	0.2	0.3	1	155.935	53.231	-1.96979e-06	-1.41878e-05	-6.8922e-06	173	0	2	0	1	
108.621	0.21	0.3	1	155.943	53.2262	-7.87741e-06	1.44832e-05	-7.45557e-06	173	0	2	0	1	
108.621	0.22	0.3	1	155.951	53.2216	-2.55968e-06	-1.3896e-05	1.143e-05	173	0	2	0	1	
108.621	0.23	0.3	1	155.959	53.217	4.22986e-06	1.91492e-05	9.48684e-06	173	0	2	0	1	
108.621	0.24	0.3	1	155.967	53.2124	3.35471e-06	-1.05752e-05	-4.32343e-06	173	0	2	0	1	
108.621	0.25	0.3	1	155.975	53.2079	1.48502e-06	-1.07321e-05	4.84498e-06	173	0	2	0	1	
108.621	0.26	0.3	1	155.983	53.2035	-7.49583e-06	-5.11404e-06	-3.68718e-07	173	0	2	0	1	
108.621	0.27	0.3	1	155.991	53.199	-3.55153e-06	-2.05199e-05	-1.0852e-05	173	0	2	0	1	
108.621	0.28	0.3	1	155.998	53.1948	5.58061e-06	-1.67663e-05	-1.72352e-05	173	0	2	0	1	
108.621	0.29	0.3	1	156.006	53.1906	1.04553e-05	1.60197e-05	-4.63135e-06	173	0	2	0	1	
108.621	0.3	0.3	1	156.014	53.1865	-4.15003e-06	1.57474e-06	-3.71571e-06	173	0	2	0	1	
112.414	0.01	0.3	1	155.843	53.2743	-2.09575e-06	2.97335e-06	-5.36334e-06	173	0	2	0	1	
112.414	0.02	0.3	1	155.851	53.269	-6.57084e-06	-2.35775e-05	-4.70019e-06	173	0	2	0	1	
112.414	0.03	0.3	1	155.859	53.2637	-8.55646e-06	-1.72354e-05	5.88989e-06	173	0	2	0	1	
112.414	0.04	0.3	1	155.868	53.2585	5.22723e-06	-2.10391e-05	-2.03802e-05	173	0	2	0	1	
112.414	0.05	0.3	1	155.876	53.2535	-2.44086e-07	2.29446e-05	-3.11623e-06	173	0	2	0	1	
112.414	0.06	0.3	1	155.884	53.2484	-5.27832e-06	-4.0397e-06	-1.55267e-05	173	0	2	0	1	
112.414	0.07	0.3	1	155.892	53.2435	5.93142e-06	1.01324e-05	1.02266e-06	173	0	2	0	1	
112.414	0.08	0.3	1	155.901	53.2387	6.48007e-06	-1.54391e-05	-1.25366e-05	173	0	2	0	1	
112.414	0.09	0.3	1	155.909	53.234	1.14302e-06	2.34005e-05	-5.88104e-06	173	0	2	0	1	
112.414	0.1	0.3	1	155.917	53.2293	-4.5736e-06	1.8716e-05	2.26403e-05	173	0	2	0	1	
112.414	0.11	0.3	1	155.925	53.2247	6.62432e-06	4.93191e-06	-5.68709e-06	173	0	2	0	1	
112.414	0.12	0.3	1	155.933	53.2201	1.30083e-06	5.39568e-06	1.3914e-06	173	0	2	0	1	
112.414	0.13	0.3	1	155.94	53.2157	2.01556e-05	-1.50713e-05	-2.05252e-06	173	0	2	0	1	
112.414	0.14	0.3	1	155.948	53.2115	9.17746e-07	-1.22668e-05	-3.55852e-06	173	0	2	0	1	
112.414	0.15	0.3	1	155.956	53.207	4.64923e-06	2.58939e-05	-4.62963e-06	173	0	2	0	1	
112.414	0.16	0.3	1	155.964	53.2028	-1.17575e-05	2.0662e-06	-2.96301e-06	173	0	2	0	1	
112.414	0.17	0.3	1	155.972	53.1986	1.03074e-05	8.87759e-06	-8.87902e-06	173	0	2	0	1	
112.414	0.18	0.3	1	155.979	53.1946	7.3146e-06	2.19204e-05	-1.42645e-06	173	0	2	0	1	
112.414	0.19	0.3	1	155.987	53.1904	-7.63441e-06	2.35956e-05	2.80514e-06	173	0	2	0	1	
112.414	0.2	0.3	1	155.995	53.1864	1.2762e-06	2.08768e-05	-1.36823e-05	173	0	2	0	1	
112.414	0.21	0.3	1	156.002	53.1825	3.87693e-06	-2.60776e-05	-8.85062e-06	173	0	2	0	1	
112.414	0.22	0.3	1	156.01	53.1786	-4.28092e-07	2.28843e-05	-3.04704e-06	173	0	2	0	1	
112.414	0.23	0.3	1	156.017	53.1748	-6.35864e-06	2.7369e-05	1.35059e-06	173	0	2	0	1	
112.414	0.24	0.3	1	156.025	53.171	6.6708e-06	-2.21816e-05	-1.05686e-05	173	0	2	0	1	
112.414	0.25	0.3	1	156.032	53.1673	1.27881e-07	2.29323e-05	-1.75033e-05	173	0	2	0	1	
112.414	0.26	0.3	1	156.039	53.1636	8.67895e-06	1.60648e-05	-1.07639e-05	173	0	2	0	1	
112.414	0.27	0.3	1	156.047	53.16	5.00268e-06	1.16377e-05	1.0556e-06	173	0	2	0	1	
112.414	0.28	0.3	1	156.054	53.1564	-5.97936e-06	-1.80523e-05	-4.33399e-06	173	0	2	0	1	
112.414	0.29	0.3	1	156.061	53.1528	4.40055e-06	3.51904e-05	5.25439e-07	173	0	2	0	1	
112.414	0.3	0.3	1	156.068	53.1494	-2.1412e-06	5.22803e-06	4.67607e-06	173	0	2	0	1	
116.207	0.01	0.3	1	155.909	53.2207	2.44309e-06	-1.08859e-05	-9.94324e-06	173	0	2	0	1	
116.207	0.02	0.3	1	155.917	53.2164	-1.13934e-05	-6.43692e-06	8.67152e-06	173	0	2	0	1	
116.207	0.03	0.3	1	155.925	53.2121	5.43826e-06	6.06564e-06	5.89325e-06	173	0	2	0	1	
116.207	0.04	0.3	1	155.932	53.2079	3.23318e-06	2.2471e-05	-1.1153e-06	173	0	2	0	1	
116.207	0.05	0.3	1	155.94	53.2037	1.09847e-05	-2.26336e-06	-2.44393e-06	173	0	2	0	1	
116.207	0.06	0.3	1	155.948	53.1998	2.69811e-06	-2.09103e-05	-1.36991e-05	173	0	2	0	1	
116.207	0.07	0.3	1	155.955	53.1958	3.36934e-06	2.01929e-05	-3.09548e-07	173	0	2	0	1	
116.207	0.08	0.3	1	155.963	53.1918	-2.96194e-06	2.18666e-06	-1.61328e-05	173	0	2	0	1	
116.207	0.09	0.3	1	155.97	53.1879	9.75568e-06	4.05678e-05	1.08015e-05	173	0	2	0	1	
116.207	0.1	0.3	1	155.978	53.184	2.60636e-06	2.83491e-05	9.44734e-07	173	0	2	0	1	
116.207	0.11	0.3	1	155.985	53.1802	-1.43968e-06	-3.38342e-08	-7.40607e-06	173	0	2	0	1	
116.207	0.12	0.3	1	155.993	53.1765	7.84702e-06	-1.89365e-05	1.87033e-05	173	0	2	0	1	
116.207	0.13	0.3	1	156	53.1729	-4.38611e-06	7.70829e-06	-1.07802e-05	173	0	2	0	1	
116.207	0.14	0.3	1	156.007	53.1693	-1.18967e-05	-1.11395e-05	-5.76467e-06	173	0	2	0	1	
116.207	0.15	0.3	1	156.015	53.1657	-1.14496e-05	3.53264e-05	-1.37203e-06	173	0	2	0	1	
116.207	0.16	0.3	1	156.022	53.1622	6.85479e-07	1.64974e-05	3.04352e-06	173	0	2	0	1	
116.207	0.17	0.3	1	156.029	53.1586	-1.34333e-06	-2.38099e-05	6.81596e-06	173	0	2	0	1	
116.207	0.18	0.3	1	156.036	53.1552	-2.93655e-06	5.81905e-06	6.16905e-07	173	0	2	0	1	
116.207	0.19	0.3	1	156.043	53.1518	-7.52259e-07	-7.27179e-06	-1.14796e-05	173	0	2	0	1	
116.207	0.2	0.3	1	156.051	53.1485	-1.2686e-06	-1.08706e-05	3.85652e-06	173	0	2	0	1	
116.207	0.21	0.3	1	156.058	53.1452	1.58988e-06	1.00005e-06	1.19948e-05	173	0	2	0	1	
116.207	0.22	0.3	1	156.065	53.142	2.8577e-06	1.66584e-05	2.47952e-07	173	0	2	0	1	
116.207	0.23	0.3	1	156.072	53.1387	-4.10828e-06	1.34564e-05	1.65596e-06	173	0	2	0	1	
116.207	0.24	0.3	1	156.079	53.1354	1.81945e-06	3.83001e-06	1.00352e-05	173	0	2	0	1	
116.207	0.25	0.3	1	156.086	53.1324	-1.04514e-05	-2.7644e-05	1.63152e-05	173	0	2	0	1	
116.207	0.26	0.3	1	156.093	53.1293	-2.06514e-06	2.10795e-05	-1.64909e-05	173	0	2	0	1	
116.207	0.27	0.3	1	156.1	53.1263	-1.529e-05	2.14553e-05	-1.51391e-05	173	0	2	0	1	
116.207	0.28	0.3	1	156.106	53.1231	4.56346e-06	-1.46372e-05	1.54877e-06	173	0	2	0	1	
116.207	0.29	0.3	1	156.113	53.1201	-4.71002e-06	2.51234e-05	-7.81615e-06	173	0	2	0	1	
116.207	0.3	0.3	1	156.12	53.1172	-4.33297e-06	2.855e-06	-6.60788e-06	173	0	2	0	1	
120	0.01	0.3	1	155.963	53.3883	-6.89102e-07	1.71427e-05	-2.18267e-07	173	0	2	0	1	
120	0.02	0.3	1	155.97	53.3846	9.90075e-07	-6.05904e-06	-3.54811e-06	173	0	2	0	1	
120	0.03	0.3	1	155.977	53.3813	1.36553e-06	-2.18464e-05	-1.99867e-06	173	0	2	0	1	
120	0.04	0.3	1	155.984	53.3774	-5.01286e-06	1.56742e-05	5.15571e-06	173	0	2	0	1	
120	0.05	0.3	1	155.992	53.3742	2.41268e-06	-2.67288e-05	1.47333e-05	173	0	2	0	1	
120	0.06	0.3	1	155.999	53.3707	-4.90896e-06	-1.13879e-05	-3.9088e-06	173	0	2	0	1	
120	0.07	0.3	1	156.006	53.3672	5.1553e-06	-6.87519e-06	-2.2156e-06	173	0	2	0	1	
120	0.08	0.3	1	156.013	53.364	-2.70876e-06	-1.90609e-05	-9.67327e-06	173	0	2	0	1	
120	0.09	0.3	1	156.02	53.3602	-5.41797e-06	-2.40374e-05	1.53127e-05	173	0	2	0	1	
120	0.1	0.3	1	156.027	53.3573	-1.18727e-06	2.04003e-05	1.07718e-06	173	0	2	0	1	
120	0.11	0.3	1	156.034	53.3538	2.64857e-06	2.8051e-05	-7.04482e-06	173	0	2	0	1	
120	0.12	0.3	1	156.041	53.3505	-1.02165e-06	2.17523e-05	1.52009e-05	173	0	2	0	1	
120	0.13	0.3	1	156.048	53.3472	-1.33132e-05	2.89359e-05	8.01859e-06	173	0	2	0	1	
120	0.14	0.3	1	156.055	53.3442	-1.29376e-06	9.24091e-06	-3.87242e-07	173	0	2	0	1	
120	0.15	0.3	1	156.062	53.3411	2.93304e-07	1.71872e-05	9.89376e-06	173	0	2	0	1	
120	0.16	0.3	1	156.068	53.3379	5.07957e-07	1.34097e-05	1.14542e-05	173	0	2	0	1	
120	0.17	0.3	1	156.075	53.335	3.0635e-06	-2.44493e-05	-2.403e-06	173	0	2	0	1	
120	0.18	0.3	1	156.082	53.332	-1.8681e-06	2.18745e-05	1.33729e-05	173	0	2	0	1	
120	0.19	0.3	1	156.089	53.329	3.2429e-06	1.67376e-05	3.83101e-06	173	0	2	0	1	
120	0.2	0.3	1	156.095	53.326	6.99036e-06	2.25266e-05	-4.1427e-07	173	0	2	0	1	
120	0.21	0.3	1	156.102	53.3232	-7.52511e-06	-8.77303e-06	1.20053e-06	173	0	2	0	1	
120	0.22	0.3	1	156.109	53.3204	3.92746e-06	-2.23829e-05	-9.04573e-06	173	0	2	0	1	
120	0.23	0.3	1	156.115	53.3173	-2.66801e-07	-1.49274e-05	-5.67086e-06	173	0	2	0	1	
120	0.24	0.3	1	156.122	53.3148	5.01071e-06	-1.21148e-05	-1.20377e-05	173	0	2	0	1	
120	0.25	0.3	1	156.129	53.3118	-4.19048e-06	-1.95875e-05	-1.06893e-05	173	0	2	0	1	
120	0.26	0.3	1	156.135	53.3089	3.15814e-06	3.97948e-05	-3.3305e-06	173	0	2	0	1	
120	0.27	0.3	1	156.142	53.3063	-2.84678e-06	1.07704e-05	-4.01574e-06	173	0	2	0	1	
120	0.28	0.3	1	156.148	53.3035	2.97562e-06	1.43525e-05	8.69485e-06	173	0	2	0	1	
120	0.29	0.3	1	156.155	53.301	6.44162e-07	-1.3149e-05	9.04031e-06	173	0	2	0	1	
120	0.3	0.3	1	156.161	53.2981	2.06173e-06	-1.67174e-05	1.2265e-05	173	0	2	0	1	
