10	0.1	0.1	-3	0	0	0	0	0	173	3	2	0	1	
10	0.1	0.113793	-3	0	0	0	0	0	173	3	2	0	1	
10	0.1	0.127586	-3	0	0	0	0	0	173	3	2	0	1	
10	0.1	0.141379	-3	0	0	0	0	0	173	3	2	0	1	
10	0.1	0.155172	-3	0	0	0	0	0	173	3	2	0	1	
10	0.1	0.168966	-3	0	0	0	0	0	173	3	2	0	1	
10	0.1	0.182759	-2	0	0	0	0	0	173	3	2	0	1	
10	0.1	0.196552	-2	0	0	0	0	0	173	3	2	0	1	
10	0.1	0.210345	-2	0	0	0	0	0	173	3	2	0	1	
10	0.1	0.224138	-3	0	0	0	0	0	173	3	2	0	1	
10	0.1	0.237931	-2	0	0	0	0	0	173	3	2	0	1	
10	0.1	0.251724	-2	0	0	0	0	0	173	3	2	0	1	
10	0.1	0.265517	-2	0	0	0	0	0	173	3	2	0	1	
10	0.1	0.27931	-2	0	0	0	0	0	173	3	2	0	1	
10	0.1	0.293103	-2	0	0	0	0	0	173	3	2	0	1	
10	0.1	0.306897	-2	0	0	0	0	0	173	3	2	0	1	
10	0.1	0.32069	-2	0	0	0	0	0	173	3	2	0	1	
10	0.1	0.334483	-2	0	0	0	0	0	173	3	2	0	1	
10	0.1	0.348276	-2	0	0	0	0	0	173	3	2	0	1	
10	0.1	0.362069	-2	0	0	0	0	0	173	3	2	0	1	
10	0.1	0.375862	-2	0	0	0	0	0	173	3	2	0	1	
10	0.1	0.389655	-2	0	0	0	0	0	173	3	2	0	1	
10	0.1	0.403448	-3	0	0	0	0	0	173	3	2	0	1	
10	0.1	0.417241	-2	0	0	0	0	0	173	3	2	0	1	
10	0.1	0.431034	-3	0	0	0	0	0	173	3	2	0	1	
10	0.1	0.444828	-3	0	0	0	0	0	173	3	2	0	1	
10	0.1	0.458621	-3	0	0	0	0	0	173	3	2	0	1	
10	0.1	0.472414	-3	0	0	0	0	0	173	3	2	0	1	
10	0.1	0.486207	-2	0	0	0	0	0	173	3	2	0	1	
10	0.1	0.5	-3	0	0	0	0	0	173	3	2	0	1	
13.7931	0.1	0.1	-3	0	0	0	0	0	173	3	2	0	1	
13.7931	0.1	0.113793	-3	0	0	0	0	0	173	3	2	0	1	
13.7931	0.1	0.127586	-3	0	0	0	0	0	173	3	2	0	1	
13.7931	0.1	0.141379	-3	0	0	0	0	0	173	3	2	0	1	
13.7931	0.1	0.155172	-3	0	0	0	0	0	173	3	2	0	1	
13.7931	0.1	0.168966	-3	0	0	0	0	0	173	3	2	0	1	
13.7931	0.1	0.182759	-3	0	0	0	0	0	173	3	2	0	1	
13.7931	0.1	0.196552	-2	0	0	0	0	0	173	3	2	0	1	
13.7931	0.1	0.210345	-2	0	0	0	0	0	173	3	2	0	1	
13.7931	0.1	0.224138	-3	0	0	0	0	0	173	3	2	0	1	
13.7931	0.1	0.237931	-3	0	0	0	0	0	173	3	2	0	1	
13.7931	0.1	0.251724	-2	0	0	0	0	0	173	3	2	0	1	
13.7931	0.1	0.265517	-2	0	0	0	0	0	173	3	2	0	1	
13.7931	0.1	0.27931	-2	0	0	0	0	0	173	3	2	0	1	
13.7931	0.1	0.293103	-2	0	0	0	0	0	173	3	2	0	1	
13.7931	0.1	0.306897	-2	0	0	0	0	0	173	3	2	0	1	
13.7931	0.1	0.32069	-2	0	0	0	0	0	173	3	2	0	1	
13.7931	0.1	0.334483	-2	0	0	0	0	0	173	3	2	0	1	
13.7931	0.1	0.348276	-2	0	0	0	0	0	173	3	2	0	1	
13.7931	0.1	0.362069	-2	0	0	0	0	0	173	3	2	0	1	
13.7931	0.1	0.375862	-2	0	0	0	0	0	173	3	2	0	1	
13.7931	0.1	0.389655	-2	0	0	0	0	0	173	3	2	0	1	
13.7931	0.1	0.403448	-2	0	0	0	0	0	173	3	2	0	1	
13.7931	0.1	0.417241	-3	0	0	0	0	0	173	3	2	0	1	
13.7931	0.1	0.431034	-3	0	0	0	0	0	173	3	2	0	1	
13.7931	0.1	0.444828	-3	0	0	0	0	0	173	3	2	0	1	
13.7931	0.1	0.458621	-3	0	0	0	0	0	173	3	2	0	1	
13.7931	0.1	0.472414	-3	0	0	0	0	0	173	3	2	0	1	
13.7931	0.1	0.486207	-3	0	0	0	0	0	173	3	2	0	1	
13.7931	0.1	0.5	-3	0	0	0	0	0	173	3	2	0	1	
17.5862	0.1	0.1	-3	0	0	0	0	0	173	3	2	0	1	
17.5862	0.1	0.113793	-3	0	0	0	0	0	173	3	2	0	1	
17.5862	0.1	0.127586	-3	0	0	0	0	0	173	3	2	0	1	
17.5862	0.1	0.141379	-3	0	0	0	0	0	173	3	2	0	1	
17.5862	0.1	0.155172	-3	0	0	0	0	0	173	3	2	0	1	
17.5862	0.1	0.168966	-3	0	0	0	0	0	173	3	2	0	1	
17.5862	0.1	0.182759	-3	0	0	0	0	0	173	3	2	0	1	
17.5862	0.1	0.196552	-2	0	0	0	0	0	173	3	2	0	1	
17.5862	0.1	0.210345	-2	0	0	0	0	0	173	3	2	0	1	
17.5862	0.1	0.224138	-3	0	0	0	0	0	173	3	2	0	1	
17.5862	0.1	0.237931	1	47.9501	245.9	5.50784e-07	8.83612e-06	261.999	173	3	2	0	1	
17.5862	0.1	0.251724	-2	0	0	0	0	0	173	3	2	0	1	
17.5862	0.1	0.265517	-2	0	0	0	0	0	173	3	2	0	1	
17.5862	0.1	0.27931	-2	0	0	0	0	0	173	3	2	0	1	
17.5862	0.1	0.293103	-2	0	0	0	0	0	173	3	2	0	1	
17.5862	0.1	0.306897	-2	0	0	0	0	0	173	3	2	0	1	
17.5862	0.1	0.32069	-2	0	0	0	0	0	173	3	2	0	1	
17.5862	0.1	0.334483	-2	0	0	0	0	0	173	3	2	0	1	
17.5862	0.1	0.348276	-2	0	0	0	0	0	173	3	2	0	1	
17.5862	0.1	0.362069	-2	0	0	0	0	0	173	3	2	0	1	
17.5862	0.1	0.375862	-2	0	0	0	0	0	173	3	2	0	1	
17.5862	0.1	0.389655	-2	0	0	0	0	0	173	3	2	0	1	
17.5862	0.1	0.403448	-2	0	0	0	0	0	173	3	2	0	1	
17.5862	0.1	0.417241	-2	0	0	0	0	0	173	3	2	0	1	
17.5862	0.1	0.431034	-3	0	0	0	0	0	173	3	2	0	1	
17.5862	0.1	0.444828	-3	0	0	0	0	0	173	3	2	0	1	
17.5862	0.1	0.458621	-3	0	0	0	0	0	173	3	2	0	1	
17.5862	0.1	0.472414	-3	0	0	0	0	0	173	3	2	0	1	
17.5862	0.1	0.486207	-3	0	0	0	0	0	173	3	2	0	1	
17.5862	0.1	0.5	-3	0	0	0	0	0	173	3	2	0	1	
21.3793	0.1	0.1	-3	0	0	0	0	0	173	3	2	0	1	
21.3793	0.1	0.113793	-3	0	0	0	0	0	173	3	2	0	1	
21.3793	0.1	0.127586	-3	0	0	0	0	0	173	3	2	0	1	
21.3793	0.1	0.141379	-3	0	0	0	0	0	173	3	2	0	1	
21.3793	0.1	0.155172	-3	0	0	0	0	0	173	3	2	0	1	
21.3793	0.1	0.168966	-3	0	0	0	0	0	173	3	2	0	1	
21.3793	0.1	0.182759	-3	0	0	0	0	0	173	3	2	0	1	
21.3793	0.1	0.196552	-3	0	0	0	0	0	173	3	2	0	1	
21.3793	0.1	0.210345	-3	0	0	0	0	0	173	3	2	0	1	
21.3793	0.1	0.224138	1	76.0986	237.509	-5.01995e-05	-2.53014e-06	248.702	173	3	2	0	1	
21.3793	0.1	0.237931	1	57.9815	243.981	1.13237e-05	3.78469e-06	258.567	173	3	2	0	1	
21.3793	0.1	0.251724	-2	0	0	0	0	0	173	3	2	0	1	
21.3793	0.1	0.265517	-2	0	0	0	0	0	173	3	2	0	1	
21.3793	0.1	0.27931	-2	0	0	0	0	0	173	3	2	0	1	
21.3793	0.1	0.293103	-2	0	0	0	0	0	173	3	2	0	1	
21.3793	0.1	0.306897	-2	0	0	0	0	0	173	3	2	0	1	
21.3793	0.1	0.32069	-2	0	0	0	0	0	173	3	2	0	1	
21.3793	0.1	0.334483	-2	0	0	0	0	0	173	3	2	0	1	
21.3793	0.1	0.348276	-2	0	0	0	0	0	173	3	2	0	1	
21.3793	0.1	0.362069	-2	0	0	0	0	0	173	3	2	0	1	
21.3793	0.1	0.375862	-2	0	0	0	0	0	173	3	2	0	1	
21.3793	0.1	0.389655	-2	0	0	0	0	0	173	3	2	0	1	
21.3793	0.1	0.403448	-3	0	0	0	0	0	173	3	2	0	1	
21.3793	0.1	0.417241	-2	0	0	0	0	0	173	3	2	0	1	
21.3793	0.1	0.431034	-3	0	0	0	0	0	173	3	2	0	1	
21.3793	0.1	0.444828	-2	0	0	0	0	0	173	3	2	0	1	
21.3793	0.1	0.458621	-2	0	0	0	0	0	173	3	2	0	1	
21.3793	0.1	0.472414	-2	0	0	0	0	0	173	3	2	0	1	
21.3793	0.1	0.486207	-3	0	0	0	0	0	173	3	2	0	1	
21.3793	0.1	0.5	-3	0	0	0	0	0	173	3	2	0	1	
25.1724	0.1	0.1	-3	0	0	0	0	0	173	3	2	0	1	
25.1724	0.1	0.113793	-3	0	0	0	0	0	173	3	2	0	1	
25.1724	0.1	0.127586	-3	0	0	0	0	0	173	3	2	0	1	
25.1724	0.1	0.141379	-3	0	0	0	0	0	173	3	2	0	1	
25.1724	0.1	0.155172	-3	0	0	0	0	0	173	3	2	0	1	
25.1724	0.1	0.168966	-3	0	0	0	0	0	173	3	2	0	1	
25.1724	0.1	0.182759	-3	0	0	0	0	0	173	3	2	0	1	
25.1724	0.1	0.196552	-3	0	0	0	0	0	173	3	2	0	1	
25.1724	0.1	0.210345	-3	0	0	0	0	0	173	3	2	0	1	
25.1724	0.1	0.224138	1	82.0168	234.41	2.54581e-05	3.35457e-05	244.442	173	3	2	0	1	
25.1724	0.1	0.237931	1	66.851	241.36	1.95603e-05	-2.02289e-05	254.432	173	3	2	0	1	
25.1724	0.1	0.251724	1	38.9229	-246.88	-1.04091e-05	2.7186e-05	264.202	173	3	2	0	1	
25.1724	0.1	0.265517	-2	0	0	0	0	0	173	3	2	0	1	
25.1724	0.1	0.27931	-2	0	0	0	0	0	173	3	2	0	1	
25.1724	0.1	0.293103	-2	0	0	0	0	0	173	3	2	0	1	
25.1724	0.1	0.306897	-2	0	0	0	0	0	173	3	2	0	1	
25.1724	0.1	0.32069	-2	0	0	0	0	0	173	3	2	0	1	
25.1724	0.1	0.334483	-2	0	0	0	0	0	173	3	2	0	1	
25.1724	0.1	0.348276	-2	0	0	0	0	0	173	3	2	0	1	
25.1724	0.1	0.362069	-2	0	0	0	0	0	173	3	2	0	1	
25.1724	0.1	0.375862	-2	0	0	0	0	0	173	3	2	0	1	
25.1724	0.1	0.389655	-2	0	0	0	0	0	173	3	2	0	1	
25.1724	0.1	0.403448	-2	0	0	0	0	0	173	3	2	0	1	
25.1724	0.1	0.417241	-3	0	0	0	0	0	173	3	2	0	1	
25.1724	0.1	0.431034	-3	0	0	0	0	0	173	3	2	0	1	
25.1724	0.1	0.444828	-3	0	0	0	0	0	173	3	2	0	1	
25.1724	0.1	0.458621	-3	0	0	0	0	0	173	3	2	0	1	
25.1724	0.1	0.472414	-3	0	0	0	0	0	173	3	2	0	1	
25.1724	0.1	0.486207	-3	0	0	0	0	0	173	3	2	0	1	
25.1724	0.1	0.5	-3	0	0	0	0	0	173	3	2	0	1	
28.9655	0.1	0.1	-3	0	0	0	0	0	173	3	2	0	1	
28.9655	0.1	0.113793	-3	0	0	0	0	0	173	3	2	0	1	
28.9655	0.1	0.127586	-3	0	0	0	0	0	173	3	2	0	1	
28.9655	0.1	0.141379	-3	0	0	0	0	0	173	3	2	0	1	
28.9655	0.1	0.155172	-3	0	0	0	0	0	173	3	2	0	1	
28.9655	0.1	0.168966	-3	0	0	0	0	0	173	3	2	0	1	
28.9655	0.1	0.182759	-3	0	0	0	0	0	173	3	2	0	1	
28.9655	0.1	0.196552	-3	0	0	0	0	0	173	3	2	0	1	
28.9655	0.1	0.210345	-3	0	0	0	0	0	173	3	2	0	1	
28.9655	0.1	0.224138	1	88.1368	230.605	-3.50406e-05	-4.83411e-06	239.395	173	3	2	0	1	
28.9655	0.1	0.237931	1	75.1145	238.003	4.39658e-05	-3.61704e-05	249.548	173	3	2	0	1	
28.9655	0.1	0.251724	1	56.2006	244.419	3.11098e-05	2.55592e-05	259.421	173	3	2	0	1	
28.9655	0.1	0.265517	-2	0	0	0	0	0	173	3	2	0	1	
28.9655	0.1	0.27931	-2	0	0	0	0	0	173	3	2	0	1	
28.9655	0.1	0.293103	-2	0	0	0	0	0	173	3	2	0	1	
28.9655	0.1	0.306897	-2	0	0	0	0	0	173	3	2	0	1	
28.9655	0.1	0.32069	-2	0	0	0	0	0	173	3	2	0	1	
28.9655	0.1	0.334483	-2	0	0	0	0	0	173	3	2	0	1	
28.9655	0.1	0.348276	-2	0	0	0	0	0	173	3	2	0	1	
28.9655	0.1	0.362069	-2	0	0	0	0	0	173	3	2	0	1	
28.9655	0.1	0.375862	-2	0	0	0	0	0	173	3	2	0	1	
28.9655	0.1	0.389655	-2	0	0	0	0	0	173	3	2	0	1	
28.9655	0.1	0.403448	-3	0	0	0	0	0	173	3	2	0	1	
28.9655	0.1	0.417241	-3	0	0	0	0	0	173	3	2	0	1	
28.9655	0.1	0.431034	-3	0	0	0	0	0	173	3	2	0	1	
28.9655	0.1	0.444828	-2	0	0	0	0	0	173	3	2	0	1	
28.9655	0.1	0.458621	-3	0	0	0	0	0	173	3	2	0	1	
28.9655	0.1	0.472414	-2	0	0	0	0	0	173	3	2	0	1	
28.9655	0.1	0.486207	-2	0	0	0	0	0	173	3	2	0	1	
28.9655	0.1	0.5	-3	0	0	0	0	0	173	3	2	0	1	
32.7586	0.1	0.1	-3	0	0	0	0	0	173	3	2	0	1	
32.7586	0.1	0.113793	-3	0	0	0	0	0	173	3	2	0	1	
32.7586	0.1	0.127586	-3	0	0	0	0	0	173	3	2	0	1	
32.7586	0.1	0.141379	-3	0	0	0	0	0	173	3	2	0	1	
32.7586	0.1	0.155172	-3	0	0	0	0	0	173	3	2	0	1	
32.7586	0.1	0.168966	-3	0	0	0	0	0	173	3	2	0	1	
32.7586	0.1	0.182759	-3	0	0	0	0	0	173	3	2	0	1	
32.7586	0.1	0.196552	-3	0	0	0	0	0	173	3	2	0	1	
32.7586	0.1	0.210345	-3	0	0	0	0	0	173	3	2	0	1	
32.7586	0.1	0.224138	1	94.388	226.022	-0.000104899	3.12507e-06	233.508	173	3	2	0	1	
32.7586	0.1	0.237931	1	83.0018	233.863	-8.61331e-06	2.23838e-05	243.869	173	3	2	0	1	
32.7586	0.1	0.251724	1	68.1168	240.925	-2.10467e-07	-9.16231e-06	253.918	173	3	2	0	1	
32.7586	0.1	0.265517	1	42.018	246.634	2.34623e-05	-1.58286e-05	263.716	173	3	2	0	1	
32.7586	0.1	0.27931	-2	0	0	0	0	0	173	3	2	0	1	
32.7586	0.1	0.293103	-2	0	0	0	0	0	173	3	2	0	1	
32.7586	0.1	0.306897	-2	0	0	0	0	0	173	3	2	0	1	
32.7586	0.1	0.32069	-2	0	0	0	0	0	173	3	2	0	1	
32.7586	0.1	0.334483	-2	0	0	0	0	0	173	3	2	0	1	
32.7586	0.1	0.348276	-2	0	0	0	0	0	173	3	2	0	1	
32.7586	0.1	0.362069	-2	0	0	0	0	0	173	3	2	0	1	
32.7586	0.1	0.375862	-2	0	0	0	0	0	173	3	2	0	1	
32.7586	0.1	0.389655	-2	0	0	0	0	0	173	3	2	0	1	
32.7586	0.1	0.403448	-2	0	0	0	0	0	173	3	2	0	1	
32.7586	0.1	0.417241	-2	0	0	0	0	0	173	3	2	0	1	
32.7586	0.1	0.431034	-2	0	0	0	0	0	173	3	2	0	1	
32.7586	0.1	0.444828	-3	0	0	0	0	0	173	3	2	0	1	
32.7586	0.1	0.458621	-3	0	0	0	0	0	173	3	2	0	1	
32.7586	0.1	0.472414	-3	0	0	0	0	0	173	3	2	0	1	
32.7586	0.1	0.486207	-3	0	0	0	0	0	173	3	2	0	1	
32.7586	0.1	0.5	-3	0	0	0	0	0	173	3	2	0	1	
36.5517	0.1	0.1	-3	0	0	0	0	0	173	3	2	0	1	
36.5517	0.1	0.113793	-3	0	0	0	0	0	173	3	2	0	1	
36.5517	0.1	0.127586	-3	0	0	0	0	0	173	3	2	0	1	
36.5517	0.1	0.141379	-3	0	0	0	0	0	173	3	2	0	1	
36.5517	0.1	0.155172	-3	0	0	0	0	0	173	3	2	0	1	
36.5517	0.1	0.168966	-3	0	0	0	0	0	173	3	2	0	1	
36.5517	0.1	0.182759	-3	0	0	0	0	0	173	3	2	0	1	
36.5517	0.1	0.196552	-3	0	0	0	0	0	173	3	2	0	1	
36.5517	0.1	0.210345	-2	0	0	0	0	0	173	3	2	0	1	
36.5517	0.1	0.224138	1	100.721	220.585	-3.0336e-05	5.41097e-06	226.713	173	3	2	0	1	
36.5517	0.1	0.237931	1	90.6284	228.88	2.63752e-05	-3.11354e-05	237.331	173	3	2	0	1	
36.5517	0.1	0.251724	1	78.2261	236.499	3.32355e-05	1.09011e-05	247.615	173	3	2	0	1	
36.5517	0.1	0.265517	1	61.0279	243.221	4.93114e-06	2.65196e-06	257.578	173	3	2	0	1	
36.5517	0.1	0.27931	-2	0	0	0	0	0	173	3	2	0	1	
36.5517	0.1	0.293103	-2	0	0	0	0	0	173	3	2	0	1	
36.5517	0.1	0.306897	-2	0	0	0	0	0	173	3	2	0	1	
36.5517	0.1	0.32069	-2	0	0	0	0	0	173	3	2	0	1	
36.5517	0.1	0.334483	-2	0	0	0	0	0	173	3	2	0	1	
36.5517	0.1	0.348276	-2	0	0	0	0	0	173	3	2	0	1	
36.5517	0.1	0.362069	-2	0	0	0	0	0	173	3	2	0	1	
36.5517	0.1	0.375862	-2	0	0	0	0	0	173	3	2	0	1	
36.5517	0.1	0.389655	-2	0	0	0	0	0	173	3	2	0	1	
36.5517	0.1	0.403448	-2	0	0	0	0	0	173	3	2	0	1	
36.5517	0.1	0.417241	-2	0	0	0	0	0	173	3	2	0	1	
36.5517	0.1	0.431034	-2	0	0	0	0	0	173	3	2	0	1	
36.5517	0.1	0.444828	-2	0	0	0	0	0	173	3	2	0	1	
36.5517	0.1	0.458621	-2	0	0	0	0	0	173	3	2	0	1	
36.5517	0.1	0.472414	-3	0	0	0	0	0	173	3	2	0	1	
36.5517	0.1	0.486207	-3	0	0	0	0	0	173	3	2	0	1	
36.5517	0.1	0.5	-3	0	0	0	0	0	173	3	2	0	1	
40.3448	0.1	0.1	-3	0	0	0	0	0	173	3	2	0	1	
40.3448	0.1	0.113793	-3	0	0	0	0	0	173	3	2	0	1	
40.3448	0.1	0.127586	-3	0	0	0	0	0	173	3	2	0	1	
40.3448	0.1	0.141379	-3	0	0	0	0	0	173	3	2	0	1	
40.3448	0.1	0.155172	-3	0	0	0	0	0	173	3	2	0	1	
40.3448	0.1	0.168966	-3	0	0	0	0	0	173	3	2	0	1	
40.3448	0.1	0.182759	-3	0	0	0	0	0	173	3	2	0	1	
40.3448	0.1	0.196552	-3	0	0	0	0	0	173	3	2	0	1	
40.3448	0.1	0.210345	-2	0	0	0	0	0	173	3	2	0	1	
40.3448	0.1	0.224138	1	107.1	214.201	1.64862e-06	-8.35798e-05	218.919	173	3	2	0	1	
40.3448	0.1	0.237931	1	98.0594	222.976	-1.13617e-05	3.82785e-05	229.858	173	3	2	0	1	
40.3448	0.1	0.251724	1	87.3903	231.128	-3.64138e-05	-5.9476e-07	240.42	173	3	2	0	1	
40.3448	0.1	0.265517	1	73.951	238.559	9.37136e-06	-3.70564e-06	250.636	173	3	2	0	1	
40.3448	0.1	0.27931	1	53.87	244.936	-4.43155e-05	-6.19797e-06	260.548	173	3	2	0	1	
40.3448	0.1	0.293103	-2	0	0	0	0	0	173	3	2	0	1	
40.3448	0.1	0.306897	-2	0	0	0	0	0	173	3	2	0	1	
40.3448	0.1	0.32069	-2	0	0	0	0	0	173	3	2	0	1	
40.3448	0.1	0.334483	-2	0	0	0	0	0	173	3	2	0	1	
40.3448	0.1	0.348276	-2	0	0	0	0	0	173	3	2	0	1	
40.3448	0.1	0.362069	-2	0	0	0	0	0	173	3	2	0	1	
40.3448	0.1	0.375862	-2	0	0	0	0	0	173	3	2	0	1	
40.3448	0.1	0.389655	-2	0	0	0	0	0	173	3	2	0	1	
40.3448	0.1	0.403448	-2	0	0	0	0	0	173	3	2	0	1	
40.3448	0.1	0.417241	-3	0	0	0	0	0	173	3	2	0	1	
40.3448	0.1	0.431034	-2	0	0	0	0	0	173	3	2	0	1	
40.3448	0.1	0.444828	-3	0	0	0	0	0	173	3	2	0	1	
40.3448	0.1	0.458621	-3	0	0	0	0	0	173	3	2	0	1	
40.3448	0.1	0.472414	-3	0	0	0	0	0	173	3	2	0	1	
40.3448	0.1	0.486207	-3	0	0	0	0	0	173	3	2	0	1	
40.3448	0.1	0.5	-3	0	0	0	0	0	173	3	2	0	1	
44.1379	0.1	0.1	-2	0	0	0	0	0	173	3	2	0	1	
44.1379	0.1	0.113793	-3	0	0	0	0	0	173	3	2	0	1	
44.1379	0.1	0.127586	-3	0	0	0	0	0	173	3	2	0	1	
44.1379	0.1	0.141379	-3	0	0	0	0	0	173	3	2	0	1	
44.1379	0.1	0.155172	-3	0	0	0	0	0	173	3	2	0	1	
44.1379	0.1	0.168966	-3	0	0	0	0	0	173	3	2	0	1	
44.1379	0.1	0.182759	-3	0	0	0	0	0	173	3	2	0	1	
44.1379	0.1	0.196552	-3	0	0	0	0	0	173	3	2	0	1	
44.1379	0.1	0.210345	-2	0	0	0	0	0	173	3	2	0	1	
44.1379	0.1	0.224138	1	113.499	206.753	-9.07556e-06	-1.75771e-06	210.012	173	3	2	0	1	
44.1379	0.1	0.237931	1	105.334	216.053	-1.31096e-05	-6.78558e-06	221.347	173	3	2	0	1	
44.1379	0.1	0.251724	1	95.9649	224.75	7.7043e-05	-1.59425e-05	232.258	173	3	2	0	1	
44.1379	0.1	0.265517	1	84.7865	232.8	1.11314e-05	1.90036e-05	242.822	173	3	2	0	1	
44.1379	0.1	0.27931	1	70.3632	240.084	3.04248e-05	8.42873e-06	252.964	173	3	2	0	1	
44.1379	0.1	0.293103	1	46.7321	246.12	1.04477e-05	-7.41793e-05	262.837	173	3	2	0	1	
44.1379	0.1	0.306897	-2	0	0	0	0	0	173	3	2	0	1	
44.1379	0.1	0.32069	-2	0	0	0	0	0	173	3	2	0	1	
44.1379	0.1	0.334483	-2	0	0	0	0	0	173	3	2	0	1	
44.1379	0.1	0.348276	-2	0	0	0	0	0	173	3	2	0	1	
44.1379	0.1	0.362069	-2	0	0	0	0	0	173	3	2	0	1	
44.1379	0.1	0.375862	-2	0	0	0	0	0	173	3	2	0	1	
44.1379	0.1	0.389655	-2	0	0	0	0	0	173	3	2	0	1	
44.1379	0.1	0.403448	-2	0	0	0	0	0	173	3	2	0	1	
44.1379	0.1	0.417241	-2	0	0	0	0	0	173	3	2	0	1	
44.1379	0.1	0.431034	-3	0	0	0	0	0	173	3	2	0	1	
44.1379	0.1	0.444828	-3	0	0	0	0	0	173	3	2	0	1	
44.1379	0.1	0.458621	-3	0	0	0	0	0	173	3	2	0	1	
44.1379	0.1	0.472414	-3	0	0	0	0	0	173	3	2	0	1	
44.1379	0.1	0.486207	-2	0	0	0	0	0	173	3	2	0	1	
44.1379	0.1	0.5	-3	0	0	0	0	0	173	3	2	0	1	
47.931	0.1	0.1	1	162.245	41.1513	7.38635e-06	-9.77651e-07	-8.93678e-06	173	3	2	0	1	
47.931	0.1	0.113793	-2	0	0	0	0	0	173	3	2	0	1	
47.931	0.1	0.127586	-2	0	0	0	0	0	173	3	2	0	1	
47.931	0.1	0.141379	-3	0	0	0	0	0	173	3	2	0	1	
47.931	0.1	0.155172	-3	0	0	0	0	0	173	3	2	0	1	
47.931	0.1	0.168966	-3	0	0	0	0	0	173	3	2	0	1	
47.931	0.1	0.182759	-3	0	0	0	0	0	173	3	2	0	1	
47.931	0.1	0.196552	-2	0	0	0	0	0	173	3	2	0	1	
47.931	0.1	0.210345	1	126.62	187.397	9.6594e-06	-2.61565e-05	187.419	173	3	2	0	1	
47.931	0.1	0.224138	1	119.898	198.055	3.56898e-06	-8.17507e-06	199.834	173	3	2	0	1	
47.931	0.1	0.237931	1	112.473	207.984	-1.49891e-05	7.93319e-05	211.668	173	3	2	0	1	
47.931	0.1	0.251724	1	104.129	217.27	-1.22717e-05	-1.80693e-05	223.01	173	3	2	0	1	
47.931	0.1	0.265517	1	94.5067	225.929	8.54097e-05	1.51534e-05	233.923	173	3	2	0	1	
47.931	0.1	0.27931	1	82.9203	233.927	1.43213e-05	4.29985e-06	244.44	173	3	2	0	1	
47.931	0.1	0.293103	1	67.6785	241.111	-3.92148e-05	1.9828e-05	254.605	173	3	2	0	1	
47.931	0.1	0.306897	1	39.9296	246.837	-3.39989e-06	2.47963e-06	264.451	173	3	2	0	1	
47.931	0.1	0.32069	-2	0	0	0	0	0	173	3	2	0	1	
47.931	0.1	0.334483	-2	0	0	0	0	0	173	3	2	0	1	
47.931	0.1	0.348276	-2	0	0	0	0	0	173	3	2	0	1	
47.931	0.1	0.362069	-2	0	0	0	0	0	173	3	2	0	1	
47.931	0.1	0.375862	-2	0	0	0	0	0	173	3	2	0	1	
47.931	0.1	0.389655	-2	0	0	0	0	0	173	3	2	0	1	
47.931	0.1	0.403448	-2	0	0	0	0	0	173	3	2	0	1	
47.931	0.1	0.417241	-2	0	0	0	0	0	173	3	2	0	1	
47.931	0.1	0.431034	-2	0	0	0	0	0	173	3	2	0	1	
47.931	0.1	0.444828	-3	0	0	0	0	0	173	3	2	0	1	
47.931	0.1	0.458621	-3	0	0	0	0	0	173	3	2	0	1	
47.931	0.1	0.472414	-3	0	0	0	0	0	173	3	2	0	1	
47.931	0.1	0.486207	-3	0	0	0	0	0	173	3	2	0	1	
47.931	0.1	0.5	-3	0	0	0	0	0	173	3	2	0	1	
51.7241	0.1	0.1	1	162.295	41.042	-3.19725e-05	-2.18115e-06	1.16061e-05	173	3	2	0	1	
51.7241	0.1	0.113793	1	162.139	41.1283	4.33457e-05	-9.82751e-06	7.79023e-06	173	3	2	0	1	
51.7241	0.1	0.127586	-2	0	0	0	0	0	173	3	2	0	1	
51.7241	0.1	0.141379	-2	0	0	0	0	0	173	3	2	0	1	
51.7241	0.1	0.155172	-2	0	0	0	0	0	173	3	2	0	1	
51.7241	0.1	0.168966	-3	0	0	0	0	0	173	3	2	0	1	
51.7241	0.1	0.182759	-2	0	0	0	0	0	173	3	2	0	1	
51.7241	0.1	0.196552	-2	0	0	0	0	0	173	3	2	0	1	
51.7241	0.1	0.210345	1	132.479	176.431	-2.0336e-05	-4.69707e-06	174.985	173	3	2	0	1	
51.7241	0.1	0.224138	1	126.277	187.923	3.16236e-05	-5.49915e-06	188.169	173	3	2	0	1	
51.7241	0.1	0.237931	1	119.493	198.594	-6.33792e-06	-1.38719e-05	200.642	173	3	2	0	1	
51.7241	0.1	0.251724	1	111.983	208.551	-1.37956e-05	-1.08159e-05	212.527	173	3	2	0	1	
51.7241	0.1	0.265517	1	103.525	217.857	9.15103e-06	4.69754e-06	223.91	173	3	2	0	1	
51.7241	0.1	0.27931	1	93.7432	226.526	-9.29255e-06	-5.57542e-06	234.861	173	3	2	0	1	
51.7241	0.1	0.293103	1	81.8973	234.521	6.01483e-07	2.88885e-05	245.386	173	3	2	0	1	
51.7241	0.1	0.306897	1	66.1137	241.667	1.10297e-05	6.87473e-05	255.562	173	3	2	0	1	
51.7241	0.1	0.32069	1	34.5221	247.177	2.0254e-05	-3.3109e-05	265.391	173	3	2	0	1	
51.7241	0.1	0.334483	-2	0	0	0	0	0	173	3	2	0	1	
51.7241	0.1	0.348276	-2	0	0	0	0	0	173	3	2	0	1	
51.7241	0.1	0.362069	-2	0	0	0	0	0	173	3	2	0	1	
51.7241	0.1	0.375862	-2	0	0	0	0	0	173	3	2	0	1	
51.7241	0.1	0.389655	-2	0	0	0	0	0	173	3	2	0	1	
51.7241	0.1	0.403448	-2	0	0	0	0	0	173	3	2	0	1	
51.7241	0.1	0.417241	-2	0	0	0	0	0	173	3	2	0	1	
51.7241	0.1	0.431034	-2	0	0	0	0	0	173	3	2	0	1	
51.7241	0.1	0.444828	-3	0	0	0	0	0	173	3	2	0	1	
51.7241	0.1	0.458621	-2	0	0	0	0	0	173	3	2	0	1	
51.7241	0.1	0.472414	-3	0	0	0	0	0	173	3	2	0	1	
51.7241	0.1	0.486207	-3	0	0	0	0	0	173	3	2	0	1	
51.7241	0.1	0.5	-3	0	0	0	0	0	173	3	2	0	1	
55.5172	0.1	0.1	1	162.333	40.9548	1.06684e-05	-2.27497e-05	-1.18178e-05	173	3	2	0	1	
55.5172	0.1	0.113793	1	162.197	40.9939	5.38204e-06	4.74204e-06	-1.1582e-05	173	3	2	0	1	
55.5172	0.1	0.127586	1	162.038	41.0936	1.87282e-05	-9.51812e-06	-1.57556e-05	173	3	2	0	1	
55.5172	0.1	0.141379	-2	0	0	0	0	0	173	3	2	0	1	
55.5172	0.1	0.155172	-2	0	0	0	0	0	173	3	2	0	1	
55.5172	0.1	0.168966	-2	0	0	0	0	0	173	3	2	0	1	
55.5172	0.1	0.182759	-2	0	0	0	0	0	173	3	2	0	1	
55.5172	0.1	0.196552	-2	0	0	0	0	0	173	3	2	0	1	
55.5172	0.1	0.210345	1	138.348	163.461	-4.74923e-05	-1.4758e-05	160.474	173	3	2	0	1	
55.5172	0.1	0.224138	1	132.618	176.05	-6.31983e-07	1.64048e-06	174.704	173	3	2	0	1	
55.5172	0.1	0.237931	1	126.397	187.644	3.1377e-05	-4.11717e-06	188.02	173	3	2	0	1	
55.5172	0.1	0.251724	1	119.588	198.403	2.13638e-05	2.51831e-06	200.604	173	3	2	0	1	
55.5172	0.1	0.265517	1	112.047	208.44	-4.12609e-06	7.33792e-06	212.582	173	3	2	0	1	
55.5172	0.1	0.27931	1	103.547	217.815	5.31863e-06	-2.33203e-05	224.044	173	3	2	0	1	
55.5172	0.1	0.293103	1	93.7056	226.547	-1.86036e-05	-2.27071e-05	235.047	173	3	2	0	1	
55.5172	0.1	0.306897	1	81.7788	234.588	3.18542e-05	5.25281e-06	245.626	173	3	2	0	1	
55.5172	0.1	0.32069	1	65.8343	241.767	1.58195e-05	-1.47327e-05	255.836	173	3	2	0	1	
55.5172	0.1	0.334483	1	32.9702	-247.247	1.04296e-06	2.52563e-05	265.666	173	3	2	0	1	
55.5172	0.1	0.348276	-2	0	0	0	0	0	173	3	2	0	1	
55.5172	0.1	0.362069	-2	0	0	0	0	0	173	3	2	0	1	
55.5172	0.1	0.375862	-2	0	0	0	0	0	173	3	2	0	1	
55.5172	0.1	0.389655	-2	0	0	0	0	0	173	3	2	0	1	
55.5172	0.1	0.403448	-2	0	0	0	0	0	173	3	2	0	1	
55.5172	0.1	0.417241	-2	0	0	0	0	0	173	3	2	0	1	
55.5172	0.1	0.431034	-2	0	0	0	0	0	173	3	2	0	1	
55.5172	0.1	0.444828	-2	0	0	0	0	0	173	3	2	0	1	
55.5172	0.1	0.458621	-3	0	0	0	0	0	173	3	2	0	1	
55.5172	0.1	0.472414	-3	0	0	0	0	0	173	3	2	0	1	
55.5172	0.1	0.486207	-3	0	0	0	0	0	173	3	2	0	1	
55.5172	0.1	0.5	-3	0	0	0	0	0	173	3	2	0	1	
59.3103	0.1	0.1	1	162.364	40.9278	-2.45705e-06	1.17427e-06	-2.76916e-06	173	3	2	0	1	
59.3103	0.1	0.113793	1	162.241	40.9119	1.67703e-05	5.02372e-06	2.79487e-05	173	3	2	0	1	
59.3103	0.1	0.127586	1	162.104	40.9371	1.50393e-05	-2.42596e-05	1.7069e-05	173	3	2	0	1	
59.3103	0.1	0.141379	1	161.945	41.0452	-1.327e-05	2.33361e-06	-1.59627e-05	173	3	2	0	1	
59.3103	0.1	0.155172	1	161.204	54.8319	-9.86732e-06	-8.11231e-06	41.5557	173	3	2	0	1	
59.3103	0.1	0.168966	-2	0	0	0	0	0	173	3	2	0	1	
59.3103	0.1	0.182759	-2	0	0	0	0	0	173	3	2	0	1	
59.3103	0.1	0.196552	1	149.075	132.003	3.46773e-05	1.30313e-05	125.733	173	3	2	0	1	
59.3103	0.1	0.210345	1	144.184	147.924	-8.64186e-06	1.54172e-05	143.225	173	3	2	0	1	
59.3103	0.1	0.224138	1	138.897	161.978	-1.43776e-05	1.20026e-06	158.96	173	3	2	0	1	
59.3103	0.1	0.237931	1	133.183	174.82	-2.37881e-05	-1.82939e-05	173.435	173	3	2	0	1	
59.3103	0.1	0.251724	1	126.979	186.549	-1.85976e-05	-2.39538e-05	186.951	173	3	2	0	1	
59.3103	0.1	0.265517	1	120.188	197.464	-2.00389e-05	8.06313e-06	199.701	173	3	2	0	1	
59.3103	0.1	0.27931	1	112.67	207.637	-4.00778e-06	-5.1304e-05	211.818	173	3	2	0	1	
59.3103	0.1	0.293103	1	104.202	217.134	-9.11596e-06	5.95647e-06	223.399	173	3	2	0	1	
59.3103	0.1	0.306897	1	94.4134	225.976	7.74781e-06	2.26953e-05	234.488	173	3	2	0	1	
59.3103	0.1	0.32069	1	82.5847	234.122	1.49876e-05	-4.76683e-05	245.151	173	3	2	0	1	
59.3103	0.1	0.334483	1	66.8849	241.408	3.70424e-06	-1.11093e-06	255.423	173	3	2	0	1	
59.3103	0.1	0.348276	1	36.5103	247.082	5.86083e-07	-1.09314e-05	265.287	173	3	2	0	1	
59.3103	0.1	0.362069	-2	0	0	0	0	0	173	3	2	0	1	
59.3103	0.1	0.375862	-2	0	0	0	0	0	173	3	2	0	1	
59.3103	0.1	0.389655	-2	0	0	0	0	0	173	3	2	0	1	
59.3103	0.1	0.403448	-2	0	0	0	0	0	173	3	2	0	1	
59.3103	0.1	0.417241	-2	0	0	0	0	0	173	3	2	0	1	
59.3103	0.1	0.431034	-2	0	0	0	0	0	173	3	2	0	1	
59.3103	0.1	0.444828	-2	0	0	0	0	0	173	3	2	0	1	
59.3103	0.1	0.458621	-3	0	0	0	0	0	173	3	2	0	1	
59.3103	0.1	0.472414	-3	0	0	0	0	0	173	3	2	0	1	
59.3103	0.1	0.486207	-3	0	0	0	0	0	173	3	2	0	1	
59.3103	0.1	0.5	-3	0	0	0	0	0	173	3	2	0	1	
63.1034	0.1	0.1	1	162.393	40.8954	1.01255e-05	-3.15795e-06	-9.39884e-08	173	3	2	0	1	
63.1034	0.1	0.113793	1	162.278	40.8548	-1.11293e-05	1.30337e-05	-1.35314e-05	173	3	2	0	1	
63.1034	0.1	0.127586	1	162.155	40.8268	-1.74887e-05	-2.18942e-05	1.29463e-05	173	3	2	0	1	
63.1034	0.1	0.141379	1	162.017	40.8826	6.13955e-06	2.75299e-06	9.42271e-06	173	3	2	0	1	
63.1034	0.1	0.155172	1	161.859	40.9833	3.11261e-05	1.02933e-05	9.09155e-07	173	3	2	0	1	
63.1034	0.1	0.168966	1	161.579	44.36	-4.11456e-05	-3.17686e-06	25.0708	173	3	2	0	1	
63.1034	0.1	0.182759	1	158.438	83.7243	-3.93351e-05	-3.77808e-06	73.9724	173	3	2	0	1	
63.1034	0.1	0.196552	1	154.394	108.902	1.98992e-05	-1.64891e-05	100.879	173	3	2	0	1	
63.1034	0.1	0.210345	1	149.922	128.63	3.72664e-05	-3.55848e-06	122.022	173	3	2	0	1	
63.1034	0.1	0.224138	1	145.078	145.062	-8.15114e-06	1.41513e-05	140.13	173	3	2	0	1	
63.1034	0.1	0.237931	1	139.839	159.466	6.19697e-07	-5.21167e-06	156.311	173	3	2	0	1	
63.1034	0.1	0.251724	1	134.172	172.579	1.50031e-05	-2.49837e-06	171.131	173	3	2	0	1	
63.1034	0.1	0.265517	1	128.019	184.609	4.57114e-05	4.01699e-06	184.924	173	3	2	0	1	
63.1034	0.1	0.27931	1	121.289	195.747	1.40316e-05	1.40956e-05	197.902	173	3	2	0	1	
63.1034	0.1	0.293103	1	113.846	206.116	4.83587e-05	1.8138e-05	210.21	173	3	2	0	1	
63.1034	0.1	0.306897	1	105.483	215.789	3.30051e-06	1.00946e-05	221.955	173	3	2	0	1	
63.1034	0.1	0.32069	1	95.849	224.794	9.6068e-06	-2.78953e-05	233.17	173	3	2	0	1	
63.1034	0.1	0.334483	1	84.2859	233.1	-3.59338e-05	8.47355e-05	243.948	173	3	2	0	1	
63.1034	0.1	0.348276	1	69.1796	240.568	-7.20168e-05	-2.46801e-05	254.313	173	3	2	0	1	
63.1034	0.1	0.362069	1	42.8424	246.595	-6.32168e-06	-2.46251e-05	264.25	173	3	2	0	1	
63.1034	0.1	0.375862	-2	0	0	0	0	0	173	3	2	0	1	
63.1034	0.1	0.389655	-2	0	0	0	0	0	173	3	2	0	1	
63.1034	0.1	0.403448	-2	0	0	0	0	0	173	3	2	0	1	
63.1034	0.1	0.417241	-2	0	0	0	0	0	173	3	2	0	1	
63.1034	0.1	0.431034	-2	0	0	0	0	0	173	3	2	0	1	
63.1034	0.1	0.444828	-2	0	0	0	0	0	173	3	2	0	1	
63.1034	0.1	0.458621	-2	0	0	0	0	0	173	3	2	0	1	
63.1034	0.1	0.472414	-3	0	0	0	0	0	173	3	2	0	1	
63.1034	0.1	0.486207	-3	0	0	0	0	0	173	3	2	0	1	
63.1034	0.1	0.5	-3	0	0	0	0	0	173	3	2	0	1	
66.8966	0.1	0.1	1	162.42	40.8681	1.48572e-05	-1.47199e-05	5.03112e-06	173	3	2	0	1	
66.8966	0.1	0.113793	1	162.311	40.8163	1.06995e-06	1.40413e-05	4.52759e-06	173	3	2	0	1	
66.8966	0.1	0.127586	1	162.196	40.78	4.17873e-06	-1.54598e-05	1.20507e-05	173	3	2	0	1	
66.8966	0.1	0.141379	1	162.072	40.7614	-6.6187e-06	1.58973e-06	2.47999e-05	173	3	2	0	1	
66.8966	0.1	0.155172	1	161.938	40.7104	9.66332e-06	-8.18371e-06	-1.90899e-05	173	3	2	0	1	
66.8966	0.1	0.168966	1	161.781	40.9103	-1.2409e-05	-6.92008e-06	-2.41268e-05	173	3	2	0	1	
66.8966	0.1	0.182759	1	161.598	41.1634	-1.98045e-05	2.7233e-06	8.62926e-06	173	3	2	0	1	
66.8966	0.1	0.196552	1	159.386	74.3339	-2.33419e-05	-6.97654e-06	63.8683	173	3	2	0	1	
66.8966	0.1	0.210345	1	155.482	102.48	-1.63111e-05	-5.21059e-06	94.0592	173	3	2	0	1	
66.8966	0.1	0.224138	1	151.098	123.426	-1.05441e-05	2.37797e-05	116.648	173	3	2	0	1	
66.8966	0.1	0.237931	1	146.326	140.89	6.47566e-05	3.62867e-05	135.639	173	3	2	0	1	
66.8966	0.1	0.251724	1	141.164	155.829	-2.95797e-05	6.36741e-06	152.436	173	3	2	0	1	
66.8966	0.1	0.265517	1	135.573	169.384	-4.86005e-05	9.16781e-06	167.722	173	3	2	0	1	
66.8966	0.1	0.27931	1	129.505	181.77	1.21077e-05	2.39238e-05	181.883	173	3	2	0	1	
66.8966	0.1	0.293103	1	122.875	193.208	1.13545e-05	-8.34935e-05	195.161	173	3	2	0	1	
66.8966	0.1	0.306897	1	115.559	203.837	5.20573e-05	-6.35211e-06	207.719	173	3	2	0	1	
66.8966	0.1	0.32069	1	107.362	213.745	6.88021e-06	5.56248e-06	219.686	173	3	2	0	1	
66.8966	0.1	0.334483	1	97.9734	222.967	-1.93814e-05	9.49445e-06	231.063	173	3	2	0	1	
66.8966	0.1	0.348276	1	86.8118	231.49	9.55595e-06	-5.82723e-06	241.994	173	3	2	0	1	
66.8966	0.1	0.362069	1	72.5449	239.201	-2.32232e-05	-1.83536e-05	252.488	173	3	2	0	1	
66.8966	0.1	0.375862	1	50.0593	245.664	-4.4921e-06	-3.25988e-06	262.539	173	3	2	0	1	
66.8966	0.1	0.389655	-2	0	0	0	0	0	173	3	2	0	1	
66.8966	0.1	0.403448	-2	0	0	0	0	0	173	3	2	0	1	
66.8966	0.1	0.417241	-2	0	0	0	0	0	173	3	2	0	1	
66.8966	0.1	0.431034	-2	0	0	0	0	0	173	3	2	0	1	
66.8966	0.1	0.444828	-2	0	0	0	0	0	173	3	2	0	1	
66.8966	0.1	0.458621	-2	0	0	0	0	0	173	3	2	0	1	
66.8966	0.1	0.472414	-2	0	0	0	0	0	173	3	2	0	1	
66.8966	0.1	0.486207	-2	0	0	0	0	0	173	3	2	0	1	
66.8966	0.1	0.5	-3	0	0	0	0	0	173	3	2	0	1	
70.6897	0.1	0.1	1	162.444	40.8466	-6.94175e-06	-1.18087e-05	-4.89826e-06	173	3	2	0	1	
70.6897	0.1	0.113793	1	162.342	40.7838	4.65389e-06	1.18524e-05	-1.62442e-05	173	3	2	0	1	
70.6897	0.1	0.127586	1	162.233	40.7356	3.93741e-07	5.0492e-06	-1.74531e-06	173	3	2	0	1	
70.6897	0.1	0.141379	1	162.118	40.703	1.86065e-05	5.29665e-06	-5.04606e-06	173	3	2	0	1	
70.6897	0.1	0.155172	1	161.995	40.6874	1.23105e-05	-9.93733e-06	-1.64016e-05	173	3	2	0	1	
70.6897	0.1	0.168966	4	161.865	40.8094	4.4914e-06	2.74462e-05	5.45081e-06	173	3	2	0	1	
70.6897	0.1	0.182759	1	161.709	40.8298	8.64871e-06	3.36947e-06	-1.70592e-05	173	3	2	0	1	
70.6897	0.1	0.196552	1	161.534	41.0342	2.10218e-05	4.28898e-07	-4.26361e-05	173	3	2	0	1	
70.6897	0.1	0.210345	1	160.477	60.0576	2.1989e-05	-2.44175e-05	47.6582	173	3	2	0	1	
70.6897	0.1	0.224138	1	156.839	93.4724	-1.85239e-05	-6.96246e-07	84.4865	173	3	2	0	1	
70.6897	0.1	0.237931	1	152.585	116.543	-3.91879e-05	7.41118e-06	109.307	173	3	2	0	1	
70.6897	0.1	0.251724	1	147.916	135.136	5.06568e-06	-6.39172e-06	129.562	173	3	2	0	1	
70.6897	0.1	0.265517	1	142.857	151.013	2.53965e-05	2.38765e-05	147.202	173	3	2	0	1	
70.6897	0.1	0.27931	1	137.371	165.101	-1.25622e-05	-6.29866e-06	163.108	173	3	2	0	1	
70.6897	0.1	0.293103	1	131.419	177.955	-3.42843e-05	-3.21215e-06	177.75	173	3	2	0	1	
70.6897	0.1	0.306897	1	124.925	189.782	-1.35449e-05	-1.25378e-05	191.415	173	3	2	0	1	
70.6897	0.1	0.32069	1	117.778	200.745	1.00141e-05	4.98109e-07	204.294	173	3	2	0	1	
70.6897	0.1	0.334483	1	109.804	210.951	5.71493e-06	-1.13489e-05	216.648	173	3	2	0	1	
70.6897	0.1	0.348276	1	100.73	220.45	6.98173e-06	5.34779e-07	228.131	173	3	2	0	1	
70.6897	0.1	0.362069	1	90.0658	229.244	4.42935e-06	-8.05804e-05	239.258	173	3	2	0	1	
70.6897	0.1	0.375862	1	76.7597	237.257	1.18075e-05	-4.33191e-05	249.922	173	3	2	0	1	
70.6897	0.1	0.389655	1	57.4993	244.186	4.02131e-05	-4.64156e-06	260.127	173	3	2	0	1	
70.6897	0.1	0.403448	-2	0	0	0	0	0	173	3	2	0	1	
70.6897	0.1	0.417241	-2	0	0	0	0	0	173	3	2	0	1	
70.6897	0.1	0.431034	-2	0	0	0	0	0	173	3	2	0	1	
70.6897	0.1	0.444828	-2	0	0	0	0	0	173	3	2	0	1	
70.6897	0.1	0.458621	-2	0	0	0	0	0	173	3	2	0	1	
70.6897	0.1	0.472414	-2	0	0	0	0	0	173	3	2	0	1	
70.6897	0.1	0.486207	-3	0	0	0	0	0	173	3	2	0	1	
70.6897	0.1	0.5	-2	0	0	0	0	0	173	3	2	0	1	
74.4828	0.1	0.1	1	162.467	40.8294	1.21118e-05	-9.09225e-06	1.5079e-05	173	3	2	0	1	
74.4828	0.1	0.113793	1	162.37	40.7591	-1.78814e-06	-1.31713e-06	8.02813e-06	173	3	2	0	1	
74.4828	0.1	0.127586	1	162.268	40.6985	5.61162e-07	-8.63125e-06	-5.5985e-06	173	3	2	0	1	
74.4828	0.1	0.141379	1	162.16	40.6533	5.16046e-06	1.23008e-05	-1.03139e-05	173	3	2	0	1	
74.4828	0.1	0.155172	1	162.045	40.6231	-1.78383e-05	-1.39154e-05	1.12436e-05	173	3	2	0	1	
74.4828	0.1	0.168966	1	161.923	40.6099	3.16781e-06	-4.35806e-06	-1.37131e-05	173	3	2	0	1	
74.4828	0.1	0.182759	1	161.794	40.5746	-4.05977e-05	2.74874e-05	-1.1953e-05	173	3	2	0	1	
74.4828	0.1	0.196552	1	161.645	40.7417	2.26196e-06	-2.62942e-05	5.74388e-06	173	3	2	0	1	
74.4828	0.1	0.210345	1	161.476	40.907	-1.06683e-05	4.65783e-06	3.44085e-05	173	3	2	0	1	
74.4828	0.1	0.224138	-2	0	0	0	0	0	173	3	2	0	1	
74.4828	0.1	0.237931	1	158.417	80.739	9.00463e-06	-2.96963e-05	70.9851	173	3	2	0	1	
74.4828	0.1	0.251724	1	154.354	107.325	-5.2828e-06	2.61608e-05	99.4904	173	3	2	0	1	
74.4828	0.1	0.265517	1	149.825	127.65	-3.58978e-06	-2.85126e-05	121.603	173	3	2	0	1	
74.4828	0.1	0.27931	1	144.895	144.807	7.54491e-06	5.73668e-06	140.413	173	3	2	0	1	
74.4828	0.1	0.293103	1	139.544	159.599	7.029e-05	-6.35748e-06	157.146	173	3	2	0	1	
74.4828	0.1	0.306897	1	133.736	173.057	1.62788e-05	2.01074e-07	172.415	173	3	2	0	1	
74.4828	0.1	0.32069	1	127.411	185.38	2.05064e-05	-9.87447e-06	186.578	173	3	2	0	1	
74.4828	0.1	0.334483	1	120.47	196.765	-1.50431e-05	2.89824e-05	199.863	173	3	2	0	1	
74.4828	0.1	0.348276	1	112.76	-207.342	2.8056e-06	2.43147e-05	212.415	173	3	2	0	1	
74.4828	0.1	0.362069	1	104.051	217.18	1.22421e-05	3.00569e-06	224.325	173	3	2	0	1	
74.4828	0.1	0.375862	1	93.9378	226.306	5.04177e-06	-5.76765e-06	235.699	173	3	2	0	1	
74.4828	0.1	0.389655	1	81.6265	234.668	3.54385e-06	-8.39118e-06	246.579	173	3	2	0	1	
74.4828	0.1	0.403448	1	64.9706	-242.078	2.24144e-05	-1.1051e-05	256.98	173	3	2	0	1	
74.4828	0.1	0.417241	1	24.5931	-247.442	-1.50299e-05	-4.90904e-05	266.769	173	3	2	0	1	
74.4828	0.1	0.431034	-2	0	0	0	0	0	173	3	2	0	1	
74.4828	0.1	0.444828	-2	0	0	0	0	0	173	3	2	0	1	
74.4828	0.1	0.458621	-2	0	0	0	0	0	173	3	2	0	1	
74.4828	0.1	0.472414	-2	0	0	0	0	0	173	3	2	0	1	
74.4828	0.1	0.486207	-2	0	0	0	0	0	173	3	2	0	1	
74.4828	0.1	0.5	-2	0	0	0	0	0	173	3	2	0	1	
78.2759	0.1	0.1	1	162.489	40.8129	3.37715e-08	-2.47855e-05	1.55981e-06	173	3	2	0	1	
78.2759	0.1	0.113793	1	162.397	40.7373	-1.22083e-05	-8.84047e-06	-2.60277e-06	173	3	2	0	1	
78.2759	0.1	0.127586	1	162.3	40.6704	-8.26537e-06	2.48423e-05	-7.05888e-06	173	3	2	0	1	
78.2759	0.1	0.141379	1	162.198	40.6118	2.09638e-06	8.26494e-06	-2.42626e-06	173	3	2	0	1	
78.2759	0.1	0.155172	1	162.091	40.5684	-9.22346e-06	-1.00945e-06	5.03854e-06	173	3	2	0	1	
78.2759	0.1	0.168966	1	161.977	40.5398	-7.27622e-06	1.79962e-06	-2.51452e-06	173	3	2	0	1	
78.2759	0.1	0.182759	1	161.856	40.5277	1.16416e-05	1.52665e-05	1.18767e-05	173	3	2	0	1	
78.2759	0.1	0.196552	1	161.727	40.5264	4.421e-06	-4.4284e-06	3.15322e-05	173	3	2	0	1	
78.2759	0.1	0.210345	1	161.588	41.1746	1.46204e-05	2.54766e-05	-5.17808e-06	173	3	2	0	1	
78.2759	0.1	0.224138	1	161.424	40.7838	-8.70643e-06	2.69043e-05	6.18545e-06	173	3	2	0	1	
78.2759	0.1	0.237931	1	161.239	41.0538	9.68255e-06	-7.06471e-06	1.31724e-05	173	3	2	0	1	
78.2759	0.1	0.251724	1	160.094	61.4246	-4.79346e-05	-3.25588e-06	49.4426	173	3	2	0	1	
78.2759	0.1	0.265517	1	156.361	94.925	-3.45747e-05	-9.25632e-06	86.2537	173	3	2	0	1	
78.2759	0.1	0.27931	1	152.02	118.053	-5.17008e-06	2.6957e-05	111.288	173	3	2	0	1	
78.2759	0.1	0.293103	1	147.248	136.794	5.13559e-05	-3.43035e-05	131.775	173	3	2	0	1	
78.2759	0.1	0.306897	1	142.063	152.697	-3.21628e-05	-2.75536e-05	149.631	173	3	2	0	1	
78.2759	0.1	0.32069	1	136.428	166.931	2.69471e-05	7.84627e-07	165.727	173	3	2	0	1	
78.2759	0.1	0.334483	1	130.298	179.888	2.15739e-06	8.42764e-06	180.53	173	3	2	0	1	
78.2759	0.1	0.348276	1	123.592	191.798	1.38195e-05	-2.76288e-06	194.33	173	3	2	0	1	
78.2759	0.1	0.362069	1	116.18	-202.831	7.41586e-06	-3.05116e-06	207.358	173	3	2	0	1	
78.2759	0.1	0.375862	1	107.867	213.082	-3.96677e-05	-3.90235e-05	219.578	173	3	2	0	1	
78.2759	0.1	0.389655	1	98.3349	222.595	2.12725e-05	2.47677e-05	231.258	173	3	2	0	1	
78.2759	0.1	0.403448	1	86.9778	231.364	8.24638e-06	-3.43644e-06	242.409	173	3	2	0	1	
78.2759	0.1	0.417241	1	72.4191	-239.264	-4.11864e-05	-3.38945e-06	253.055	173	3	2	0	1	
78.2759	0.1	0.431034	1	49.1399	245.824	-1.82761e-05	-4.46768e-07	263.163	173	3	2	0	1	
78.2759	0.1	0.444828	-2	0	0	0	0	0	173	3	2	0	1	
78.2759	0.1	0.458621	-2	0	0	0	0	0	173	3	2	0	1	
78.2759	0.1	0.472414	-2	0	0	0	0	0	173	3	2	0	1	
78.2759	0.1	0.486207	-2	0	0	0	0	0	173	3	2	0	1	
78.2759	0.1	0.5	-2	0	0	0	0	0	173	3	2	0	1	
82.069	0.1	0.1	1	162.504	41.0271	-1.61209e-05	2.21333e-05	1.44672e-06	173	3	2	0	1	
82.069	0.1	0.113793	1	162.414	41.0058	3.31246e-06	2.32716e-05	-1.58593e-06	173	3	2	0	1	
82.069	0.1	0.127586	1	162.33	40.6447	-8.71539e-06	-1.58751e-06	-1.01498e-05	173	3	2	0	1	
82.069	0.1	0.141379	1	162.233	40.5802	-1.23541e-06	1.6852e-05	-2.00761e-06	173	3	2	0	1	
82.069	0.1	0.155172	1	162.132	40.5244	1.18226e-05	-1.24557e-06	-1.37248e-05	173	3	2	0	1	
82.069	0.1	0.168966	1	162.026	40.4809	5.39651e-06	-2.18941e-05	-1.31857e-05	173	3	2	0	1	
82.069	0.1	0.182759	1	161.913	40.453	-4.64659e-06	-1.59447e-05	8.61018e-06	173	3	2	0	1	
82.069	0.1	0.196552	1	161.794	40.4409	-1.33184e-05	1.21262e-05	1.28635e-05	173	3	2	0	1	
82.069	0.1	0.210345	1	161.667	40.444	1.56524e-06	7.12992e-06	-1.56307e-05	173	3	2	0	1	
82.069	0.1	0.224138	1	161.535	40.3915	1.08502e-05	6.01538e-06	-1.0248e-05	173	3	2	0	1	
82.069	0.1	0.237931	1	161.379	40.6791	1.2681e-05	7.11582e-06	1.38448e-05	173	3	2	0	1	
82.069	0.1	0.251724	1	161.203	40.8652	-1.0618e-05	2.46467e-05	1.59711e-05	173	3	2	0	1	
82.069	0.1	0.265517	1	161	41.2684	-3.31274e-05	-9.06513e-06	-7.5728e-05	173	3	2	0	1	
82.069	0.1	0.27931	1	158.536	77.2083	-2.26348e-05	6.13303e-06	67.2568	173	3	2	0	1	
82.069	0.1	0.293103	1	154.458	105.442	-8.57399e-06	-7.85143e-06	97.7625	173	3	2	0	1	
82.069	0.1	0.306897	1	149.888	126.575	1.8571e-05	-1.00291e-05	120.812	173	3	2	0	1	
82.069	0.1	0.32069	1	144.893	144.217	-1.88245e-05	9.71308e-06	140.257	173	3	2	0	1	
82.069	0.1	0.334483	1	139.467	159.355	-1.48776e-06	-5.35712e-06	157.461	173	3	2	0	1	
82.069	0.1	0.348276	1	133.556	173.125	6.52046e-06	-3.43509e-06	173.103	173	3	2	0	1	
82.069	0.1	0.362069	1	127.1	185.716	-8.68524e-06	4.05169e-06	187.566	173	3	2	0	1	
82.069	0.1	0.375862	1	120.008	197.307	-2.44602e-05	6.53649e-06	201.104	173	3	2	0	1	
82.069	0.1	0.389655	1	112.107	208.058	-5.24076e-06	-6.91743e-06	213.804	173	3	2	0	1	
82.069	0.1	0.403448	1	103.153	218.032	6.54115e-06	-1.64261e-05	225.864	173	3	2	0	1	
82.069	0.1	0.417241	1	92.6988	227.254	2.6938e-06	2.64764e-06	237.347	173	3	2	0	1	
82.069	0.1	0.431034	1	79.8316	-235.667	-1.99452e-05	4.61465e-05	248.293	173	3	2	0	1	
82.069	0.1	0.444828	1	61.9428	-243.026	1.79466e-05	-2.49586e-05	258.701	173	3	2	0	1	
82.069	0.1	0.458621	-2	0	0	0	0	0	173	3	2	0	1	
82.069	0.1	0.472414	-2	0	0	0	0	0	173	3	2	0	1	
82.069	0.1	0.486207	-2	0	0	0	0	0	173	3	2	0	1	
82.069	0.1	0.5	-2	0	0	0	0	0	173	3	2	0	1	
85.8621	0.1	0.1	1	162.526	40.9392	-1.09407e-05	8.97563e-06	1.38808e-05	173	3	2	0	1	
85.8621	0.1	0.113793	1	162.44	40.8996	1.44645e-06	2.81738e-05	9.21139e-07	173	3	2	0	1	
85.8621	0.1	0.127586	1	162.351	40.8757	4.92473e-06	4.22794e-06	-1.44753e-05	173	3	2	0	1	
85.8621	0.1	0.141379	1	162.266	40.5508	-1.13564e-07	-1.52582e-05	-2.63926e-06	173	3	2	0	1	
85.8621	0.1	0.155172	1	162.171	40.4883	-9.64805e-07	-1.57055e-05	-1.00793e-05	173	3	2	0	1	
85.8621	0.1	0.168966	1	162.07	40.4349	2.11882e-06	3.13561e-05	4.25293e-06	173	3	2	0	1	
85.8621	0.1	0.182759	1	161.965	40.3906	7.11305e-06	-8.77652e-06	-1.72563e-05	173	3	2	0	1	
85.8621	0.1	0.196552	1	161.854	40.3626	1.07275e-06	-1.63452e-05	2.24593e-07	173	3	2	0	1	
85.8621	0.1	0.210345	1	161.737	40.3497	-5.98633e-06	-4.65931e-07	-1.94149e-06	173	3	2	0	1	
85.8621	0.1	0.224138	1	161.613	40.3527	-1.0855e-05	7.0637e-06	-1.68123e-05	173	3	2	0	1	
85.8621	0.1	0.237931	1	161.481	40.36	8.66019e-06	-8.94836e-06	-8.17698e-06	173	3	2	0	1	
85.8621	0.1	0.251724	3	161.343	40.2807	-1.92716e-05	1.16435e-06	1.36115e-05	173	3	2	0	1	
85.8621	0.1	0.265517	1	161.172	40.7036	1.50014e-05	-9.98059e-06	-3.19549e-05	173	3	2	0	1	
85.8621	0.1	0.27931	1	160.985	40.9811	2.88042e-06	-2.47685e-05	3.07823e-05	173	3	2	0	1	
85.8621	0.1	0.293103	1	160.538	48.3839	-4.30231e-05	-8.35087e-06	32.7426	173	3	2	0	1	
85.8621	0.1	0.306897	1	157.081	88.0472	1.34259e-05	4.64844e-06	79.3696	173	3	2	0	1	
85.8621	0.1	0.32069	1	152.779	113.409	-2.63692e-05	-1.70626e-05	106.69	173	3	2	0	1	
85.8621	0.1	0.334483	1	148.009	133.288	3.42543e-06	-3.2967e-06	128.531	173	3	2	0	1	
85.8621	0.1	0.348276	1	142.805	150.07	1.74473e-05	-4.79437e-06	147.296	173	3	2	0	1	
85.8621	0.1	0.362069	1	137.136	164.888	-4.7395e-05	8.52969e-06	164.062	173	3	2	0	1	
85.8621	0.1	0.375862	1	130.96	178.319	9.06899e-06	-6.84907e-06	179.385	173	3	2	0	1	
85.8621	0.1	0.389655	1	124.193	190.624	1.71289e-05	-2.0001e-05	193.606	173	3	2	0	1	
85.8621	0.1	0.403448	1	116.708	201.985	-4.0292e-06	1.77179e-05	206.887	173	3	2	0	1	
85.8621	0.1	0.417241	1	108.316	212.505	-2.67994e-06	-7.30803e-06	219.419	173	3	2	0	1	
85.8621	0.1	0.431034	1	98.6853	222.247	-1.07391e-05	-1.53499e-05	231.312	173	3	2	0	1	
85.8621	0.1	0.444828	1	87.2023	-231.205	3.60311e-05	5.12757e-06	242.622	173	3	2	0	1	
85.8621	0.1	0.458621	1	72.4658	-239.25	7.80269e-06	2.39198e-05	253.373	173	3	2	0	1	
85.8621	0.1	0.472414	1	48.7561	245.892	1.75904e-05	1.90168e-05	263.516	173	3	2	0	1	
85.8621	0.1	0.486207	-2	0	0	0	0	0	173	3	2	0	1	
85.8621	0.1	0.5	-2	0	0	0	0	0	173	3	2	0	1	
89.6552	0.1	0.1	1	162.547	40.8593	9.6993e-06	-1.73824e-06	9.33416e-06	173	3	2	0	1	
89.6552	0.1	0.113793	1	162.465	40.8099	-8.54998e-06	2.07827e-05	-1.72597e-06	173	3	2	0	1	
89.6552	0.1	0.127586	1	162.38	40.7711	2.75039e-06	1.29156e-05	-4.43947e-07	173	3	2	0	1	
89.6552	0.1	0.141379	1	162.292	40.7425	-2.34322e-06	-2.16104e-07	-2.62829e-06	173	3	2	0	1	
89.6552	0.1	0.155172	1	162.2	40.7318	-4.98848e-06	1.33996e-05	-1.49415e-06	173	3	2	0	1	
89.6552	0.1	0.168966	1	162.112	40.3943	1.03121e-06	-3.99057e-06	-6.90684e-06	173	3	2	0	1	
89.6552	0.1	0.182759	1	162.013	40.3421	-1.83402e-06	-6.67297e-06	1.06194e-05	173	3	2	0	1	
89.6552	0.1	0.196552	1	161.909	40.2992	3.41156e-08	-1.32552e-05	-8.36997e-06	173	3	2	0	1	
89.6552	0.1	0.210345	1	161.8	40.2688	3.78406e-06	2.92176e-05	8.86679e-06	173	3	2	0	1	
89.6552	0.1	0.224138	1	161.685	40.2543	1.90038e-06	1.45064e-05	1.11167e-05	173	3	2	0	1	
89.6552	0.1	0.237931	1	161.564	40.2556	-4.76048e-07	2.23435e-05	1.64817e-05	173	3	2	0	1	
89.6552	0.1	0.251724	1	161.435	40.27	5.02262e-06	6.60872e-06	8.8142e-06	173	3	2	0	1	
89.6552	0.1	0.265517	1	161.301	40.2153	5.51726e-06	-1.72205e-05	1.75595e-06	173	3	2	0	1	
89.6552	0.1	0.27931	1	161.146	40.684	1.90453e-05	-2.6324e-05	-1.99098e-05	173	3	2	0	1	
89.6552	0.1	0.293103	1	160.97	40.7557	-1.23457e-08	-4.15542e-06	-1.75774e-05	173	3	2	0	1	
89.6552	0.1	0.306897	1	160.771	41.1176	-1.16308e-06	-1.51543e-05	-4.66974e-05	173	3	2	0	1	
89.6552	0.1	0.32069	1	159.66	61.0927	4.46032e-07	1.09372e-05	49.2528	173	3	2	0	1	
89.6552	0.1	0.334483	1	155.832	95.7281	-2.3954e-05	2.63125e-06	87.748	173	3	2	0	1	
89.6552	0.1	0.348276	1	151.347	119.515	-2.82144e-05	-2.25555e-05	113.61	173	3	2	0	1	
89.6552	0.1	0.362069	1	146.397	138.589	-3.02978e-05	-1.30268e-05	134.716	173	3	2	0	1	
89.6552	0.1	0.375862	1	140.999	154.847	-9.77842e-06	6.03036e-06	153.054	173	3	2	0	1	
89.6552	0.1	0.389655	1	135.112	169.383	3.21126e-06	1.86767e-05	169.533	173	3	2	0	1	
89.6552	0.1	0.403448	1	128.677	182.595	2.03583e-05	5.93868e-06	184.649	173	3	2	0	1	
89.6552	0.1	0.417241	1	121.612	194.698	5.33888e-07	-8.57093e-06	198.677	173	3	2	0	1	
89.6552	0.1	0.431034	1	113.757	205.876	-4.00468e-06	-1.50255e-05	211.792	173	3	2	0	1	
89.6552	0.1	0.444828	1	104.874	216.22	1.40717e-05	-8.27335e-06	224.192	173	3	2	0	1	
89.6552	0.1	0.458621	1	94.5486	-225.768	-2.52516e-06	-1.07869e-05	235.946	173	3	2	0	1	
89.6552	0.1	0.472414	1	81.9513	234.478	4.44468e-05	-7.81819e-06	247.104	173	3	2	0	1	
89.6552	0.1	0.486207	1	64.8431	242.14	-1.55043e-06	2.64836e-05	257.67	173	3	2	0	1	
89.6552	0.1	0.5	1	15.9959	247.467	2.14538e-05	-9.72014e-06	267.363	173	3	2	0	1	
93.4483	0.1	0.1	1	162.566	40.8023	-3.0072e-06	-8.83816e-06	-4.16196e-06	173	3	2	0	1	
93.4483	0.1	0.113793	1	162.488	40.7345	-5.85393e-07	2.41436e-05	7.39196e-06	173	3	2	0	1	
93.4483	0.1	0.127586	1	162.408	40.6796	3.29897e-06	-1.90527e-06	6.38607e-06	173	3	2	0	1	
93.4483	0.1	0.141379	1	162.323	40.6399	8.69644e-07	2.55652e-05	-5.36935e-08	173	3	2	0	1	
93.4483	0.1	0.155172	1	162.236	40.6086	-6.01568e-06	1.02171e-05	6.06608e-07	173	3	2	0	1	
93.4483	0.1	0.168966	1	162.145	40.5923	2.62654e-07	1.3223e-05	-1.02832e-05	173	3	2	0	1	
93.4483	0.1	0.182759	1	162.058	40.2981	-7.10147e-06	-5.89051e-07	-1.00596e-06	173	3	2	0	1	
93.4483	0.1	0.196552	1	161.96	40.2466	-1.03793e-06	1.73708e-05	-7.09141e-06	173	3	2	0	1	
93.4483	0.1	0.210345	1	161.858	40.2046	-2.38354e-06	-2.98311e-05	-7.98031e-06	173	3	2	0	1	
93.4483	0.1	0.224138	1	161.751	40.1719	1.55095e-06	-9.17567e-06	1.16846e-05	173	3	2	0	1	
93.4483	0.1	0.237931	1	161.638	40.155	-3.73236e-06	2.50067e-05	1.19674e-05	173	3	2	0	1	
93.4483	0.1	0.251724	1	161.519	40.1533	1.43763e-05	-1.55991e-05	-1.38232e-05	173	3	2	0	1	
93.4483	0.1	0.265517	1	161.394	40.1667	-7.10307e-07	-1.50852e-05	-1.22261e-05	173	3	2	0	1	
93.4483	0.1	0.27931	1	161.262	40.1859	-5.0774e-06	1.46429e-05	-2.1048e-05	173	3	2	0	1	
93.4483	0.1	0.293103	1	161.13	39.9848	-6.53531e-06	4.76252e-07	-4.30096e-06	173	3	2	0	1	
93.4483	0.1	0.306897	1	160.958	40.6035	1.89322e-05	6.21121e-06	1.33617e-05	173	3	2	0	1	
93.4483	0.1	0.32069	1	160.774	40.8178	6.4033e-06	6.51518e-06	9.09434e-06	173	3	2	0	1	
93.4483	0.1	0.334483	1	160.566	41.2571	1.51351e-05	2.7428e-06	-9.06758e-06	173	3	2	0	1	
93.4483	0.1	0.348276	1	158.879	69.0362	-5.39602e-06	-1.35639e-06	58.5602	173	3	2	0	1	
93.4483	0.1	0.362069	1	154.835	101.053	-8.17716e-06	-9.52541e-06	93.7846	173	3	2	0	1	
93.4483	0.1	0.375862	1	150.197	123.866	-3.63309e-05	-8.52341e-06	118.813	173	3	2	0	1	
93.4483	0.1	0.389655	1	145.092	142.894	9.69424e-06	-7.03686e-06	139.515	173	3	2	0	1	
93.4483	0.1	0.403448	1	139.516	158.54	-1.04087e-05	1.07229e-05	157.618	173	3	2	0	1	
93.4483	0.1	0.417241	1	133.431	172.91	2.21043e-06	2.68027e-05	173.937	173	3	2	0	1	
93.4483	0.1	0.431034	1	126.768	185.976	-6.36084e-06	-1.65815e-05	188.961	173	3	2	0	1	
93.4483	0.1	0.444828	1	119.419	197.965	-6.93586e-06	1.70604e-07	202.809	173	3	2	0	1	
93.4483	0.1	0.458621	1	111.212	209.023	-4.77675e-07	-4.41778e-07	215.843	173	3	2	0	1	
93.4483	0.1	0.472414	1	101.853	-219.244	-4.11276e-05	5.66429e-06	228.147	173	3	2	0	1	
93.4483	0.1	0.486207	1	90.8434	228.631	-3.92188e-06	-1.22085e-05	239.791	173	3	2	0	1	
93.4483	0.1	0.5	1	77.0576	237.119	6.89836e-06	-7.73723e-06	250.817	173	3	2	0	1	
97.2414	0.1	0.1	1	162.585	40.7641	-1.67733e-07	1.76177e-05	2.2769e-06	173	3	2	0	1	
97.2414	0.1	0.113793	1	162.51	40.6808	-4.41881e-07	3.10298e-05	-1.99357e-06	173	3	2	0	1	
97.2414	0.1	0.127586	1	162.433	40.6103	3.1659e-06	-2.47744e-05	-1.36676e-05	173	3	2	0	1	
97.2414	0.1	0.141379	1	162.354	40.55	1.57739e-07	1.06051e-05	1.2965e-05	173	3	2	0	1	
97.2414	0.1	0.155172	1	162.27	40.5059	1.29451e-05	-3.37822e-05	-3.48092e-08	173	3	2	0	1	
97.2414	0.1	0.168966	1	162.184	40.4737	5.3321e-06	2.08449e-05	3.30893e-07	173	3	2	0	1	
97.2414	0.1	0.182759	1	162.094	40.4513	1.78508e-06	1.68562e-05	-9.7523e-06	173	3	2	0	1	
97.2414	0.1	0.196552	1	162.001	40.4464	7.64413e-07	1.22923e-05	-9.45748e-06	173	3	2	0	1	
97.2414	0.1	0.210345	1	161.911	40.1485	6.85441e-06	-9.15884e-06	-1.04625e-05	173	3	2	0	1	
97.2414	0.1	0.224138	1	161.811	40.1062	-8.46503e-06	-2.72279e-05	-2.32994e-06	173	3	2	0	1	
97.2414	0.1	0.237931	1	161.706	40.074	6.86796e-06	1.65676e-05	-1.14408e-06	173	3	2	0	1	
97.2414	0.1	0.251724	1	161.596	40.0522	8.30913e-07	1.53225e-05	-1.01279e-07	173	3	2	0	1	
97.2414	0.1	0.265517	1	161.48	40.0469	2.1778e-06	-1.79083e-05	-9.58199e-06	173	3	2	0	1	
97.2414	0.1	0.27931	1	161.358	40.0567	1.54169e-05	-8.12138e-06	5.13596e-06	173	3	2	0	1	
97.2414	0.1	0.293103	1	161.229	40.0801	-6.78139e-06	9.88121e-07	-5.1069e-06	173	3	2	0	1	
97.2414	0.1	0.306897	1	161.094	40.0934	3.80173e-06	6.62047e-06	8.48448e-06	173	3	2	0	1	
97.2414	0.1	0.32069	3	160.959	40.2824	-7.75505e-07	-9.3705e-06	1.19498e-05	173	3	2	0	1	
97.2414	0.1	0.334483	1	160.777	40.6004	-9.73936e-08	-1.40489e-05	1.39797e-05	173	3	2	0	1	
97.2414	0.1	0.348276	1	160.587	40.8783	-9.67023e-06	9.20015e-06	3.36285e-05	173	3	2	0	1	
97.2414	0.1	0.362069	1	160.371	41.3813	-7.97978e-05	1.38761e-05	1.88274e-06	173	3	2	0	1	
97.2414	0.1	0.375862	1	158.316	73.4484	3.279e-06	3.18963e-06	63.8115	173	3	2	0	1	
97.2414	0.1	0.389655	1	154.123	104.42	-1.54502e-05	-4.29909e-06	97.7482	173	3	2	0	1	
97.2414	0.1	0.403448	1	149.358	126.796	4.70733e-06	-4.35861e-06	122.451	173	3	2	0	1	
97.2414	0.1	0.417241	1	144.119	145.306	4.10919e-05	8.83085e-06	143.012	173	3	2	0	1	
97.2414	0.1	0.431034	1	138.388	161.198	-1.1571e-06	-1.18836e-05	161.041	173	3	2	0	1	
97.2414	0.1	0.444828	1	132.127	175.511	2.81485e-05	1.00322e-05	177.316	173	3	2	0	1	
97.2414	0.1	0.458621	1	125.257	188.527	-1.47492e-06	-1.27825e-05	192.23	173	3	2	0	1	
97.2414	0.1	0.472414	1	117.662	200.457	1.97457e-06	-5.83555e-06	206.067	173	3	2	0	1	
97.2414	0.1	0.486207	1	109.137	211.454	1.5962e-05	-4.65455e-06	219.056	173	3	2	0	1	
97.2414	0.1	0.5	1	99.3526	221.59	-5.11302e-05	-1.04774e-06	231.297	173	3	2	0	1	
101.034	0.1	0.1	1	162.602	40.735	-1.06309e-05	-1.35358e-05	-6.06833e-06	173	3	2	0	1	
101.034	0.1	0.113793	1	162.531	40.6458	-3.12609e-06	1.95017e-05	-1.33344e-05	173	3	2	0	1	
101.034	0.1	0.127586	1	162.458	40.5627	1.40613e-07	-1.47627e-05	-9.50302e-06	173	3	2	0	1	
101.034	0.1	0.141379	1	162.382	40.4868	1.04177e-06	3.8662e-05	-1.25412e-05	173	3	2	0	1	
101.034	0.1	0.155172	1	162.303	40.424	1.00704e-06	2.43168e-05	-1.05135e-05	173	3	2	0	1	
101.034	0.1	0.168966	1	162.221	40.372	-3.04804e-06	-1.81957e-05	-4.81233e-06	173	3	2	0	1	
101.034	0.1	0.182759	1	162.136	40.3368	1.09078e-06	-1.41936e-05	-6.78534e-06	173	3	2	0	1	
101.034	0.1	0.196552	1	162.048	40.3112	4.59699e-07	-8.03424e-06	-9.0112e-06	173	3	2	0	1	
101.034	0.1	0.210345	1	161.956	40.2978	-2.14381e-06	2.59416e-05	8.50396e-08	173	3	2	0	1	
101.034	0.1	0.224138	1	161.86	40.3029	-1.31004e-05	2.82261e-05	3.43368e-06	173	3	2	0	1	
101.034	0.1	0.237931	1	161.768	40.0047	5.36352e-06	3.97448e-06	1.71097e-05	173	3	2	0	1	
101.034	0.1	0.251724	1	161.665	39.9716	-1.77028e-06	-3.09846e-05	-6.24137e-06	173	3	2	0	1	
101.034	0.1	0.265517	1	161.558	39.9482	9.88642e-06	1.8076e-05	-9.23105e-06	173	3	2	0	1	
101.034	0.1	0.27931	1	161.445	39.9371	3.19328e-08	-2.38427e-05	-6.31435e-06	173	3	2	0	1	
101.034	0.1	0.293103	1	161.326	39.9422	-1.81195e-06	-7.8733e-06	1.0571e-05	173	3	2	0	1	
101.034	0.1	0.306897	1	161.202	39.9621	-3.13484e-06	-8.40121e-06	-7.94771e-06	173	3	2	0	1	
101.034	0.1	0.32069	1	161.07	39.9921	-1.07469e-05	1.08054e-05	-1.52983e-06	173	3	2	0	1	
101.034	0.1	0.334483	1	160.934	39.9824	5.69307e-06	1.28283e-05	-5.77861e-06	173	3	2	0	1	
101.034	0.1	0.348276	3	160.792	40.2564	-2.24819e-05	-9.43131e-07	3.34305e-05	173	3	2	0	1	
101.034	0.1	0.362069	1	160.606	40.6142	6.20152e-06	-2.12785e-06	1.84149e-05	173	3	2	0	1	
101.034	0.1	0.375862	1	160.41	40.9262	-2.75827e-05	6.29549e-06	2.19554e-05	173	3	2	0	1	
101.034	0.1	0.389655	1	160.19	41.474	-2.73543e-05	1.34226e-05	-2.88252e-05	173	3	2	0	1	
101.034	0.1	0.403448	1	157.996	75.1047	-2.6067e-05	-1.1082e-05	65.8514	173	3	2	0	1	
101.034	0.1	0.417241	1	153.724	105.894	-2.8023e-05	2.1317e-05	99.7757	173	3	2	0	1	
101.034	0.1	0.431034	1	148.858	128.295	1.20645e-05	9.25333e-06	124.583	173	3	2	0	1	
101.034	0.1	0.444828	1	143.507	146.839	2.00343e-06	-4.24259e-06	145.236	173	3	2	0	1	
101.034	0.1	0.458621	1	137.642	162.842	-4.97926e-06	1.45261e-05	163.344	173	3	2	0	1	
101.034	0.1	0.472414	1	131.233	177.205	-7.13739e-06	-1.74246e-05	179.703	173	3	2	0	1	
101.034	0.1	0.486207	1	124.192	190.248	7.30627e-06	-1.81015e-05	194.585	173	3	2	0	1	
101.034	0.1	0.5	1	116.387	202.192	2.317e-05	-3.2784e-06	208.451	173	3	2	0	1	
104.828	0.1	0.1	1	162.619	40.7188	-5.61601e-06	-2.29166e-05	-7.5595e-06	173	3	2	0	1	
104.828	0.1	0.113793	1	162.551	40.6195	1.60168e-06	3.54407e-05	-1.06171e-05	173	3	2	0	1	
104.828	0.1	0.127586	1	162.481	40.5281	1.18734e-06	-2.41837e-05	-2.94015e-07	173	3	2	0	1	
104.828	0.1	0.141379	1	162.408	40.4446	5.76808e-06	8.82574e-06	4.32211e-07	173	3	2	0	1	
104.828	0.1	0.155172	1	162.333	40.3671	1.26243e-05	-3.45831e-05	-3.82952e-07	173	3	2	0	1	
104.828	0.1	0.168966	1	162.256	40.2986	-2.05948e-06	-1.6197e-06	1.07215e-05	173	3	2	0	1	
104.828	0.1	0.182759	1	162.175	40.2426	-1.77958e-06	3.11509e-05	-2.77507e-06	173	3	2	0	1	
104.828	0.1	0.196552	1	162.092	40.1985	2.31541e-06	1.53691e-06	-1.62986e-06	173	3	2	0	1	
104.828	0.1	0.210345	1	162.005	40.1698	-5.20376e-06	7.81193e-06	-1.10729e-05	173	3	2	0	1	
104.828	0.1	0.224138	1	161.915	40.1514	-1.2296e-06	2.34225e-05	-5.92971e-06	173	3	2	0	1	
104.828	0.1	0.237931	1	161.821	40.1469	3.46169e-06	-1.34673e-05	-7.95014e-07	173	3	2	0	1	
104.828	0.1	0.251724	1	161.723	40.1652	-9.4748e-06	1.15388e-05	-2.10259e-05	173	3	2	0	1	
104.828	0.1	0.265517	1	161.629	39.8656	-2.90716e-06	1.57916e-05	-1.72455e-06	173	3	2	0	1	
104.828	0.1	0.27931	1	161.524	39.8407	-7.86611e-06	-2.27074e-05	1.56685e-05	173	3	2	0	1	
104.828	0.1	0.293103	1	161.414	39.8257	9.24004e-06	8.29052e-07	-2.0663e-07	173	3	2	0	1	
104.828	0.1	0.306897	1	161.299	39.8244	-1.9669e-06	8.09379e-06	-1.37966e-05	173	3	2	0	1	
104.828	0.1	0.32069	1	161.179	39.8387	6.73213e-06	1.06623e-05	-1.4123e-05	173	3	2	0	1	
104.828	0.1	0.334483	1	161.052	39.8668	1.01298e-05	-2.43454e-05	-1.60308e-05	173	3	2	0	1	
104.828	0.1	0.348276	1	160.918	39.9009	6.29841e-06	-1.56071e-05	9.39082e-06	173	3	2	0	1	
104.828	0.1	0.362069	1	160.781	39.8699	-2.20366e-07	2.14431e-05	1.45922e-05	173	3	2	0	1	
104.828	0.1	0.375862	3	160.634	40.5811	2.4594e-06	-7.82516e-06	-1.09426e-05	173	3	2	0	1	
104.828	0.1	0.389655	1	160.444	40.6199	-8.18069e-06	9.27107e-07	-2.37839e-06	173	3	2	0	1	
104.828	0.1	0.403448	1	160.245	40.9538	2.72843e-06	-1.19835e-05	1.97068e-05	173	3	2	0	1	
104.828	0.1	0.417241	1	160.022	41.5253	1.35995e-05	1.4178e-05	-1.78237e-05	173	3	2	0	1	
104.828	0.1	0.431034	1	157.959	73.8584	1.09076e-05	2.10496e-05	64.7385	173	3	2	0	1	
104.828	0.1	0.444828	1	153.636	105.62	-2.43477e-05	2.4481e-05	99.8815	173	3	2	0	1	
104.828	0.1	0.458621	1	148.699	128.329	-3.42772e-06	-6.24355e-06	125.211	173	3	2	0	1	
104.828	0.1	0.472414	1	143.262	147.271	9.86718e-06	8.36278e-06	146.191	173	3	2	0	1	
104.828	0.1	0.486207	1	137.296	163.485	6.60379e-06	8.69031e-06	164.526	173	3	2	0	1	
104.828	0.1	0.5	1	130.776	-177.991	1.38908e-05	5.8762e-06	181.005	173	3	2	0	1	
108.621	0.1	0.1	1	162.636	40.7065	5.37588e-06	-2.06279e-05	-1.31756e-07	173	3	2	0	1	
108.621	0.1	0.113793	1	162.57	40.6047	5.91914e-06	-1.96666e-05	-1.01194e-05	173	3	2	0	1	
108.621	0.1	0.127586	1	162.503	40.5067	7.06682e-06	1.14612e-05	3.62827e-06	173	3	2	0	1	
108.621	0.1	0.141379	1	162.434	40.4129	3.46228e-07	-1.941e-05	-2.07081e-06	173	3	2	0	1	
108.621	0.1	0.155172	1	162.362	40.3267	6.70416e-06	3.26164e-06	-1.10701e-06	173	3	2	0	1	
108.621	0.1	0.168966	1	162.288	40.2485	4.72218e-06	1.76561e-05	1.52779e-06	173	3	2	0	1	
108.621	0.1	0.182759	1	162.212	40.1767	-6.20389e-06	3.39963e-06	-1.81621e-06	173	3	2	0	1	
108.621	0.1	0.196552	1	162.133	40.1148	-5.43959e-06	2.51527e-06	-3.55192e-06	173	3	2	0	1	
108.621	0.1	0.210345	1	162.051	40.0642	1.5857e-06	-1.3201e-05	-2.50662e-06	173	3	2	0	1	
108.621	0.1	0.224138	1	161.966	40.0274	4.76469e-06	2.62755e-05	-3.87526e-06	173	3	2	0	1	
108.621	0.1	0.237931	1	161.877	40.0052	-5.43929e-06	-4.21925e-05	1.0526e-05	173	3	2	0	1	
108.621	0.1	0.251724	1	161.785	39.9929	-6.55056e-07	-1.78798e-05	2.99564e-06	173	3	2	0	1	
108.621	0.1	0.265517	1	161.69	39.9959	-2.92187e-06	3.48369e-05	-1.45655e-06	173	3	2	0	1	
108.621	0.1	0.27931	1	161.59	40.0338	3.6166e-06	-1.72596e-05	-5.24929e-06	173	3	2	0	1	
108.621	0.1	0.293103	1	161.495	39.7292	6.90732e-07	6.04484e-06	-4.16244e-06	173	3	2	0	1	
108.621	0.1	0.306897	1	161.388	39.7119	-4.64828e-06	2.64455e-05	5.56713e-06	173	3	2	0	1	
108.621	0.1	0.32069	1	161.276	39.7047	-2.63978e-06	1.84946e-05	-5.88636e-07	173	3	2	0	1	
108.621	0.1	0.334483	1	161.16	39.7119	-8.17104e-06	1.10667e-05	8.25498e-06	173	3	2	0	1	
108.621	0.1	0.348276	1	161.037	39.7341	6.49124e-06	-1.71433e-05	1.69423e-06	173	3	2	0	1	
108.621	0.1	0.362069	1	160.908	39.769	3.81962e-06	-2.14178e-05	-3.87338e-06	173	3	2	0	1	
108.621	0.1	0.375862	1	160.774	39.8057	7.55607e-06	-1.62793e-05	-1.18872e-05	173	3	2	0	1	
108.621	0.1	0.389655	1	160.637	39.7457	-2.42757e-06	-1.56052e-05	1.16213e-05	173	3	2	0	1	
108.621	0.1	0.403448	3	160.488	40.4847	-1.06399e-05	5.27351e-06	6.19348e-06	173	3	2	0	1	
108.621	0.1	0.417241	1	160.294	40.6178	3.9539e-06	5.58863e-06	-6.46757e-06	173	3	2	0	1	
108.621	0.1	0.431034	1	160.093	40.9565	-6.1837e-06	5.7466e-06	1.95555e-05	173	3	2	0	1	
108.621	0.1	0.444828	1	159.869	41.5315	-6.60171e-06	9.468e-06	-2.82719e-05	173	3	2	0	1	
108.621	0.1	0.458621	1	158.199	69.4113	7.35452e-06	9.32538e-06	59.9774	173	3	2	0	1	
108.621	0.1	0.472414	1	153.89	103.394	4.01817e-05	-2.14727e-06	97.9125	173	3	2	0	1	
108.621	0.1	0.486207	1	148.913	127.121	1.71044e-05	6.84221e-06	124.247	173	3	2	0	1	
108.621	0.1	0.5	1	143.419	146.494	-8.95665e-06	1.33576e-05	145.816	173	3	2	0	1	
112.414	0.1	0.1	1	162.651	40.6947	-7.80183e-06	-1.39379e-05	-1.15039e-05	173	3	2	0	1	
112.414	0.1	0.113793	1	162.589	40.5905	-1.27463e-05	-1.41652e-05	-1.54221e-06	173	3	2	0	1	
112.414	0.1	0.127586	1	162.524	40.49	-2.77839e-06	-1.52755e-05	-1.70696e-06	173	3	2	0	1	
112.414	0.1	0.141379	1	162.458	40.3933	2.28607e-06	-2.42336e-05	2.04542e-06	173	3	2	0	1	
112.414	0.1	0.155172	1	162.39	40.3004	-5.00104e-06	3.1776e-05	-6.49301e-06	173	3	2	0	1	
112.414	0.1	0.168966	1	162.319	40.2117	-7.10662e-06	3.34828e-05	-5.61794e-06	173	3	2	0	1	
112.414	0.1	0.182759	1	162.246	40.1303	1.29982e-05	3.37781e-05	1.34975e-06	173	3	2	0	1	
112.414	0.1	0.196552	1	162.171	40.057	-4.14823e-06	-2.48608e-05	-2.039e-06	173	3	2	0	1	
112.414	0.1	0.210345	1	162.094	39.9901	2.43899e-06	-8.06333e-06	6.45216e-06	173	3	2	0	1	
112.414	0.1	0.224138	1	162.013	39.9339	1.53057e-07	-1.24469e-05	-2.35608e-06	173	3	2	0	1	
112.414	0.1	0.237931	1	161.93	39.8889	-3.08812e-06	1.70695e-05	-1.70527e-07	173	3	2	0	1	
112.414	0.1	0.251724	1	161.844	39.8575	1.29032e-05	1.6139e-05	2.97179e-06	173	3	2	0	1	
112.414	0.1	0.265517	1	161.754	39.8407	-7.76763e-06	-1.36653e-05	6.978e-08	173	3	2	0	1	
112.414	0.1	0.27931	1	161.661	39.8342	-7.04832e-06	-6.67704e-06	-8.22778e-06	173	3	2	0	1	
112.414	0.1	0.293103	1	161.564	39.8433	-2.05299e-06	2.94812e-06	1.08316e-05	173	3	2	0	1	
112.414	0.1	0.306897	1	161.462	39.8963	-9.55953e-06	9.76279e-06	1.33022e-05	173	3	2	0	1	
112.414	0.1	0.32069	1	161.366	39.5944	3.25847e-06	2.33701e-05	4.05639e-06	173	3	2	0	1	
112.414	0.1	0.334483	1	161.257	39.5841	-1.67389e-06	-7.31511e-06	-4.18688e-06	173	3	2	0	1	
112.414	0.1	0.348276	1	161.144	39.584	3.92398e-06	1.01294e-05	1.22811e-05	173	3	2	0	1	
112.414	0.1	0.362069	1	161.026	39.5981	-4.13399e-06	-8.19936e-06	-1.235e-05	173	3	2	0	1	
112.414	0.1	0.375862	1	160.902	39.6269	1.08882e-05	1.38906e-05	1.40071e-05	173	3	2	0	1	
112.414	0.1	0.389655	1	160.772	39.6674	5.00714e-06	-1.25904e-05	1.02695e-05	173	3	2	0	1	
112.414	0.1	0.403448	1	160.637	39.7063	-9.82369e-06	6.05284e-06	-1.0877e-05	173	3	2	0	1	
112.414	0.1	0.417241	1	160.499	39.6395	4.15313e-07	-1.89223e-05	-2.67716e-05	173	3	2	0	1	
112.414	0.1	0.431034	1	160.353	40.4842	3.64565e-06	1.22653e-05	-2.22854e-05	173	3	2	0	1	
112.414	0.1	0.444828	1	160.155	40.6101	3.82622e-06	-1.427e-05	1.40972e-05	173	3	2	0	1	
112.414	0.1	0.458621	1	159.953	40.9332	-3.65412e-06	-7.82097e-06	-1.32396e-07	173	3	2	0	1	
112.414	0.1	0.472414	1	159.73	41.4937	-1.13299e-07	1.57766e-05	3.39964e-05	173	3	2	0	1	
112.414	0.1	0.486207	1	158.686	60.7034	7.29212e-06	6.13979e-06	49.9672	173	3	2	0	1	
112.414	0.1	0.5	1	154.485	99.0666	-1.85673e-05	-9.03901e-06	93.572	173	3	2	0	1	
116.207	0.1	0.1	1	162.667	40.6832	5.65092e-06	2.83305e-05	9.21776e-07	173	3	2	0	1	
116.207	0.1	0.113793	1	162.607	40.577	-2.67501e-06	1.11062e-05	3.81881e-06	173	3	2	0	1	
116.207	0.1	0.127586	1	162.545	40.4739	-3.5135e-07	1.64729e-06	-3.90824e-06	173	3	2	0	1	
116.207	0.1	0.141379	1	162.481	40.3745	-4.16671e-06	1.19848e-05	1.68442e-06	173	3	2	0	1	
116.207	0.1	0.155172	1	162.416	40.2788	8.03122e-06	4.18919e-05	-1.87771e-06	173	3	2	0	1	
116.207	0.1	0.168966	1	162.349	40.1868	-9.12083e-06	-5.67676e-06	-1.05254e-05	173	3	2	0	1	
116.207	0.1	0.182759	1	162.279	40.0989	8.26313e-06	1.46928e-05	1.03303e-05	173	3	2	0	1	
116.207	0.1	0.196552	1	162.208	40.0151	1.49195e-06	1.7874e-06	-7.12601e-06	173	3	2	0	1	
116.207	0.1	0.210345	1	162.134	39.9377	1.79053e-05	1.90508e-05	2.03897e-06	173	3	2	0	1	
116.207	0.1	0.224138	1	162.058	39.869	-3.36397e-06	-1.00021e-05	9.11757e-06	173	3	2	0	1	
116.207	0.1	0.237931	1	161.979	39.8068	8.02935e-06	-1.55171e-05	6.20193e-06	173	3	2	0	1	
116.207	0.1	0.251724	1	161.898	39.7555	-1.24808e-06	-2.95256e-06	7.39369e-07	173	3	2	0	1	
116.207	0.1	0.265517	1	161.814	39.7149	-5.34923e-06	-2.27574e-06	1.1074e-05	173	3	2	0	1	
116.207	0.1	0.27931	1	161.726	39.6884	2.63295e-06	3.62279e-05	-3.98071e-08	173	3	2	0	1	
116.207	0.1	0.293103	1	161.635	39.6764	8.04735e-06	2.94026e-05	-1.12612e-05	173	3	2	0	1	
116.207	0.1	0.306897	1	161.541	39.6741	4.7503e-06	8.86867e-06	1.26058e-05	173	3	2	0	1	
116.207	0.1	0.32069	1	161.443	39.6882	5.96152e-06	-3.6812e-05	1.06218e-05	173	3	2	0	1	
116.207	0.1	0.334483	1	161.34	39.7434	1.38129e-05	-7.46038e-06	-4.08048e-06	173	3	2	0	1	
116.207	0.1	0.348276	1	161.242	39.4596	3.5941e-06	-1.76959e-05	-1.30846e-05	173	3	2	0	1	
116.207	0.1	0.362069	1	161.133	39.4556	-6.28683e-06	1.4509e-05	-1.15329e-05	173	3	2	0	1	
116.207	0.1	0.375862	1	161.019	39.4616	5.24597e-06	3.85158e-05	-3.99649e-06	173	3	2	0	1	
116.207	0.1	0.389655	1	160.9	39.4817	-2.64467e-06	-4.28096e-05	-1.57292e-06	173	3	2	0	1	
116.207	0.1	0.403448	1	160.775	39.516	2.11858e-06	-4.00549e-06	-1.26538e-05	173	3	2	0	1	
116.207	0.1	0.417241	1	160.644	39.5609	2.68588e-06	-2.16153e-05	-7.28392e-06	173	3	2	0	1	
116.207	0.1	0.431034	1	160.508	39.6029	-6.59102e-06	1.76454e-05	-1.93005e-05	173	3	2	0	1	
116.207	0.1	0.444828	1	160.37	39.5426	1.12297e-05	-1.16008e-05	8.14961e-06	173	3	2	0	1	
116.207	0.1	0.458621	1	160.227	40.0586	1.30734e-05	3.10071e-05	-2.18189e-06	173	3	2	0	1	
116.207	0.1	0.472414	2	160.03	40.6027	-2.14598e-05	-9.1903e-06	-1.09013e-05	173	3	2	0	1	
116.207	0.1	0.486207	1	159.827	40.8865	-1.20877e-05	-6.34223e-06	-4.307e-06	173	3	2	0	1	
116.207	0.1	0.5	1	159.607	41.4171	-5.14787e-06	8.87359e-06	1.43847e-05	173	3	2	0	1	
120	0.1	0.1	1	162.682	40.6721	1.66162e-07	-1.41796e-05	2.57361e-06	173	3	2	0	1	
120	0.1	0.113793	1	162.624	40.5637	3.04313e-06	4.31845e-06	3.75959e-06	173	3	2	0	1	
120	0.1	0.127586	1	162.565	40.4585	-1.65681e-07	3.12953e-05	1.78006e-06	173	3	2	0	1	
120	0.1	0.141379	1	162.504	40.3566	-1.16473e-06	1.3295e-05	-6.19618e-07	173	3	2	0	1	
120	0.1	0.155172	1	162.442	40.2581	-2.51858e-06	2.28362e-05	7.16946e-06	173	3	2	0	1	
120	0.1	0.168966	1	162.377	40.1633	-5.22953e-07	-5.84421e-06	-1.11757e-05	173	3	2	0	1	
120	0.1	0.182759	1	162.311	40.072	4.34653e-06	1.55022e-05	7.52666e-06	173	3	2	0	1	
120	0.1	0.196552	1	162.243	39.9847	-3.7865e-06	-3.08862e-05	1.26243e-06	173	3	2	0	1	
120	0.1	0.210345	1	162.182	39.5272	5.48972e-07	-9.59873e-06	1.04503e-05	173	3	2	0	1	
120	0.1	0.224138	1	162.11	39.4608	-6.61824e-06	-6.37837e-06	3.66522e-06	173	3	2	0	1	
120	0.1	0.237931	1	162.035	39.3761	3.59899e-07	-3.01243e-05	2.4706e-06	173	3	2	0	1	
120	0.1	0.251724	1	161.949	39.684	6.33415e-06	-2.04658e-05	3.71372e-06	173	3	2	0	1	
120	0.1	0.265517	1	161.87	39.626	-2.4994e-06	-9.66163e-06	9.00221e-06	173	3	2	0	1	
120	0.1	0.27931	1	161.787	39.5785	-3.44517e-06	-2.41636e-05	-3.77677e-06	173	3	2	0	1	
120	0.1	0.293103	1	161.702	39.5419	-2.35575e-06	1.34588e-05	-2.29191e-06	173	3	2	0	1	
120	0.1	0.306897	1	161.614	39.519	6.51803e-07	1.50875e-05	1.49567e-05	173	3	2	0	1	
120	0.1	0.32069	1	161.522	39.5103	2.428e-06	-2.67667e-05	-2.99561e-06	173	3	2	0	1	
120	0.1	0.334483	1	161.427	39.5127	-4.72296e-06	1.93118e-05	-2.4232e-06	173	3	2	0	1	
120	0.1	0.348276	1	161.328	39.53	1.32734e-06	1.33235e-05	8.34378e-06	173	3	2	0	1	
120	0.1	0.362069	1	161.225	39.5735	1.65562e-07	2.16813e-05	-8.49604e-06	173	3	2	0	1	
120	0.1	0.375862	1	161.125	39.3236	6.1723e-06	-3.77054e-06	-1.05289e-05	173	3	2	0	1	
120	0.1	0.389655	1	161.015	39.325	5.69535e-06	-1.55808e-05	-1.26165e-05	173	3	2	0	1	
120	0.1	0.403448	1	160.9	39.3366	-1.00225e-05	-6.43316e-06	1.07001e-05	173	3	2	0	1	
120	0.1	0.417241	1	160.78	39.3612	-7.15464e-06	1.6634e-06	-8.14113e-06	173	3	2	0	1	
120	0.1	0.431034	1	160.655	39.4	2.44506e-06	2.96507e-05	6.69776e-06	173	3	2	0	1	
120	0.1	0.444828	1	160.524	39.4488	8.3423e-06	-7.87714e-06	8.15436e-06	173	3	2	0	1	
120	0.1	0.458621	1	160.388	39.4951	-4.23683e-06	-2.95029e-05	-6.96298e-06	173	3	2	0	1	
120	0.1	0.472414	1	160.25	39.4609	7.93547e-06	-1.54707e-05	-8.8754e-06	173	3	2	0	1	
120	0.1	0.486207	1	160.119	39.2116	4.90448e-06	7.64135e-06	5.88047e-06	173	3	2	0	1	
120	0.1	0.5	2	159.917	40.654	-1.66401e-05	-2.24604e-05	5.91178e-06	173	3	2	0	1	
