10	0.01	0.3	-3	0	0	0	0	0	346	0	2	0	1	
10	0.0252632	0.3	-3	0	0	0	0	0	346	0	2	0	1	
10	0.0405263	0.3	-3	0	0	0	0	0	346	0	2	0	1	
10	0.0557895	0.3	-3	0	0	0	0	0	346	0	2	0	1	
10	0.0710526	0.3	-3	0	0	0	0	0	346	0	2	0	1	
10	0.0863158	0.3	-2	0	0	0	0	0	346	0	2	0	1	
10	0.101579	0.3	-2	0	0	0	0	0	346	0	2	0	1	
10	0.116842	0.3	-2	0	0	0	0	0	346	0	2	0	1	
10	0.132105	0.3	-2	0	0	0	0	0	346	0	2	0	1	
10	0.147368	0.3	-2	0	0	0	0	0	346	0	2	0	1	
10	0.162632	0.3	-3	0	0	0	0	0	346	0	2	0	1	
10	0.177895	0.3	-3	0	0	0	0	0	346	0	2	0	1	
10	0.193158	0.3	-3	0	0	0	0	0	346	0	2	0	1	
10	0.208421	0.3	-3	0	0	0	0	0	346	0	2	0	1	
10	0.223684	0.3	-3	0	0	0	0	0	346	0	2	0	1	
10	0.238947	0.3	-3	0	0	0	0	0	346	0	2	0	1	
10	0.254211	0.3	-3	0	0	0	0	0	346	0	2	0	1	
10	0.269474	0.3	-3	0	0	0	0	0	346	0	2	0	1	
10	0.284737	0.3	-3	0	0	0	0	0	346	0	2	0	1	
10	0.3	0.3	-3	0	0	0	0	0	346	0	2	0	1	
15.7895	0.01	0.3	-3	0	0	0	0	0	346	0	2	0	1	
15.7895	0.0252632	0.3	-3	0	0	0	0	0	346	0	2	0	1	
15.7895	0.0405263	0.3	-3	0	0	0	0	0	346	0	2	0	1	
15.7895	0.0557895	0.3	-3	0	0	0	0	0	346	0	2	0	1	
15.7895	0.0710526	0.3	-2	0	0	0	0	0	346	0	2	0	1	
15.7895	0.0863158	0.3	-2	0	0	0	0	0	346	0	2	0	1	
15.7895	0.101579	0.3	-2	0	0	0	0	0	346	0	2	0	1	
15.7895	0.116842	0.3	-2	0	0	0	0	0	346	0	2	0	1	
15.7895	0.132105	0.3	-2	0	0	0	0	0	346	0	2	0	1	
15.7895	0.147368	0.3	-2	0	0	0	0	0	346	0	2	0	1	
15.7895	0.162632	0.3	-2	0	0	0	0	0	346	0	2	0	1	
15.7895	0.177895	0.3	-3	0	0	0	0	0	346	0	2	0	1	
15.7895	0.193158	0.3	-3	0	0	0	0	0	346	0	2	0	1	
15.7895	0.208421	0.3	-3	0	0	0	0	0	346	0	2	0	1	
15.7895	0.223684	0.3	-3	0	0	0	0	0	346	0	2	0	1	
15.7895	0.238947	0.3	-3	0	0	0	0	0	346	0	2	0	1	
15.7895	0.254211	0.3	-3	0	0	0	0	0	346	0	2	0	1	
15.7895	0.269474	0.3	-3	0	0	0	0	0	346	0	2	0	1	
15.7895	0.284737	0.3	-3	0	0	0	0	0	346	0	2	0	1	
15.7895	0.3	0.3	-3	0	0	0	0	0	346	0	2	0	1	
21.5789	0.01	0.3	-3	0	0	0	0	0	346	0	2	0	1	
21.5789	0.0252632	0.3	-3	0	0	0	0	0	346	0	2	0	1	
21.5789	0.0405263	0.3	-3	0	0	0	0	0	346	0	2	0	1	
21.5789	0.0557895	0.3	-2	0	0	0	0	0	346	0	2	0	1	
21.5789	0.0710526	0.3	-2	0	0	0	0	0	346	0	2	0	1	
21.5789	0.0863158	0.3	-2	0	0	0	0	0	346	0	2	0	1	
21.5789	0.101579	0.3	-2	0	0	0	0	0	346	0	2	0	1	
21.5789	0.116842	0.3	-2	0	0	0	0	0	346	0	2	0	1	
21.5789	0.132105	0.3	-2	0	0	0	0	0	346	0	2	0	1	
21.5789	0.147368	0.3	1	44.619	244.063	-3.98043e-06	7.84274e-05	240.779	346	0	2	0	1	
21.5789	0.162632	0.3	1	63.8779	239.319	-2.24713e-05	-4.03804e-05	228.301	346	0	2	0	1	
21.5789	0.177895	0.3	-3	0	0	0	0	0	346	0	2	0	1	
21.5789	0.193158	0.3	-3	0	0	0	0	0	346	0	2	0	1	
21.5789	0.208421	0.3	-3	0	0	0	0	0	346	0	2	0	1	
21.5789	0.223684	0.3	-3	0	0	0	0	0	346	0	2	0	1	
21.5789	0.238947	0.3	-3	0	0	0	0	0	346	0	2	0	1	
21.5789	0.254211	0.3	-3	0	0	0	0	0	346	0	2	0	1	
21.5789	0.269474	0.3	-3	0	0	0	0	0	346	0	2	0	1	
21.5789	0.284737	0.3	-3	0	0	0	0	0	346	0	2	0	1	
21.5789	0.3	0.3	-3	0	0	0	0	0	346	0	2	0	1	
27.3684	0.01	0.3	-3	0	0	0	0	0	346	0	2	0	1	
27.3684	0.0252632	0.3	-3	0	0	0	0	0	346	0	2	0	1	
27.3684	0.0405263	0.3	-3	0	0	0	0	0	346	0	2	0	1	
27.3684	0.0557895	0.3	-3	0	0	0	0	0	346	0	2	0	1	
27.3684	0.0710526	0.3	-2	0	0	0	0	0	346	0	2	0	1	
27.3684	0.0863158	0.3	-2	0	0	0	0	0	346	0	2	0	1	
27.3684	0.101579	0.3	-2	0	0	0	0	0	346	0	2	0	1	
27.3684	0.116842	0.3	-2	0	0	0	0	0	346	0	2	0	1	
27.3684	0.132105	0.3	1	21.8927	-245.517	-1.49428e-08	-5.28481e-06	250.349	346	0	2	0	1	
27.3684	0.147368	0.3	1	59.4136	240.86	-9.55183e-06	-8.08146e-06	235.966	346	0	2	0	1	
27.3684	0.162632	0.3	1	72.414	235.659	3.03835e-06	5.31353e-06	223.701	346	0	2	0	1	
27.3684	0.177895	0.3	-2	0	0	0	0	0	346	0	2	0	1	
27.3684	0.193158	0.3	-3	0	0	0	0	0	346	0	2	0	1	
27.3684	0.208421	0.3	-3	0	0	0	0	0	346	0	2	0	1	
27.3684	0.223684	0.3	-3	0	0	0	0	0	346	0	2	0	1	
27.3684	0.238947	0.3	-3	0	0	0	0	0	346	0	2	0	1	
27.3684	0.254211	0.3	-3	0	0	0	0	0	346	0	2	0	1	
27.3684	0.269474	0.3	-3	0	0	0	0	0	346	0	2	0	1	
27.3684	0.284737	0.3	-3	0	0	0	0	0	346	0	2	0	1	
27.3684	0.3	0.3	-3	0	0	0	0	0	346	0	2	0	1	
33.1579	0.01	0.3	-3	0	0	0	0	0	346	0	2	0	1	
33.1579	0.0252632	0.3	-3	0	0	0	0	0	346	0	2	0	1	
33.1579	0.0405263	0.3	-3	0	0	0	0	0	346	0	2	0	1	
33.1579	0.0557895	0.3	-3	0	0	0	0	0	346	0	2	0	1	
33.1579	0.0710526	0.3	-2	0	0	0	0	0	346	0	2	0	1	
33.1579	0.0863158	0.3	-2	0	0	0	0	0	346	0	2	0	1	
33.1579	0.101579	0.3	-2	0	0	0	0	0	346	0	2	0	1	
33.1579	0.116842	0.3	-2	0	0	0	0	0	346	0	2	0	1	
33.1579	0.132105	0.3	1	55.8051	241.908	3.01922e-06	-2.67731e-06	243.948	346	0	2	0	1	
33.1579	0.147368	0.3	1	71.3677	236.223	2.50758e-05	3.10236e-06	229.873	346	0	2	0	1	
33.1579	0.162632	0.3	1	81.0288	230.741	4.6144e-06	3.90248e-06	217.871	346	0	2	0	1	
33.1579	0.177895	0.3	1	88.0572	225.612	9.96343e-06	-9.08747e-06	207.486	346	0	2	0	1	
33.1579	0.193158	0.3	-3	0	0	0	0	0	346	0	2	0	1	
33.1579	0.208421	0.3	-3	0	0	0	0	0	346	0	2	0	1	
33.1579	0.223684	0.3	-3	0	0	0	0	0	346	0	2	0	1	
33.1579	0.238947	0.3	-3	0	0	0	0	0	346	0	2	0	1	
33.1579	0.254211	0.3	-3	0	0	0	0	0	346	0	2	0	1	
33.1579	0.269474	0.3	-3	0	0	0	0	0	346	0	2	0	1	
33.1579	0.284737	0.3	-3	0	0	0	0	0	346	0	2	0	1	
33.1579	0.3	0.3	-3	0	0	0	0	0	346	0	2	0	1	
38.9474	0.01	0.3	-3	0	0	0	0	0	346	0	2	0	1	
38.9474	0.0252632	0.3	-3	0	0	0	0	0	346	0	2	0	1	
38.9474	0.0405263	0.3	-3	0	0	0	0	0	346	0	2	0	1	
38.9474	0.0557895	0.3	-3	0	0	0	0	0	346	0	2	0	1	
38.9474	0.0710526	0.3	-2	0	0	0	0	0	346	0	2	0	1	
38.9474	0.0863158	0.3	-2	0	0	0	0	0	346	0	2	0	1	
38.9474	0.101579	0.3	-2	0	0	0	0	0	346	0	2	0	1	
38.9474	0.116842	0.3	1	53.443	242.511	-5.00871e-06	-5.93155e-06	252.446	346	0	2	0	1	
38.9474	0.132105	0.3	1	71.5989	236.155	-2.81422e-06	-8.98379e-06	236.082	346	0	2	0	1	
38.9474	0.147368	0.3	1	82.1522	230.055	-3.26383e-06	-1.04805e-05	222.383	346	0	2	0	1	
38.9474	0.162632	0.3	1	89.6299	224.407	2.09829e-05	-8.38863e-05	210.705	346	0	2	0	1	
38.9474	0.177895	0.3	1	95.3722	219.201	-1.34347e-06	-2.02722e-05	200.58	346	0	2	0	1	
38.9474	0.193158	0.3	-2	0	0	0	0	0	346	0	2	0	1	
38.9474	0.208421	0.3	-3	0	0	0	0	0	346	0	2	0	1	
38.9474	0.223684	0.3	-3	0	0	0	0	0	346	0	2	0	1	
38.9474	0.238947	0.3	-3	0	0	0	0	0	346	0	2	0	1	
38.9474	0.254211	0.3	-3	0	0	0	0	0	346	0	2	0	1	
38.9474	0.269474	0.3	-3	0	0	0	0	0	346	0	2	0	1	
38.9474	0.284737	0.3	-3	0	0	0	0	0	346	0	2	0	1	
38.9474	0.3	0.3	-3	0	0	0	0	0	346	0	2	0	1	
44.7368	0.01	0.3	-3	0	0	0	0	0	346	0	2	0	1	
44.7368	0.0252632	0.3	-3	0	0	0	0	0	346	0	2	0	1	
44.7368	0.0405263	0.3	-3	0	0	0	0	0	346	0	2	0	1	
44.7368	0.0557895	0.3	-2	0	0	0	0	0	346	0	2	0	1	
44.7368	0.0710526	0.3	-2	0	0	0	0	0	346	0	2	0	1	
44.7368	0.0863158	0.3	-2	0	0	0	0	0	346	0	2	0	1	
44.7368	0.101579	0.3	1	52.6612	-242.709	-6.00354e-06	-1.40013e-05	261.77	346	0	2	0	1	
44.7368	0.116842	0.3	1	73.1801	-235.411	1.6652e-05	-4.42037e-05	242.419	346	0	2	0	1	
44.7368	0.132105	0.3	1	84.4692	228.496	1.72507e-05	9.00357e-06	226.588	346	0	2	0	1	
44.7368	0.147368	0.3	1	92.2745	222.196	-3.21906e-05	-3.61685e-06	213.34	346	0	2	0	1	
44.7368	0.162632	0.3	1	98.1736	216.468	2.3299e-05	1.70602e-05	202.033	346	0	2	0	1	
44.7368	0.177895	0.3	1	102.863	211.234	-1.90277e-05	-1.81932e-05	192.233	346	0	2	0	1	
44.7368	0.193158	0.3	-2	0	0	0	0	0	346	0	2	0	1	
44.7368	0.208421	0.3	-3	0	0	0	0	0	346	0	2	0	1	
44.7368	0.223684	0.3	-3	0	0	0	0	0	346	0	2	0	1	
44.7368	0.238947	0.3	-3	0	0	0	0	0	346	0	2	0	1	
44.7368	0.254211	0.3	-3	0	0	0	0	0	346	0	2	0	1	
44.7368	0.269474	0.3	-3	0	0	0	0	0	346	0	2	0	1	
44.7368	0.284737	0.3	-3	0	0	0	0	0	346	0	2	0	1	
44.7368	0.3	0.3	-3	0	0	0	0	0	346	0	2	0	1	
50.5263	0.01	0.3	-3	0	0	0	0	0	346	0	2	0	1	
50.5263	0.0252632	0.3	-3	0	0	0	0	0	346	0	2	0	1	
50.5263	0.0405263	0.3	-3	0	0	0	0	0	346	0	2	0	1	
50.5263	0.0557895	0.3	-2	0	0	0	0	0	346	0	2	0	1	
50.5263	0.0710526	0.3	-2	0	0	0	0	0	346	0	2	0	1	
50.5263	0.0863158	0.3	1	53.4764	242.547	-4.41276e-06	2.87643e-05	272.443	346	0	2	0	1	
50.5263	0.101579	0.3	1	76.0965	233.895	-3.57054e-05	3.22662e-05	249.019	346	0	2	0	1	
50.5263	0.116842	0.3	1	87.9721	225.902	-9.33082e-06	1.55863e-05	230.43	346	0	2	0	1	
50.5263	0.132105	0.3	1	95.9902	218.779	-4.15082e-05	1.21784e-05	215.236	346	0	2	0	1	
50.5263	0.147368	0.3	1	101.954	212.41	-3.76215e-06	-2.19066e-05	202.511	346	0	2	0	1	
50.5263	0.162632	0.3	1	106.635	206.674	-3.14182e-06	7.71365e-07	191.644	346	0	2	0	1	
50.5263	0.177895	0.3	1	110.445	201.455	1.57399e-06	-5.0822e-06	182.227	346	0	2	0	1	
50.5263	0.193158	0.3	1	113.635	196.662	7.66186e-05	1.06841e-05	173.96	346	0	2	0	1	
50.5263	0.208421	0.3	-2	0	0	0	0	0	346	0	2	0	1	
50.5263	0.223684	0.3	-3	0	0	0	0	0	346	0	2	0	1	
50.5263	0.238947	0.3	-3	0	0	0	0	0	346	0	2	0	1	
50.5263	0.254211	0.3	-3	0	0	0	0	0	346	0	2	0	1	
50.5263	0.269474	0.3	-3	0	0	0	0	0	346	0	2	0	1	
50.5263	0.284737	0.3	-3	0	0	0	0	0	346	0	2	0	1	
50.5263	0.3	0.3	-3	0	0	0	0	0	346	0	2	0	1	
56.3158	0.01	0.3	-3	0	0	0	0	0	346	0	2	0	1	
56.3158	0.0252632	0.3	-3	0	0	0	0	0	346	0	2	0	1	
56.3158	0.0405263	0.3	-2	0	0	0	0	0	346	0	2	0	1	
56.3158	0.0557895	0.3	-2	0	0	0	0	0	346	0	2	0	1	
56.3158	0.0710526	0.3	1	55.4322	-242.098	-9.65388e-06	-2.14481e-05	285.415	346	0	2	0	1	
56.3158	0.0863158	0.3	1	80.2356	231.47	-2.89756e-06	-1.90538e-06	256.114	346	0	2	0	1	
56.3158	0.101579	0.3	1	92.6281	222.024	4.52386e-06	-1.61054e-05	233.811	346	0	2	0	1	
56.3158	0.116842	0.3	1	100.762	213.855	9.4008e-06	6.18209e-06	216.14	346	0	2	0	1	
56.3158	0.132105	0.3	1	106.697	206.704	5.37095e-06	-1.92954e-05	201.686	346	0	2	0	1	
56.3158	0.147368	0.3	1	111.289	200.367	-2.04009e-05	-4.56651e-06	189.568	346	0	2	0	1	
56.3158	0.162632	0.3	1	114.987	194.694	-2.33043e-06	1.86037e-05	179.222	346	0	2	0	1	
56.3158	0.177895	0.3	1	118.053	189.512	1.70216e-05	4.06411e-05	170.248	346	0	2	0	1	
56.3158	0.193158	0.3	1	120.651	184.776	4.0004e-05	-1.28669e-05	162.363	346	0	2	0	1	
56.3158	0.208421	0.3	-2	0	0	0	0	0	346	0	2	0	1	
56.3158	0.223684	0.3	-2	0	0	0	0	0	346	0	2	0	1	
56.3158	0.238947	0.3	-2	0	0	0	0	0	346	0	2	0	1	
56.3158	0.254211	0.3	-3	0	0	0	0	0	346	0	2	0	1	
56.3158	0.269474	0.3	-3	0	0	0	0	0	346	0	2	0	1	
56.3158	0.284737	0.3	-3	0	0	0	0	0	346	0	2	0	1	
56.3158	0.3	0.3	-3	0	0	0	0	0	346	0	2	0	1	
62.1053	0.01	0.3	-3	0	0	0	0	0	346	0	2	0	1	
62.1053	0.0252632	0.3	-3	0	0	0	0	0	346	0	2	0	1	
62.1053	0.0405263	0.3	-3	0	0	0	0	0	346	0	2	0	1	
62.1053	0.0557895	0.3	1	57.4689	241.582	-6.58154e-06	1.16013e-05	302.637	346	0	2	0	1	
62.1053	0.0710526	0.3	1	85.4465	-227.949	-1.889e-05	-3.25528e-05	264.135	346	0	2	0	1	
62.1053	0.0863158	0.3	1	98.3979	216.489	-3.69145e-05	-8.86782e-07	236.556	346	0	2	0	1	
62.1053	0.101579	0.3	1	106.586	206.95	-3.36574e-07	-6.69803e-06	215.616	346	0	2	0	1	
62.1053	0.116842	0.3	1	112.405	198.833	7.72653e-05	4.19897e-06	199.009	346	0	2	0	1	
62.1053	0.132105	0.3	1	116.825	191.782	-2.16601e-05	8.18826e-06	185.413	346	0	2	0	1	
62.1053	0.147368	0.3	1	120.335	185.553	-3.14117e-06	2.37927e-05	174.014	346	0	2	0	1	
62.1053	0.162632	0.3	1	123.213	179.964	1.24197e-05	3.35787e-07	164.27	346	0	2	0	1	
62.1053	0.177895	0.3	1	125.633	174.878	5.08248e-06	1.93675e-05	155.805	346	0	2	0	1	
62.1053	0.193158	0.3	1	127.706	170.217	-1.48379e-05	-2.67933e-06	148.356	346	0	2	0	1	
62.1053	0.208421	0.3	1	129.51	165.908	-5.19547e-05	-3.63547e-06	141.728	346	0	2	0	1	
62.1053	0.223684	0.3	-2	0	0	0	0	0	346	0	2	0	1	
62.1053	0.238947	0.3	-2	0	0	0	0	0	346	0	2	0	1	
62.1053	0.254211	0.3	-2	0	0	0	0	0	346	0	2	0	1	
62.1053	0.269474	0.3	-2	0	0	0	0	0	346	0	2	0	1	
62.1053	0.284737	0.3	-2	0	0	0	0	0	346	0	2	0	1	
62.1053	0.3	0.3	-3	0	0	0	0	0	346	0	2	0	1	
67.8947	0.01	0.3	-3	0	0	0	0	0	346	0	2	0	1	
67.8947	0.0252632	0.3	-3	0	0	0	0	0	346	0	2	0	1	
67.8947	0.0405263	0.3	1	57.0561	241.714	-9.16382e-06	-1.3789e-05	328.839	346	0	2	0	1	
67.8947	0.0557895	0.3	1	91.5572	223.097	1.28306e-05	-3.93678e-06	273.991	346	0	2	0	1	
67.8947	0.0710526	0.3	1	105.321	208.649	4.88489e-06	-1.86886e-05	238.31	346	0	2	0	1	
67.8947	0.0863158	0.3	1	113.503	197.276	6.61964e-06	8.77621e-06	212.867	346	0	2	0	1	
67.8947	0.101579	0.3	1	119.103	187.948	1.70724e-05	5.21156e-06	193.515	346	0	2	0	1	
67.8947	0.116842	0.3	1	123.248	180.051	2.13932e-05	5.93042e-06	178.162	346	0	2	0	1	
67.8947	0.132105	0.3	1	126.481	173.2	-7.66914e-06	-1.09256e-05	165.581	346	0	2	0	1	
67.8947	0.147368	0.3	1	129.097	167.132	-1.81383e-06	-4.32331e-06	155.012	346	0	2	0	1	
67.8947	0.162632	0.3	1	131.274	161.673	-1.11079e-05	5.06849e-06	145.955	346	0	2	0	1	
67.8947	0.177895	0.3	1	133.124	156.701	7.43711e-06	1.33535e-05	138.067	346	0	2	0	1	
67.8947	0.193158	0.3	1	134.724	152.132	-3.46961e-07	-1.63204e-05	131.104	346	0	2	0	1	
67.8947	0.208421	0.3	1	136.126	147.905	6.54582e-05	1.86991e-05	124.888	346	0	2	0	1	
67.8947	0.223684	0.3	1	137.366	144.001	3.97983e-05	4.9536e-06	119.285	346	0	2	0	1	
67.8947	0.238947	0.3	-2	0	0	0	0	0	346	0	2	0	1	
67.8947	0.254211	0.3	-2	0	0	0	0	0	346	0	2	0	1	
67.8947	0.269474	0.3	-2	0	0	0	0	0	346	0	2	0	1	
67.8947	0.284737	0.3	-2	0	0	0	0	0	346	0	2	0	1	
67.8947	0.3	0.3	-2	0	0	0	0	0	346	0	2	0	1	
73.6842	0.01	0.3	-3	0	0	0	0	0	346	0	2	0	1	
73.6842	0.0252632	0.3	1	39.7359	244.751	-1.15903e-05	4.33515e-06	378.993	346	0	2	0	1	
73.6842	0.0405263	0.3	1	98.3409	216.69	-1.4034e-05	-2.30863e-05	288.002	346	0	2	0	1	
73.6842	0.0557895	0.3	1	113.533	197.34	2.57889e-06	-5.52576e-06	238.283	346	0	2	0	1	
73.6842	0.0710526	0.3	1	121.636	183.376	1.40549e-06	2.34804e-05	206.23	346	0	2	0	1	
73.6842	0.0863158	0.3	1	126.863	172.509	3.71183e-06	8.36331e-06	183.297	346	0	2	0	1	
73.6842	0.101579	0.3	1	130.593	163.612	-1.85224e-05	-1.38712e-05	165.869	346	0	2	0	1	
73.6842	0.116842	0.3	1	133.429	156.066	1.1868e-05	3.92776e-06	152.002	346	0	2	0	1	
73.6842	0.132105	0.3	1	135.683	149.502	-1.17179e-05	-1.16993e-05	140.594	346	0	2	0	1	
73.6842	0.147368	0.3	1	137.533	143.685	-6.29592e-05	-1.28689e-06	130.964	346	0	2	0	1	
73.6842	0.162632	0.3	1	139.088	138.324	2.36235e-05	-1.1689e-05	122.668	346	0	2	0	1	
73.6842	0.177895	0.3	1	140.426	133.364	-3.89905e-06	2.03308e-05	115.398	346	0	2	0	1	
73.6842	0.193158	0.3	1	141.592	128.777	-6.91167e-05	8.86852e-06	108.937	346	0	2	0	1	
73.6842	0.208421	0.3	1	142.623	124.484	-4.65936e-06	-3.96591e-05	103.127	346	0	2	0	1	
73.6842	0.223684	0.3	1	143.542	120.432	-2.01582e-05	-2.09437e-05	97.8464	346	0	2	0	1	
73.6842	0.238947	0.3	1	144.371	116.581	-5.61642e-05	1.90427e-05	93.0038	346	0	2	0	1	
73.6842	0.254211	0.3	1	145.122	112.897	2.31808e-06	-1.26555e-05	88.526	346	0	2	0	1	
73.6842	0.269474	0.3	1	145.807	109.356	3.67102e-05	-1.50513e-05	84.3547	346	0	2	0	1	
73.6842	0.284737	0.3	-2	0	0	0	0	0	346	0	2	0	1	
73.6842	0.3	0.3	-2	0	0	0	0	0	346	0	2	0	1	
79.4737	0.01	0.3	-3	0	0	0	0	0	346	0	2	0	1	
79.4737	0.0252632	0.3	1	105.034	-209.172	-7.54856e-06	1.56697e-05	314.326	346	0	2	0	1	
79.4737	0.0405263	0.3	1	123.439	179.963	7.24716e-07	2.1511e-05	234.227	346	0	2	0	1	
79.4737	0.0557895	0.3	1	131.279	162.039	3.29028e-05	-1.21138e-05	191.481	346	0	2	0	1	
79.4737	0.0710526	0.3	1	135.835	149.227	3.42317e-06	2.11982e-05	163.884	346	0	2	0	1	
79.4737	0.0863158	0.3	1	138.89	139.267	-1.60142e-05	-8.57621e-07	144.126	346	0	2	0	1	
79.4737	0.101579	0.3	1	141.142	130.848	-2.18648e-05	-3.91587e-06	128.975	346	0	2	0	1	
79.4737	0.116842	0.3	1	142.89	123.533	2.1924e-05	2.13973e-05	116.793	346	0	2	0	1	
79.4737	0.132105	0.3	1	144.302	117.056	1.96357e-05	1.51429e-05	106.641	346	0	2	0	1	
79.4737	0.147368	0.3	1	145.476	111.174	-3.24596e-05	-1.9975e-05	97.9435	346	0	2	0	1	
79.4737	0.162632	0.3	1	146.474	105.735	6.47951e-05	-1.64913e-05	90.3191	346	0	2	0	1	
79.4737	0.177895	0.3	1	147.335	100.634	-1.47536e-05	2.60436e-05	83.5064	346	0	2	0	1	
79.4737	0.193158	0.3	1	148.087	95.7923	-1.82107e-05	1.49687e-05	77.3165	346	0	2	0	1	
79.4737	0.208421	0.3	1	148.752	91.1502	-3.69922e-06	-1.94346e-05	71.609	346	0	2	0	1	
79.4737	0.223684	0.3	1	149.343	86.6591	1.83676e-05	1.94738e-06	66.2773	346	0	2	0	1	
79.4737	0.238947	0.3	1	149.871	82.2776	8.55832e-05	-1.88691e-05	61.2492	346	0	2	0	1	
79.4737	0.254211	0.3	1	150.345	77.9602	-1.10112e-06	6.11951e-06	56.6887	346	0	2	0	1	
79.4737	0.269474	0.3	1	150.768	73.7029	7.82365e-06	-6.2474e-06	51.491	346	0	2	0	1	
79.4737	0.284737	0.3	1	151.14	69.5273	-7.86541e-06	-2.14925e-05	46.58	346	0	2	0	1	
79.4737	0.3	0.3	1	151.474	65.3015	2.90977e-06	5.8095e-06	41.5757	346	0	2	0	1	
85.2632	0.01	0.3	3	103.181	211.478	-4.11398e-05	-7.63328e-06	413.55	346	0	2	0	1	
85.2632	0.0252632	0.3	1	136.28	148.088	-3.13878e-06	1.84998e-05	216.185	346	0	2	0	1	
85.2632	0.0405263	0.3	1	143.002	123.291	1.48427e-05	5.41655e-06	153.622	346	0	2	0	1	
85.2632	0.0557895	0.3	1	146.133	107.876	-1.01806e-05	1.6109e-05	120.329	346	0	2	0	1	
85.2632	0.0710526	0.3	1	148.028	96.2966	-2.17987e-05	-4.43196e-06	98.3285	346	0	2	0	1	
85.2632	0.0863158	0.3	1	149.329	86.6648	3.19726e-05	-1.90546e-06	81.9036	346	0	2	0	1	
85.2632	0.101579	0.3	1	150.284	78.1693	-3.61398e-05	1.03642e-05	68.4337	346	0	2	0	1	
85.2632	0.116842	0.3	1	151.001	70.4345	1.10347e-05	-2.17466e-05	56.4979	346	0	2	0	1	
85.2632	0.132105	0.3	1	151.534	63.3308	4.16771e-05	-2.7645e-05	45.2537	346	0	2	0	1	
85.2632	0.147368	0.3	1	151.903	57.1462	6.85142e-06	1.10677e-05	33.6026	346	0	2	0	1	
85.2632	0.162632	0.3	1	152.105	53.074	-2.1267e-05	1.4793e-05	18.9311	346	0	2	0	1	
85.2632	0.177895	0.3	1	152.153	52.4626	-1.13803e-05	1.56143e-05	-1.28462e-05	346	0	2	0	1	
85.2632	0.193158	0.3	1	152.181	52.3429	1.27618e-05	1.02266e-06	2.11997e-05	346	0	2	0	1	
85.2632	0.208421	0.3	1	152.207	52.2824	-2.19038e-05	-1.49219e-05	2.28375e-05	346	0	2	0	1	
85.2632	0.223684	0.3	1	152.231	52.2299	-9.23269e-06	3.38316e-06	3.3409e-06	346	0	2	0	1	
85.2632	0.238947	0.3	1	152.254	52.1839	-8.81564e-06	-5.1648e-06	3.13252e-05	346	0	2	0	1	
85.2632	0.254211	0.3	1	152.276	52.143	1.2654e-05	-9.62767e-06	7.04587e-07	346	0	2	0	1	
85.2632	0.269474	0.3	1	152.298	52.1066	-1.20625e-05	-2.47566e-05	3.7901e-05	346	0	2	0	1	
85.2632	0.284737	0.3	1	152.318	52.0736	9.94745e-06	-9.36343e-06	9.16846e-06	346	0	2	0	1	
85.2632	0.3	0.3	1	152.338	52.044	-1.59197e-05	1.43263e-05	-5.82255e-06	346	0	2	0	1	
91.0526	0.01	0.3	1	152.099	52.509	-1.17069e-05	-1.60252e-05	-3.1146e-05	346	0	2	0	1	
91.0526	0.0252632	0.3	1	152.126	52.4316	-1.25794e-05	2.66753e-06	-3.67125e-05	346	0	2	0	1	
91.0526	0.0405263	0.3	1	152.152	52.3646	5.4954e-06	-5.23182e-06	-1.4444e-05	346	0	2	0	1	
91.0526	0.0557895	0.3	1	152.177	52.3072	-1.11504e-05	9.04275e-06	-7.1781e-06	346	0	2	0	1	
91.0526	0.0710526	0.3	1	152.2	52.2608	7.29011e-07	-1.90213e-05	-1.47329e-06	346	0	2	0	1	
91.0526	0.0863158	0.3	1	152.223	52.2248	6.07669e-06	1.64907e-05	-8.35441e-06	346	0	2	0	1	
91.0526	0.101579	0.3	1	152.245	52.1982	1.33155e-06	1.05985e-05	-2.27511e-05	346	0	2	0	1	
91.0526	0.116842	0.3	1	152.266	52.1805	1.48461e-05	5.86487e-07	5.06285e-06	346	0	2	0	1	
91.0526	0.132105	0.3	1	152.287	52.1713	-1.25081e-05	2.09526e-05	1.40277e-05	346	0	2	0	1	
91.0526	0.147368	0.3	1	152.306	52.1702	9.03724e-06	3.3931e-06	1.48731e-06	346	0	2	0	1	
91.0526	0.162632	0.3	1	152.326	52.1662	9.92465e-06	-2.69936e-07	-1.77904e-05	346	0	2	0	1	
91.0526	0.177895	0.3	1	152.345	52.1473	-1.63834e-05	-7.59546e-06	-4.49369e-06	346	0	2	0	1	
91.0526	0.193158	0.3	1	152.363	52.1149	-1.71213e-05	-2.05368e-05	1.26099e-05	346	0	2	0	1	
91.0526	0.208421	0.3	1	152.381	52.0704	-4.0548e-06	1.86099e-05	1.03866e-05	346	0	2	0	1	
91.0526	0.223684	0.3	1	152.398	52.015	1.23959e-05	8.55505e-06	2.57586e-05	346	0	2	0	1	
91.0526	0.238947	0.3	1	152.415	51.9499	-1.61574e-05	3.53468e-06	1.43312e-05	346	0	2	0	1	
91.0526	0.254211	0.3	1	152.432	51.8764	1.4902e-06	-1.94727e-05	-7.47097e-06	346	0	2	0	1	
91.0526	0.269474	0.3	1	152.448	51.8457	-4.721e-06	-2.08017e-05	-8.55009e-06	346	0	2	0	1	
91.0526	0.284737	0.3	1	152.464	51.9607	-6.29489e-07	-1.66086e-06	-5.25234e-06	346	0	2	0	1	
91.0526	0.3	0.3	1	152.48	52.9923	-2.31701e-06	5.68486e-06	1.93928e-05	346	0	2	0	1	
96.8421	0.01	0.3	1	152.291	51.923	-5.04147e-06	-2.60268e-06	1.09157e-05	346	0	2	0	1	
96.8421	0.0252632	0.3	1	152.309	51.9018	-1.95902e-05	1.32965e-06	-1.69468e-05	346	0	2	0	1	
96.8421	0.0405263	0.3	1	152.327	51.8824	3.4683e-06	-1.64561e-05	-2.19756e-06	346	0	2	0	1	
96.8421	0.0557895	0.3	1	152.344	51.8644	8.08894e-06	-1.47222e-05	7.84047e-06	346	0	2	0	1	
96.8421	0.0710526	0.3	1	152.361	51.8478	-4.9129e-06	-6.35485e-06	-2.91459e-05	346	0	2	0	1	
96.8421	0.0863158	0.3	1	152.377	51.8323	6.14382e-06	1.16154e-05	8.71115e-06	346	0	2	0	1	
96.8421	0.101579	0.3	1	152.393	51.8178	1.94968e-06	-9.78422e-06	4.90566e-06	346	0	2	0	1	
96.8421	0.116842	0.3	1	152.409	51.8043	2.3362e-05	1.17509e-05	8.18764e-06	346	0	2	0	1	
96.8421	0.132105	0.3	1	152.425	51.7916	3.7196e-06	-2.06333e-05	3.98441e-06	346	0	2	0	1	
96.8421	0.147368	0.3	1	152.44	51.7798	5.69384e-06	1.47458e-05	1.89723e-05	346	0	2	0	1	
96.8421	0.162632	0.3	1	152.455	51.7686	5.35151e-06	8.46396e-06	1.63752e-05	346	0	2	0	1	
96.8421	0.177895	0.3	1	152.47	51.758	6.30367e-06	3.55091e-06	-1.48355e-05	346	0	2	0	1	
96.8421	0.193158	0.3	1	152.484	51.7481	3.77924e-06	6.05761e-06	-1.69689e-05	346	0	2	0	1	
96.8421	0.208421	0.3	1	152.498	51.7388	7.31875e-07	8.05656e-06	1.01133e-05	346	0	2	0	1	
96.8421	0.223684	0.3	1	152.512	51.7299	1.09658e-06	2.68914e-05	1.06304e-05	346	0	2	0	1	
96.8421	0.238947	0.3	1	152.526	51.7215	-5.90922e-06	1.549e-05	-1.20433e-05	346	0	2	0	1	
96.8421	0.254211	0.3	1	152.54	51.7136	2.7277e-06	1.97252e-05	-9.48202e-07	346	0	2	0	1	
96.8421	0.269474	0.3	1	152.553	51.7062	1.38545e-05	1.4795e-05	1.58119e-05	346	0	2	0	1	
96.8421	0.284737	0.3	1	152.567	51.699	4.81635e-06	2.42049e-06	-7.26929e-06	346	0	2	0	1	
96.8421	0.3	0.3	1	152.58	51.6922	-4.49551e-06	-1.92412e-05	-3.18025e-06	346	0	2	0	1	
102.632	0.01	0.3	1	152.425	51.771	1.80646e-05	2.21693e-05	8.66441e-06	346	0	2	0	1	
102.632	0.0252632	0.3	1	152.439	51.7611	4.31524e-06	-2.05584e-05	-1.47461e-05	346	0	2	0	1	
102.632	0.0405263	0.3	1	152.453	51.7518	-3.76942e-07	1.43447e-05	5.48646e-06	346	0	2	0	1	
102.632	0.0557895	0.3	1	152.467	51.743	5.46639e-06	1.19819e-05	-1.15623e-05	346	0	2	0	1	
102.632	0.0710526	0.3	1	152.481	51.7346	4.69538e-06	1.04851e-05	-3.97313e-06	346	0	2	0	1	
102.632	0.0863158	0.3	1	152.494	51.7266	1.18471e-05	-2.00808e-05	-9.17262e-06	346	0	2	0	1	
102.632	0.101579	0.3	1	152.508	51.7191	4.93075e-07	-1.81689e-05	1.58367e-05	346	0	2	0	1	
102.632	0.116842	0.3	1	152.521	51.7118	9.88621e-06	1.51838e-05	8.96869e-06	346	0	2	0	1	
102.632	0.132105	0.3	1	152.534	51.705	-4.67868e-07	-6.29601e-06	8.86011e-06	346	0	2	0	1	
102.632	0.147368	0.3	1	152.547	51.6986	4.8659e-06	-9.55013e-06	-1.26732e-05	346	0	2	0	1	
102.632	0.162632	0.3	1	152.559	51.6923	-4.19117e-06	3.57192e-06	-6.44165e-06	346	0	2	0	1	
102.632	0.177895	0.3	1	152.572	51.6863	2.81967e-06	-2.23159e-05	1.42545e-05	346	0	2	0	1	
102.632	0.193158	0.3	1	152.584	51.6807	3.12237e-06	-1.35374e-05	-1.15639e-06	346	0	2	0	1	
102.632	0.208421	0.3	1	152.596	51.6753	-1.51216e-06	1.17075e-05	1.07941e-05	346	0	2	0	1	
102.632	0.223684	0.3	1	152.609	51.6701	1.28855e-05	2.08387e-05	9.24989e-06	346	0	2	0	1	
102.632	0.238947	0.3	1	152.62	51.665	6.79691e-06	-1.48903e-06	1.20143e-05	346	0	2	0	1	
102.632	0.254211	0.3	1	152.632	51.6604	4.70011e-06	-1.35627e-05	-5.44343e-06	346	0	2	0	1	
102.632	0.269474	0.3	1	152.644	51.6558	2.44645e-06	-1.48007e-05	-5.57004e-06	346	0	2	0	1	
102.632	0.284737	0.3	1	152.656	51.6515	1.33144e-06	2.29278e-05	1.35087e-05	346	0	2	0	1	
102.632	0.3	0.3	1	152.667	51.6472	6.90696e-06	9.52583e-06	8.28168e-07	346	0	2	0	1	
108.421	0.01	0.3	1	152.533	51.685	2.75859e-06	-2.27627e-05	-8.1038e-07	346	0	2	0	1	
108.421	0.0252632	0.3	1	152.546	51.6795	5.27764e-06	-2.4128e-05	5.17565e-07	346	0	2	0	1	
108.421	0.0405263	0.3	1	152.558	51.6743	8.75874e-06	-1.66887e-05	-2.03707e-06	346	0	2	0	1	
108.421	0.0557895	0.3	1	152.57	51.6694	-3.38096e-06	-6.03997e-07	-7.01575e-06	346	0	2	0	1	
108.421	0.0710526	0.3	1	152.582	51.6645	-2.48246e-06	1.66507e-05	2.19002e-05	346	0	2	0	1	
108.421	0.0863158	0.3	1	152.593	51.66	1.24176e-05	1.47943e-05	-5.3634e-06	346	0	2	0	1	
108.421	0.101579	0.3	1	152.605	51.6555	1.93483e-06	4.36208e-06	-1.41679e-05	346	0	2	0	1	
108.421	0.116842	0.3	1	152.616	51.6513	2.02692e-06	1.32401e-05	5.39631e-06	346	0	2	0	1	
108.421	0.132105	0.3	1	152.628	51.6473	-5.04572e-06	1.94496e-06	6.59153e-06	346	0	2	0	1	
108.421	0.147368	0.3	1	152.639	51.6434	2.43692e-06	-2.18885e-06	-1.28369e-05	346	0	2	0	1	
108.421	0.162632	0.3	1	152.65	51.6397	7.29035e-06	6.62964e-06	1.00681e-06	346	0	2	0	1	
108.421	0.177895	0.3	1	152.661	51.6361	8.38328e-06	-2.30652e-05	-1.50444e-05	346	0	2	0	1	
108.421	0.193158	0.3	1	152.672	51.6328	-7.19184e-06	2.76939e-05	2.29295e-06	346	0	2	0	1	
108.421	0.208421	0.3	1	152.683	51.6294	3.62924e-07	-1.30949e-05	-1.26232e-05	346	0	2	0	1	
108.421	0.223684	0.3	1	152.693	51.6261	-2.6924e-06	2.68039e-06	-3.40444e-06	346	0	2	0	1	
108.421	0.238947	0.3	1	152.704	51.6231	-6.37283e-06	2.24989e-05	2.55721e-06	346	0	2	0	1	
108.421	0.254211	0.3	1	152.715	51.6202	1.81214e-06	1.16946e-05	-9.13714e-06	346	0	2	0	1	
108.421	0.269474	0.3	1	152.725	51.6173	1.09381e-05	2.74789e-06	-4.72034e-06	346	0	2	0	1	
108.421	0.284737	0.3	1	152.735	51.6146	6.33989e-06	1.9537e-05	8.81088e-06	346	0	2	0	1	
108.421	0.3	0.3	1	152.746	51.6119	-6.95241e-07	7.65265e-06	-1.60054e-05	346	0	2	0	1	
114.211	0.01	0.3	1	152.627	51.6321	-8.7175e-06	-2.0936e-05	1.23956e-05	346	0	2	0	1	
114.211	0.0252632	0.3	1	152.638	51.6288	-1.45767e-06	2.62727e-05	3.13337e-06	346	0	2	0	1	
114.211	0.0405263	0.3	1	152.648	51.6257	-6.42031e-06	1.98045e-05	8.69328e-06	346	0	2	0	1	
114.211	0.0557895	0.3	1	152.659	51.6227	7.56696e-06	-9.64149e-06	-4.67933e-06	346	0	2	0	1	
114.211	0.0710526	0.3	1	152.669	51.6197	-1.10073e-06	-1.5152e-05	-5.57984e-07	346	0	2	0	1	
114.211	0.0863158	0.3	1	152.68	51.6169	-2.51965e-06	1.65689e-05	8.85264e-06	346	0	2	0	1	
114.211	0.101579	0.3	1	152.69	51.6142	4.81265e-07	2.23934e-05	4.18517e-06	346	0	2	0	1	
114.211	0.116842	0.3	1	152.7	51.6117	-2.09244e-06	-7.41495e-06	-7.32161e-06	346	0	2	0	1	
114.211	0.132105	0.3	1	152.71	51.6093	6.14511e-06	3.81125e-06	-2.05631e-06	346	0	2	0	1	
114.211	0.147368	0.3	1	152.72	51.6067	-1.81836e-06	-1.77223e-05	7.34083e-06	346	0	2	0	1	
114.211	0.162632	0.3	1	152.73	51.6045	1.25257e-06	1.26674e-05	1.70569e-07	346	0	2	0	1	
114.211	0.177895	0.3	1	152.74	51.6022	2.47464e-07	-1.4852e-05	1.45225e-05	346	0	2	0	1	
114.211	0.193158	0.3	1	152.75	51.6001	-3.82227e-06	1.31534e-05	-3.67387e-06	346	0	2	0	1	
114.211	0.208421	0.3	1	152.76	51.598	4.00448e-06	1.26305e-05	3.79424e-06	346	0	2	0	1	
114.211	0.223684	0.3	1	152.77	51.5959	6.63158e-06	-2.55979e-05	9.63037e-06	346	0	2	0	1	
114.211	0.238947	0.3	1	152.779	51.5941	4.22518e-06	1.72402e-05	-3.09008e-06	346	0	2	0	1	
114.211	0.254211	0.3	1	152.789	51.5922	7.9038e-06	2.57098e-05	-1.287e-05	346	0	2	0	1	
114.211	0.269474	0.3	1	152.798	51.5904	-8.01748e-06	-1.07779e-06	3.42552e-06	346	0	2	0	1	
114.211	0.284737	0.3	1	152.808	51.5886	-3.26224e-07	2.34868e-05	-1.67942e-06	346	0	2	0	1	
114.211	0.3	0.3	1	152.817	51.587	1.03431e-07	-1.46818e-05	-8.16196e-07	346	0	2	0	1	
120	0.01	0.3	1	152.701	51.8112	5.51037e-06	1.34189e-05	1.37471e-05	346	0	2	0	1	
120	0.0252632	0.3	1	152.711	51.8088	-4.68034e-06	1.15053e-05	-1.1884e-05	346	0	2	0	1	
120	0.0405263	0.3	1	152.721	51.8068	-1.37955e-05	6.93604e-06	4.28909e-06	346	0	2	0	1	
120	0.0557895	0.3	1	152.73	51.8044	5.42616e-06	-1.85886e-05	-4.36024e-06	346	0	2	0	1	
120	0.0710526	0.3	1	152.74	51.8028	-7.84958e-07	1.18356e-05	3.50476e-06	346	0	2	0	1	
120	0.0863158	0.3	1	152.749	51.8009	7.30428e-06	2.8146e-06	-9.22968e-07	346	0	2	0	1	
120	0.101579	0.3	1	152.758	51.7988	-1.25778e-05	-1.99583e-05	-7.77964e-06	346	0	2	0	1	
120	0.116842	0.3	1	152.768	51.797	-2.61768e-06	-2.23289e-05	1.54486e-05	346	0	2	0	1	
120	0.132105	0.3	1	152.777	51.7952	5.47639e-06	2.16447e-05	-2.26732e-06	346	0	2	0	1	
120	0.147368	0.3	1	152.786	51.7934	-1.57453e-06	-1.96028e-05	1.74513e-06	346	0	2	0	1	
120	0.162632	0.3	1	152.795	51.7921	-3.0074e-06	2.99088e-05	-9.28059e-07	346	0	2	0	1	
120	0.177895	0.3	1	152.804	51.7902	-1.18016e-05	1.05001e-05	-2.61945e-06	346	0	2	0	1	
120	0.193158	0.3	1	152.813	51.7888	-2.27125e-06	-1.51707e-06	-1.12973e-05	346	0	2	0	1	
120	0.208421	0.3	1	152.822	51.7871	-1.55264e-06	1.07741e-05	-9.40707e-06	346	0	2	0	1	
120	0.223684	0.3	1	152.831	51.7857	2.36149e-06	-3.35703e-05	2.08816e-05	346	0	2	0	1	
120	0.238947	0.3	1	152.84	51.7846	-5.15383e-06	2.43255e-05	-8.61023e-06	346	0	2	0	1	
120	0.254211	0.3	1	152.849	51.7829	-4.10609e-06	2.23414e-05	-5.27851e-06	346	0	2	0	1	
120	0.269474	0.3	1	152.857	51.7816	-2.71608e-06	2.29972e-05	-9.38353e-06	346	0	2	0	1	
120	0.284737	0.3	1	152.866	51.7805	-5.51343e-06	1.71268e-05	3.20453e-07	346	0	2	0	1	
120	0.3	0.3	1	152.875	51.7794	-1.91147e-06	1.33911e-05	1.76915e-06	346	0	2	0	1	
