10	0.1	0.1	-3	0	0	0	0	0	86.5	0	2	0	1	
10	0.1	0.121053	-3	0	0	0	0	0	86.5	0	2	0	1	
10	0.1	0.142105	-3	0	0	0	0	0	86.5	0	2	0	1	
10	0.1	0.163158	-3	0	0	0	0	0	86.5	0	2	0	1	
10	0.1	0.184211	-3	0	0	0	0	0	86.5	0	2	0	1	
10	0.1	0.205263	-3	0	0	0	0	0	86.5	0	2	0	1	
10	0.1	0.226316	-3	0	0	0	0	0	86.5	0	2	0	1	
10	0.1	0.247368	-2	0	0	0	0	0	86.5	0	2	0	1	
10	0.1	0.268421	-2	0	0	0	0	0	86.5	0	2	0	1	
10	0.1	0.289474	-2	0	0	0	0	0	86.5	0	2	0	1	
10	0.1	0.310526	-2	0	0	0	0	0	86.5	0	2	0	1	
10	0.1	0.331579	-2	0	0	0	0	0	86.5	0	2	0	1	
10	0.1	0.352632	-2	0	0	0	0	0	86.5	0	2	0	1	
10	0.1	0.373684	-2	0	0	0	0	0	86.5	0	2	0	1	
10	0.1	0.394737	-2	0	0	0	0	0	86.5	0	2	0	1	
10	0.1	0.415789	-2	0	0	0	0	0	86.5	0	2	0	1	
10	0.1	0.436842	-3	0	0	0	0	0	86.5	0	2	0	1	
10	0.1	0.457895	-2	0	0	0	0	0	86.5	0	2	0	1	
10	0.1	0.478947	-3	0	0	0	0	0	86.5	0	2	0	1	
10	0.1	0.5	-3	0	0	0	0	0	86.5	0	2	0	1	
15.7895	0.1	0.1	-3	0	0	0	0	0	86.5	0	2	0	1	
15.7895	0.1	0.121053	-3	0	0	0	0	0	86.5	0	2	0	1	
15.7895	0.1	0.142105	-3	0	0	0	0	0	86.5	0	2	0	1	
15.7895	0.1	0.163158	-3	0	0	0	0	0	86.5	0	2	0	1	
15.7895	0.1	0.184211	-3	0	0	0	0	0	86.5	0	2	0	1	
15.7895	0.1	0.205263	-3	0	0	0	0	0	86.5	0	2	0	1	
15.7895	0.1	0.226316	-2	0	0	0	0	0	86.5	0	2	0	1	
15.7895	0.1	0.247368	-2	0	0	0	0	0	86.5	0	2	0	1	
15.7895	0.1	0.268421	-2	0	0	0	0	0	86.5	0	2	0	1	
15.7895	0.1	0.289474	-2	0	0	0	0	0	86.5	0	2	0	1	
15.7895	0.1	0.310526	-2	0	0	0	0	0	86.5	0	2	0	1	
15.7895	0.1	0.331579	-2	0	0	0	0	0	86.5	0	2	0	1	
15.7895	0.1	0.352632	-2	0	0	0	0	0	86.5	0	2	0	1	
15.7895	0.1	0.373684	-2	0	0	0	0	0	86.5	0	2	0	1	
15.7895	0.1	0.394737	-2	0	0	0	0	0	86.5	0	2	0	1	
15.7895	0.1	0.415789	-2	0	0	0	0	0	86.5	0	2	0	1	
15.7895	0.1	0.436842	-3	0	0	0	0	0	86.5	0	2	0	1	
15.7895	0.1	0.457895	-3	0	0	0	0	0	86.5	0	2	0	1	
15.7895	0.1	0.478947	-3	0	0	0	0	0	86.5	0	2	0	1	
15.7895	0.1	0.5	-3	0	0	0	0	0	86.5	0	2	0	1	
21.5789	0.1	0.1	-3	0	0	0	0	0	86.5	0	2	0	1	
21.5789	0.1	0.121053	-3	0	0	0	0	0	86.5	0	2	0	1	
21.5789	0.1	0.142105	-3	0	0	0	0	0	86.5	0	2	0	1	
21.5789	0.1	0.163158	-3	0	0	0	0	0	86.5	0	2	0	1	
21.5789	0.1	0.184211	-3	0	0	0	0	0	86.5	0	2	0	1	
21.5789	0.1	0.205263	-3	0	0	0	0	0	86.5	0	2	0	1	
21.5789	0.1	0.226316	1	72.3061	235.454	4.29431e-06	-5.02023e-06	248.28	86.5	0	2	0	1	
21.5789	0.1	0.247368	3	39.2519	244.418	-1.19561e-05	-3.06862e-05	263.492	86.5	0	2	0	1	
21.5789	0.1	0.268421	-2	0	0	0	0	0	86.5	0	2	0	1	
21.5789	0.1	0.289474	-2	0	0	0	0	0	86.5	0	2	0	1	
21.5789	0.1	0.310526	-2	0	0	0	0	0	86.5	0	2	0	1	
21.5789	0.1	0.331579	-2	0	0	0	0	0	86.5	0	2	0	1	
21.5789	0.1	0.352632	-2	0	0	0	0	0	86.5	0	2	0	1	
21.5789	0.1	0.373684	-2	0	0	0	0	0	86.5	0	2	0	1	
21.5789	0.1	0.394737	-2	0	0	0	0	0	86.5	0	2	0	1	
21.5789	0.1	0.415789	-2	0	0	0	0	0	86.5	0	2	0	1	
21.5789	0.1	0.436842	-3	0	0	0	0	0	86.5	0	2	0	1	
21.5789	0.1	0.457895	-3	0	0	0	0	0	86.5	0	2	0	1	
21.5789	0.1	0.478947	-2	0	0	0	0	0	86.5	0	2	0	1	
21.5789	0.1	0.5	-3	0	0	0	0	0	86.5	0	2	0	1	
27.3684	0.1	0.1	-3	0	0	0	0	0	86.5	0	2	0	1	
27.3684	0.1	0.121053	-3	0	0	0	0	0	86.5	0	2	0	1	
27.3684	0.1	0.142105	-3	0	0	0	0	0	86.5	0	2	0	1	
27.3684	0.1	0.163158	-3	0	0	0	0	0	86.5	0	2	0	1	
27.3684	0.1	0.184211	-3	0	0	0	0	0	86.5	0	2	0	1	
27.3684	0.1	0.205263	-3	0	0	0	0	0	86.5	0	2	0	1	
27.3684	0.1	0.226316	1	80.8226	230.6	2.19738e-05	-1.36191e-05	241.647	86.5	0	2	0	1	
27.3684	0.1	0.247368	1	58.7118	240.829	-2.00236e-05	-7.43912e-06	257.203	86.5	0	2	0	1	
27.3684	0.1	0.268421	-2	0	0	0	0	0	86.5	0	2	0	1	
27.3684	0.1	0.289474	-2	0	0	0	0	0	86.5	0	2	0	1	
27.3684	0.1	0.310526	-2	0	0	0	0	0	86.5	0	2	0	1	
27.3684	0.1	0.331579	-2	0	0	0	0	0	86.5	0	2	0	1	
27.3684	0.1	0.352632	-2	0	0	0	0	0	86.5	0	2	0	1	
27.3684	0.1	0.373684	-2	0	0	0	0	0	86.5	0	2	0	1	
27.3684	0.1	0.394737	-2	0	0	0	0	0	86.5	0	2	0	1	
27.3684	0.1	0.415789	-2	0	0	0	0	0	86.5	0	2	0	1	
27.3684	0.1	0.436842	-3	0	0	0	0	0	86.5	0	2	0	1	
27.3684	0.1	0.457895	-3	0	0	0	0	0	86.5	0	2	0	1	
27.3684	0.1	0.478947	-2	0	0	0	0	0	86.5	0	2	0	1	
27.3684	0.1	0.5	-3	0	0	0	0	0	86.5	0	2	0	1	
33.1579	0.1	0.1	-3	0	0	0	0	0	86.5	0	2	0	1	
33.1579	0.1	0.121053	-3	0	0	0	0	0	86.5	0	2	0	1	
33.1579	0.1	0.142105	-3	0	0	0	0	0	86.5	0	2	0	1	
33.1579	0.1	0.163158	-3	0	0	0	0	0	86.5	0	2	0	1	
33.1579	0.1	0.184211	-3	0	0	0	0	0	86.5	0	2	0	1	
33.1579	0.1	0.205263	-3	0	0	0	0	0	86.5	0	2	0	1	
33.1579	0.1	0.226316	1	89.6083	224.11	7.45514e-07	-3.67987e-05	233.447	86.5	0	2	0	1	
33.1579	0.1	0.247368	1	72.5643	235.377	-3.35081e-05	1.70556e-05	249.153	86.5	0	2	0	1	
33.1579	0.1	0.268421	1	39.1894	244.448	-3.84765e-05	1.57718e-05	264.124	86.5	0	2	0	1	
33.1579	0.1	0.289474	-2	0	0	0	0	0	86.5	0	2	0	1	
33.1579	0.1	0.310526	-2	0	0	0	0	0	86.5	0	2	0	1	
33.1579	0.1	0.331579	-2	0	0	0	0	0	86.5	0	2	0	1	
33.1579	0.1	0.352632	-2	0	0	0	0	0	86.5	0	2	0	1	
33.1579	0.1	0.373684	-2	0	0	0	0	0	86.5	0	2	0	1	
33.1579	0.1	0.394737	-2	0	0	0	0	0	86.5	0	2	0	1	
33.1579	0.1	0.415789	-2	0	0	0	0	0	86.5	0	2	0	1	
33.1579	0.1	0.436842	-2	0	0	0	0	0	86.5	0	2	0	1	
33.1579	0.1	0.457895	-3	0	0	0	0	0	86.5	0	2	0	1	
33.1579	0.1	0.478947	-3	0	0	0	0	0	86.5	0	2	0	1	
33.1579	0.1	0.5	-3	0	0	0	0	0	86.5	0	2	0	1	
38.9474	0.1	0.1	-3	0	0	0	0	0	86.5	0	2	0	1	
38.9474	0.1	0.121053	-3	0	0	0	0	0	86.5	0	2	0	1	
38.9474	0.1	0.142105	-3	0	0	0	0	0	86.5	0	2	0	1	
38.9474	0.1	0.163158	-3	0	0	0	0	0	86.5	0	2	0	1	
38.9474	0.1	0.184211	-3	0	0	0	0	0	86.5	0	2	0	1	
38.9474	0.1	0.205263	-2	0	0	0	0	0	86.5	0	2	0	1	
38.9474	0.1	0.226316	1	98.4939	215.738	7.67129e-07	4.99157e-06	223.01	86.5	0	2	0	1	
38.9474	0.1	0.247368	1	84.618	228.025	1.03011e-05	3.87699e-06	239.219	86.5	0	2	0	1	
38.9474	0.1	0.268421	3	64.7728	238.818	-6.30475e-06	2.99797e-06	254.549	86.5	0	2	0	1	
38.9474	0.1	0.289474	-2	0	0	0	0	0	86.5	0	2	0	1	
38.9474	0.1	0.310526	-2	0	0	0	0	0	86.5	0	2	0	1	
38.9474	0.1	0.331579	-2	0	0	0	0	0	86.5	0	2	0	1	
38.9474	0.1	0.352632	-2	0	0	0	0	0	86.5	0	2	0	1	
38.9474	0.1	0.373684	-2	0	0	0	0	0	86.5	0	2	0	1	
38.9474	0.1	0.394737	-2	0	0	0	0	0	86.5	0	2	0	1	
38.9474	0.1	0.415789	-2	0	0	0	0	0	86.5	0	2	0	1	
38.9474	0.1	0.436842	-2	0	0	0	0	0	86.5	0	2	0	1	
38.9474	0.1	0.457895	-3	0	0	0	0	0	86.5	0	2	0	1	
38.9474	0.1	0.478947	-3	0	0	0	0	0	86.5	0	2	0	1	
38.9474	0.1	0.5	-3	0	0	0	0	0	86.5	0	2	0	1	
44.7368	0.1	0.1	1	149.168	77.6205	-8.68842e-05	2.51231e-06	50.891	86.5	0	2	0	1	
44.7368	0.1	0.121053	-3	0	0	0	0	0	86.5	0	2	0	1	
44.7368	0.1	0.142105	-3	0	0	0	0	0	86.5	0	2	0	1	
44.7368	0.1	0.163158	-3	0	0	0	0	0	86.5	0	2	0	1	
44.7368	0.1	0.184211	-3	0	0	0	0	0	86.5	0	2	0	1	
44.7368	0.1	0.205263	-2	0	0	0	0	0	86.5	0	2	0	1	
44.7368	0.1	0.226316	1	107.381	205.153	6.14554e-08	1.36946e-06	210.164	86.5	0	2	0	1	
44.7368	0.1	0.247368	1	95.7296	218.56	-2.18055e-05	-2.59274e-05	227.143	86.5	0	2	0	1	
44.7368	0.1	0.268421	1	80.8243	230.649	-1.06885e-05	-5.53975e-05	243.116	86.5	0	2	0	1	
44.7368	0.1	0.289474	1	58.048	241.065	3.57653e-06	-1.17578e-06	258.271	86.5	0	2	0	1	
44.7368	0.1	0.310526	-2	0	0	0	0	0	86.5	0	2	0	1	
44.7368	0.1	0.331579	-2	0	0	0	0	0	86.5	0	2	0	1	
44.7368	0.1	0.352632	-2	0	0	0	0	0	86.5	0	2	0	1	
44.7368	0.1	0.373684	-2	0	0	0	0	0	86.5	0	2	0	1	
44.7368	0.1	0.394737	-2	0	0	0	0	0	86.5	0	2	0	1	
44.7368	0.1	0.415789	-2	0	0	0	0	0	86.5	0	2	0	1	
44.7368	0.1	0.436842	-2	0	0	0	0	0	86.5	0	2	0	1	
44.7368	0.1	0.457895	-3	0	0	0	0	0	86.5	0	2	0	1	
44.7368	0.1	0.478947	-3	0	0	0	0	0	86.5	0	2	0	1	
44.7368	0.1	0.5	-3	0	0	0	0	0	86.5	0	2	0	1	
50.5263	0.1	0.1	1	149.763	69.9131	6.04947e-07	1.01698e-05	3.38751e-06	86.5	0	2	0	1	
50.5263	0.1	0.121053	1	148.897	79.2605	1.44894e-05	2.15236e-05	54.3359	86.5	0	2	0	1	
50.5263	0.1	0.142105	-2	0	0	0	0	0	86.5	0	2	0	1	
50.5263	0.1	0.163158	-2	0	0	0	0	0	86.5	0	2	0	1	
50.5263	0.1	0.184211	-2	0	0	0	0	0	86.5	0	2	0	1	
50.5263	0.1	0.205263	1	124.763	175.599	-2.83752e-05	-1.73919e-05	174.795	86.5	0	2	0	1	
50.5263	0.1	0.226316	1	116.197	191.895	-1.08441e-06	-7.76645e-06	194.437	86.5	0	2	0	1	
50.5263	0.1	0.247368	1	106.225	206.641	8.92278e-06	-2.46251e-07	212.538	86.5	0	2	0	1	
50.5263	0.1	0.268421	1	94.1939	220.036	-6.76377e-06	-6.44637e-07	229.429	86.5	0	2	0	1	
50.5263	0.1	0.289474	1	78.591	232.063	-2.7547e-06	2.64881e-06	245.332	86.5	0	2	0	1	
50.5263	0.1	0.310526	1	53.4517	-242.261	-4.7683e-06	2.09572e-05	260.403	86.5	0	2	0	1	
50.5263	0.1	0.331579	-2	0	0	0	0	0	86.5	0	2	0	1	
50.5263	0.1	0.352632	-2	0	0	0	0	0	86.5	0	2	0	1	
50.5263	0.1	0.373684	-2	0	0	0	0	0	86.5	0	2	0	1	
50.5263	0.1	0.394737	-2	0	0	0	0	0	86.5	0	2	0	1	
50.5263	0.1	0.415789	-2	0	0	0	0	0	86.5	0	2	0	1	
50.5263	0.1	0.436842	-2	0	0	0	0	0	86.5	0	2	0	1	
50.5263	0.1	0.457895	-2	0	0	0	0	0	86.5	0	2	0	1	
50.5263	0.1	0.478947	-3	0	0	0	0	0	86.5	0	2	0	1	
50.5263	0.1	0.5	-3	0	0	0	0	0	86.5	0	2	0	1	
56.3158	0.1	0.1	1	149.819	69.7158	-6.42926e-06	3.58017e-06	-1.45234e-05	86.5	0	2	0	1	
56.3158	0.1	0.121053	1	149.645	69.8151	-4.2135e-06	-1.6843e-05	-3.14398e-05	86.5	0	2	0	1	
56.3158	0.1	0.142105	1	148.953	77.0252	4.99644e-06	-3.11839e-06	50.1376	86.5	0	2	0	1	
56.3158	0.1	0.163158	-2	0	0	0	0	0	86.5	0	2	0	1	
56.3158	0.1	0.184211	-2	0	0	0	0	0	86.5	0	2	0	1	
56.3158	0.1	0.205263	1	132.412	156.801	-2.37452e-06	-1.92301e-05	153.113	86.5	0	2	0	1	
56.3158	0.1	0.226316	1	124.874	175.245	-3.57498e-05	-7.19432e-06	175.022	86.5	0	2	0	1	
56.3158	0.1	0.247368	1	116.243	191.741	-9.78323e-07	-1.47777e-06	194.802	86.5	0	2	0	1	
56.3158	0.1	0.268421	1	106.187	206.651	-5.9238e-06	2.90277e-05	213.005	86.5	0	2	0	1	
56.3158	0.1	0.289474	1	94.0248	220.182	1.91271e-05	-3.00903e-06	229.97	86.5	0	2	0	1	
56.3158	0.1	0.310526	1	78.197	232.304	-2.70142e-06	-3.44367e-05	245.926	86.5	0	2	0	1	
56.3158	0.1	0.331579	1	52.3125	-242.526	2.68044e-06	-1.51394e-05	260.988	86.5	0	2	0	1	
56.3158	0.1	0.352632	-2	0	0	0	0	0	86.5	0	2	0	1	
56.3158	0.1	0.373684	-2	0	0	0	0	0	86.5	0	2	0	1	
56.3158	0.1	0.394737	-2	0	0	0	0	0	86.5	0	2	0	1	
56.3158	0.1	0.415789	-2	0	0	0	0	0	86.5	0	2	0	1	
56.3158	0.1	0.436842	-2	0	0	0	0	0	86.5	0	2	0	1	
56.3158	0.1	0.457895	-2	0	0	0	0	0	86.5	0	2	0	1	
56.3158	0.1	0.478947	-3	0	0	0	0	0	86.5	0	2	0	1	
56.3158	0.1	0.5	-2	0	0	0	0	0	86.5	0	2	0	1	
62.1053	0.1	0.1	1	149.862	69.5994	-1.3e-05	1.08629e-05	3.55995e-06	86.5	0	2	0	1	
62.1053	0.1	0.121053	1	149.714	69.5652	-7.36779e-06	2.21443e-06	-8.13704e-06	86.5	0	2	0	1	
62.1053	0.1	0.142105	1	149.539	69.7047	1.83574e-05	1.67504e-05	-2.27414e-05	86.5	0	2	0	1	
62.1053	0.1	0.163158	3	149.211	71.7371	-6.46663e-05	-1.9652e-06	34.1993	86.5	0	2	0	1	
62.1053	0.1	0.184211	1	145.397	104.951	-5.79272e-05	-1.17332e-05	91.751	86.5	0	2	0	1	
62.1053	0.1	0.205263	1	139.835	132.088	-2.27399e-05	-1.16369e-05	124.388	86.5	0	2	0	1	
62.1053	0.1	0.226316	1	133.314	154.005	4.70672e-05	-1.19532e-05	150.415	86.5	0	2	0	1	
62.1053	0.1	0.247368	1	125.833	172.986	-1.14144e-06	3.99941e-06	172.911	86.5	0	2	0	1	
62.1053	0.1	0.268421	1	117.262	189.899	3.63353e-06	-3.51054e-05	193.093	86.5	0	2	0	1	
62.1053	0.1	0.289474	1	107.281	205.161	-6.32193e-06	2.90435e-06	211.589	86.5	0	2	0	1	
62.1053	0.1	0.310526	1	95.2586	218.976	1.98915e-05	-4.50976e-05	228.772	86.5	0	2	0	1	
62.1053	0.1	0.331579	1	79.7301	231.358	1.67244e-05	2.56002e-06	244.868	86.5	0	2	0	1	
62.1053	0.1	0.352632	1	55.1324	-241.876	-1.44857e-05	1.16613e-05	260.038	86.5	0	2	0	1	
62.1053	0.1	0.373684	-2	0	0	0	0	0	86.5	0	2	0	1	
62.1053	0.1	0.394737	-2	0	0	0	0	0	86.5	0	2	0	1	
62.1053	0.1	0.415789	-2	0	0	0	0	0	86.5	0	2	0	1	
62.1053	0.1	0.436842	-2	0	0	0	0	0	86.5	0	2	0	1	
62.1053	0.1	0.457895	-2	0	0	0	0	0	86.5	0	2	0	1	
62.1053	0.1	0.478947	-2	0	0	0	0	0	86.5	0	2	0	1	
62.1053	0.1	0.5	-3	0	0	0	0	0	86.5	0	2	0	1	
67.8947	0.1	0.1	1	149.899	69.5051	1.67615e-05	7.9536e-06	1.4336e-05	86.5	0	2	0	1	
67.8947	0.1	0.121053	1	149.767	69.4201	5.9807e-07	-1.60701e-05	-1.61761e-05	86.5	0	2	0	1	
67.8947	0.1	0.142105	1	149.619	69.3973	-9.05135e-06	4.47681e-06	-1.23278e-05	86.5	0	2	0	1	
67.8947	0.1	0.163158	1	149.449	69.4861	-1.27906e-05	-3.30262e-06	1.65011e-05	86.5	0	2	0	1	
67.8947	0.1	0.184211	1	149.225	69.9139	2.4918e-06	-5.70497e-07	-1.57913e-05	86.5	0	2	0	1	
67.8947	0.1	0.205263	1	146.583	95.9976	-1.54401e-05	-1.26088e-06	80.7614	86.5	0	2	0	1	
67.8947	0.1	0.226316	1	141.293	125.44	1.06567e-05	1.32038e-05	117.151	86.5	0	2	0	1	
67.8947	0.1	0.247368	1	134.945	148.86	-7.61537e-06	1.15426e-05	144.862	86.5	0	2	0	1	
67.8947	0.1	0.268421	1	127.623	168.664	-5.92569e-07	8.49825e-06	168.366	86.5	0	2	0	1	
67.8947	0.1	0.289474	1	119.23	186.253	2.02478e-06	-6.10331e-06	189.232	86.5	0	2	0	1	
67.8947	0.1	0.310526	1	109.489	202.055	1.08915e-05	7.03456e-06	208.227	86.5	0	2	0	1	
67.8947	0.1	0.331579	1	97.8416	216.332	7.26115e-05	-4.26319e-05	225.788	86.5	0	2	0	1	
67.8947	0.1	0.352632	1	83.0472	229.146	-7.90388e-05	-2.18809e-05	242.163	86.5	0	2	0	1	
67.8947	0.1	0.373684	1	60.9965	240.198	-5.53082e-06	-2.80291e-05	257.54	86.5	0	2	0	1	
67.8947	0.1	0.394737	-2	0	0	0	0	0	86.5	0	2	0	1	
67.8947	0.1	0.415789	-2	0	0	0	0	0	86.5	0	2	0	1	
67.8947	0.1	0.436842	-2	0	0	0	0	0	86.5	0	2	0	1	
67.8947	0.1	0.457895	-2	0	0	0	0	0	86.5	0	2	0	1	
67.8947	0.1	0.478947	-2	0	0	0	0	0	86.5	0	2	0	1	
67.8947	0.1	0.5	-2	0	0	0	0	0	86.5	0	2	0	1	
73.6842	0.1	0.1	1	149.932	69.4251	5.96752e-06	3.35585e-06	-8.02525e-06	86.5	0	2	0	1	
73.6842	0.1	0.121053	1	149.812	69.3041	1.41054e-06	1.07561e-05	-2.38697e-06	86.5	0	2	0	1	
73.6842	0.1	0.142105	1	149.68	69.2276	2.64826e-06	2.23358e-06	-1.17525e-05	86.5	0	2	0	1	
73.6842	0.1	0.163158	1	149.534	69.2092	4.86663e-06	-4.06663e-06	1.51718e-07	86.5	0	2	0	1	
73.6842	0.1	0.184211	1	149.369	69.2385	9.73169e-06	1.05822e-05	1.51674e-05	86.5	0	2	0	1	
73.6842	0.1	0.205263	1	149.161	69.6236	2.46187e-05	1.0176e-05	-2.06799e-06	86.5	0	2	0	1	
73.6842	0.1	0.226316	1	148.053	81.8227	1.1408e-06	-7.23488e-06	60.6097	86.5	0	2	0	1	
73.6842	0.1	0.247368	1	143.309	115.145	-4.48826e-06	-4.75573e-06	105.415	86.5	0	2	0	1	
73.6842	0.1	0.268421	1	137.246	141.291	1.32359e-05	-1.15175e-05	136.01	86.5	0	2	0	1	
73.6842	0.1	0.289474	1	130.191	162.033	8.93094e-07	5.04826e-06	161.114	86.5	0	2	0	1	
73.6842	0.1	0.310526	1	122.085	180.602	-3.99941e-06	-2.76229e-05	183.033	86.5	0	2	0	1	
73.6842	0.1	0.331579	1	112.718	197.181	2.2318e-07	-2.63465e-05	202.783	86.5	0	2	0	1	
73.6842	0.1	0.352632	1	101.629	212.113	-5.40462e-06	2.46082e-06	220.913	86.5	0	2	0	1	
73.6842	0.1	0.373684	1	87.847	225.534	1.49808e-05	-4.40557e-05	237.721	86.5	0	2	0	1	
73.6842	0.1	0.394737	1	68.6169	237.294	-1.09185e-05	1.04091e-05	253.439	86.5	0	2	0	1	
73.6842	0.1	0.415789	-2	0	0	0	0	0	86.5	0	2	0	1	
73.6842	0.1	0.436842	-2	0	0	0	0	0	86.5	0	2	0	1	
73.6842	0.1	0.457895	-2	0	0	0	0	0	86.5	0	2	0	1	
73.6842	0.1	0.478947	-2	0	0	0	0	0	86.5	0	2	0	1	
73.6842	0.1	0.5	-2	0	0	0	0	0	86.5	0	2	0	1	
79.4737	0.1	0.1	1	149.962	69.3547	-5.2569e-06	-1.73535e-05	-1.7807e-05	86.5	0	2	0	1	
79.4737	0.1	0.121053	1	149.852	69.2065	-1.0199e-05	-4.50566e-06	-1.16978e-05	86.5	0	2	0	1	
79.4737	0.1	0.142105	1	149.733	69.0923	6.82274e-06	-2.2922e-05	-4.20659e-06	86.5	0	2	0	1	
79.4737	0.1	0.163158	1	149.603	69.0198	1.00348e-05	3.14035e-06	6.39291e-06	86.5	0	2	0	1	
79.4737	0.1	0.184211	1	149.459	69.0008	8.71136e-06	6.10967e-06	-2.31036e-05	86.5	0	2	0	1	
79.4737	0.1	0.205263	1	149.298	69.0437	-2.08316e-05	6.31307e-06	-1.75275e-05	86.5	0	2	0	1	
79.4737	0.1	0.226316	1	149.11	69.3639	-4.1685e-06	-1.13327e-05	-4.33014e-06	86.5	0	2	0	1	
79.4737	0.1	0.247368	1	148.862	69.9121	-7.36285e-06	-2.54875e-06	5.44187e-05	86.5	0	2	0	1	
79.4737	0.1	0.268421	1	145.739	99.7801	-1.10202e-05	-1.93274e-05	86.9513	86.5	0	2	0	1	
79.4737	0.1	0.289474	1	140.131	129.359	2.71192e-05	1.79894e-05	122.968	86.5	0	2	0	1	
79.4737	0.1	0.310526	1	133.453	152.679	1.36801e-05	1.47305e-05	150.655	86.5	0	2	0	1	
79.4737	0.1	0.331579	1	125.734	172.631	3.21236e-06	-1.70323e-05	174.168	86.5	0	2	0	1	
79.4737	0.1	0.352632	1	116.845	190.289	-9.9577e-06	-5.64703e-07	195.022	86.5	0	2	0	1	
79.4737	0.1	0.373684	1	106.433	206.111	-1.13462e-05	-3.69651e-06	213.973	86.5	0	2	0	1	
79.4737	0.1	0.394737	1	93.7838	220.33	-3.08709e-05	1.77017e-05	231.41	86.5	0	2	0	1	
79.4737	0.1	0.415789	1	77.1425	232.937	-9.75416e-07	1.89203e-06	247.627	86.5	0	2	0	1	
79.4737	0.1	0.436842	1	48.3925	243.325	-1.43152e-05	-3.74459e-06	262.729	86.5	0	2	0	1	
79.4737	0.1	0.457895	-2	0	0	0	0	0	86.5	0	2	0	1	
79.4737	0.1	0.478947	-2	0	0	0	0	0	86.5	0	2	0	1	
79.4737	0.1	0.5	-2	0	0	0	0	0	86.5	0	2	0	1	
85.2632	0.1	0.1	1	149.99	69.2912	9.01885e-07	1.66019e-05	4.40209e-06	86.5	0	2	0	1	
85.2632	0.1	0.121053	1	149.889	69.1211	-6.59515e-06	-2.71589e-07	-3.40038e-07	86.5	0	2	0	1	
85.2632	0.1	0.142105	1	149.78	68.9788	-5.45963e-06	-4.52328e-06	-4.21496e-06	86.5	0	2	0	1	
85.2632	0.1	0.163158	1	149.663	68.8685	-6.08668e-06	1.83988e-05	1.80134e-05	86.5	0	2	0	1	
85.2632	0.1	0.184211	1	149.535	68.7967	6.01762e-06	-7.76629e-06	1.39678e-05	86.5	0	2	0	1	
85.2632	0.1	0.205263	1	149.394	68.7729	1.76675e-06	-2.11812e-05	-1.21098e-05	86.5	0	2	0	1	
85.2632	0.1	0.226316	1	149.239	68.8089	7.21905e-06	1.97012e-05	4.57423e-06	86.5	0	2	0	1	
85.2632	0.1	0.247368	1	149.067	68.8785	5.73213e-06	1.05853e-05	-1.02278e-05	86.5	0	2	0	1	
85.2632	0.1	0.268421	1	148.847	69.432	1.04982e-05	1.89298e-05	-3.12321e-05	86.5	0	2	0	1	
85.2632	0.1	0.289474	3	148.124	77.0274	3.27343e-05	-2.56342e-06	52.7567	86.5	0	2	0	1	
85.2632	0.1	0.310526	1	143.472	112.7	2.65153e-06	-7.30201e-06	103.78	86.5	0	2	0	1	
85.2632	0.1	0.331579	1	137.295	140.013	1.53216e-06	1.1691e-05	136.064	86.5	0	2	0	1	
85.2632	0.1	0.352632	1	130.065	161.824	-3.48779e-06	-2.60234e-05	162.078	86.5	0	2	0	1	
85.2632	0.1	0.373684	1	121.723	181.013	5.62647e-06	-6.68209e-07	184.57	86.5	0	2	0	1	
85.2632	0.1	0.394737	1	112.056	198.028	-2.61233e-05	5.14031e-06	204.691	86.5	0	2	0	1	
85.2632	0.1	0.415789	1	100.547	213.276	-1.2289e-05	-2.09705e-06	223.022	86.5	0	2	0	1	
85.2632	0.1	0.436842	1	86.1056	226.885	8.43691e-06	1.53888e-05	239.938	86.5	0	2	0	1	
85.2632	0.1	0.457895	1	65.3669	238.658	7.53812e-06	1.54752e-06	255.643	86.5	0	2	0	1	
85.2632	0.1	0.478947	-2	0	0	0	0	0	86.5	0	2	0	1	
85.2632	0.1	0.5	-2	0	0	0	0	0	86.5	0	2	0	1	
91.0526	0.1	0.1	1	150.016	69.2327	-2.69382e-06	1.73272e-06	6.26443e-06	86.5	0	2	0	1	
91.0526	0.1	0.121053	1	149.923	69.0444	-1.22759e-05	3.8388e-07	-6.22762e-06	86.5	0	2	0	1	
91.0526	0.1	0.142105	1	149.823	68.8798	-5.53937e-06	1.28967e-05	-2.10697e-06	86.5	0	2	0	1	
91.0526	0.1	0.163158	1	149.716	68.7413	-1.22624e-05	1.28339e-05	1.29861e-05	86.5	0	2	0	1	
91.0526	0.1	0.184211	1	149.601	68.6324	1.90696e-05	1.11233e-05	3.75424e-06	86.5	0	2	0	1	
91.0526	0.1	0.205263	1	149.476	68.5585	-2.31145e-06	1.07092e-05	1.41648e-05	86.5	0	2	0	1	
91.0526	0.1	0.226316	1	149.34	68.5274	2.07603e-07	-2.15262e-06	-8.77937e-06	86.5	0	2	0	1	
91.0526	0.1	0.247368	1	149.19	68.5492	-1.1209e-06	1.23474e-07	-3.02928e-06	86.5	0	2	0	1	
91.0526	0.1	0.268421	1	149.024	68.6275	3.91213e-07	-7.85002e-06	-2.22357e-05	86.5	0	2	0	1	
91.0526	0.1	0.289474	3	148.838	68.8424	-1.12116e-05	1.26095e-05	-1.59743e-05	86.5	0	2	0	1	
91.0526	0.1	0.310526	1	148.594	69.5461	2.04832e-05	-2.09265e-06	-3.33915e-05	86.5	0	2	0	1	
91.0526	0.1	0.331579	3	146.893	88.0461	2.13867e-05	-7.81034e-06	72.4609	86.5	0	2	0	1	
91.0526	0.1	0.352632	1	141.552	121.691	-2.13669e-07	1.02004e-05	115.393	86.5	0	2	0	1	
91.0526	0.1	0.373684	1	134.927	147.447	-1.77762e-05	2.07521e-05	145.757	86.5	0	2	0	1	
91.0526	0.1	0.394737	1	127.212	168.747	5.0834e-05	1.252e-05	170.791	86.5	0	2	0	1	
91.0526	0.1	0.415789	1	118.309	187.426	3.10108e-06	3.25094e-06	192.633	86.5	0	2	0	1	
91.0526	0.1	0.436842	1	107.891	204.02	1.00795e-05	-6.03622e-06	212.244	86.5	0	2	0	1	
91.0526	0.1	0.457895	1	95.2858	-218.832	-2.88941e-05	-1.50611e-05	230.122	86.5	0	2	0	1	
91.0526	0.1	0.478947	1	78.8372	231.919	-6.58095e-06	1.244e-05	246.629	86.5	0	2	0	1	
91.0526	0.1	0.5	1	51.5004	242.752	-2.28771e-05	-7.08664e-06	261.845	86.5	0	2	0	1	
96.8421	0.1	0.1	1	150.04	69.1782	-8.01412e-06	-6.16045e-06	3.07896e-06	86.5	0	2	0	1	
96.8421	0.1	0.121053	1	149.954	68.9743	5.51739e-06	-1.9464e-05	3.14936e-07	86.5	0	2	0	1	
96.8421	0.1	0.142105	1	149.862	68.7911	1.85122e-06	2.57423e-05	5.25791e-06	86.5	0	2	0	1	
96.8421	0.1	0.163158	1	149.764	68.6302	-4.52418e-07	-1.74655e-05	-8.46011e-06	86.5	0	2	0	1	
96.8421	0.1	0.184211	1	149.66	68.4934	-5.92485e-06	-2.24932e-05	2.9074e-06	86.5	0	2	0	1	
96.8421	0.1	0.205263	1	149.547	68.384	4.02197e-06	2.4777e-05	-1.59478e-05	86.5	0	2	0	1	
96.8421	0.1	0.226316	1	149.426	68.3064	-3.58832e-06	9.0623e-06	-1.07803e-05	86.5	0	2	0	1	
96.8421	0.1	0.247368	1	149.294	68.2664	8.99942e-06	1.33953e-06	-1.05677e-05	86.5	0	2	0	1	
96.8421	0.1	0.268421	1	149.151	68.2726	3.8275e-06	-1.89466e-05	-5.76163e-06	86.5	0	2	0	1	
96.8421	0.1	0.289474	1	148.993	68.3341	8.78294e-06	2.00623e-05	-2.16787e-05	86.5	0	2	0	1	
96.8421	0.1	0.310526	1	148.822	68.4135	5.07994e-06	1.24535e-05	4.5735e-07	86.5	0	2	0	1	
96.8421	0.1	0.331579	1	148.62	68.8643	1.86167e-05	4.15952e-07	-1.35156e-05	86.5	0	2	0	1	
96.8421	0.1	0.352632	1	148.357	69.6546	-1.89995e-05	-7.47802e-06	1.80517e-05	86.5	0	2	0	1	
96.8421	0.1	0.373684	3	145.895	94.9592	1.19006e-05	1.78104e-05	83.0439	86.5	0	2	0	1	
96.8421	0.1	0.394737	3	140.123	127.514	1.29708e-05	1.67698e-05	123.101	86.5	0	2	0	1	
96.8421	0.1	0.415789	1	133.137	152.584	-4.81033e-06	-2.40065e-05	152.552	86.5	0	2	0	1	
96.8421	0.1	0.436842	1	125.021	173.629	-8.34009e-06	1.46569e-05	177.076	86.5	0	2	0	1	
96.8421	0.1	0.457895	1	115.627	192.05	-2.34208e-05	2.48841e-06	198.57	86.5	0	2	0	1	
96.8421	0.1	0.478947	1	104.549	-208.387	7.5818e-06	-1.66121e-05	217.802	86.5	0	2	0	1	
96.8421	0.1	0.5	1	90.9149	222.905	1.40243e-05	8.46605e-06	235.397	86.5	0	2	0	1	
102.632	0.1	0.1	1	150.064	69.1268	2.42729e-06	-1.40184e-05	1.49115e-06	86.5	0	2	0	1	
102.632	0.1	0.121053	1	149.984	68.9091	6.95132e-06	1.50244e-05	6.53815e-07	86.5	0	2	0	1	
102.632	0.1	0.142105	1	149.899	68.7101	-7.59339e-06	1.24623e-05	-2.75099e-06	86.5	0	2	0	1	
102.632	0.1	0.163158	1	149.809	68.5305	-1.11309e-06	-1.52407e-05	1.45933e-06	86.5	0	2	0	1	
102.632	0.1	0.184211	1	149.713	68.3718	8.90617e-06	1.30279e-05	-9.59177e-06	86.5	0	2	0	1	
102.632	0.1	0.205263	1	149.611	68.2355	4.21279e-06	-9.99958e-06	1.13038e-05	86.5	0	2	0	1	
102.632	0.1	0.226316	1	149.501	68.1242	-4.94843e-06	-1.47466e-05	-9.89257e-06	86.5	0	2	0	1	
102.632	0.1	0.247368	1	149.384	68.0414	-7.25981e-06	1.74686e-05	8.56698e-06	86.5	0	2	0	1	
102.632	0.1	0.268421	1	149.257	67.992	-2.96254e-06	-9.91073e-06	-5.77101e-06	86.5	0	2	0	1	
102.632	0.1	0.289474	1	149.12	67.9824	2.15195e-06	-1.60342e-05	8.93885e-06	86.5	0	2	0	1	
102.632	0.1	0.310526	1	148.971	68.0208	-1.30438e-05	-2.29431e-05	-1.78894e-06	86.5	0	2	0	1	
102.632	0.1	0.331579	1	148.808	68.1135	3.05848e-07	2.10117e-05	1.9469e-05	86.5	0	2	0	1	
102.632	0.1	0.352632	1	148.634	68.1754	3.0906e-06	2.02742e-05	-2.18758e-05	86.5	0	2	0	1	
102.632	0.1	0.373684	1	148.418	68.8234	-3.73819e-06	-1.52919e-05	-5.7773e-06	86.5	0	2	0	1	
102.632	0.1	0.394737	1	148.145	69.6998	-1.13182e-05	6.62229e-06	-2.5136e-05	86.5	0	2	0	1	
102.632	0.1	0.415789	3	145.325	97.9993	2.90285e-05	2.0709e-06	87.8949	86.5	0	2	0	1	
102.632	0.1	0.436842	3	139.284	130.494	7.14296e-06	-7.30825e-06	127.424	86.5	0	2	0	1	
102.632	0.1	0.457895	1	132.028	155.51	1.14483e-05	1.33892e-05	156.684	86.5	0	2	0	1	
102.632	0.1	0.478947	1	123.602	176.574	-6.11612e-06	-1.06217e-05	181.081	86.5	0	2	0	1	
102.632	0.1	0.5	1	113.821	-194.965	-1.06632e-05	2.47229e-05	202.394	86.5	0	2	0	1	
108.421	0.1	0.1	1	150.086	69.078	-4.21809e-06	4.41382e-06	-1.62396e-05	86.5	0	2	0	1	
108.421	0.1	0.121053	1	150.012	68.848	-4.11052e-06	1.63766e-05	4.97068e-06	86.5	0	2	0	1	
108.421	0.1	0.142105	1	149.934	68.6351	8.9606e-06	-1.84519e-05	-1.66293e-06	86.5	0	2	0	1	
108.421	0.1	0.163158	1	149.851	68.4399	-1.01426e-05	-1.10431e-05	-1.25222e-05	86.5	0	2	0	1	
108.421	0.1	0.184211	1	149.763	68.2627	1.33343e-07	-6.69528e-07	1.11238e-05	86.5	0	2	0	1	
108.421	0.1	0.205263	1	149.669	68.1049	-1.56663e-06	-2.02454e-05	-3.12084e-06	86.5	0	2	0	1	
108.421	0.1	0.226316	1	149.57	67.9678	-1.11435e-05	2.55735e-05	6.59651e-06	86.5	0	2	0	1	
108.421	0.1	0.247368	1	149.464	67.8535	-1.21366e-05	2.22218e-05	-1.27863e-05	86.5	0	2	0	1	
108.421	0.1	0.268421	1	149.35	67.7651	6.22213e-06	-6.90539e-06	5.02343e-06	86.5	0	2	0	1	
108.421	0.1	0.289474	1	149.229	67.706	1.28309e-05	-1.48118e-05	-1.54562e-05	86.5	0	2	0	1	
108.421	0.1	0.310526	1	149.098	67.6814	4.19649e-06	9.96794e-06	-1.36389e-05	86.5	0	2	0	1	
108.421	0.1	0.331579	1	148.957	67.6976	-6.67397e-06	-8.95433e-06	-7.88921e-06	86.5	0	2	0	1	
108.421	0.1	0.352632	1	148.803	67.7624	1.16858e-05	1.92928e-05	-1.46718e-05	86.5	0	2	0	1	
108.421	0.1	0.373684	1	148.636	67.8778	6.3856e-07	-1.94721e-05	-9.32708e-06	86.5	0	2	0	1	
108.421	0.1	0.394737	1	148.459	67.9453	-5.48437e-06	2.82946e-06	-8.05658e-06	86.5	0	2	0	1	
108.421	0.1	0.415789	1	148.548	61.5901	6.35826e-06	8.97804e-06	7.41825e-06	86.5	0	2	0	1	
108.421	0.1	0.436842	1	147.959	69.6546	8.75696e-06	6.35684e-06	-5.61289e-06	86.5	0	2	0	1	
108.421	0.1	0.457895	3	145.279	97.1429	2.24131e-05	5.3141e-06	87.7321	86.5	0	2	0	1	
108.421	0.1	0.478947	3	139.107	130.634	9.95208e-06	1.2754e-05	128.487	86.5	0	2	0	1	
108.421	0.1	0.5	1	131.672	156.214	-3.99159e-06	-9.6086e-06	158.223	86.5	0	2	0	1	
114.211	0.1	0.1	1	150.108	69.0314	6.95368e-07	1.364e-05	3.1386e-06	86.5	0	2	0	1	
114.211	0.1	0.121053	1	150.039	68.79	1.70895e-06	1.08431e-05	7.34827e-06	86.5	0	2	0	1	
114.211	0.1	0.142105	1	149.966	68.5648	1.30865e-06	-2.72509e-05	4.10554e-06	86.5	0	2	0	1	
114.211	0.1	0.163158	1	149.89	68.3557	-7.08954e-06	-1.79823e-05	-2.65426e-06	86.5	0	2	0	1	
114.211	0.1	0.184211	1	149.809	68.1631	-7.97087e-06	1.56787e-05	-1.32416e-05	86.5	0	2	0	1	
114.211	0.1	0.205263	1	149.723	67.9872	-7.88247e-06	2.36151e-05	-3.20892e-06	86.5	0	2	0	1	
114.211	0.1	0.226316	1	149.632	67.8296	-2.59239e-06	3.17008e-05	5.22e-06	86.5	0	2	0	1	
114.211	0.1	0.247368	1	149.536	67.691	5.95854e-06	-1.51869e-05	-7.27864e-06	86.5	0	2	0	1	
114.211	0.1	0.268421	1	149.434	67.5732	-8.59198e-06	1.49083e-05	7.86958e-07	86.5	0	2	0	1	
114.211	0.1	0.289474	1	149.325	67.4787	-1.16587e-05	-2.23032e-05	9.33516e-06	86.5	0	2	0	1	
114.211	0.1	0.310526	1	149.208	67.4102	-8.31455e-06	2.17183e-05	1.24343e-06	86.5	0	2	0	1	
114.211	0.1	0.331579	1	149.084	67.3715	-1.96688e-07	1.15215e-05	-1.09582e-06	86.5	0	2	0	1	
114.211	0.1	0.352632	1	148.95	67.3678	7.19262e-06	5.89888e-06	9.71898e-06	86.5	0	2	0	1	
114.211	0.1	0.373684	1	148.806	67.4051	-8.54528e-06	-1.62657e-05	-5.52815e-06	86.5	0	2	0	1	
114.211	0.1	0.394737	1	148.649	67.4902	-4.77558e-06	-1.59096e-05	-9.24927e-06	86.5	0	2	0	1	
114.211	0.1	0.415789	1	148.48	67.6216	-1.50159e-06	1.03685e-05	-7.97473e-06	86.5	0	2	0	1	
114.211	0.1	0.436842	1	148.303	67.6792	6.02466e-06	-8.39828e-06	-1.44658e-08	86.5	0	2	0	1	
114.211	0.1	0.457895	1	148.082	68.3989	1.31658e-05	6.19637e-06	1.13397e-05	86.5	0	2	0	1	
114.211	0.1	0.478947	1	147.803	69.5334	2.55091e-05	-5.58644e-06	-4.17053e-05	86.5	0	2	0	1	
114.211	0.1	0.5	3	145.782	91.77	-2.8246e-06	1.78998e-05	81.7953	86.5	0	2	0	1	
120	0.1	0.1	1	150.128	68.9865	2.47117e-06	4.67619e-06	1.99118e-06	86.5	0	2	0	1	
120	0.1	0.121053	1	150.065	68.7347	-1.9015e-06	1.98775e-05	5.01631e-06	86.5	0	2	0	1	
120	0.1	0.142105	1	149.998	68.4982	9.39155e-06	1.38286e-05	4.17309e-06	86.5	0	2	0	1	
120	0.1	0.163158	1	149.927	68.2769	-4.31939e-06	1.13772e-05	1.66954e-06	86.5	0	2	0	1	
120	0.1	0.184211	1	149.852	68.0706	1.46356e-06	-1.03445e-05	-1.57118e-06	86.5	0	2	0	1	
120	0.1	0.205263	1	149.773	67.8799	-2.98258e-06	2.52715e-05	-4.98159e-06	86.5	0	2	0	1	
120	0.1	0.226316	1	149.69	67.7049	-6.61583e-06	3.04446e-05	-1.10772e-05	86.5	0	2	0	1	
120	0.1	0.247368	1	149.602	67.5466	-2.77845e-06	2.50034e-05	-3.05363e-06	86.5	0	2	0	1	
120	0.1	0.268421	1	149.509	67.4058	7.5347e-06	2.94264e-05	8.57718e-07	86.5	0	2	0	1	
120	0.1	0.289474	1	149.411	67.2842	-1.96768e-06	-1.55248e-05	4.06771e-07	86.5	0	2	0	1	
120	0.1	0.310526	1	149.306	67.1834	8.91621e-06	1.22718e-05	1.77331e-05	86.5	0	2	0	1	
120	0.1	0.331579	1	149.195	67.1058	2.2406e-06	2.17704e-05	2.3064e-06	86.5	0	2	0	1	
120	0.1	0.352632	1	149.077	67.0542	-3.75037e-06	-8.84712e-06	-5.65323e-06	86.5	0	2	0	1	
120	0.1	0.373684	1	148.95	67.0326	-8.59789e-06	-7.32889e-06	-6.76229e-06	86.5	0	2	0	1	
120	0.1	0.394737	1	148.814	67.0457	-4.63129e-06	1.87784e-05	1.09003e-05	86.5	0	2	0	1	
120	0.1	0.415789	1	148.668	67.0992	-1.12218e-05	-1.53165e-05	-1.11046e-06	86.5	0	2	0	1	
120	0.1	0.436842	1	148.51	67.199	7.92166e-06	8.48375e-06	-2.55679e-06	86.5	0	2	0	1	
120	0.1	0.457895	1	148.34	67.3425	-1.98235e-06	1.42835e-05	-1.47835e-05	86.5	0	2	0	1	
120	0.1	0.478947	1	148.164	67.3828	8.20217e-06	-7.34972e-06	4.61618e-06	86.5	0	2	0	1	
120	0.1	0.5	1	147.949	67.9897	2.94672e-06	-3.93097e-07	5.18703e-06	86.5	0	2	0	1	
