10	0.01	0.3	-3	0	0	0	0	0	86.5	0	2	0	1	
10	0.0252632	0.3	-3	0	0	0	0	0	86.5	0	2	0	1	
10	0.0405263	0.3	-3	0	0	0	0	0	86.5	0	2	0	1	
10	0.0557895	0.3	-2	0	0	0	0	0	86.5	0	2	0	1	
10	0.0710526	0.3	-2	0	0	0	0	0	86.5	0	2	0	1	
10	0.0863158	0.3	-2	0	0	0	0	0	86.5	0	2	0	1	
10	0.101579	0.3	-2	0	0	0	0	0	86.5	0	2	0	1	
10	0.116842	0.3	-2	0	0	0	0	0	86.5	0	2	0	1	
10	0.132105	0.3	-2	0	0	0	0	0	86.5	0	2	0	1	
10	0.147368	0.3	-2	0	0	0	0	0	86.5	0	2	0	1	
10	0.162632	0.3	-3	0	0	0	0	0	86.5	0	2	0	1	
10	0.177895	0.3	-3	0	0	0	0	0	86.5	0	2	0	1	
10	0.193158	0.3	-3	0	0	0	0	0	86.5	0	2	0	1	
10	0.208421	0.3	-3	0	0	0	0	0	86.5	0	2	0	1	
10	0.223684	0.3	-3	0	0	0	0	0	86.5	0	2	0	1	
10	0.238947	0.3	-3	0	0	0	0	0	86.5	0	2	0	1	
10	0.254211	0.3	-3	0	0	0	0	0	86.5	0	2	0	1	
10	0.269474	0.3	-3	0	0	0	0	0	86.5	0	2	0	1	
10	0.284737	0.3	-3	0	0	0	0	0	86.5	0	2	0	1	
10	0.3	0.3	-3	0	0	0	0	0	86.5	0	2	0	1	
15.7895	0.01	0.3	-3	0	0	0	0	0	86.5	0	2	0	1	
15.7895	0.0252632	0.3	-3	0	0	0	0	0	86.5	0	2	0	1	
15.7895	0.0405263	0.3	-3	0	0	0	0	0	86.5	0	2	0	1	
15.7895	0.0557895	0.3	-2	0	0	0	0	0	86.5	0	2	0	1	
15.7895	0.0710526	0.3	-2	0	0	0	0	0	86.5	0	2	0	1	
15.7895	0.0863158	0.3	-2	0	0	0	0	0	86.5	0	2	0	1	
15.7895	0.101579	0.3	-2	0	0	0	0	0	86.5	0	2	0	1	
15.7895	0.116842	0.3	-2	0	0	0	0	0	86.5	0	2	0	1	
15.7895	0.132105	0.3	-2	0	0	0	0	0	86.5	0	2	0	1	
15.7895	0.147368	0.3	-2	0	0	0	0	0	86.5	0	2	0	1	
15.7895	0.162632	0.3	10	47.875	243.234	2.73847e-05	-2.09633e-06	231.244	86.5	0	2	0	1	
15.7895	0.177895	0.3	-3	0	0	0	0	0	86.5	0	2	0	1	
15.7895	0.193158	0.3	-3	0	0	0	0	0	86.5	0	2	0	1	
15.7895	0.208421	0.3	-3	0	0	0	0	0	86.5	0	2	0	1	
15.7895	0.223684	0.3	-3	0	0	0	0	0	86.5	0	2	0	1	
15.7895	0.238947	0.3	-3	0	0	0	0	0	86.5	0	2	0	1	
15.7895	0.254211	0.3	-3	0	0	0	0	0	86.5	0	2	0	1	
15.7895	0.269474	0.3	-3	0	0	0	0	0	86.5	0	2	0	1	
15.7895	0.284737	0.3	-3	0	0	0	0	0	86.5	0	2	0	1	
15.7895	0.3	0.3	-3	0	0	0	0	0	86.5	0	2	0	1	
21.5789	0.01	0.3	-3	0	0	0	0	0	86.5	0	2	0	1	
21.5789	0.0252632	0.3	-3	0	0	0	0	0	86.5	0	2	0	1	
21.5789	0.0405263	0.3	-2	0	0	0	0	0	86.5	0	2	0	1	
21.5789	0.0557895	0.3	-2	0	0	0	0	0	86.5	0	2	0	1	
21.5789	0.0710526	0.3	-2	0	0	0	0	0	86.5	0	2	0	1	
21.5789	0.0863158	0.3	-2	0	0	0	0	0	86.5	0	2	0	1	
21.5789	0.101579	0.3	-2	0	0	0	0	0	86.5	0	2	0	1	
21.5789	0.116842	0.3	-2	0	0	0	0	0	86.5	0	2	0	1	
21.5789	0.132105	0.3	-2	0	0	0	0	0	86.5	0	2	0	1	
21.5789	0.147368	0.3	3	27.8541	-245.127	-2.0995e-05	-5.18232e-06	240.905	86.5	0	2	0	1	
21.5789	0.162632	0.3	1	57.8586	240.974	4.0765e-05	-9.90827e-06	227.578	86.5	0	2	0	1	
21.5789	0.177895	0.3	-2	0	0	0	0	0	86.5	0	2	0	1	
21.5789	0.193158	0.3	-3	0	0	0	0	0	86.5	0	2	0	1	
21.5789	0.208421	0.3	-3	0	0	0	0	0	86.5	0	2	0	1	
21.5789	0.223684	0.3	-3	0	0	0	0	0	86.5	0	2	0	1	
21.5789	0.238947	0.3	-3	0	0	0	0	0	86.5	0	2	0	1	
21.5789	0.254211	0.3	-3	0	0	0	0	0	86.5	0	2	0	1	
21.5789	0.269474	0.3	-3	0	0	0	0	0	86.5	0	2	0	1	
21.5789	0.284737	0.3	-3	0	0	0	0	0	86.5	0	2	0	1	
21.5789	0.3	0.3	-3	0	0	0	0	0	86.5	0	2	0	1	
27.3684	0.01	0.3	-3	0	0	0	0	0	86.5	0	2	0	1	
27.3684	0.0252632	0.3	-3	0	0	0	0	0	86.5	0	2	0	1	
27.3684	0.0405263	0.3	-3	0	0	0	0	0	86.5	0	2	0	1	
27.3684	0.0557895	0.3	-2	0	0	0	0	0	86.5	0	2	0	1	
27.3684	0.0710526	0.3	-2	0	0	0	0	0	86.5	0	2	0	1	
27.3684	0.0863158	0.3	-2	0	0	0	0	0	86.5	0	2	0	1	
27.3684	0.101579	0.3	-2	0	0	0	0	0	86.5	0	2	0	1	
27.3684	0.116842	0.3	-2	0	0	0	0	0	86.5	0	2	0	1	
27.3684	0.132105	0.3	-2	0	0	0	0	0	86.5	0	2	0	1	
27.3684	0.147368	0.3	1	52.0517	242.478	1.1141e-05	-1.00201e-05	235.915	86.5	0	2	0	1	
27.3684	0.162632	0.3	1	67.4246	237.609	8.03892e-06	-1.28399e-05	223.125	86.5	0	2	0	1	
27.3684	0.177895	0.3	1	76.8813	232.816	2.23436e-05	-4.21687e-06	211.942	86.5	0	2	0	1	
27.3684	0.193158	0.3	-3	0	0	0	0	0	86.5	0	2	0	1	
27.3684	0.208421	0.3	-3	0	0	0	0	0	86.5	0	2	0	1	
27.3684	0.223684	0.3	-3	0	0	0	0	0	86.5	0	2	0	1	
27.3684	0.238947	0.3	-3	0	0	0	0	0	86.5	0	2	0	1	
27.3684	0.254211	0.3	-3	0	0	0	0	0	86.5	0	2	0	1	
27.3684	0.269474	0.3	-3	0	0	0	0	0	86.5	0	2	0	1	
27.3684	0.284737	0.3	-3	0	0	0	0	0	86.5	0	2	0	1	
27.3684	0.3	0.3	-3	0	0	0	0	0	86.5	0	2	0	1	
33.1579	0.01	0.3	-3	0	0	0	0	0	86.5	0	2	0	1	
33.1579	0.0252632	0.3	-3	0	0	0	0	0	86.5	0	2	0	1	
33.1579	0.0405263	0.3	-3	0	0	0	0	0	86.5	0	2	0	1	
33.1579	0.0557895	0.3	-2	0	0	0	0	0	86.5	0	2	0	1	
33.1579	0.0710526	0.3	-2	0	0	0	0	0	86.5	0	2	0	1	
33.1579	0.0863158	0.3	-2	0	0	0	0	0	86.5	0	2	0	1	
33.1579	0.101579	0.3	-2	0	0	0	0	0	86.5	0	2	0	1	
33.1579	0.116842	0.3	-2	0	0	0	0	0	86.5	0	2	0	1	
33.1579	0.132105	0.3	1	46.642	-243.518	-9.94646e-06	-5.38144e-06	244.491	86.5	0	2	0	1	
33.1579	0.147368	0.3	1	65.9588	238.265	1.13335e-06	-3.21884e-05	229.992	86.5	0	2	0	1	
33.1579	0.162632	0.3	1	76.6563	233.024	4.2591e-06	1.70202e-05	217.606	86.5	0	2	0	1	
33.1579	0.177895	0.3	1	84.1788	228.078	1.8773e-06	-4.3655e-06	206.762	86.5	0	2	0	1	
33.1579	0.193158	0.3	-2	0	0	0	0	0	86.5	0	2	0	1	
33.1579	0.208421	0.3	-3	0	0	0	0	0	86.5	0	2	0	1	
33.1579	0.223684	0.3	-3	0	0	0	0	0	86.5	0	2	0	1	
33.1579	0.238947	0.3	-3	0	0	0	0	0	86.5	0	2	0	1	
33.1579	0.254211	0.3	-3	0	0	0	0	0	86.5	0	2	0	1	
33.1579	0.269474	0.3	-3	0	0	0	0	0	86.5	0	2	0	1	
33.1579	0.284737	0.3	-3	0	0	0	0	0	86.5	0	2	0	1	
33.1579	0.3	0.3	-3	0	0	0	0	0	86.5	0	2	0	1	
38.9474	0.01	0.3	-3	0	0	0	0	0	86.5	0	2	0	1	
38.9474	0.0252632	0.3	-3	0	0	0	0	0	86.5	0	2	0	1	
38.9474	0.0405263	0.3	-2	0	0	0	0	0	86.5	0	2	0	1	
38.9474	0.0557895	0.3	-2	0	0	0	0	0	86.5	0	2	0	1	
38.9474	0.0710526	0.3	-2	0	0	0	0	0	86.5	0	2	0	1	
38.9474	0.0863158	0.3	-2	0	0	0	0	0	86.5	0	2	0	1	
38.9474	0.101579	0.3	-2	0	0	0	0	0	86.5	0	2	0	1	
38.9474	0.116842	0.3	1	42.1657	244.149	-7.85811e-05	-1.62126e-05	253.504	86.5	0	2	0	1	
38.9474	0.132105	0.3	1	65.8379	238.355	4.57474e-06	-2.43817e-05	236.734	86.5	0	2	0	1	
38.9474	0.147368	0.3	1	77.609	232.523	-3.46065e-05	3.04458e-05	222.704	86.5	0	2	0	1	
38.9474	0.162632	0.3	1	85.6359	227.077	2.24443e-05	-1.92248e-05	210.697	86.5	0	2	0	1	
38.9474	0.177895	0.3	1	91.6849	222.043	-1.48785e-05	4.09544e-06	200.239	86.5	0	2	0	1	
38.9474	0.193158	0.3	-2	0	0	0	0	0	86.5	0	2	0	1	
38.9474	0.208421	0.3	-3	0	0	0	0	0	86.5	0	2	0	1	
38.9474	0.223684	0.3	-3	0	0	0	0	0	86.5	0	2	0	1	
38.9474	0.238947	0.3	-3	0	0	0	0	0	86.5	0	2	0	1	
38.9474	0.254211	0.3	-3	0	0	0	0	0	86.5	0	2	0	1	
38.9474	0.269474	0.3	-3	0	0	0	0	0	86.5	0	2	0	1	
38.9474	0.284737	0.3	-3	0	0	0	0	0	86.5	0	2	0	1	
38.9474	0.3	0.3	-3	0	0	0	0	0	86.5	0	2	0	1	
44.7368	0.01	0.3	-3	0	0	0	0	0	86.5	0	2	0	1	
44.7368	0.0252632	0.3	-3	0	0	0	0	0	86.5	0	2	0	1	
44.7368	0.0405263	0.3	-2	0	0	0	0	0	86.5	0	2	0	1	
44.7368	0.0557895	0.3	-2	0	0	0	0	0	86.5	0	2	0	1	
44.7368	0.0710526	0.3	-2	0	0	0	0	0	86.5	0	2	0	1	
44.7368	0.0863158	0.3	-2	0	0	0	0	0	86.5	0	2	0	1	
44.7368	0.101579	0.3	1	39.4733	-244.441	-3.93917e-06	2.05917e-05	263.327	86.5	0	2	0	1	
44.7368	0.116842	0.3	1	67.1997	237.838	2.99002e-05	1.44861e-05	243.599	86.5	0	2	0	1	
44.7368	0.132105	0.3	1	79.8083	231.221	7.36338e-07	-4.34218e-05	227.465	86.5	0	2	0	1	
44.7368	0.147368	0.3	1	88.1896	225.141	7.76983e-06	4.3668e-06	213.923	86.5	0	2	0	1	
44.7368	0.162632	0.3	1	94.4069	219.599	5.13228e-05	1.23714e-06	202.334	86.5	0	2	0	1	
44.7368	0.177895	0.3	1	99.2921	214.533	1.222e-05	3.75219e-05	192.255	86.5	0	2	0	1	
44.7368	0.193158	0.3	1	103.276	209.872	-4.68367e-06	-1.12127e-05	183.366	86.5	0	2	0	1	
44.7368	0.208421	0.3	-2	0	0	0	0	0	86.5	0	2	0	1	
44.7368	0.223684	0.3	-3	0	0	0	0	0	86.5	0	2	0	1	
44.7368	0.238947	0.3	-3	0	0	0	0	0	86.5	0	2	0	1	
44.7368	0.254211	0.3	-3	0	0	0	0	0	86.5	0	2	0	1	
44.7368	0.269474	0.3	-3	0	0	0	0	0	86.5	0	2	0	1	
44.7368	0.284737	0.3	-3	0	0	0	0	0	86.5	0	2	0	1	
44.7368	0.3	0.3	-3	0	0	0	0	0	86.5	0	2	0	1	
50.5263	0.01	0.3	-3	0	0	0	0	0	86.5	0	2	0	1	
50.5263	0.0252632	0.3	-3	0	0	0	0	0	86.5	0	2	0	1	
50.5263	0.0405263	0.3	-2	0	0	0	0	0	86.5	0	2	0	1	
50.5263	0.0557895	0.3	-2	0	0	0	0	0	86.5	0	2	0	1	
50.5263	0.0710526	0.3	-2	0	0	0	0	0	86.5	0	2	0	1	
50.5263	0.0863158	0.3	1	39.2381	244.475	-2.55535e-05	6.60325e-06	274.505	86.5	0	2	0	1	
50.5263	0.101579	0.3	1	70.021	236.633	8.89367e-06	1.0892e-05	250.769	86.5	0	2	0	1	
50.5263	0.116842	0.3	1	83.2398	228.973	5.56124e-07	4.98813e-07	231.903	86.5	0	2	0	1	
50.5263	0.132105	0.3	1	91.8386	222.087	-1.2042e-07	1.55476e-05	216.434	86.5	0	2	0	1	
50.5263	0.147368	0.3	1	98.117	215.921	5.28481e-05	5.90397e-05	203.444	86.5	0	2	0	1	
50.5263	0.162632	0.3	1	102.991	210.368	-1.16984e-05	-5.61081e-06	192.328	86.5	0	2	0	1	
50.5263	0.177895	0.3	1	106.929	205.32	1.31121e-06	3.75047e-06	182.667	86.5	0	2	0	1	
50.5263	0.193158	0.3	1	110.203	200.688	-4.43799e-06	-1.13129e-05	174.161	86.5	0	2	0	1	
50.5263	0.208421	0.3	-2	0	0	0	0	0	86.5	0	2	0	1	
50.5263	0.223684	0.3	-2	0	0	0	0	0	86.5	0	2	0	1	
50.5263	0.238947	0.3	-3	0	0	0	0	0	86.5	0	2	0	1	
50.5263	0.254211	0.3	-3	0	0	0	0	0	86.5	0	2	0	1	
50.5263	0.269474	0.3	-3	0	0	0	0	0	86.5	0	2	0	1	
50.5263	0.284737	0.3	-3	0	0	0	0	0	86.5	0	2	0	1	
50.5263	0.3	0.3	-3	0	0	0	0	0	86.5	0	2	0	1	
56.3158	0.01	0.3	-3	0	0	0	0	0	86.5	0	2	0	1	
56.3158	0.0252632	0.3	-3	0	0	0	0	0	86.5	0	2	0	1	
56.3158	0.0405263	0.3	-2	0	0	0	0	0	86.5	0	2	0	1	
56.3158	0.0557895	0.3	-2	0	0	0	0	0	86.5	0	2	0	1	
56.3158	0.0710526	0.3	1	40.9186	-244.327	-1.0415e-05	-3.29885e-07	288.005	86.5	0	2	0	1	
56.3158	0.0863158	0.3	1	74.1531	234.622	-6.96008e-06	1.515e-05	258.503	86.5	0	2	0	1	
56.3158	0.101579	0.3	1	87.8582	225.549	4.6856e-05	-2.93137e-07	235.972	86.5	0	2	0	1	
56.3158	0.116842	0.3	1	96.5603	217.637	-1.2442e-05	-2.99878e-06	218.035	86.5	0	2	0	1	
56.3158	0.132105	0.3	1	102.801	210.708	1.9936e-05	8.0071e-06	203.322	86.5	0	2	0	1	
56.3158	0.147368	0.3	1	107.577	204.573	-2.94308e-05	3.20411e-05	190.966	86.5	0	2	0	1	
56.3158	0.162632	0.3	1	111.396	199.078	2.72624e-05	-4.39547e-05	180.392	86.5	0	2	0	1	
56.3158	0.177895	0.3	1	114.54	194.092	2.8358e-06	1.80652e-05	171.204	86.5	0	2	0	1	
56.3158	0.193158	0.3	1	117.189	189.536	-3.87472e-05	4.95434e-05	163.119	86.5	0	2	0	1	
56.3158	0.208421	0.3	1	119.463	185.342	-1.33299e-05	-1.16344e-05	155.927	86.5	0	2	0	1	
56.3158	0.223684	0.3	-2	0	0	0	0	0	86.5	0	2	0	1	
56.3158	0.238947	0.3	-2	0	0	0	0	0	86.5	0	2	0	1	
56.3158	0.254211	0.3	-2	0	0	0	0	0	86.5	0	2	0	1	
56.3158	0.269474	0.3	-3	0	0	0	0	0	86.5	0	2	0	1	
56.3158	0.284737	0.3	-3	0	0	0	0	0	86.5	0	2	0	1	
56.3158	0.3	0.3	-3	0	0	0	0	0	86.5	0	2	0	1	
62.1053	0.01	0.3	-3	0	0	0	0	0	86.5	0	2	0	1	
62.1053	0.0252632	0.3	-2	0	0	0	0	0	86.5	0	2	0	1	
62.1053	0.0405263	0.3	-2	0	0	0	0	0	86.5	0	2	0	1	
62.1053	0.0557895	0.3	1	42.4799	244.168	-4.15341e-06	-1.12785e-05	305.761	86.5	0	2	0	1	
62.1053	0.0710526	0.3	1	79.3812	-231.644	2.39445e-05	2.63947e-06	267.302	86.5	0	2	0	1	
62.1053	0.0863158	0.3	1	93.6105	220.604	3.23811e-05	-1.76406e-06	239.565	86.5	0	2	0	1	
62.1053	0.101579	0.3	1	102.339	211.357	-2.06019e-05	5.15978e-05	218.364	86.5	0	2	0	1	
62.1053	0.116842	0.3	1	108.448	203.487	1.06371e-05	-4.01493e-06	201.496	86.5	0	2	0	1	
62.1053	0.132105	0.3	1	113.043	196.661	4.68437e-07	1.53487e-06	187.657	86.5	0	2	0	1	
62.1053	0.147368	0.3	1	116.663	190.646	2.1116e-06	-2.4773e-05	176.031	86.5	0	2	0	1	
62.1053	0.162632	0.3	1	119.612	185.275	-8.30075e-06	-8.93246e-06	166.079	86.5	0	2	0	1	
62.1053	0.177895	0.3	1	122.076	180.397	2.06183e-05	2.55356e-06	157.43	86.5	0	2	0	1	
62.1053	0.193158	0.3	1	124.176	175.946	3.48926e-07	-3.10026e-06	149.816	86.5	0	2	0	1	
62.1053	0.208421	0.3	1	125.995	171.849	-1.835e-05	3.16926e-05	143.043	86.5	0	2	0	1	
62.1053	0.223684	0.3	1	127.59	168.051	7.27909e-05	2.05478e-05	136.962	86.5	0	2	0	1	
62.1053	0.238947	0.3	-2	0	0	0	0	0	86.5	0	2	0	1	
62.1053	0.254211	0.3	-2	0	0	0	0	0	86.5	0	2	0	1	
62.1053	0.269474	0.3	-2	0	0	0	0	0	86.5	0	2	0	1	
62.1053	0.284737	0.3	-2	0	0	0	0	0	86.5	0	2	0	1	
62.1053	0.3	0.3	-2	0	0	0	0	0	86.5	0	2	0	1	
67.8947	0.01	0.3	-3	0	0	0	0	0	86.5	0	2	0	1	
67.8947	0.0252632	0.3	-2	0	0	0	0	0	86.5	0	2	0	1	
67.8947	0.0405263	0.3	1	38.8304	244.539	-1.93986e-05	1.4851e-05	332.298	86.5	0	2	0	1	
67.8947	0.0557895	0.3	1	85.4613	227.522	-5.24499e-06	1.11809e-05	278.161	86.5	0	2	0	1	
67.8947	0.0710526	0.3	1	100.49	213.583	1.17484e-05	-1.47003e-05	242.462	86.5	0	2	0	1	
67.8947	0.0863158	0.3	1	109.198	202.542	-1.10766e-05	-6.17458e-08	216.741	86.5	0	2	0	1	
67.8947	0.101579	0.3	1	115.075	193.494	-9.05882e-06	8.63131e-07	197.113	86.5	0	2	0	1	
67.8947	0.116842	0.3	1	119.385	185.855	2.15127e-05	7.32864e-06	181.493	86.5	0	2	0	1	
67.8947	0.132105	0.3	1	122.719	179.254	8.81914e-06	1.79318e-06	168.67	86.5	0	2	0	1	
67.8947	0.147368	0.3	1	125.397	173.447	-3.04604e-05	-2.03181e-05	157.889	86.5	0	2	0	1	
67.8947	0.162632	0.3	1	127.61	168.241	-7.81605e-06	8.67579e-06	148.651	86.5	0	2	0	1	
67.8947	0.177895	0.3	1	129.48	163.527	1.52197e-05	3.51744e-06	140.612	86.5	0	2	0	1	
67.8947	0.193158	0.3	1	131.088	159.222	-5.20158e-05	-1.92157e-06	133.528	86.5	0	2	0	1	
67.8947	0.208421	0.3	1	132.49	155.259	2.02334e-06	1.37997e-05	127.216	86.5	0	2	0	1	
67.8947	0.223684	0.3	1	133.726	151.591	1.64581e-05	7.96057e-05	121.541	86.5	0	2	0	1	
67.8947	0.238947	0.3	1	134.828	148.184	-1.62626e-05	-2.2191e-05	116.398	86.5	0	2	0	1	
67.8947	0.254211	0.3	-2	0	0	0	0	0	86.5	0	2	0	1	
67.8947	0.269474	0.3	-2	0	0	0	0	0	86.5	0	2	0	1	
67.8947	0.284737	0.3	-2	0	0	0	0	0	86.5	0	2	0	1	
67.8947	0.3	0.3	-2	0	0	0	0	0	86.5	0	2	0	1	
73.6842	0.01	0.3	-3	0	0	0	0	0	86.5	0	2	0	1	
73.6842	0.0252632	0.3	-2	0	0	0	0	0	86.5	0	2	0	1	
73.6842	0.0405263	0.3	1	92.0447	222.171	-4.45882e-06	1.22846e-05	293.552	86.5	0	2	0	1	
73.6842	0.0557895	0.3	1	108.592	203.497	-5.29044e-06	-1.12534e-05	244.165	86.5	0	2	0	1	
73.6842	0.0710526	0.3	1	117.236	189.916	2.26709e-05	2.03658e-05	211.772	86.5	0	2	0	1	
73.6842	0.0863158	0.3	1	122.74	179.37	-1.11646e-05	-1.38983e-05	188.509	86.5	0	2	0	1	
73.6842	0.101579	0.3	1	126.628	170.777	-7.43421e-06	1.2519e-05	170.746	86.5	0	2	0	1	
73.6842	0.116842	0.3	1	129.557	163.537	-2.4408e-05	1.94916e-05	156.592	86.5	0	2	0	1	
73.6842	0.132105	0.3	1	131.866	157.289	-2.3287e-05	1.19231e-05	144.952	86.5	0	2	0	1	
73.6842	0.147368	0.3	1	133.745	151.779	-3.01341e-05	4.07734e-06	135.141	86.5	0	2	0	1	
73.6842	0.162632	0.3	1	135.314	146.871	9.04536e-06	-3.84483e-06	126.712	86.5	0	2	0	1	
73.6842	0.177895	0.3	1	136.648	142.604	-1.01734e-05	9.98795e-06	119.353	86.5	0	2	0	1	
73.6842	0.193158	0.3	1	137.799	138.267	8.85633e-06	-2.64525e-06	112.844	86.5	0	2	0	1	
73.6842	0.208421	0.3	1	138.812	134.292	5.55124e-06	-1.55411e-05	107.022	86.5	0	2	0	1	
73.6842	0.223684	0.3	1	139.711	130.613	-1.1219e-06	-4.60609e-06	101.763	86.5	0	2	0	1	
73.6842	0.238947	0.3	1	140.516	127.164	2.88812e-05	1.77299e-06	96.973	86.5	0	2	0	1	
73.6842	0.254211	0.3	1	141.241	123.907	-3.38144e-05	1.49959e-05	92.5779	86.5	0	2	0	1	
73.6842	0.269474	0.3	1	141.9	120.815	6.12272e-05	-3.80834e-05	88.5184	86.5	0	2	0	1	
73.6842	0.284737	0.3	1	142.501	117.866	-5.16686e-05	1.58338e-05	84.7462	86.5	0	2	0	1	
73.6842	0.3	0.3	1	143.052	115.043	3.28e-05	1.56873e-05	81.2219	86.5	0	2	0	1	
79.4737	0.01	0.3	-3	0	0	0	0	0	86.5	0	2	0	1	
79.4737	0.0252632	0.3	1	98.1244	-216.311	8.53978e-06	-2.89338e-06	321.724	86.5	0	2	0	1	
79.4737	0.0405263	0.3	1	118.239	188.253	9.58179e-06	-5.64148e-06	243.293	86.5	0	2	0	1	
79.4737	0.0557895	0.3	1	126.708	170.766	3.29296e-05	-6.94535e-06	200.053	86.5	0	2	0	1	
79.4737	0.0710526	0.3	1	131.572	158.304	1.576e-05	-2.19386e-05	171.86	86.5	0	2	0	1	
79.4737	0.0863158	0.3	1	134.794	148.738	-1.54077e-05	-2.84709e-06	151.583	86.5	0	2	0	1	
79.4737	0.101579	0.3	1	137.13	141.234	-9.49358e-06	-1.11203e-05	136.043	86.5	0	2	0	1	
79.4737	0.116842	0.3	1	138.918	134.109	-3.18765e-05	2.72691e-06	123.593	86.5	0	2	0	1	
79.4737	0.132105	0.3	1	140.347	128.109	-2.39033e-05	-5.88123e-06	113.281	86.5	0	2	0	1	
79.4737	0.147368	0.3	1	141.522	122.759	1.2696e-06	1.38489e-05	104.517	86.5	0	2	0	1	
79.4737	0.162632	0.3	1	142.511	117.908	-3.27545e-06	1.25771e-05	96.9125	86.5	0	2	0	1	
79.4737	0.177895	0.3	1	143.356	113.448	-3.87495e-07	1.33645e-05	90.1992	86.5	0	2	0	1	
79.4737	0.193158	0.3	1	144.09	109.301	1.0078e-07	-9.95867e-06	84.1848	86.5	0	2	0	1	
79.4737	0.208421	0.3	1	144.732	105.412	-1.69109e-05	-1.29606e-06	78.7272	86.5	0	2	0	1	
79.4737	0.223684	0.3	1	145.3	101.739	-2.20581e-06	-1.50854e-05	73.7187	86.5	0	2	0	1	
79.4737	0.238947	0.3	1	145.805	98.2492	1.72954e-05	-1.59974e-05	69.0763	86.5	0	2	0	1	
79.4737	0.254211	0.3	1	146.256	94.919	-2.43472e-05	2.03594e-05	64.7372	86.5	0	2	0	1	
79.4737	0.269474	0.3	1	146.66	91.7292	3.08148e-05	5.79262e-06	60.6627	86.5	0	2	0	1	
79.4737	0.284737	0.3	1	147.023	88.6627	2.87817e-05	-1.50355e-05	56.9901	86.5	0	2	0	1	
79.4737	0.3	0.3	1	147.349	85.7099	-2.50906e-05	1.95755e-05	52.9151	86.5	0	2	0	1	
85.2632	0.01	0.3	1	94.6791	-219.842	1.54946e-05	-5.65137e-06	415.062	86.5	0	2	0	1	
85.2632	0.0252632	0.3	1	130.411	161.683	-4.03568e-06	2.7395e-06	234.136	86.5	0	2	0	1	
85.2632	0.0405263	0.3	3	138.136	137.458	-1.05508e-06	-1.92775e-05	169.999	86.5	0	2	0	1	
85.2632	0.0557895	0.3	1	141.676	122.28	-4.1981e-06	2.38794e-05	135.031	86.5	0	2	0	1	
85.2632	0.0710526	0.3	1	143.767	111.4	7.72624e-06	9.54913e-06	111.975	86.5	0	2	0	1	
85.2632	0.0863158	0.3	1	145.167	102.707	-2.42076e-05	-7.35083e-06	95.0239	86.5	0	2	0	1	
85.2632	0.101579	0.3	1	146.175	95.4145	-5.70096e-06	1.93862e-05	81.6273	86.5	0	2	0	1	
85.2632	0.116842	0.3	1	146.934	89.079	-1.53414e-05	-1.01518e-05	70.4028	86.5	0	2	0	1	
85.2632	0.132105	0.3	1	147.513	83.5026	-1.82762e-06	-6.31828e-06	60.3167	86.5	0	2	0	1	
85.2632	0.147368	0.3	8	145.536	100.665	-2.72745e-06	5.76204e-06	45.1543	86.5	0	2	0	1	
85.2632	0.162632	0.3	1	148.278	74.5423	-1.22102e-05	7.25948e-06	41.5917	86.5	0	2	0	1	
85.2632	0.177895	0.3	3	148.497	71.4845	-6.30625e-06	-1.28165e-05	31.2483	86.5	0	2	0	1	
85.2632	0.193158	0.3	1	148.615	69.8545	2.22141e-05	8.14475e-06	15.3483	86.5	0	2	0	1	
85.2632	0.208421	0.3	1	148.643	69.762	-3.16079e-06	8.64655e-06	2.35288e-05	86.5	0	2	0	1	
85.2632	0.223684	0.3	1	148.68	69.4806	-3.16929e-06	-4.78781e-06	5.93388e-06	86.5	0	2	0	1	
85.2632	0.238947	0.3	1	148.708	69.3545	-1.87636e-05	6.04736e-06	3.50226e-05	86.5	0	2	0	1	
85.2632	0.254211	0.3	1	148.735	69.2397	-1.99843e-05	-8.8505e-06	-3.66907e-05	86.5	0	2	0	1	
85.2632	0.269474	0.3	1	148.761	69.1342	-4.12539e-06	3.14241e-06	7.52523e-06	86.5	0	2	0	1	
85.2632	0.284737	0.3	1	148.786	69.0367	1.5789e-05	-2.03607e-06	-3.02748e-05	86.5	0	2	0	1	
85.2632	0.3	0.3	1	148.809	68.946	4.71853e-06	8.14809e-06	-1.01746e-07	86.5	0	2	0	1	
91.0526	0.01	0.3	1	148.557	69.9604	-7.38102e-06	-3.95717e-06	9.20275e-06	86.5	0	2	0	1	
91.0526	0.0252632	0.3	1	148.588	69.8044	-1.59601e-05	-1.75003e-05	4.12637e-05	86.5	0	2	0	1	
91.0526	0.0405263	0.3	1	148.618	69.6647	2.20022e-05	-1.21303e-05	5.49176e-05	86.5	0	2	0	1	
91.0526	0.0557895	0.3	1	148.647	69.5378	-3.82943e-07	5.0693e-06	-4.40993e-06	86.5	0	2	0	1	
91.0526	0.0710526	0.3	1	148.674	69.4214	1.04517e-05	-1.22507e-05	-3.41202e-05	86.5	0	2	0	1	
91.0526	0.0863158	0.3	1	148.7	69.3138	-8.7333e-06	-4.77389e-06	-1.65969e-05	86.5	0	2	0	1	
91.0526	0.101579	0.3	1	148.725	69.2136	2.44948e-06	8.06532e-06	1.93258e-05	86.5	0	2	0	1	
91.0526	0.116842	0.3	1	148.749	69.1196	1.30866e-05	7.23892e-06	-3.20351e-05	86.5	0	2	0	1	
91.0526	0.132105	0.3	1	148.772	69.0311	1.47542e-05	-5.90223e-06	-1.60797e-05	86.5	0	2	0	1	
91.0526	0.147368	0.3	1	148.794	68.9473	2.19245e-05	-1.23545e-05	4.74935e-06	86.5	0	2	0	1	
91.0526	0.162632	0.3	1	148.816	68.8677	-3.60415e-06	-9.07779e-06	6.40934e-06	86.5	0	2	0	1	
91.0526	0.177895	0.3	1	148.838	68.7917	-7.44029e-06	2.24289e-05	7.72816e-06	86.5	0	2	0	1	
91.0526	0.193158	0.3	1	148.858	68.719	6.97951e-06	-2.31101e-05	-2.05261e-05	86.5	0	2	0	1	
91.0526	0.208421	0.3	1	148.879	68.6498	8.22654e-06	-1.62404e-05	4.83064e-06	86.5	0	2	0	1	
91.0526	0.223684	0.3	1	148.898	68.5837	1.26655e-05	-2.10033e-06	1.50903e-05	86.5	0	2	0	1	
91.0526	0.238947	0.3	1	148.917	68.521	1.52433e-06	2.09389e-05	-2.60893e-05	86.5	0	2	0	1	
91.0526	0.254211	0.3	1	148.936	68.4613	-1.38332e-05	1.59081e-05	-1.48554e-05	86.5	0	2	0	1	
91.0526	0.269474	0.3	1	148.955	68.4049	-1.57021e-05	3.44892e-06	1.01128e-05	86.5	0	2	0	1	
91.0526	0.284737	0.3	1	148.973	68.3516	1.50052e-05	6.31155e-06	-1.19577e-05	86.5	0	2	0	1	
91.0526	0.3	0.3	1	148.991	68.3017	3.72841e-06	2.70543e-05	-1.09918e-05	86.5	0	2	0	1	
96.8421	0.01	0.3	1	148.798	68.7279	-1.01314e-06	-1.50059e-05	1.60052e-05	86.5	0	2	0	1	
96.8421	0.0252632	0.3	1	148.818	68.6634	1.17209e-05	-1.08662e-05	1.16884e-05	86.5	0	2	0	1	
96.8421	0.0405263	0.3	1	148.837	68.6018	2.7013e-07	-7.50427e-06	-2.4583e-05	86.5	0	2	0	1	
96.8421	0.0557895	0.3	1	148.856	68.5427	-5.94761e-06	8.17043e-06	6.36165e-06	86.5	0	2	0	1	
96.8421	0.0710526	0.3	1	148.875	68.4861	1.77365e-05	-1.05336e-05	-1.27751e-05	86.5	0	2	0	1	
96.8421	0.0863158	0.3	1	148.893	68.4316	-1.17674e-05	1.06838e-05	-5.88154e-06	86.5	0	2	0	1	
96.8421	0.101579	0.3	1	148.911	68.3791	4.83377e-06	1.45781e-05	-2.16131e-06	86.5	0	2	0	1	
96.8421	0.116842	0.3	1	148.928	68.3287	9.54638e-07	1.26349e-05	1.58965e-05	86.5	0	2	0	1	
96.8421	0.132105	0.3	1	148.945	68.2799	-7.00888e-06	2.64738e-05	5.39222e-06	86.5	0	2	0	1	
96.8421	0.147368	0.3	1	148.962	68.2326	6.79711e-06	1.34211e-05	-1.51326e-05	86.5	0	2	0	1	
96.8421	0.162632	0.3	1	148.979	68.1869	-2.19576e-06	2.20278e-05	2.67597e-06	86.5	0	2	0	1	
96.8421	0.177895	0.3	1	148.995	68.1427	-4.73613e-06	1.90999e-06	-1.63881e-05	86.5	0	2	0	1	
96.8421	0.193158	0.3	1	149.011	68.0997	6.15919e-06	1.21925e-05	-1.82424e-06	86.5	0	2	0	1	
96.8421	0.208421	0.3	1	149.027	68.0579	-3.74655e-06	-3.26013e-06	1.3698e-05	86.5	0	2	0	1	
96.8421	0.223684	0.3	1	149.043	68.0174	-1.1886e-06	-3.89205e-06	-7.28507e-06	86.5	0	2	0	1	
96.8421	0.238947	0.3	1	149.058	67.9779	1.14264e-05	-6.73729e-06	-1.58457e-05	86.5	0	2	0	1	
96.8421	0.254211	0.3	1	149.073	67.9395	-1.32488e-05	1.03695e-05	-5.80376e-06	86.5	0	2	0	1	
96.8421	0.269474	0.3	1	149.088	67.902	-3.07296e-06	1.80113e-05	2.00236e-05	86.5	0	2	0	1	
96.8421	0.284737	0.3	1	149.103	67.8655	2.70521e-06	-1.48467e-05	2.62289e-06	86.5	0	2	0	1	
96.8421	0.3	0.3	1	149.117	67.8298	-1.37514e-05	-8.65567e-06	-1.72364e-05	86.5	0	2	0	1	
102.632	0.01	0.3	1	148.959	68.222	8.41136e-06	1.90388e-05	-6.32193e-06	86.5	0	2	0	1	
102.632	0.0252632	0.3	1	148.974	68.1811	-1.38359e-05	-1.77909e-05	-1.86061e-05	86.5	0	2	0	1	
102.632	0.0405263	0.3	1	148.99	68.1411	-2.3278e-06	1.57801e-06	6.88243e-07	86.5	0	2	0	1	
102.632	0.0557895	0.3	1	149.005	68.1023	-2.42994e-06	-9.14132e-06	-1.02989e-05	86.5	0	2	0	1	
102.632	0.0710526	0.3	1	149.02	68.0644	-7.01469e-06	1.92464e-06	-9.17919e-06	86.5	0	2	0	1	
102.632	0.0863158	0.3	1	149.034	68.0274	6.49886e-06	2.28295e-06	1.87677e-06	86.5	0	2	0	1	
102.632	0.101579	0.3	1	149.049	67.9912	-1.36135e-07	-6.79644e-06	5.46321e-06	86.5	0	2	0	1	
102.632	0.116842	0.3	1	149.063	67.956	-7.76478e-06	1.54658e-05	2.60124e-07	86.5	0	2	0	1	
102.632	0.132105	0.3	1	149.077	67.9215	1.05296e-05	-6.77765e-06	3.71426e-07	86.5	0	2	0	1	
102.632	0.147368	0.3	1	149.091	67.8878	-6.41603e-07	-1.96387e-05	-9.42328e-06	86.5	0	2	0	1	
102.632	0.162632	0.3	1	149.105	67.8548	7.21539e-06	-2.06871e-05	-1.2488e-05	86.5	0	2	0	1	
102.632	0.177895	0.3	1	149.119	67.8225	4.98891e-06	8.96899e-06	7.34752e-06	86.5	0	2	0	1	
102.632	0.193158	0.3	1	149.132	67.7909	7.61793e-06	4.17718e-06	2.2852e-05	86.5	0	2	0	1	
102.632	0.208421	0.3	1	149.145	67.7598	1.62175e-05	-2.33498e-05	6.16571e-06	86.5	0	2	0	1	
102.632	0.223684	0.3	1	149.159	67.7294	-8.57846e-06	-1.43422e-05	-1.29134e-06	86.5	0	2	0	1	
102.632	0.238947	0.3	1	149.172	67.6996	3.74312e-07	2.00571e-05	9.5458e-06	86.5	0	2	0	1	
102.632	0.254211	0.3	1	149.185	67.6703	6.54117e-06	-2.63725e-05	-3.07015e-05	86.5	0	2	0	1	
102.632	0.269474	0.3	1	149.197	67.6415	1.05821e-06	-1.79698e-05	-1.11874e-05	86.5	0	2	0	1	
102.632	0.284737	0.3	1	149.21	67.6132	9.98363e-06	-2.56517e-05	-1.17739e-05	86.5	0	2	0	1	
102.632	0.3	0.3	1	149.223	67.5855	-4.38959e-06	2.40988e-05	4.92202e-06	86.5	0	2	0	1	
108.421	0.01	0.3	1	149.09	67.8597	-6.07064e-06	2.52778e-05	6.22833e-07	86.5	0	2	0	1	
108.421	0.0252632	0.3	1	149.103	67.8294	3.19943e-06	1.37561e-05	1.10371e-05	86.5	0	2	0	1	
108.421	0.0405263	0.3	1	149.116	67.7998	-5.93776e-06	2.69148e-05	1.50323e-05	86.5	0	2	0	1	
108.421	0.0557895	0.3	1	149.128	67.7706	-3.77678e-06	-1.36385e-05	1.80904e-06	86.5	0	2	0	1	
108.421	0.0710526	0.3	1	149.141	67.742	-3.44857e-06	2.46371e-05	7.64322e-06	86.5	0	2	0	1	
108.421	0.0863158	0.3	1	149.154	67.7139	1.22686e-05	2.0924e-05	-1.46376e-05	86.5	0	2	0	1	
108.421	0.101579	0.3	1	149.166	67.6862	-4.35668e-06	-4.17933e-06	-9.86856e-06	86.5	0	2	0	1	
108.421	0.116842	0.3	1	149.178	67.659	-5.97287e-06	3.99068e-06	-4.52449e-06	86.5	0	2	0	1	
108.421	0.132105	0.3	1	149.191	67.6322	1.88053e-05	2.71964e-05	3.93061e-06	86.5	0	2	0	1	
108.421	0.147368	0.3	1	149.203	67.606	-9.38944e-06	9.64519e-06	4.81491e-06	86.5	0	2	0	1	
108.421	0.162632	0.3	1	149.215	67.58	-1.0966e-05	-2.17941e-05	1.28285e-05	86.5	0	2	0	1	
108.421	0.177895	0.3	1	149.226	67.5545	-9.66875e-06	-2.49241e-05	-6.60098e-06	86.5	0	2	0	1	
108.421	0.193158	0.3	1	149.238	67.5294	-7.14075e-06	-1.42533e-05	7.63118e-06	86.5	0	2	0	1	
108.421	0.208421	0.3	1	149.25	67.5046	4.05599e-06	-1.1598e-05	1.00802e-06	86.5	0	2	0	1	
108.421	0.223684	0.3	1	149.261	67.4803	-5.69406e-06	-2.28541e-05	-6.14551e-06	86.5	0	2	0	1	
108.421	0.238947	0.3	1	149.273	67.4562	1.29774e-06	2.3017e-05	8.09514e-06	86.5	0	2	0	1	
108.421	0.254211	0.3	1	149.284	67.4325	-7.05022e-06	-5.02156e-06	-1.84268e-05	86.5	0	2	0	1	
108.421	0.269474	0.3	1	149.295	67.4091	-1.20383e-06	-5.7879e-06	8.90981e-06	86.5	0	2	0	1	
108.421	0.284737	0.3	1	149.307	67.3861	-1.0961e-05	-1.57385e-05	-2.1016e-05	86.5	0	2	0	1	
108.421	0.3	0.3	1	149.318	67.3633	1.52896e-05	2.31487e-05	2.78396e-06	86.5	0	2	0	1	
114.211	0.01	0.3	1	149.202	67.5782	-7.66927e-06	-1.63091e-05	-5.35967e-06	86.5	0	2	0	1	
114.211	0.0252632	0.3	1	149.213	67.5541	-8.13299e-06	1.48235e-05	4.48271e-06	86.5	0	2	0	1	
114.211	0.0405263	0.3	1	149.224	67.5304	-1.54785e-06	-1.59484e-05	1.53168e-06	86.5	0	2	0	1	
114.211	0.0557895	0.3	1	149.235	67.507	-9.91364e-07	-8.99014e-06	-1.25816e-05	86.5	0	2	0	1	
114.211	0.0710526	0.3	1	149.247	67.4839	-2.37311e-06	2.38143e-06	-1.18258e-05	86.5	0	2	0	1	
114.211	0.0863158	0.3	1	149.258	67.4611	-4.65575e-06	2.05732e-05	-1.46419e-06	86.5	0	2	0	1	
114.211	0.101579	0.3	1	149.269	67.4386	-3.62386e-06	-8.19835e-06	1.54081e-05	86.5	0	2	0	1	
114.211	0.116842	0.3	1	149.279	67.4164	3.45822e-07	8.85898e-06	6.48309e-06	86.5	0	2	0	1	
114.211	0.132105	0.3	1	149.29	67.3946	-9.63284e-06	1.25139e-05	-4.31189e-07	86.5	0	2	0	1	
114.211	0.147368	0.3	1	149.301	67.3729	1.13581e-05	1.4673e-05	-7.08095e-07	86.5	0	2	0	1	
114.211	0.162632	0.3	1	149.311	67.3515	6.93381e-06	2.6324e-06	-2.63354e-06	86.5	0	2	0	1	
114.211	0.177895	0.3	1	149.322	67.3304	4.66023e-06	7.6966e-06	9.53434e-06	86.5	0	2	0	1	
114.211	0.193158	0.3	1	149.333	67.3095	-1.02447e-05	-1.95702e-05	-5.83659e-07	86.5	0	2	0	1	
114.211	0.208421	0.3	1	149.343	67.2889	-1.13801e-05	-7.90866e-06	1.18676e-06	86.5	0	2	0	1	
114.211	0.223684	0.3	1	149.353	67.2686	-4.52586e-06	-2.89845e-06	1.1135e-06	86.5	0	2	0	1	
114.211	0.238947	0.3	1	149.364	67.2484	3.5541e-06	1.70098e-05	2.91513e-06	86.5	0	2	0	1	
114.211	0.254211	0.3	1	149.374	67.2285	-4.27966e-06	-6.90759e-06	-6.5871e-06	86.5	0	2	0	1	
114.211	0.269474	0.3	1	149.384	67.2088	1.5446e-06	-2.25151e-05	-2.56582e-06	86.5	0	2	0	1	
114.211	0.284737	0.3	1	149.394	67.1893	1.14959e-05	-8.60585e-06	-1.38349e-05	86.5	0	2	0	1	
114.211	0.3	0.3	1	149.404	67.17	-6.5495e-07	1.77416e-05	2.6333e-06	86.5	0	2	0	1	
120	0.01	0.3	1	149.3	67.3461	-1.37415e-05	1.25516e-05	-4.76622e-06	86.5	0	2	0	1	
120	0.0252632	0.3	1	149.31	67.326	4.73572e-06	2.6966e-05	2.57091e-06	86.5	0	2	0	1	
120	0.0405263	0.3	1	149.321	67.3062	-4.02836e-06	2.42471e-05	1.84654e-06	86.5	0	2	0	1	
120	0.0557895	0.3	1	149.331	67.2866	1.92391e-06	1.41037e-05	2.75104e-06	86.5	0	2	0	1	
120	0.0710526	0.3	1	149.341	67.2672	6.28768e-07	2.02847e-05	9.74411e-06	86.5	0	2	0	1	
120	0.0863158	0.3	1	149.35	67.2481	3.29788e-06	2.6639e-05	8.46777e-06	86.5	0	2	0	1	
120	0.101579	0.3	1	149.36	67.2291	1.52633e-06	-4.94457e-06	-1.57598e-05	86.5	0	2	0	1	
120	0.116842	0.3	1	149.37	67.2103	8.56177e-07	2.89433e-05	5.46912e-06	86.5	0	2	0	1	
120	0.132105	0.3	1	149.38	67.1918	-1.24194e-05	1.48404e-05	-1.34345e-05	86.5	0	2	0	1	
120	0.147368	0.3	1	149.389	67.1734	-1.50151e-06	2.96779e-06	1.02794e-05	86.5	0	2	0	1	
120	0.162632	0.3	1	149.399	67.1551	3.2784e-06	1.64725e-05	-1.57092e-05	86.5	0	2	0	1	
120	0.177895	0.3	1	149.409	67.1371	1.02515e-06	2.39675e-05	7.51989e-07	86.5	0	2	0	1	
120	0.193158	0.3	1	149.418	67.1193	3.93115e-06	-1.40102e-05	5.98801e-06	86.5	0	2	0	1	
120	0.208421	0.3	1	149.428	67.1016	1.59597e-06	-1.19217e-05	-1.56328e-05	86.5	0	2	0	1	
120	0.223684	0.3	1	149.437	67.0842	-5.29109e-07	1.4324e-05	-1.41954e-05	86.5	0	2	0	1	
120	0.238947	0.3	1	149.446	67.0667	-9.6975e-06	6.45929e-06	1.39263e-05	86.5	0	2	0	1	
120	0.254211	0.3	1	149.456	67.0496	7.59432e-06	-1.27519e-06	1.8639e-06	86.5	0	2	0	1	
120	0.269474	0.3	1	149.465	67.0325	-9.69545e-06	-5.90973e-06	-7.22478e-06	86.5	0	2	0	1	
120	0.284737	0.3	1	149.474	67.0157	1.24844e-05	-7.63149e-06	2.76618e-06	86.5	0	2	0	1	
120	0.3	0.3	1	149.483	66.9988	8.55596e-06	-1.53993e-05	3.55702e-06	86.5	0	2	0	1	
