10	0.1	0.1	-3	0	0	0	0	0	346	0	2	0	1	
10	0.1	0.121053	-3	0	0	0	0	0	346	0	2	0	1	
10	0.1	0.142105	-3	0	0	0	0	0	346	0	2	0	1	
10	0.1	0.163158	-3	0	0	0	0	0	346	0	2	0	1	
10	0.1	0.184211	-3	0	0	0	0	0	346	0	2	0	1	
10	0.1	0.205263	-3	0	0	0	0	0	346	0	2	0	1	
10	0.1	0.226316	-3	0	0	0	0	0	346	0	2	0	1	
10	0.1	0.247368	-2	0	0	0	0	0	346	0	2	0	1	
10	0.1	0.268421	-2	0	0	0	0	0	346	0	2	0	1	
10	0.1	0.289474	-2	0	0	0	0	0	346	0	2	0	1	
10	0.1	0.310526	-2	0	0	0	0	0	346	0	2	0	1	
10	0.1	0.331579	-2	0	0	0	0	0	346	0	2	0	1	
10	0.1	0.352632	-2	0	0	0	0	0	346	0	2	0	1	
10	0.1	0.373684	-3	0	0	0	0	0	346	0	2	0	1	
10	0.1	0.394737	-3	0	0	0	0	0	346	0	2	0	1	
10	0.1	0.415789	-3	0	0	0	0	0	346	0	2	0	1	
10	0.1	0.436842	-3	0	0	0	0	0	346	0	2	0	1	
10	0.1	0.457895	-3	0	0	0	0	0	346	0	2	0	1	
10	0.1	0.478947	-3	0	0	0	0	0	346	0	2	0	1	
10	0.1	0.5	-3	0	0	0	0	0	346	0	2	0	1	
15.7895	0.1	0.1	-3	0	0	0	0	0	346	0	2	0	1	
15.7895	0.1	0.121053	-3	0	0	0	0	0	346	0	2	0	1	
15.7895	0.1	0.142105	-3	0	0	0	0	0	346	0	2	0	1	
15.7895	0.1	0.163158	-3	0	0	0	0	0	346	0	2	0	1	
15.7895	0.1	0.184211	-3	0	0	0	0	0	346	0	2	0	1	
15.7895	0.1	0.205263	-3	0	0	0	0	0	346	0	2	0	1	
15.7895	0.1	0.226316	-3	0	0	0	0	0	346	0	2	0	1	
15.7895	0.1	0.247368	-2	0	0	0	0	0	346	0	2	0	1	
15.7895	0.1	0.268421	-2	0	0	0	0	0	346	0	2	0	1	
15.7895	0.1	0.289474	-2	0	0	0	0	0	346	0	2	0	1	
15.7895	0.1	0.310526	-2	0	0	0	0	0	346	0	2	0	1	
15.7895	0.1	0.331579	-2	0	0	0	0	0	346	0	2	0	1	
15.7895	0.1	0.352632	-2	0	0	0	0	0	346	0	2	0	1	
15.7895	0.1	0.373684	-2	0	0	0	0	0	346	0	2	0	1	
15.7895	0.1	0.394737	-3	0	0	0	0	0	346	0	2	0	1	
15.7895	0.1	0.415789	-3	0	0	0	0	0	346	0	2	0	1	
15.7895	0.1	0.436842	-3	0	0	0	0	0	346	0	2	0	1	
15.7895	0.1	0.457895	-3	0	0	0	0	0	346	0	2	0	1	
15.7895	0.1	0.478947	-2	0	0	0	0	0	346	0	2	0	1	
15.7895	0.1	0.5	-3	0	0	0	0	0	346	0	2	0	1	
21.5789	0.1	0.1	-3	0	0	0	0	0	346	0	2	0	1	
21.5789	0.1	0.121053	-3	0	0	0	0	0	346	0	2	0	1	
21.5789	0.1	0.142105	-3	0	0	0	0	0	346	0	2	0	1	
21.5789	0.1	0.163158	-3	0	0	0	0	0	346	0	2	0	1	
21.5789	0.1	0.184211	-3	0	0	0	0	0	346	0	2	0	1	
21.5789	0.1	0.205263	-3	0	0	0	0	0	346	0	2	0	1	
21.5789	0.1	0.226316	-3	0	0	0	0	0	346	0	2	0	1	
21.5789	0.1	0.247368	1	49.6692	243.271	2.11092e-06	-6.4724e-06	263.34	346	0	2	0	1	
21.5789	0.1	0.268421	-2	0	0	0	0	0	346	0	2	0	1	
21.5789	0.1	0.289474	-2	0	0	0	0	0	346	0	2	0	1	
21.5789	0.1	0.310526	-2	0	0	0	0	0	346	0	2	0	1	
21.5789	0.1	0.331579	-2	0	0	0	0	0	346	0	2	0	1	
21.5789	0.1	0.352632	-2	0	0	0	0	0	346	0	2	0	1	
21.5789	0.1	0.373684	-2	0	0	0	0	0	346	0	2	0	1	
21.5789	0.1	0.394737	-3	0	0	0	0	0	346	0	2	0	1	
21.5789	0.1	0.415789	-2	0	0	0	0	0	346	0	2	0	1	
21.5789	0.1	0.436842	-3	0	0	0	0	0	346	0	2	0	1	
21.5789	0.1	0.457895	-3	0	0	0	0	0	346	0	2	0	1	
21.5789	0.1	0.478947	-3	0	0	0	0	0	346	0	2	0	1	
21.5789	0.1	0.5	-3	0	0	0	0	0	346	0	2	0	1	
27.3684	0.1	0.1	-3	0	0	0	0	0	346	0	2	0	1	
27.3684	0.1	0.121053	-3	0	0	0	0	0	346	0	2	0	1	
27.3684	0.1	0.142105	-3	0	0	0	0	0	346	0	2	0	1	
27.3684	0.1	0.163158	-3	0	0	0	0	0	346	0	2	0	1	
27.3684	0.1	0.184211	-3	0	0	0	0	0	346	0	2	0	1	
27.3684	0.1	0.205263	-3	0	0	0	0	0	346	0	2	0	1	
27.3684	0.1	0.226316	1	84.5378	228.503	2.44407e-05	5.20345e-06	242.195	346	0	2	0	1	
27.3684	0.1	0.247368	1	64.5862	239.175	8.40315e-05	1.04579e-05	256.887	346	0	2	0	1	
27.3684	0.1	0.268421	-2	0	0	0	0	0	346	0	2	0	1	
27.3684	0.1	0.289474	-2	0	0	0	0	0	346	0	2	0	1	
27.3684	0.1	0.310526	-2	0	0	0	0	0	346	0	2	0	1	
27.3684	0.1	0.331579	-2	0	0	0	0	0	346	0	2	0	1	
27.3684	0.1	0.352632	-2	0	0	0	0	0	346	0	2	0	1	
27.3684	0.1	0.373684	-2	0	0	0	0	0	346	0	2	0	1	
27.3684	0.1	0.394737	-2	0	0	0	0	0	346	0	2	0	1	
27.3684	0.1	0.415789	-2	0	0	0	0	0	346	0	2	0	1	
27.3684	0.1	0.436842	-3	0	0	0	0	0	346	0	2	0	1	
27.3684	0.1	0.457895	-3	0	0	0	0	0	346	0	2	0	1	
27.3684	0.1	0.478947	-3	0	0	0	0	0	346	0	2	0	1	
27.3684	0.1	0.5	-3	0	0	0	0	0	346	0	2	0	1	
33.1579	0.1	0.1	-3	0	0	0	0	0	346	0	2	0	1	
33.1579	0.1	0.121053	-3	0	0	0	0	0	346	0	2	0	1	
33.1579	0.1	0.142105	-3	0	0	0	0	0	346	0	2	0	1	
33.1579	0.1	0.163158	-3	0	0	0	0	0	346	0	2	0	1	
33.1579	0.1	0.184211	-3	0	0	0	0	0	346	0	2	0	1	
33.1579	0.1	0.205263	-3	0	0	0	0	0	346	0	2	0	1	
33.1579	0.1	0.226316	1	93.0403	221.677	1.6462e-05	-1.15359e-06	233.532	346	0	2	0	1	
33.1579	0.1	0.247368	1	77.0946	233.311	1.97282e-05	2.45261e-06	248.685	346	0	2	0	1	
33.1579	0.1	0.268421	1	50.7669	243.085	2.75495e-05	-2.17631e-05	263.164	346	0	2	0	1	
33.1579	0.1	0.289474	-2	0	0	0	0	0	346	0	2	0	1	
33.1579	0.1	0.310526	-2	0	0	0	0	0	346	0	2	0	1	
33.1579	0.1	0.331579	-2	0	0	0	0	0	346	0	2	0	1	
33.1579	0.1	0.352632	-2	0	0	0	0	0	346	0	2	0	1	
33.1579	0.1	0.373684	-2	0	0	0	0	0	346	0	2	0	1	
33.1579	0.1	0.394737	-3	0	0	0	0	0	346	0	2	0	1	
33.1579	0.1	0.415789	-3	0	0	0	0	0	346	0	2	0	1	
33.1579	0.1	0.436842	-3	0	0	0	0	0	346	0	2	0	1	
33.1579	0.1	0.457895	-2	0	0	0	0	0	346	0	2	0	1	
33.1579	0.1	0.478947	-3	0	0	0	0	0	346	0	2	0	1	
33.1579	0.1	0.5	-3	0	0	0	0	0	346	0	2	0	1	
38.9474	0.1	0.1	-3	0	0	0	0	0	346	0	2	0	1	
38.9474	0.1	0.121053	-3	0	0	0	0	0	346	0	2	0	1	
38.9474	0.1	0.142105	-3	0	0	0	0	0	346	0	2	0	1	
38.9474	0.1	0.163158	-3	0	0	0	0	0	346	0	2	0	1	
38.9474	0.1	0.184211	-3	0	0	0	0	0	346	0	2	0	1	
38.9474	0.1	0.205263	-3	0	0	0	0	0	346	0	2	0	1	
38.9474	0.1	0.226316	1	101.756	212.885	1.40025e-05	2.61651e-05	222.758	346	0	2	0	1	
38.9474	0.1	0.247368	1	88.5247	225.52	-1.06668e-05	-5.8302e-06	238.543	346	0	2	0	1	
38.9474	0.1	0.268421	1	70.5373	236.717	5.38679e-06	3.90693e-06	253.548	346	0	2	0	1	
38.9474	0.1	0.289474	1	28.6997	-245.379	-2.82027e-06	4.57115e-06	267.848	346	0	2	0	1	
38.9474	0.1	0.310526	-2	0	0	0	0	0	346	0	2	0	1	
38.9474	0.1	0.331579	-2	0	0	0	0	0	346	0	2	0	1	
38.9474	0.1	0.352632	-2	0	0	0	0	0	346	0	2	0	1	
38.9474	0.1	0.373684	-2	0	0	0	0	0	346	0	2	0	1	
38.9474	0.1	0.394737	-3	0	0	0	0	0	346	0	2	0	1	
38.9474	0.1	0.415789	-3	0	0	0	0	0	346	0	2	0	1	
38.9474	0.1	0.436842	-3	0	0	0	0	0	346	0	2	0	1	
38.9474	0.1	0.457895	-2	0	0	0	0	0	346	0	2	0	1	
38.9474	0.1	0.478947	-2	0	0	0	0	0	346	0	2	0	1	
38.9474	0.1	0.5	-3	0	0	0	0	0	346	0	2	0	1	
44.7368	0.1	0.1	-2	0	0	0	0	0	346	0	2	0	1	
44.7368	0.1	0.121053	-3	0	0	0	0	0	346	0	2	0	1	
44.7368	0.1	0.142105	-3	0	0	0	0	0	346	0	2	0	1	
44.7368	0.1	0.163158	-3	0	0	0	0	0	346	0	2	0	1	
44.7368	0.1	0.184211	-3	0	0	0	0	0	346	0	2	0	1	
44.7368	0.1	0.205263	-2	0	0	0	0	0	346	0	2	0	1	
44.7368	0.1	0.226316	1	110.557	201.776	6.43752e-06	-2.41621e-05	209.535	346	0	2	0	1	
44.7368	0.1	0.247368	1	99.3143	215.543	1.05379e-05	-3.29711e-05	226.184	346	0	2	0	1	
44.7368	0.1	0.268421	1	85.3129	227.978	-4.37341e-06	-7.06469e-05	241.893	346	0	2	0	1	
44.7368	0.1	0.289474	1	65.4639	238.878	4.55645e-06	-2.10569e-05	256.831	346	0	2	0	1	
44.7368	0.1	0.310526	-2	0	0	0	0	0	346	0	2	0	1	
44.7368	0.1	0.331579	-2	0	0	0	0	0	346	0	2	0	1	
44.7368	0.1	0.352632	-2	0	0	0	0	0	346	0	2	0	1	
44.7368	0.1	0.373684	-2	0	0	0	0	0	346	0	2	0	1	
44.7368	0.1	0.394737	-3	0	0	0	0	0	346	0	2	0	1	
44.7368	0.1	0.415789	-2	0	0	0	0	0	346	0	2	0	1	
44.7368	0.1	0.436842	-3	0	0	0	0	0	346	0	2	0	1	
44.7368	0.1	0.457895	-3	0	0	0	0	0	346	0	2	0	1	
44.7368	0.1	0.478947	-3	0	0	0	0	0	346	0	2	0	1	
44.7368	0.1	0.5	-2	0	0	0	0	0	346	0	2	0	1	
50.5263	0.1	0.1	1	153.434	52.0089	1.11691e-05	1.14825e-05	-3.03407e-05	346	0	2	0	1	
50.5263	0.1	0.121053	1	152.506	65.2471	-0.000142942	-1.08307e-05	51.5031	346	0	2	0	1	
50.5263	0.1	0.142105	-2	0	0	0	0	0	346	0	2	0	1	
50.5263	0.1	0.163158	-2	0	0	0	0	0	346	0	2	0	1	
50.5263	0.1	0.184211	-2	0	0	0	0	0	346	0	2	0	1	
50.5263	0.1	0.205263	-2	0	0	0	0	0	346	0	2	0	1	
50.5263	0.1	0.226316	1	119.356	187.841	8.56114e-06	3.86346e-06	193.338	346	0	2	0	1	
50.5263	0.1	0.247368	1	109.65	202.998	-1.1768e-06	-1.73001e-07	211.178	346	0	2	0	1	
50.5263	0.1	0.268421	1	98.147	216.745	-2.63293e-06	1.28932e-05	227.868	346	0	2	0	1	
50.5263	0.1	0.289474	1	83.6909	-229.137	1.09918e-05	-1.64525e-06	243.616	346	0	2	0	1	
50.5263	0.1	0.310526	1	62.6472	239.917	-8.75302e-05	-1.72052e-05	258.563	346	0	2	0	1	
50.5263	0.1	0.331579	-2	0	0	0	0	0	346	0	2	0	1	
50.5263	0.1	0.352632	-2	0	0	0	0	0	346	0	2	0	1	
50.5263	0.1	0.373684	-2	0	0	0	0	0	346	0	2	0	1	
50.5263	0.1	0.394737	-2	0	0	0	0	0	346	0	2	0	1	
50.5263	0.1	0.415789	-3	0	0	0	0	0	346	0	2	0	1	
50.5263	0.1	0.436842	-2	0	0	0	0	0	346	0	2	0	1	
50.5263	0.1	0.457895	-3	0	0	0	0	0	346	0	2	0	1	
50.5263	0.1	0.478947	-3	0	0	0	0	0	346	0	2	0	1	
50.5263	0.1	0.5	-3	0	0	0	0	0	346	0	2	0	1	
56.3158	0.1	0.1	1	153.479	51.9587	1.9235e-05	-6.32858e-06	-5.00695e-06	346	0	2	0	1	
56.3158	0.1	0.121053	1	153.3	51.9945	1.49452e-05	-3.64868e-06	-2.8949e-05	346	0	2	0	1	
56.3158	0.1	0.142105	1	152.596	61.855	-7.59916e-05	-1.05336e-06	45.9719	346	0	2	0	1	
56.3158	0.1	0.163158	-2	0	0	0	0	0	346	0	2	0	1	
56.3158	0.1	0.184211	-2	0	0	0	0	0	346	0	2	0	1	
56.3158	0.1	0.205263	1	135.557	151.093	6.02943e-05	-4.54793e-06	151.541	346	0	2	0	1	
56.3158	0.1	0.226316	1	128.076	170.267	-7.13544e-06	9.47574e-06	173.294	346	0	2	0	1	
56.3158	0.1	0.247368	1	119.616	187.286	-3.3371e-06	2.20678e-05	192.898	346	0	2	0	1	
56.3158	0.1	0.268421	1	109.888	202.614	1.06851e-05	-7.68087e-06	210.962	346	0	2	0	1	
56.3158	0.1	0.289474	1	98.3524	216.508	-2.09809e-05	2.93956e-05	227.819	346	0	2	0	1	
56.3158	0.1	0.310526	1	83.8476	229.024	4.85962e-06	2.01627e-05	243.708	346	0	2	0	1	
56.3158	0.1	0.331579	1	62.7192	239.9	-1.05099e-05	-5.3223e-06	258.75	346	0	2	0	1	
56.3158	0.1	0.352632	-2	0	0	0	0	0	346	0	2	0	1	
56.3158	0.1	0.373684	-2	0	0	0	0	0	346	0	2	0	1	
56.3158	0.1	0.394737	-2	0	0	0	0	0	346	0	2	0	1	
56.3158	0.1	0.415789	-2	0	0	0	0	0	346	0	2	0	1	
56.3158	0.1	0.436842	-3	0	0	0	0	0	346	0	2	0	1	
56.3158	0.1	0.457895	-3	0	0	0	0	0	346	0	2	0	1	
56.3158	0.1	0.478947	-2	0	0	0	0	0	346	0	2	0	1	
56.3158	0.1	0.5	-2	0	0	0	0	0	346	0	2	0	1	
62.1053	0.1	0.1	1	153.514	51.9429	-1.05006e-05	4.12315e-07	-1.17825e-05	346	0	2	0	1	
62.1053	0.1	0.121053	1	153.356	51.9237	2.98174e-06	-2.4054e-05	2.61749e-05	346	0	2	0	1	
62.1053	0.1	0.142105	1	153.177	51.9718	1.00298e-05	-1.29557e-05	-2.45422e-05	346	0	2	0	1	
62.1053	0.1	0.163158	1	152.896	53.7083	6.84101e-07	1.38841e-05	26.6364	346	0	2	0	1	
62.1053	0.1	0.184211	1	148.863	94.9205	1.28518e-05	-2.02146e-06	88.3338	346	0	2	0	1	
62.1053	0.1	0.205263	1	143.167	124.343	4.42632e-05	-3.01957e-05	121.614	346	0	2	0	1	
62.1053	0.1	0.226316	1	136.621	147.646	-4.83308e-05	-2.05117e-06	147.769	346	0	2	0	1	
62.1053	0.1	0.247368	1	129.233	167.41	-5.46451e-06	4.05546e-06	170.235	346	0	2	0	1	
62.1053	0.1	0.268421	1	120.875	184.876	-6.83175e-06	-2.49462e-05	190.36	346	0	2	0	1	
62.1053	0.1	0.289474	1	111.278	200.58	1.80389e-05	6.06077e-06	208.831	346	0	2	0	1	
62.1053	0.1	0.310526	1	99.9402	214.794	1.70901e-05	-1.92497e-05	225.992	346	0	2	0	1	
62.1053	0.1	0.331579	1	85.7991	227.604	7.32525e-06	1.94912e-06	242.134	346	0	2	0	1	
62.1053	0.1	0.352632	1	65.7145	238.802	3.86134e-05	2.2481e-05	257.372	346	0	2	0	1	
62.1053	0.1	0.373684	-2	0	0	0	0	0	346	0	2	0	1	
62.1053	0.1	0.394737	-2	0	0	0	0	0	346	0	2	0	1	
62.1053	0.1	0.415789	-2	0	0	0	0	0	346	0	2	0	1	
62.1053	0.1	0.436842	-2	0	0	0	0	0	346	0	2	0	1	
62.1053	0.1	0.457895	-3	0	0	0	0	0	346	0	2	0	1	
62.1053	0.1	0.478947	-3	0	0	0	0	0	346	0	2	0	1	
62.1053	0.1	0.5	-3	0	0	0	0	0	346	0	2	0	1	
67.8947	0.1	0.1	1	153.544	51.9345	-1.23611e-05	1.85256e-05	-1.5301e-05	346	0	2	0	1	
67.8947	0.1	0.121053	1	153.399	51.9017	-2.28164e-05	1.80311e-05	4.37412e-06	346	0	2	0	1	
67.8947	0.1	0.142105	1	153.241	51.8909	-2.67394e-07	4.80087e-06	2.12159e-05	346	0	2	0	1	
67.8947	0.1	0.163158	1	153.067	51.8537	6.9289e-06	5.56022e-06	2.44834e-05	346	0	2	0	1	
67.8947	0.1	0.184211	1	152.852	52.1235	1.07059e-06	-1.31463e-05	-4.94953e-05	346	0	2	0	1	
67.8947	0.1	0.205263	1	150.207	83.8393	3.67128e-05	-1.77052e-05	75.3359	346	0	2	0	1	
67.8947	0.1	0.226316	1	144.799	116.497	-3.11353e-05	-1.83008e-05	112.914	346	0	2	0	1	
67.8947	0.1	0.247368	1	138.444	141.809	1.03724e-05	2.61212e-06	140.985	346	0	2	0	1	
67.8947	0.1	0.268421	1	131.245	162.253	-1.05728e-05	-1.82061e-05	164.621	346	0	2	0	1	
67.8947	0.1	0.289474	1	123.098	180.473	-2.4519e-05	9.07653e-06	185.565	346	0	2	0	1	
67.8947	0.1	0.310526	1	113.772	196.776	-2.18774e-05	-1.27827e-05	204.673	346	0	2	0	1	
67.8947	0.1	0.331579	1	102.832	211.499	5.45697e-05	-1.99049e-05	222.29	346	0	2	0	1	
67.8947	0.1	0.352632	1	89.3818	224.784	8.32255e-06	8.40632e-06	238.82	346	0	2	0	1	
67.8947	0.1	0.373684	1	71.0508	236.505	2.52944e-05	2.10901e-05	254.375	346	0	2	0	1	
67.8947	0.1	0.394737	1	27.287	245.44	9.25821e-06	6.67843e-06	268.866	346	0	2	0	1	
67.8947	0.1	0.415789	-2	0	0	0	0	0	346	0	2	0	1	
67.8947	0.1	0.436842	-2	0	0	0	0	0	346	0	2	0	1	
67.8947	0.1	0.457895	-3	0	0	0	0	0	346	0	2	0	1	
67.8947	0.1	0.478947	-3	0	0	0	0	0	346	0	2	0	1	
67.8947	0.1	0.5	-3	0	0	0	0	0	346	0	2	0	1	
73.6842	0.1	0.1	1	153.571	51.9302	-6.03222e-06	-2.04294e-05	-2.73708e-06	346	0	2	0	1	
73.6842	0.1	0.121053	1	153.436	51.8895	1.33138e-05	1.42314e-05	9.06794e-07	346	0	2	0	1	
73.6842	0.1	0.142105	1	153.292	51.8631	-1.11486e-05	-1.35817e-05	7.90824e-06	346	0	2	0	1	
73.6842	0.1	0.163158	1	153.135	51.8582	-2.63296e-05	-5.75022e-07	-1.27553e-05	346	0	2	0	1	
73.6842	0.1	0.184211	1	152.965	51.8491	2.66063e-06	-2.62992e-06	-2.64915e-05	346	0	2	0	1	
73.6842	0.1	0.205263	1	152.761	52.0593	-1.82175e-06	1.68325e-05	7.1196e-06	346	0	2	0	1	
73.6842	0.1	0.226316	1	151.825	65.3353	-1.65503e-05	1.1166e-05	51.2359	346	0	2	0	1	
73.6842	0.1	0.247368	1	147.018	104.26	-4.63203e-06	1.50338e-05	99.1684	346	0	2	0	1	
73.6842	0.1	0.268421	1	140.968	132.048	1.32381e-05	-1.35026e-05	130.583	346	0	2	0	1	
73.6842	0.1	0.289474	1	134.052	154.482	1.41113e-05	-1.0927e-05	156.068	346	0	2	0	1	
73.6842	0.1	0.310526	1	126.213	173.825	-1.64688e-05	-1.82667e-06	178.244	346	0	2	0	1	
73.6842	0.1	0.331579	1	117.276	191.002	-3.47827e-05	5.22169e-06	198.26	346	0	2	0	1	
73.6842	0.1	0.352632	1	106.884	-206.452	-4.5871e-05	2.99683e-05	216.557	346	0	2	0	1	
73.6842	0.1	0.373684	1	94.341	220.393	-7.42841e-06	2.70606e-05	233.639	346	0	2	0	1	
73.6842	0.1	0.394737	1	77.9786	232.816	-2.78662e-06	-2.02224e-05	249.654	346	0	2	0	1	
73.6842	0.1	0.415789	1	50.7589	243.148	7.06393e-06	-1.49748e-05	264.638	346	0	2	0	1	
73.6842	0.1	0.436842	-2	0	0	0	0	0	346	0	2	0	1	
73.6842	0.1	0.457895	-2	0	0	0	0	0	346	0	2	0	1	
73.6842	0.1	0.478947	-2	0	0	0	0	0	346	0	2	0	1	
73.6842	0.1	0.5	-2	0	0	0	0	0	346	0	2	0	1	
79.4737	0.1	0.1	1	153.595	51.9284	1.27958e-05	2.26477e-05	6.60374e-06	346	0	2	0	1	
79.4737	0.1	0.121053	1	153.469	51.8828	5.25417e-06	1.47395e-05	-8.85266e-06	346	0	2	0	1	
79.4737	0.1	0.142105	1	153.335	51.8474	7.92025e-07	1.80949e-05	6.19564e-06	346	0	2	0	1	
79.4737	0.1	0.163158	1	153.192	51.8262	1.11501e-05	-1.72032e-05	-1.47016e-07	346	0	2	0	1	
79.4737	0.1	0.184211	1	153.038	51.8249	1.1816e-05	-2.29641e-05	4.04799e-06	346	0	2	0	1	
79.4737	0.1	0.205263	1	152.87	51.8491	-1.28923e-05	-1.17443e-05	-1.77583e-05	346	0	2	0	1	
79.4737	0.1	0.226316	1	152.681	51.9636	-2.1092e-05	1.60826e-05	-1.39028e-05	346	0	2	0	1	
79.4737	0.1	0.247368	1	152.451	52.2705	-1.28104e-06	-2.76968e-06	2.7832e-05	346	0	2	0	1	
79.4737	0.1	0.268421	1	149.652	85.4356	-3.62001e-06	-1.14101e-05	77.4167	346	0	2	0	1	
79.4737	0.1	0.289474	1	144.095	118.365	-2.27018e-05	1.47883e-05	115.382	346	0	2	0	1	
79.4737	0.1	0.310526	1	137.561	143.601	5.74093e-06	1.58038e-05	143.91	346	0	2	0	1	
79.4737	0.1	0.331579	1	130.121	164.528	3.32151e-06	-1.18152e-05	167.953	346	0	2	0	1	
79.4737	0.1	0.352632	1	121.662	182.945	2.9624e-06	-3.1083e-06	189.251	346	0	2	0	1	
79.4737	0.1	0.373684	1	111.917	199.395	2.7235e-05	-5.33034e-06	208.549	346	0	2	0	1	
79.4737	0.1	0.394737	1	100.367	214.209	-2.12321e-05	-2.10213e-05	226.401	346	0	2	0	1	
79.4737	0.1	0.415789	1	85.9063	227.494	2.29436e-06	-1.58572e-07	243.051	346	0	2	0	1	
79.4737	0.1	0.436842	1	65.1951	239.022	2.53268e-05	-5.82915e-06	258.614	346	0	2	0	1	
79.4737	0.1	0.457895	-2	0	0	0	0	0	346	0	2	0	1	
79.4737	0.1	0.478947	-2	0	0	0	0	0	346	0	2	0	1	
79.4737	0.1	0.5	-3	0	0	0	0	0	346	0	2	0	1	
85.2632	0.1	0.1	1	153.618	51.928	4.59364e-06	-7.72818e-06	4.80361e-06	346	0	2	0	1	
85.2632	0.1	0.121053	1	153.499	51.8794	2.54966e-06	1.49351e-06	1.24024e-05	346	0	2	0	1	
85.2632	0.1	0.142105	1	153.374	51.8385	1.99262e-06	2.22345e-05	2.37229e-06	346	0	2	0	1	
85.2632	0.1	0.163158	1	153.242	51.8076	3.22994e-06	-1.36466e-05	1.45191e-05	346	0	2	0	1	
85.2632	0.1	0.184211	1	153.101	51.7901	-5.66501e-06	4.34443e-08	-2.08991e-05	346	0	2	0	1	
85.2632	0.1	0.205263	1	152.949	51.7909	-6.72271e-06	2.43917e-06	1.00379e-05	346	0	2	0	1	
85.2632	0.1	0.226316	1	152.786	51.8164	1.5856e-05	2.46255e-05	-1.44288e-06	346	0	2	0	1	
85.2632	0.1	0.247368	1	152.61	51.802	1.21748e-05	3.023e-06	-1.45812e-05	346	0	2	0	1	
85.2632	0.1	0.268421	1	152.398	52.1456	-2.91538e-05	-1.9402e-06	3.00844e-05	346	0	2	0	1	
85.2632	0.1	0.289474	1	152.014	55.7518	-2.4052e-05	-6.40669e-06	32.7519	346	0	2	0	1	
85.2632	0.1	0.310526	1	147.661	98.2977	1.54897e-05	-1.72904e-05	92.7004	346	0	2	0	1	
85.2632	0.1	0.331579	1	141.656	128.194	-1.4098e-05	3.29498e-07	126.89	346	0	2	0	1	
85.2632	0.1	0.352632	1	134.709	151.897	-2.30603e-05	1.0355e-05	153.933	346	0	2	0	1	
85.2632	0.1	0.373684	1	126.796	172.106	5.74966e-06	-2.97144e-06	177.174	346	0	2	0	1	
85.2632	0.1	0.394737	1	117.744	189.945	1.37015e-06	-1.40834e-05	197.89	346	0	2	0	1	
85.2632	0.1	0.415789	1	107.199	205.924	3.45701e-05	-1.46958e-05	216.812	346	0	2	0	1	
85.2632	0.1	0.436842	1	94.4345	220.253	-6.33298e-06	5.61618e-06	234.329	346	0	2	0	1	
85.2632	0.1	0.457895	1	77.7161	232.971	-1.01081e-08	-1.741e-05	250.64	346	0	2	0	1	
85.2632	0.1	0.478947	1	49.3567	243.43	1.75947e-05	8.30845e-06	265.751	346	0	2	0	1	
85.2632	0.1	0.5	-2	0	0	0	0	0	346	0	2	0	1	
91.0526	0.1	0.1	1	153.64	51.9287	-9.85792e-06	7.73601e-06	-9.08861e-07	346	0	2	0	1	
91.0526	0.1	0.121053	1	153.527	51.8781	-1.25664e-06	2.50705e-06	-1.66885e-05	346	0	2	0	1	
91.0526	0.1	0.142105	1	153.409	51.8337	-4.17532e-06	-7.85673e-06	-1.18985e-05	346	0	2	0	1	
91.0526	0.1	0.163158	1	153.286	51.7967	6.10688e-06	-3.9017e-05	1.22456e-06	346	0	2	0	1	
91.0526	0.1	0.184211	1	153.155	51.7695	-5.92936e-07	-2.74358e-06	6.29447e-06	346	0	2	0	1	
91.0526	0.1	0.205263	1	153.017	51.7546	9.70065e-06	1.60226e-05	7.63826e-06	346	0	2	0	1	
91.0526	0.1	0.226316	1	152.869	51.7561	4.67791e-06	1.04018e-05	-2.46116e-06	346	0	2	0	1	
91.0526	0.1	0.247368	1	152.711	51.7797	-1.04724e-05	-1.88607e-05	-1.18504e-05	346	0	2	0	1	
91.0526	0.1	0.268421	1	152.539	51.8289	4.7686e-06	-1.2863e-06	1.48331e-05	346	0	2	0	1	
91.0526	0.1	0.289474	1	152.355	51.8975	-1.54403e-05	-2.56936e-06	1.25999e-05	346	0	2	0	1	
91.0526	0.1	0.310526	1	152.124	52.311	-2.77079e-06	-1.38933e-05	2.01278e-05	346	0	2	0	1	
91.0526	0.1	0.331579	1	151.15	66.1223	2.20178e-05	1.34657e-05	52.5057	346	0	2	0	1	
91.0526	0.1	0.352632	1	146.142	106.313	-2.08651e-05	1.64547e-05	102.223	346	0	2	0	1	
91.0526	0.1	0.373684	1	139.81	134.74	-2.72609e-05	2.06267e-05	134.784	346	0	2	0	1	
91.0526	0.1	0.394737	1	132.518	157.714	1.212e-05	-3.59073e-06	161.146	346	0	2	0	1	
91.0526	0.1	0.415789	1	124.191	177.526	2.57884e-06	1.0469e-05	183.986	346	0	2	0	1	
91.0526	0.1	0.436842	1	114.615	195.04	2.0207e-05	4.14147e-06	204.424	346	0	2	0	1	
91.0526	0.1	0.457895	1	103.327	-210.715	2.22954e-06	1.60299e-05	223.137	346	0	2	0	1	
91.0526	0.1	0.478947	1	89.3708	224.734	-4.38473e-05	-1.53868e-06	240.439	346	0	2	0	1	
91.0526	0.1	0.5	1	70.1111	236.962	-9.02314e-07	-5.84906e-06	256.489	346	0	2	0	1	
96.8421	0.1	0.1	1	153.652	52.1311	7.17077e-06	3.5833e-05	-2.16279e-05	346	0	2	0	1	
96.8421	0.1	0.121053	1	153.545	52.0941	-3.1812e-06	5.92938e-08	-1.46653e-05	346	0	2	0	1	
96.8421	0.1	0.142105	1	153.442	51.8313	-2.63843e-06	1.75712e-05	-1.05112e-05	346	0	2	0	1	
96.8421	0.1	0.163158	1	153.325	51.7905	1.03957e-05	1.36769e-05	6.65264e-06	346	0	2	0	1	
96.8421	0.1	0.184211	1	153.204	51.7569	-8.09929e-06	2.22671e-05	9.22202e-07	346	0	2	0	1	
96.8421	0.1	0.205263	1	153.076	51.7324	2.88477e-06	7.35971e-08	-1.03474e-05	346	0	2	0	1	
96.8421	0.1	0.226316	1	152.94	51.7194	1.02024e-05	1.5413e-05	-2.54657e-06	346	0	2	0	1	
96.8421	0.1	0.247368	1	152.797	51.7211	1.42711e-06	-1.70416e-05	1.31048e-06	346	0	2	0	1	
96.8421	0.1	0.268421	1	152.643	51.7417	1.95479e-05	1.85615e-05	1.59947e-05	346	0	2	0	1	
96.8421	0.1	0.289474	1	152.479	51.787	7.16643e-06	1.66533e-05	-2.42549e-06	346	0	2	0	1	
96.8421	0.1	0.310526	1	152.302	51.851	-3.88427e-06	-2.14952e-06	-9.37633e-06	346	0	2	0	1	
96.8421	0.1	0.331579	3	152.106	52.2593	6.99756e-06	-1.34897e-05	3.1321e-06	346	0	2	0	1	
96.8421	0.1	0.352632	1	151.866	52.4902	2.45274e-05	-4.89032e-06	-1.0779e-05	346	0	2	0	1	
96.8421	0.1	0.373684	1	150.521	71.2306	-5.93158e-06	1.67244e-05	59.9604	346	0	2	0	1	
96.8421	0.1	0.394737	1	145.221	110.301	-2.1617e-06	1.33943e-05	107.308	346	0	2	0	1	
96.8421	0.1	0.415789	1	138.655	138.408	4.68596e-06	8.88181e-06	139.502	346	0	2	0	1	
96.8421	0.1	0.436842	1	131.094	161.187	-1.32582e-06	4.7212e-06	165.769	346	0	2	0	1	
96.8421	0.1	0.457895	1	122.439	180.913	-4.39725e-05	-1.04559e-06	188.514	346	0	2	0	1	
96.8421	0.1	0.478947	1	112.432	-198.345	1.06848e-05	-2.88826e-06	208.933	346	0	2	0	1	
96.8421	0.1	0.5	1	100.519	213.918	-1.72218e-07	-1.78131e-05	227.592	346	0	2	0	1	
102.632	0.1	0.1	1	153.673	52.098	4.60392e-06	1.00796e-05	5.04152e-06	346	0	2	0	1	
102.632	0.1	0.121053	1	153.57	52.0633	-8.30091e-07	-2.24682e-05	-3.79936e-06	346	0	2	0	1	
102.632	0.1	0.142105	1	153.464	52.0312	-2.43873e-06	2.78388e-05	3.29991e-06	346	0	2	0	1	
102.632	0.1	0.163158	1	153.354	52.0026	-2.13103e-06	2.07316e-05	-2.67491e-06	346	0	2	0	1	
102.632	0.1	0.184211	1	153.248	51.7494	6.67467e-06	-2.17809e-05	1.36807e-05	346	0	2	0	1	
102.632	0.1	0.205263	1	153.128	51.7187	-1.23647e-06	-1.84881e-05	1.83443e-05	346	0	2	0	1	
102.632	0.1	0.226316	1	153.003	51.6965	-1.44944e-06	-3.15818e-05	1.12228e-05	346	0	2	0	1	
102.632	0.1	0.247368	1	152.871	51.6847	-1.76747e-06	2.24433e-05	6.9536e-06	346	0	2	0	1	
102.632	0.1	0.268421	1	152.732	51.6858	-7.53142e-07	1.70858e-05	-3.95206e-06	346	0	2	0	1	
102.632	0.1	0.289474	1	152.584	51.7035	4.81383e-06	-4.48149e-06	-4.35503e-07	346	0	2	0	1	
102.632	0.1	0.310526	1	152.426	51.7422	6.4199e-06	-3.289e-05	-3.25418e-06	346	0	2	0	1	
102.632	0.1	0.331579	1	152.257	51.8063	-1.68458e-05	6.56657e-06	1.2598e-05	346	0	2	0	1	
102.632	0.1	0.352632	1	152.076	51.8751	4.43801e-06	-3.25074e-06	-1.24666e-05	346	0	2	0	1	
102.632	0.1	0.373684	3	151.876	52.4904	-2.18921e-05	3.5015e-06	-2.08739e-05	346	0	2	0	1	
102.632	0.1	0.394737	1	151.627	52.6579	-7.30186e-06	-1.20281e-05	1.65551e-05	346	0	2	0	1	
102.632	0.1	0.415789	1	150.338	70.7443	-4.0953e-06	2.22498e-05	59.3681	346	0	2	0	1	
102.632	0.1	0.436842	1	144.975	110.603	3.44634e-06	4.25623e-06	108.281	346	0	2	0	1	
102.632	0.1	0.457895	1	138.269	139.255	1.27896e-05	-1.22999e-05	141.146	346	0	2	0	1	
102.632	0.1	0.478947	1	130.52	162.372	2.5639e-05	2.31518e-06	167.848	346	0	2	0	1	
102.632	0.1	0.5	1	121.642	-182.316	1.70315e-05	5.80272e-06	190.829	346	0	2	0	1	
108.421	0.1	0.1	1	153.691	52.1002	4.89996e-06	-2.16951e-05	-4.10072e-06	346	0	2	0	1	
108.421	0.1	0.121053	1	153.594	52.0462	5.57807e-06	1.50907e-05	-4.64924e-06	346	0	2	0	1	
108.421	0.1	0.142105	1	153.494	51.9958	1.10309e-05	-2.46071e-05	1.11183e-07	346	0	2	0	1	
108.421	0.1	0.163158	1	153.39	51.9676	4.54867e-06	1.74224e-05	-1.44737e-05	346	0	2	0	1	
108.421	0.1	0.184211	1	153.281	51.9439	-4.82001e-06	3.18296e-05	3.5715e-06	346	0	2	0	1	
108.421	0.1	0.205263	1	153.169	51.9236	-5.66029e-06	-4.99177e-06	-1.17115e-05	346	0	2	0	1	
108.421	0.1	0.226316	1	153.051	51.9107	3.5996e-06	9.30918e-06	2.87587e-06	346	0	2	0	1	
108.421	0.1	0.247368	1	152.937	51.6613	-9.21352e-06	-1.69418e-05	1.11595e-06	346	0	2	0	1	
108.421	0.1	0.268421	1	152.809	51.6502	8.47737e-06	-8.06436e-06	-9.89439e-06	346	0	2	0	1	
108.421	0.1	0.289474	1	152.674	51.6507	-2.23508e-06	1.69313e-05	-6.47699e-06	346	0	2	0	1	
108.421	0.1	0.310526	1	152.531	51.6654	1.76366e-06	-2.75517e-05	-1.46219e-05	346	0	2	0	1	
108.421	0.1	0.331579	1	152.38	51.6979	3.13774e-06	-4.68682e-06	1.12297e-05	346	0	2	0	1	
108.421	0.1	0.352632	1	152.219	51.7526	-2.8078e-06	4.94878e-06	-3.42531e-07	346	0	2	0	1	
108.421	0.1	0.373684	1	152.047	51.8324	-9.96501e-06	-1.89091e-05	-5.72705e-06	346	0	2	0	1	
108.421	0.1	0.394737	1	151.864	51.9067	1.02699e-05	-4.0245e-06	-2.3749e-06	346	0	2	0	1	
108.421	0.1	0.415789	3	151.661	52.3402	-2.47513e-06	1.85545e-06	-3.65893e-06	346	0	2	0	1	
108.421	0.1	0.436842	1	151.41	52.8054	3.71088e-06	7.19949e-07	3.26883e-05	346	0	2	0	1	
108.421	0.1	0.457895	1	150.618	63.8246	-9.53756e-06	-2.0034e-05	49.3207	346	0	2	0	1	
108.421	0.1	0.478947	1	145.42	107.141	-1.55716e-05	1.27555e-05	104.868	346	0	2	0	1	
108.421	0.1	0.5	1	138.682	137.204	2.57934e-05	1.6417e-06	139.576	346	0	2	0	1	
114.211	0.1	0.1	1	153.708	52.1027	7.51866e-06	3.1962e-05	-1.0204e-06	346	0	2	0	1	
114.211	0.1	0.121053	1	153.616	52.0486	-5.38737e-06	-1.83168e-05	-3.15718e-06	346	0	2	0	1	
114.211	0.1	0.142105	1	153.521	51.9974	-3.92357e-06	-4.91924e-06	-6.45874e-06	346	0	2	0	1	
114.211	0.1	0.163158	1	153.422	51.95	4.18947e-06	1.92184e-05	-6.51241e-06	346	0	2	0	1	
114.211	0.1	0.184211	1	153.321	51.9064	3.12815e-06	9.64462e-06	-2.61878e-06	346	0	2	0	1	
114.211	0.1	0.205263	1	153.214	51.8828	-6.75022e-06	4.28122e-05	-9.29532e-06	346	0	2	0	1	
114.211	0.1	0.226316	1	153.104	51.8675	-3.08283e-06	-1.23521e-05	-1.19971e-05	346	0	2	0	1	
114.211	0.1	0.247368	1	152.989	51.8559	1.73318e-06	2.83605e-05	-3.14746e-06	346	0	2	0	1	
114.211	0.1	0.268421	1	152.87	51.852	1.56552e-06	-3.93095e-06	1.56184e-05	346	0	2	0	1	
114.211	0.1	0.289474	1	152.753	51.6162	5.97295e-06	6.48617e-06	2.23638e-06	346	0	2	0	1	
114.211	0.1	0.310526	1	152.623	51.6158	-5.27505e-07	-2.31129e-05	-4.41704e-06	346	0	2	0	1	
114.211	0.1	0.331579	1	152.486	51.6278	9.4296e-06	-8.87183e-06	-7.92198e-07	346	0	2	0	1	
114.211	0.1	0.352632	1	152.341	51.6547	4.68405e-06	1.24417e-05	2.13409e-05	346	0	2	0	1	
114.211	0.1	0.373684	1	152.188	51.7003	2.1849e-06	-1.55721e-05	-4.28858e-06	346	0	2	0	1	
114.211	0.1	0.394737	1	152.025	51.7685	-5.21326e-06	1.5917e-05	9.62989e-06	346	0	2	0	1	
114.211	0.1	0.415789	1	151.851	51.8612	5.71346e-06	4.4564e-06	-2.81403e-06	346	0	2	0	1	
114.211	0.1	0.436842	1	151.667	51.9505	2.92597e-06	-2.10344e-05	-4.20512e-06	346	0	2	0	1	
114.211	0.1	0.457895	1	151.472	52.1371	2.29717e-06	3.21926e-06	7.04893e-06	346	0	2	0	1	
114.211	0.1	0.478947	1	151.218	52.9514	6.38934e-07	-6.71662e-07	3.60163e-06	346	0	2	0	1	
114.211	0.1	0.5	1	150.93	53.6971	8.45333e-06	-9.53589e-06	12.2553	346	0	2	0	1	
120	0.1	0.1	1	153.725	52.1055	-3.44677e-06	1.40763e-05	7.78739e-06	346	0	2	0	1	
120	0.1	0.121053	1	153.637	52.0511	-2.14683e-06	4.02347e-05	-1.04207e-05	346	0	2	0	1	
120	0.1	0.142105	1	153.546	51.9995	9.82283e-06	1.14046e-05	3.14641e-06	346	0	2	0	1	
120	0.1	0.163158	1	153.453	51.9509	-6.54946e-06	-1.7616e-05	-1.18587e-05	346	0	2	0	1	
120	0.1	0.184211	1	153.356	51.9062	2.07848e-06	-1.75294e-05	7.64212e-07	346	0	2	0	1	
120	0.1	0.205263	1	153.257	51.8653	8.13202e-06	3.03264e-05	5.37189e-07	346	0	2	0	1	
120	0.1	0.226316	1	153.153	51.8288	-1.45572e-07	-3.08525e-05	1.63398e-06	346	0	2	0	1	
120	0.1	0.247368	1	153.046	51.8072	-1.59398e-06	-9.40802e-06	7.6993e-06	346	0	2	0	1	
120	0.1	0.268421	1	152.934	51.8006	3.25294e-06	2.09669e-05	2.61515e-06	346	0	2	0	1	
120	0.1	0.289474	1	152.817	51.7976	-6.1526e-06	4.18879e-05	3.88558e-06	346	0	2	0	1	
120	0.1	0.310526	1	152.696	51.8023	-7.8224e-07	-1.50876e-05	5.35723e-06	346	0	2	0	1	
120	0.1	0.331579	1	152.578	51.5813	-5.21632e-06	9.45039e-06	-2.58547e-06	346	0	2	0	1	
120	0.1	0.352632	1	152.446	51.5906	4.84674e-07	-2.25569e-05	7.93079e-07	346	0	2	0	1	
120	0.1	0.373684	1	152.307	51.613	-6.58836e-06	-2.40817e-05	3.84995e-06	346	0	2	0	1	
120	0.1	0.394737	1	152.161	51.6508	8.37716e-06	5.42736e-06	-6.47845e-06	346	0	2	0	1	
120	0.1	0.415789	1	152.007	51.7076	1.03405e-05	-1.97079e-05	3.67942e-06	346	0	2	0	1	
120	0.1	0.436842	1	151.843	51.7867	1.41922e-05	-4.05047e-06	5.34904e-07	346	0	2	0	1	
120	0.1	0.457895	1	151.67	51.8899	3.15511e-06	-5.54281e-06	9.01038e-06	346	0	2	0	1	
120	0.1	0.478947	1	151.485	51.9976	5.3105e-07	1.63008e-05	-1.47447e-05	346	0	2	0	1	
120	0.1	0.5	1	151.297	51.9731	-1.29657e-05	-6.63756e-06	6.46218e-06	346	0	2	0	1	
