85.4066	0.0130036	0.319915	3	52.2067	244.79	-7.40986e-07	-3.94725e-06	441.634	173	0	2	0	1	
85.4066	0.0130036	0.319915	3	52.5456	244.753	-2.3737e-06	-3.64412e-06	441.446	173	0.0251256	2	0	1	
85.4066	0.0130036	0.319915	3	52.8669	244.715	-9.51428e-06	3.29135e-06	441.268	173	0.0502513	2	0	1	
85.4066	0.0130036	0.319915	3	53.1745	244.675	3.29757e-06	-3.27933e-06	441.098	173	0.0753769	2	0	1	
85.4066	0.0130036	0.319915	3	53.4699	244.636	-3.29194e-05	5.41689e-06	440.934	173	0.100503	2	0	1	
85.4066	0.0130036	0.319915	3	53.7541	244.597	-4.68001e-06	-1.57902e-06	440.777	173	0.125628	2	0	1	
85.4066	0.0130036	0.319915	3	54.0278	244.558	1.75336e-05	7.07421e-07	440.624	173	0.150754	2	0	1	
85.4066	0.0130036	0.319915	3	54.2918	244.519	5.04429e-06	1.87018e-06	440.476	173	0.175879	2	0	1	
85.4066	0.0130036	0.319915	3	54.5467	244.481	4.8139e-06	-1.0313e-05	440.333	173	0.201005	2	0	1	
85.4066	0.0130036	0.319915	3	54.7931	244.444	6.44629e-06	1.1344e-05	440.194	173	0.226131	2	0	1	
85.4066	0.0130036	0.319915	3	55.0315	244.407	-4.86923e-05	-2.12941e-05	440.058	173	0.251256	2	0	1	
85.4066	0.0130036	0.319915	3	55.2624	244.371	2.14969e-05	-9.77098e-06	439.926	173	0.276382	2	0	1	
85.4066	0.0130036	0.319915	3	55.4863	244.335	6.57903e-06	1.21095e-05	439.797	173	0.301508	2	0	1	
85.4066	0.0130036	0.319915	3	55.7034	244.3	5.64617e-06	-1.74363e-06	439.672	173	0.326633	2	0	1	
85.4066	0.0130036	0.319915	3	55.9143	244.266	-6.19614e-06	7.79885e-06	439.549	173	0.351759	2	0	1	
85.4066	0.0130036	0.319915	3	56.1191	244.232	1.06637e-05	4.0366e-06	439.429	173	0.376884	2	0	1	
85.4066	0.0130036	0.319915	3	56.3183	244.198	2.91004e-05	9.49678e-06	439.312	173	0.40201	2	0	1	
85.4066	0.0130036	0.319915	3	56.512	244.165	-4.75736e-06	5.83351e-07	439.197	173	0.427136	2	0	1	
85.4066	0.0130036	0.319915	3	56.7005	244.133	4.1543e-06	-9.64438e-06	439.085	173	0.452261	2	0	1	
85.4066	0.0130036	0.319915	3	56.8841	244.101	1.1556e-05	2.09291e-07	438.975	173	0.477387	2	0	1	
85.4066	0.0130036	0.319915	3	57.0629	244.07	2.15598e-05	4.98857e-07	438.868	173	0.502513	2	0	1	
85.4066	0.0130036	0.319915	3	57.2373	244.039	-2.48741e-05	-9.99301e-06	438.762	173	0.527638	2	0	1	
85.4066	0.0130036	0.319915	3	57.4073	244.009	-2.9045e-06	-1.5893e-05	438.659	173	0.552764	2	0	1	
85.4066	0.0130036	0.319915	3	57.5731	243.98	-4.39553e-06	4.00307e-06	438.557	173	0.577889	2	0	1	
85.4066	0.0130036	0.319915	3	57.7349	243.951	2.0079e-05	6.60976e-06	438.457	173	0.603015	2	0	1	
85.4066	0.0130036	0.319915	3	57.8929	243.922	4.7409e-06	9.04117e-06	438.36	173	0.628141	2	0	1	
85.4066	0.0130036	0.319915	3	58.0471	243.894	1.24174e-06	-1.32023e-05	438.264	173	0.653266	2	0	1	
85.4066	0.0130036	0.319915	3	58.1978	243.866	2.0674e-05	-8.9119e-06	438.17	173	0.678392	2	0	1	
85.4066	0.0130036	0.319915	3	58.345	243.839	4.99775e-07	-5.9899e-06	438.077	173	0.703518	2	0	1	
85.4066	0.0130036	0.319915	3	58.4889	243.812	-1.17246e-05	-9.39294e-06	437.986	173	0.728643	2	0	1	
85.4066	0.0130036	0.319915	3	58.6296	243.786	9.60495e-06	-4.85066e-07	437.897	173	0.753769	2	0	1	
85.4066	0.0130036	0.319915	3	58.7671	243.76	-5.42409e-06	2.66056e-06	437.809	173	0.778894	2	0	1	
85.4066	0.0130036	0.319915	3	58.9016	243.735	-7.57726e-07	-1.621e-05	437.723	173	0.80402	2	0	1	
85.4066	0.0130036	0.319915	3	59.0332	243.71	-1.25719e-05	-9.8131e-06	437.638	173	0.829146	2	0	1	
85.4066	0.0130036	0.319915	3	59.1619	243.686	-1.91065e-05	1.39924e-05	437.555	173	0.854271	2	0	1	
85.4066	0.0130036	0.319915	3	59.2879	243.662	2.92993e-05	1.05357e-05	437.473	173	0.879397	2	0	1	
85.4066	0.0130036	0.319915	3	59.4112	243.638	-1.87812e-05	-7.25144e-06	437.393	173	0.904523	2	0	1	
85.4066	0.0130036	0.319915	3	59.532	243.615	-1.55381e-05	-5.73098e-06	437.314	173	0.929648	2	0	1	
85.4066	0.0130036	0.319915	3	59.6501	243.592	1.06154e-05	3.17641e-06	437.236	173	0.954774	2	0	1	
85.4066	0.0130036	0.319915	3	59.7659	243.57	-3.65556e-05	-1.21138e-06	437.159	173	0.979899	2	0	1	
85.4066	0.0130036	0.319915	3	59.8792	243.548	-6.92662e-06	1.05445e-05	437.084	173	1.00503	2	0	1	
85.4066	0.0130036	0.319915	3	59.9902	243.526	-5.30906e-06	-2.21261e-06	437.01	173	1.03015	2	0	1	
85.4066	0.0130036	0.319915	3	60.0989	243.505	-6.10463e-06	-2.63515e-06	436.937	173	1.05528	2	0	1	
85.4066	0.0130036	0.319915	3	60.2054	243.484	1.12436e-05	-1.19458e-05	436.865	173	1.0804	2	0	1	
85.4066	0.0130036	0.319915	3	60.3097	243.464	-5.30596e-06	-6.64821e-07	436.795	173	1.10553	2	0	1	
85.4066	0.0130036	0.319915	3	60.412	243.444	-1.45451e-05	1.45937e-05	436.725	173	1.13065	2	0	1	
85.4066	0.0130036	0.319915	3	60.5121	243.424	1.7559e-05	3.23238e-06	436.657	173	1.15578	2	0	1	
85.4066	0.0130036	0.319915	3	60.6103	243.405	3.19847e-06	4.42163e-07	436.59	173	1.1809	2	0	1	
85.4066	0.0130036	0.319915	3	60.7065	243.386	2.06958e-06	6.77946e-06	436.524	173	1.20603	2	0	1	
85.4066	0.0130036	0.319915	3	60.8008	243.367	-5.50756e-06	1.49379e-05	436.459	173	1.23116	2	0	1	
85.4066	0.0130036	0.319915	3	60.8932	243.349	1.13766e-05	8.94493e-06	436.395	173	1.25628	2	0	1	
85.4066	0.0130036	0.319915	3	60.9837	243.331	1.58095e-06	9.41034e-06	436.332	173	1.28141	2	0	1	
85.4066	0.0130036	0.319915	3	61.0725	243.314	-2.271e-05	3.64332e-06	436.27	173	1.30653	2	0	1	
85.4066	0.0130036	0.319915	1	61.1595	243.297	-3.90955e-07	-8.82361e-06	436.209	173	1.33166	2	0	1	
85.4066	0.0130036	0.319915	1	61.2447	243.28	-2.70444e-05	-4.62897e-06	436.148	173	1.35678	2	0	1	
85.4066	0.0130036	0.319915	1	61.3283	243.263	5.51814e-06	-1.02928e-05	436.089	173	1.38191	2	0	1	
85.4066	0.0130036	0.319915	1	61.4102	243.247	-3.93221e-05	-1.24998e-05	436.031	173	1.40704	2	0	1	
85.4066	0.0130036	0.319915	1	61.4905	243.231	-4.74446e-05	-4.07281e-06	435.974	173	1.43216	2	0	1	
85.4066	0.0130036	0.319915	1	61.5692	243.216	-1.19724e-05	1.18365e-05	435.918	173	1.45729	2	0	1	
85.4066	0.0130036	0.319915	1	61.6463	243.2	1.67542e-05	9.62106e-06	435.862	173	1.48241	2	0	1	
85.4066	0.0130036	0.319915	1	61.7219	243.185	-3.4535e-06	2.97357e-06	435.808	173	1.50754	2	0	1	
85.4066	0.0130036	0.319915	1	61.796	243.171	-2.28562e-05	-6.73582e-06	435.754	173	1.53266	2	0	1	
85.4066	0.0130036	0.319915	1	61.8686	243.157	1.80068e-05	-1.12319e-05	435.701	173	1.55779	2	0	1	
85.4066	0.0130036	0.319915	1	61.9397	243.143	-2.68582e-05	-9.91399e-06	435.649	173	1.58291	2	0	1	
85.4066	0.0130036	0.319915	1	62.0095	243.129	-3.48436e-06	-6.48725e-06	435.598	173	1.60804	2	0	1	
85.4066	0.0130036	0.319915	1	62.0778	243.116	2.76299e-05	6.16299e-06	435.548	173	1.63317	2	0	1	
85.4066	0.0130036	0.319915	1	62.1447	243.103	-2.54785e-06	1.73587e-05	435.498	173	1.65829	2	0	1	
85.4066	0.0130036	0.319915	1	62.2103	243.09	1.26425e-05	1.72361e-05	435.45	173	1.68342	2	0	1	
85.4066	0.0130036	0.319915	1	62.2745	243.077	-4.02349e-05	-7.31696e-06	435.402	173	1.70854	2	0	1	
85.4066	0.0130036	0.319915	1	62.3374	243.065	1.29407e-05	6.40761e-06	435.355	173	1.73367	2	0	1	
85.4066	0.0130036	0.319915	1	62.399	243.053	3.45834e-07	-7.10435e-06	435.308	173	1.75879	2	0	1	
85.4066	0.0130036	0.319915	1	62.4594	243.041	4.26114e-07	-3.64747e-06	435.263	173	1.78392	2	0	1	
85.4066	0.0130036	0.319915	1	62.5185	243.03	-3.3733e-05	2.34754e-06	435.218	173	1.80905	2	0	1	
85.4066	0.0130036	0.319915	1	62.5764	243.019	-1.23395e-06	2.27016e-06	435.174	173	1.83417	2	0	1	
85.4066	0.0130036	0.319915	1	62.633	243.008	-2.21631e-05	-7.84639e-06	435.131	173	1.8593	2	0	1	
85.4066	0.0130036	0.319915	1	62.6884	242.998	1.37033e-05	-7.95341e-06	435.088	173	1.88442	2	0	1	
85.4066	0.0130036	0.319915	1	62.7427	242.987	2.59155e-06	3.56496e-06	435.046	173	1.90955	2	0	1	
85.4066	0.0130036	0.319915	1	62.7958	242.977	6.98269e-06	-1.14011e-05	435.005	173	1.93467	2	0	1	
85.4066	0.0130036	0.319915	1	62.8477	242.968	5.74982e-06	-6.57876e-06	434.965	173	1.9598	2	0	1	
85.4066	0.0130036	0.319915	1	62.8986	242.958	-1.27584e-05	7.18802e-06	434.925	173	1.98492	2	0	1	
85.4066	0.0130036	0.319915	1	62.9483	242.949	-6.49885e-06	9.83063e-06	434.886	173	2.01005	2	0	1	
85.4066	0.0130036	0.319915	1	62.9969	242.94	1.8522e-05	5.04394e-06	434.847	173	2.03518	2	0	1	
85.4066	0.0130036	0.319915	1	63.0444	242.931	-1.73324e-05	-5.21192e-06	434.81	173	2.0603	2	0	1	
85.4066	0.0130036	0.319915	1	63.0908	242.923	2.9561e-05	7.62334e-06	434.773	173	2.08543	2	0	1	
85.4066	0.0130036	0.319915	1	63.1362	242.915	4.26315e-06	9.91608e-06	434.736	173	2.11055	2	0	1	
85.4066	0.0130036	0.319915	1	63.1805	242.907	1.42452e-05	2.99236e-06	434.701	173	2.13568	2	0	1	
85.4066	0.0130036	0.319915	1	63.2238	242.899	-1.25611e-05	6.75154e-06	434.666	173	2.1608	2	0	1	
85.4066	0.0130036	0.319915	1	63.2661	242.892	3.3425e-05	-1.18807e-05	434.631	173	2.18593	2	0	1	
85.4066	0.0130036	0.319915	1	63.3074	242.884	1.17173e-06	-1.42815e-05	434.597	173	2.21106	2	0	1	
85.4066	0.0130036	0.319915	1	63.3476	242.877	-4.19484e-05	6.02775e-06	434.564	173	2.23618	2	0	1	
85.4066	0.0130036	0.319915	1	63.3869	242.871	2.29064e-06	-6.71987e-06	434.532	173	2.26131	2	0	1	
85.4066	0.0130036	0.319915	1	63.4252	242.864	-9.96806e-06	-1.6822e-05	434.5	173	2.28643	2	0	1	
85.4066	0.0130036	0.319915	1	63.4626	242.858	-7.48863e-06	6.47047e-06	434.469	173	2.31156	2	0	1	
85.4066	0.0130036	0.319915	1	63.499	242.852	-1.60856e-05	2.30786e-06	434.438	173	2.33668	2	0	1	
85.4066	0.0130036	0.319915	1	63.5345	242.846	1.54745e-05	-7.33407e-06	434.408	173	2.36181	2	0	1	
85.4066	0.0130036	0.319915	1	63.569	242.841	-3.44732e-06	4.14793e-06	434.378	173	2.38693	2	0	1	
85.4066	0.0130036	0.319915	1	63.6026	242.835	-9.47049e-06	-8.23112e-06	434.349	173	2.41206	2	0	1	
85.4066	0.0130036	0.319915	1	63.6354	242.83	-2.42004e-05	-1.34735e-05	434.321	173	2.43719	2	0	1	
85.4066	0.0130036	0.319915	1	63.6672	242.825	2.13138e-05	-9.88447e-06	434.293	173	2.46231	2	0	1	
85.4066	0.0130036	0.319915	1	63.6981	242.821	6.53755e-06	4.15104e-06	434.266	173	2.48744	2	0	1	
85.4066	0.0130036	0.319915	1	63.7281	242.816	-1.62958e-05	-1.18282e-06	434.24	173	2.51256	2	0	1	
85.4066	0.0130036	0.319915	1	63.7573	242.812	6.70589e-07	-4.53609e-06	434.214	173	2.53769	2	0	1	
85.4066	0.0130036	0.319915	1	63.7856	242.808	-3.79683e-06	-1.24744e-05	434.188	173	2.56281	2	0	1	
85.4066	0.0130036	0.319915	1	63.8131	242.804	3.28989e-05	-1.95856e-05	434.163	173	2.58794	2	0	1	
85.4066	0.0130036	0.319915	1	63.8397	242.801	-7.03697e-06	6.89347e-06	434.139	173	2.61307	2	0	1	
85.4066	0.0130036	0.319915	1	63.8654	242.797	4.75906e-06	7.50468e-06	434.115	173	2.63819	2	0	1	
85.4066	0.0130036	0.319915	1	63.8904	242.794	2.0965e-05	-5.41022e-06	434.092	173	2.66332	2	0	1	
85.4066	0.0130036	0.319915	1	63.9145	242.791	-4.94133e-06	-3.74039e-07	434.069	173	2.68844	2	0	1	
85.4066	0.0130036	0.319915	1	63.9378	242.789	8.6086e-06	-1.13706e-05	434.047	173	2.71357	2	0	1	
85.4066	0.0130036	0.319915	1	63.9603	242.786	-1.08351e-06	-6.02617e-06	434.025	173	2.73869	2	0	1	
85.4066	0.0130036	0.319915	1	63.982	242.784	8.46896e-06	9.0721e-06	434.004	173	2.76382	2	0	1	
85.4066	0.0130036	0.319915	1	64.0029	242.782	9.98006e-06	3.94928e-06	433.983	173	2.78894	2	0	1	
85.4066	0.0130036	0.319915	1	64.023	242.78	4.43175e-06	-1.13337e-06	433.963	173	2.81407	2	0	1	
85.4066	0.0130036	0.319915	1	64.0423	242.778	-1.84841e-05	-2.47052e-05	433.943	173	2.8392	2	0	1	
85.4066	0.0130036	0.319915	1	64.0609	242.776	-7.01291e-06	-3.05439e-06	433.924	173	2.86432	2	0	1	
85.4066	0.0130036	0.319915	1	64.0787	242.775	-1.5152e-05	1.12833e-05	433.905	173	2.88945	2	0	1	
85.4066	0.0130036	0.319915	1	64.0957	242.774	5.10697e-05	4.69402e-06	433.887	173	2.91457	2	0	1	
85.4066	0.0130036	0.319915	1	64.112	242.773	-3.91854e-06	-5.17219e-06	433.87	173	2.9397	2	0	1	
85.4066	0.0130036	0.319915	1	64.1275	242.772	6.1609e-06	-4.16964e-06	433.852	173	2.96482	2	0	1	
85.4066	0.0130036	0.319915	1	64.1423	242.772	-3.17131e-06	7.55662e-06	433.836	173	2.98995	2	0	1	
85.4066	0.0130036	0.319915	1	64.1564	242.772	5.54254e-06	-6.60878e-06	433.82	173	3.01508	2	0	1	
85.4066	0.0130036	0.319915	1	64.1697	242.771	1.82765e-05	7.17072e-06	433.804	173	3.0402	2	0	1	
85.4066	0.0130036	0.319915	1	64.1823	242.771	-1.95386e-06	-1.09668e-05	433.789	173	3.06533	2	0	1	
85.4066	0.0130036	0.319915	1	64.1942	242.772	-1.36549e-05	1.42484e-05	433.774	173	3.09045	2	0	1	
85.4066	0.0130036	0.319915	1	64.2053	242.772	-7.7808e-06	-6.70595e-06	433.76	173	3.11558	2	0	1	
85.4066	0.0130036	0.319915	1	64.2158	242.773	-7.51444e-07	8.703e-06	433.746	173	3.1407	2	0	1	
85.4066	0.0130036	0.319915	1	64.2255	242.773	6.73214e-07	5.02597e-06	433.732	173	3.16583	2	0	1	
85.4066	0.0130036	0.319915	1	64.2346	242.774	1.64342e-05	2.42431e-06	433.719	173	3.19095	2	0	1	
85.4066	0.0130036	0.319915	1	64.2429	242.776	1.08276e-05	4.7284e-06	433.707	173	3.21608	2	0	1	
85.4066	0.0130036	0.319915	1	64.2506	242.777	-1.50995e-05	2.82328e-06	433.695	173	3.24121	2	0	1	
85.4066	0.0130036	0.319915	1	64.2576	242.778	-1.59938e-05	-1.78391e-06	433.683	173	3.26633	2	0	1	
85.4066	0.0130036	0.319915	1	64.2639	242.78	-4.08066e-05	1.50716e-06	433.672	173	3.29146	2	0	1	
85.4066	0.0130036	0.319915	1	64.2695	242.782	-1.0322e-05	-1.02268e-05	433.661	173	3.31658	2	0	1	
85.4066	0.0130036	0.319915	1	64.2744	242.784	-6.68724e-07	-1.01951e-06	433.651	173	3.34171	2	0	1	
85.4066	0.0130036	0.319915	1	64.2787	242.786	-1.11865e-05	3.43708e-06	433.641	173	3.36683	2	0	1	
85.4066	0.0130036	0.319915	1	64.2823	242.789	1.92846e-05	-5.69022e-06	433.632	173	3.39196	2	0	1	
85.4066	0.0130036	0.319915	1	64.2853	242.791	-1.42065e-05	2.11233e-08	433.623	173	3.41709	2	0	1	
85.4066	0.0130036	0.319915	1	64.2876	242.794	8.35496e-06	7.47113e-06	433.615	173	3.44221	2	0	1	
85.4066	0.0130036	0.319915	1	64.2892	242.797	7.39778e-05	-1.53025e-05	433.607	173	3.46734	2	0	1	
85.4066	0.0130036	0.319915	1	64.2902	242.8	9.36067e-06	-1.0515e-05	433.599	173	3.49246	2	0	1	
85.4066	0.0130036	0.319915	1	64.2906	242.803	-1.1765e-05	-9.11655e-06	433.592	173	3.51759	2	0	1	
85.4066	0.0130036	0.319915	1	64.2903	242.806	7.3232e-06	-6.89217e-06	433.585	173	3.54271	2	0	1	
85.4066	0.0130036	0.319915	1	64.2894	242.81	-3.64778e-05	1.09184e-05	433.578	173	3.56784	2	0	1	
85.4066	0.0130036	0.319915	1	64.2878	242.814	-3.5473e-05	8.82712e-06	433.572	173	3.59296	2	0	1	
85.4066	0.0130036	0.319915	1	64.2857	242.818	1.05175e-05	-1.06779e-05	433.567	173	3.61809	2	0	1	
85.4066	0.0130036	0.319915	1	64.2828	242.822	1.68883e-05	8.52945e-06	433.562	173	3.64322	2	0	1	
85.4066	0.0130036	0.319915	1	64.2794	242.826	3.72049e-05	4.98823e-08	433.557	173	3.66834	2	0	1	
85.4066	0.0130036	0.319915	1	64.2753	242.83	2.7593e-05	-1.17084e-05	433.552	173	3.69347	2	0	1	
85.4066	0.0130036	0.319915	1	64.2707	242.835	1.88998e-05	-5.69179e-06	433.548	173	3.71859	2	0	1	
85.4066	0.0130036	0.319915	1	64.2654	242.839	1.86001e-05	1.59646e-05	433.545	173	3.74372	2	0	1	
85.4066	0.0130036	0.319915	1	64.2595	242.844	-4.29641e-05	-1.00547e-05	433.542	173	3.76884	2	0	1	
85.4066	0.0130036	0.319915	1	64.253	242.849	-2.40671e-05	-1.15095e-05	433.539	173	3.79397	2	0	1	
85.4066	0.0130036	0.319915	1	64.2458	242.854	-1.62721e-05	4.56405e-06	433.536	173	3.8191	2	0	1	
85.4066	0.0130036	0.319915	1	64.2381	242.86	1.2935e-05	3.66094e-06	433.534	173	3.84422	2	0	1	
85.4066	0.0130036	0.319915	1	64.2298	242.865	3.06567e-05	-7.85563e-06	433.533	173	3.86935	2	0	1	
85.4066	0.0130036	0.319915	1	64.2209	242.871	1.07934e-05	-1.0742e-05	433.531	173	3.89447	2	0	1	
85.4066	0.0130036	0.319915	1	64.2114	242.876	9.21555e-06	-1.03368e-05	433.53	173	3.9196	2	0	1	
85.4066	0.0130036	0.319915	1	64.2012	242.882	-8.85388e-06	-7.927e-06	433.53	173	3.94472	2	0	1	
85.4066	0.0130036	0.319915	1	64.1905	242.888	-1.52725e-05	2.11349e-05	433.53	173	3.96985	2	0	1	
85.4066	0.0130036	0.319915	1	64.1792	242.895	2.11414e-05	-1.85551e-06	433.53	173	3.99497	2	0	1	
85.4066	0.0130036	0.319915	1	64.1674	242.901	-2.97285e-06	3.23671e-06	433.531	173	4.0201	2	0	1	
85.4066	0.0130036	0.319915	1	64.1549	242.907	5.78074e-06	-1.38384e-05	433.532	173	4.04523	2	0	1	
85.4066	0.0130036	0.319915	1	64.1419	242.914	1.41704e-05	9.68491e-06	433.533	173	4.07035	2	0	1	
85.4066	0.0130036	0.319915	1	64.1282	242.921	9.21538e-06	4.51701e-06	433.535	173	4.09548	2	0	1	
85.4066	0.0130036	0.319915	1	64.114	242.928	4.44259e-06	1.04336e-05	433.537	173	4.1206	2	0	1	
85.4066	0.0130036	0.319915	1	64.0993	242.935	-4.39045e-05	-7.85745e-06	433.539	173	4.14573	2	0	1	
85.4066	0.0130036	0.319915	1	64.0839	242.942	-5.39577e-06	-5.26995e-07	433.542	173	4.17085	2	0	1	
85.4066	0.0130036	0.319915	1	64.068	242.95	-6.07201e-06	2.88545e-06	433.545	173	4.19598	2	0	1	
85.4066	0.0130036	0.319915	1	64.0515	242.957	3.09325e-06	-3.70973e-06	433.548	173	4.22111	2	0	1	
85.4066	0.0130036	0.319915	1	64.0345	242.965	-4.14413e-06	1.24902e-05	433.552	173	4.24623	2	0	1	
85.4066	0.0130036	0.319915	1	64.0168	242.972	-1.13845e-06	7.0616e-06	433.556	173	4.27136	2	0	1	
85.4066	0.0130036	0.319915	1	63.9986	242.98	-1.66995e-05	-4.51049e-06	433.561	173	4.29648	2	0	1	
85.4066	0.0130036	0.319915	1	63.9799	242.988	-4.54219e-06	-1.37913e-05	433.566	173	4.32161	2	0	1	
85.4066	0.0130036	0.319915	1	63.9606	242.997	1.6745e-05	-9.66189e-06	433.571	173	4.34673	2	0	1	
85.4066	0.0130036	0.319915	1	63.9407	243.005	-3.25852e-05	-1.59557e-06	433.576	173	4.37186	2	0	1	
85.4066	0.0130036	0.319915	3	63.9203	243.013	3.83222e-05	3.68771e-06	433.582	173	4.39698	2	0	1	
85.4066	0.0130036	0.319915	3	63.8993	243.022	-2.63785e-06	-1.04665e-05	433.588	173	4.42211	2	0	1	
85.4066	0.0130036	0.319915	3	63.8777	243.031	-7.70769e-06	-5.02523e-06	433.595	173	4.44724	2	0	1	
85.4066	0.0130036	0.319915	3	63.8557	243.039	-1.35178e-05	-1.75794e-05	433.602	173	4.47236	2	0	1	
85.4066	0.0130036	0.319915	3	63.833	243.048	2.05683e-06	-7.34717e-08	433.609	173	4.49749	2	0	1	
85.4066	0.0130036	0.319915	3	63.8098	243.058	-4.15501e-06	-1.32413e-05	433.616	173	4.52261	2	0	1	
85.4066	0.0130036	0.319915	3	63.7861	243.067	2.84466e-05	-6.706e-07	433.624	173	4.54774	2	0	1	
85.4066	0.0130036	0.319915	3	63.7618	243.076	-1.11999e-05	7.20351e-06	433.633	173	4.57286	2	0	1	
85.4066	0.0130036	0.319915	3	63.7369	243.086	2.26364e-05	-5.8165e-06	433.641	173	4.59799	2	0	1	
85.4066	0.0130036	0.319915	3	63.7115	243.095	-2.5571e-05	-5.58623e-06	433.65	173	4.62312	2	0	1	
85.4066	0.0130036	0.319915	3	63.6856	243.105	4.06039e-05	-7.36152e-06	433.659	173	4.64824	2	0	1	
85.4066	0.0130036	0.319915	3	63.6591	243.115	3.24149e-05	1.17774e-05	433.668	173	4.67337	2	0	1	
85.4066	0.0130036	0.319915	3	63.6321	243.125	-1.58411e-05	1.63998e-05	433.678	173	4.69849	2	0	1	
85.4066	0.0130036	0.319915	3	63.6045	243.135	1.88115e-05	1.23856e-05	433.688	173	4.72362	2	0	1	
85.4066	0.0130036	0.319915	3	63.5764	243.145	1.89972e-05	-1.37781e-06	433.699	173	4.74874	2	0	1	
85.4066	0.0130036	0.319915	3	63.5478	243.156	-1.44236e-06	5.91799e-06	433.709	173	4.77387	2	0	1	
85.4066	0.0130036	0.319915	3	63.5186	243.166	1.62357e-05	4.54417e-07	433.72	173	4.79899	2	0	1	
85.4066	0.0130036	0.319915	3	63.4889	243.177	-4.8776e-05	7.10559e-06	433.732	173	4.82412	2	0	1	
85.4066	0.0130036	0.319915	3	63.4586	243.187	1.23479e-05	-1.0181e-05	433.743	173	4.84925	2	0	1	
85.4066	0.0130036	0.319915	3	63.4278	243.198	-2.34229e-06	1.14948e-05	433.755	173	4.87437	2	0	1	
85.4066	0.0130036	0.319915	3	63.3965	243.209	2.85317e-06	-2.51133e-05	433.768	173	4.8995	2	0	1	
85.4066	0.0130036	0.319915	3	63.3646	243.22	-3.35119e-05	-1.0133e-06	433.78	173	4.92462	2	0	1	
85.4066	0.0130036	0.319915	3	63.3322	243.232	-6.63956e-06	-1.11905e-05	433.793	173	4.94975	2	0	1	
85.4066	0.0130036	0.319915	3	63.2992	243.243	-1.37886e-05	-1.41428e-05	433.806	173	4.97487	2	0	1	
85.4066	0.0130036	0.319915	3	63.2658	243.254	-1.12228e-06	-2.40908e-06	433.82	173	5	2	0	1	
