85.4066	0.0130036	0.319915	1	55.7074	243.939	-2.10505e-05	7.27299e-06	442.235	173	0	2	1	1	
85.4066	0.0130036	0.319915	1	53.2439	244.501	5.58567e-06	6.092e-06	442.109	173	0.0251256	2	1	1	
85.4066	0.0130036	0.319915	1	53.3429	244.51	-2.05663e-05	8.06739e-06	441.874	173	0.0502513	2	1	1	
85.4066	0.0130036	0.319915	1	53.5672	244.49	-8.42778e-06	-4.06894e-06	441.656	173	0.0753769	2	1	1	
85.4066	0.0130036	0.319915	1	53.8252	244.461	-1.76901e-05	3.20018e-06	441.452	173	0.100503	2	1	1	
85.4066	0.0130036	0.319915	1	54.0922	244.427	4.42209e-05	-1.92875e-05	441.26	173	0.125628	2	1	1	
85.4066	0.0130036	0.319915	1	54.3591	244.392	3.91026e-05	1.73335e-06	441.077	173	0.150754	2	1	1	
85.4066	0.0130036	0.319915	1	54.622	244.355	9.89865e-06	-1.89914e-05	440.902	173	0.175879	2	1	1	
85.4066	0.0130036	0.319915	1	54.8791	244.318	-2.85333e-05	-6.69709e-06	440.733	173	0.201005	2	1	1	
85.4066	0.0130036	0.319915	1	55.1295	244.281	-2.79878e-07	6.10614e-06	440.572	173	0.226131	2	1	1	
85.4066	0.0130036	0.319915	1	55.3731	244.245	4.2552e-05	7.93296e-06	440.415	173	0.251256	2	1	1	
85.4066	0.0130036	0.319915	1	55.6097	244.208	-5.76685e-06	-7.47165e-06	440.264	173	0.276382	2	1	1	
85.4066	0.0130036	0.319915	1	55.8396	244.172	-5.2384e-05	1.19602e-05	440.117	173	0.301508	2	1	1	
85.4066	0.0130036	0.319915	1	56.0629	244.136	-2.20575e-05	1.17054e-05	439.975	173	0.326633	2	1	1	
85.4066	0.0130036	0.319915	1	56.2799	244.1	-1.91656e-05	1.31226e-06	439.836	173	0.351759	2	1	1	
85.4066	0.0130036	0.319915	1	56.4907	244.066	-4.19961e-05	-1.09647e-05	439.702	173	0.376884	2	1	1	
85.4066	0.0130036	0.319915	1	56.6957	244.031	-4.88145e-05	6.7614e-06	439.57	173	0.40201	2	1	1	
85.4066	0.0130036	0.319915	1	56.8951	243.997	2.74258e-06	8.37822e-07	439.442	173	0.427136	2	1	1	
85.4066	0.0130036	0.319915	1	57.0891	243.964	-1.49969e-05	-5.70104e-06	439.317	173	0.452261	2	1	1	
85.4066	0.0130036	0.319915	1	57.278	243.931	-2.56485e-06	1.13236e-05	439.195	173	0.477387	2	1	1	
85.4066	0.0130036	0.319915	1	57.4619	243.899	-1.30546e-05	4.89747e-07	439.076	173	0.502513	2	1	1	
85.4066	0.0130036	0.319915	1	57.6411	243.867	-4.5503e-05	-5.03948e-06	438.959	173	0.527638	2	1	1	
85.4066	0.0130036	0.319915	1	57.8158	243.836	-1.12856e-05	-8.62443e-06	438.845	173	0.552764	2	1	1	
85.4066	0.0130036	0.319915	1	57.9861	243.806	-1.95506e-05	-1.69332e-05	438.733	173	0.577889	2	1	1	
85.4066	0.0130036	0.319915	1	58.1521	243.776	-3.79508e-06	2.96645e-06	438.624	173	0.603015	2	1	1	
85.4066	0.0130036	0.319915	1	58.3142	243.746	7.75312e-06	-4.70478e-07	438.516	173	0.628141	2	1	1	
85.4066	0.0130036	0.319915	1	58.4724	243.717	-1.77458e-05	6.23339e-06	438.411	173	0.653266	2	1	1	
85.4066	0.0130036	0.319915	1	58.6268	243.688	-1.89319e-05	4.45612e-07	438.308	173	0.678392	2	1	1	
85.4066	0.0130036	0.319915	1	58.7776	243.66	-9.12393e-06	-4.63517e-06	438.207	173	0.703518	2	1	1	
85.4066	0.0130036	0.319915	1	58.9249	243.633	1.26655e-05	-1.05987e-05	438.108	173	0.728643	2	1	1	
85.4066	0.0130036	0.319915	1	59.0688	243.605	1.66362e-06	6.5259e-06	438.011	173	0.753769	2	1	1	
85.4066	0.0130036	0.319915	1	59.2095	243.579	3.60835e-06	-4.17231e-06	437.915	173	0.778894	2	1	1	
85.4066	0.0130036	0.319915	1	59.347	243.553	-6.90594e-06	-8.77102e-06	437.821	173	0.80402	2	1	1	
85.4066	0.0130036	0.319915	1	59.4815	243.527	-7.28439e-06	8.44132e-06	437.729	173	0.829146	2	1	1	
85.4066	0.0130036	0.319915	1	59.613	243.502	-1.44553e-05	9.40006e-07	437.639	173	0.854271	2	1	1	
85.4066	0.0130036	0.319915	1	59.7416	243.477	-4.27872e-05	-6.72535e-06	437.55	173	0.879397	2	1	1	
85.4066	0.0130036	0.319915	1	59.8675	243.453	-2.33979e-05	-6.74436e-06	437.463	173	0.904523	2	1	1	
85.4066	0.0130036	0.319915	1	59.9906	243.429	-4.32767e-06	-5.80702e-06	437.377	173	0.929648	2	1	1	
85.4066	0.0130036	0.319915	1	60.1111	243.405	-7.08569e-06	4.20258e-06	437.293	173	0.954774	2	1	1	
85.4066	0.0130036	0.319915	1	60.2291	243.382	-2.44131e-05	9.14063e-06	437.21	173	0.979899	2	1	1	
85.4066	0.0130036	0.319915	1	60.3446	243.359	-1.90778e-05	1.08609e-05	437.128	173	1.00503	2	1	1	
85.4066	0.0130036	0.319915	1	60.4577	243.337	-5.9481e-06	4.45249e-06	437.048	173	1.03015	2	1	1	
85.4066	0.0130036	0.319915	1	60.5684	243.315	-1.75199e-05	-1.05481e-05	436.969	173	1.05528	2	1	1	
85.4066	0.0130036	0.319915	1	60.6768	243.294	1.19519e-05	-8.346e-06	436.892	173	1.0804	2	1	1	
85.4066	0.0130036	0.319915	1	60.783	243.273	-1.07085e-05	9.3295e-06	436.816	173	1.10553	2	1	1	
85.4066	0.0130036	0.319915	1	60.887	243.252	1.06658e-05	-7.91154e-07	436.741	173	1.13065	2	1	1	
85.4066	0.0130036	0.319915	1	60.9889	243.232	-3.71106e-05	2.83493e-06	436.667	173	1.15578	2	1	1	
85.4066	0.0130036	0.319915	1	61.089	243.212	-1.82105e-05	-5.56452e-06	436.595	173	1.1809	2	1	1	
85.4066	0.0130036	0.319915	1	61.1868	243.193	-9.82636e-06	1.87442e-06	436.524	173	1.20603	2	1	1	
85.4066	0.0130036	0.319915	1	61.2826	243.174	1.70354e-05	1.22133e-05	436.453	173	1.23116	2	1	1	
85.4066	0.0130036	0.319915	1	61.3765	243.155	-8.46051e-06	1.02416e-05	436.385	173	1.25628	2	1	1	
85.4066	0.0130036	0.319915	1	61.4685	243.137	-4.01229e-05	1.38156e-05	436.317	173	1.28141	2	1	1	
85.4066	0.0130036	0.319915	1	61.5587	243.119	-3.74846e-06	8.88569e-08	436.25	173	1.30653	2	1	1	
85.4066	0.0130036	0.319915	1	61.647	243.101	4.40173e-06	-5.28529e-06	436.184	173	1.33166	2	1	1	
85.4066	0.0130036	0.319915	1	61.7336	243.084	-5.37878e-06	4.84243e-08	436.12	173	1.35678	2	1	1	
85.4066	0.0130036	0.319915	1	61.8184	243.067	1.25523e-06	9.89978e-06	436.056	173	1.38191	2	1	1	
85.4066	0.0130036	0.319915	1	61.9015	243.05	-1.97944e-05	-1.1228e-05	435.993	173	1.40704	2	1	1	
85.4066	0.0130036	0.319915	1	61.983	243.034	-6.13208e-06	-1.24131e-05	435.932	173	1.43216	2	1	1	
85.4066	0.0130036	0.319915	1	62.0629	243.018	-3.32666e-05	-7.25229e-06	435.871	173	1.45729	2	1	1	
85.4066	0.0130036	0.319915	1	62.1411	243.002	2.20818e-05	4.14801e-06	435.812	173	1.48241	2	1	1	
85.4066	0.0130036	0.319915	1	62.2178	242.987	4.75028e-06	-9.55249e-06	435.753	173	1.50754	2	1	1	
85.4066	0.0130036	0.319915	1	62.2929	242.972	-3.12919e-05	-2.80125e-06	435.695	173	1.53266	2	1	1	
85.4066	0.0130036	0.319915	1	62.3665	242.957	-2.16593e-06	5.38308e-06	435.639	173	1.55779	2	1	1	
85.4066	0.0130036	0.319915	1	62.4386	242.943	3.99627e-06	7.92102e-06	435.583	173	1.58291	2	1	1	
85.4066	0.0130036	0.319915	1	62.5093	242.929	-1.13903e-06	-2.50936e-06	435.528	173	1.60804	2	1	1	
85.4066	0.0130036	0.319915	1	62.5786	242.915	-2.40044e-06	-6.97754e-08	435.474	173	1.63317	2	1	1	
85.4066	0.0130036	0.319915	1	62.6464	242.902	-5.97199e-06	-1.50986e-06	435.421	173	1.65829	2	1	1	
85.4066	0.0130036	0.319915	1	62.7128	242.889	2.72733e-05	-1.46222e-05	435.368	173	1.68342	2	1	1	
85.4066	0.0130036	0.319915	1	62.7779	242.876	1.4727e-05	3.73613e-06	435.317	173	1.70854	2	1	1	
85.4066	0.0130036	0.319915	1	62.8417	242.864	1.30239e-05	1.68589e-05	435.266	173	1.73367	2	1	1	
85.4066	0.0130036	0.319915	1	62.9041	242.851	-1.51872e-05	-1.52051e-05	435.216	173	1.75879	2	1	1	
85.4066	0.0130036	0.319915	1	62.9653	242.839	2.44454e-05	1.25446e-05	435.167	173	1.78392	2	1	1	
85.4066	0.0130036	0.319915	1	63.0251	242.828	1.96637e-05	1.18475e-05	435.119	173	1.80905	2	1	1	
85.4066	0.0130036	0.319915	1	63.0838	242.817	-2.24559e-05	-1.05965e-05	435.072	173	1.83417	2	1	1	
85.4066	0.0130036	0.319915	1	63.1411	242.805	1.12809e-05	-1.6876e-05	435.025	173	1.8593	2	1	1	
85.4066	0.0130036	0.319915	1	63.1973	242.795	-5.82689e-06	-2.35738e-06	434.979	173	1.88442	2	1	1	
85.4066	0.0130036	0.319915	1	63.2523	242.784	1.6375e-05	-9.42664e-06	434.934	173	1.90955	2	1	1	
85.4066	0.0130036	0.319915	1	63.3061	242.774	1.76211e-05	-5.19346e-06	434.89	173	1.93467	2	1	1	
85.4066	0.0130036	0.319915	1	63.3587	242.764	2.13815e-05	-1.42538e-05	434.847	173	1.9598	2	1	1	
85.4066	0.0130036	0.319915	1	63.4101	242.754	-1.34747e-05	4.21482e-06	434.804	173	1.98492	2	1	1	
85.4066	0.0130036	0.319915	1	63.4605	242.745	1.012e-05	-6.0251e-06	434.762	173	2.01005	2	1	1	
85.4066	0.0130036	0.319915	1	63.5097	242.736	1.52431e-05	-1.22668e-05	434.72	173	2.03518	2	1	1	
85.4066	0.0130036	0.319915	1	63.5578	242.727	-3.47682e-06	2.12139e-06	434.68	173	2.0603	2	1	1	
85.4066	0.0130036	0.319915	1	63.6049	242.719	4.06559e-07	9.52603e-06	434.64	173	2.08543	2	1	1	
85.4066	0.0130036	0.319915	1	63.6509	242.71	6.89086e-06	1.29026e-05	434.601	173	2.11055	2	1	1	
85.4066	0.0130036	0.319915	1	63.6958	242.702	1.85756e-05	-6.86836e-06	434.562	173	2.13568	2	1	1	
85.4066	0.0130036	0.319915	1	63.7397	242.694	1.08952e-06	8.91756e-06	434.524	173	2.1608	2	1	1	
85.4066	0.0130036	0.319915	1	63.7825	242.687	-1.61673e-05	1.34787e-05	434.487	173	2.18593	2	1	1	
85.4066	0.0130036	0.319915	1	63.8243	242.679	-8.07209e-06	7.92498e-06	434.451	173	2.21106	2	1	1	
85.4066	0.0130036	0.319915	1	63.8651	242.672	1.94302e-05	1.45086e-05	434.415	173	2.23618	2	1	1	
85.4066	0.0130036	0.319915	1	63.905	242.665	-1.62866e-05	4.82181e-06	434.38	173	2.26131	2	1	1	
85.4066	0.0130036	0.319915	1	63.9438	242.659	-5.58027e-06	-2.02263e-06	434.345	173	2.28643	2	1	1	
85.4066	0.0130036	0.319915	1	63.9817	242.653	2.48928e-05	4.92151e-06	434.312	173	2.31156	2	1	1	
85.4066	0.0130036	0.319915	1	64.0186	242.646	9.08655e-06	-1.94542e-06	434.278	173	2.33668	2	1	1	
85.4066	0.0130036	0.319915	1	64.0546	242.641	-5.76678e-06	-4.34673e-06	434.246	173	2.36181	2	1	1	
85.4066	0.0130036	0.319915	1	64.0896	242.635	-8.90426e-06	-9.15384e-06	434.214	173	2.38693	2	1	1	
85.4066	0.0130036	0.319915	1	64.1238	242.63	1.60988e-05	-3.8705e-06	434.182	173	2.41206	2	1	1	
85.4066	0.0130036	0.319915	1	64.157	242.624	-1.1956e-05	4.89087e-06	434.152	173	2.43719	2	1	1	
85.4066	0.0130036	0.319915	1	64.1893	242.619	-9.46157e-06	-5.43769e-06	434.121	173	2.46231	2	1	1	
85.4066	0.0130036	0.319915	1	64.2207	242.615	-1.03251e-05	-1.81728e-07	434.092	173	2.48744	2	1	1	
85.4066	0.0130036	0.319915	1	64.2512	242.61	-2.0898e-05	-2.1397e-06	434.063	173	2.51256	2	1	1	
85.4066	0.0130036	0.319915	1	64.2808	242.606	-7.31236e-07	6.74957e-06	434.035	173	2.53769	2	1	1	
85.4066	0.0130036	0.319915	1	64.3096	242.602	2.15016e-05	-1.09764e-05	434.007	173	2.56281	2	1	1	
85.4066	0.0130036	0.319915	1	64.3375	242.598	-3.68638e-05	1.07836e-05	433.98	173	2.58794	2	1	1	
85.4066	0.0130036	0.319915	1	64.3646	242.595	2.81249e-06	-1.12328e-05	433.953	173	2.61307	2	1	1	
85.4066	0.0130036	0.319915	1	64.3908	242.591	2.21525e-06	4.0966e-06	433.927	173	2.63819	2	1	1	
85.4066	0.0130036	0.319915	1	64.4162	242.588	5.13736e-05	-3.73577e-06	433.902	173	2.66332	2	1	1	
85.4066	0.0130036	0.319915	1	64.4407	242.585	4.12255e-06	-9.68334e-06	433.877	173	2.68844	2	1	1	
85.4066	0.0130036	0.319915	1	64.4645	242.582	4.14768e-05	-1.34588e-06	433.852	173	2.71357	2	1	1	
85.4066	0.0130036	0.319915	1	64.4874	242.58	9.92454e-06	-9.24831e-06	433.828	173	2.73869	2	1	1	
85.4066	0.0130036	0.319915	1	64.5095	242.578	-4.07894e-06	-4.66384e-06	433.805	173	2.76382	2	1	1	
85.4066	0.0130036	0.319915	1	64.5309	242.576	-3.85975e-06	2.15915e-06	433.782	173	2.78894	2	1	1	
85.4066	0.0130036	0.319915	1	64.5514	242.574	1.23914e-05	-1.45239e-05	433.76	173	2.81407	2	1	1	
85.4066	0.0130036	0.319915	1	64.5712	242.572	1.24855e-05	5.183e-06	433.739	173	2.8392	2	1	1	
85.4066	0.0130036	0.319915	1	64.5902	242.57	-3.02362e-06	-9.08682e-06	433.717	173	2.86432	2	1	1	
85.4066	0.0130036	0.319915	1	64.6084	242.569	-1.87968e-05	-5.00191e-06	433.697	173	2.88945	2	1	1	
85.4066	0.0130036	0.319915	1	64.6259	242.568	4.37728e-06	7.81956e-06	433.677	173	2.91457	2	1	1	
85.4066	0.0130036	0.319915	1	64.6426	242.567	6.05436e-06	1.06839e-06	433.657	173	2.9397	2	1	1	
85.4066	0.0130036	0.319915	1	64.6586	242.567	-5.33693e-06	1.69857e-05	433.638	173	2.96482	2	1	1	
85.4066	0.0130036	0.319915	1	64.6738	242.566	3.69009e-06	9.01331e-06	433.62	173	2.98995	2	1	1	
85.4066	0.0130036	0.319915	1	64.6883	242.566	-7.25972e-06	-5.68275e-06	433.602	173	3.01508	2	1	1	
85.4066	0.0130036	0.319915	1	64.702	242.566	7.3983e-06	1.0346e-05	433.584	173	3.0402	2	1	1	
85.4066	0.0130036	0.319915	1	64.715	242.566	-7.14928e-06	-1.07202e-05	433.567	173	3.06533	2	1	1	
85.4066	0.0130036	0.319915	1	64.7273	242.566	1.06048e-05	-8.98935e-06	433.55	173	3.09045	2	1	1	
85.4066	0.0130036	0.319915	1	64.7389	242.567	-1.36779e-06	-9.44934e-06	433.534	173	3.11558	2	1	1	
85.4066	0.0130036	0.319915	1	64.7498	242.567	-1.50058e-05	-7.65072e-07	433.519	173	3.1407	2	1	1	
85.4066	0.0130036	0.319915	1	64.76	242.568	-1.36361e-05	3.48319e-06	433.503	173	3.16583	2	1	1	
85.4066	0.0130036	0.319915	1	64.7695	242.569	2.74658e-06	-1.73464e-06	433.489	173	3.19095	2	1	1	
85.4066	0.0130036	0.319915	1	64.7782	242.57	-4.18419e-05	1.37036e-05	433.475	173	3.21608	2	1	1	
85.4066	0.0130036	0.319915	1	64.7863	242.572	-3.35824e-05	2.26046e-06	433.461	173	3.24121	2	1	1	
85.4066	0.0130036	0.319915	1	64.7938	242.573	5.35172e-06	4.56378e-06	433.448	173	3.26633	2	1	1	
85.4066	0.0130036	0.319915	1	64.8005	242.575	2.83681e-06	-3.59962e-06	433.435	173	3.29146	2	1	1	
85.4066	0.0130036	0.319915	1	64.8062	242.577	4.39955e-06	-9.10219e-06	433.423	173	3.31658	2	1	1	
85.4066	0.0130036	0.319915	1	64.8116	242.579	3.62283e-06	-1.14191e-05	433.411	173	3.34171	2	1	1	
85.4066	0.0130036	0.319915	1	64.8163	242.582	-2.23651e-05	6.80199e-06	433.399	173	3.36683	2	1	1	
85.4066	0.0130036	0.319915	1	64.8204	242.584	-2.19504e-05	4.75486e-06	433.388	173	3.39196	2	1	1	
85.4066	0.0130036	0.319915	1	64.8238	242.587	8.82176e-06	-1.08532e-05	433.378	173	3.41709	2	1	1	
85.4066	0.0130036	0.319915	1	64.8265	242.59	-5.51681e-06	-1.0844e-05	433.368	173	3.44221	2	1	1	
85.4066	0.0130036	0.319915	1	64.8286	242.593	-1.19824e-05	1.48359e-05	433.358	173	3.46734	2	1	1	
85.4066	0.0130036	0.319915	1	64.8301	242.596	-6.71962e-06	4.05247e-06	433.349	173	3.49246	2	1	1	
85.4066	0.0130036	0.319915	1	64.8309	242.599	7.16265e-07	-4.60836e-06	433.34	173	3.51759	2	1	1	
85.4066	0.0130036	0.319915	1	64.8311	242.603	4.23002e-05	-3.04085e-06	433.332	173	3.54271	2	1	1	
85.4066	0.0130036	0.319915	1	64.8306	242.606	6.78234e-06	9.65732e-06	433.324	173	3.56784	2	1	1	
85.4066	0.0130036	0.319915	1	64.8295	242.61	-1.30171e-06	1.34421e-05	433.316	173	3.59296	2	1	1	
85.4066	0.0130036	0.319915	1	64.8278	242.614	-8.09869e-07	-1.63054e-05	433.309	173	3.61809	2	1	1	
85.4066	0.0130036	0.319915	1	64.8254	242.618	-2.34408e-06	1.23456e-05	433.303	173	3.64322	2	1	1	
85.4066	0.0130036	0.319915	1	64.8225	242.623	-1.96073e-05	-8.13335e-06	433.297	173	3.66834	2	1	1	
85.4066	0.0130036	0.319915	1	64.8189	242.627	-1.92167e-06	-1.05186e-05	433.291	173	3.69347	2	1	1	
85.4066	0.0130036	0.319915	1	64.8147	242.632	-9.33711e-06	-3.09189e-06	433.285	173	3.71859	2	1	1	
85.4066	0.0130036	0.319915	1	64.8099	242.637	-2.04904e-05	-1.46643e-05	433.28	173	3.74372	2	1	1	
85.4066	0.0130036	0.319915	1	64.8044	242.642	-1.82893e-05	-3.7379e-06	433.276	173	3.76884	2	1	1	
85.4066	0.0130036	0.319915	1	64.7984	242.647	-2.32555e-05	-5.96799e-06	433.272	173	3.79397	2	1	1	
85.4066	0.0130036	0.319915	1	64.7918	242.652	6.67472e-06	7.49859e-06	433.268	173	3.8191	2	1	1	
85.4066	0.0130036	0.319915	1	64.7846	242.658	7.36937e-06	3.28972e-07	433.264	173	3.84422	2	1	1	
85.4066	0.0130036	0.319915	1	64.7767	242.663	-3.32668e-06	-4.86995e-06	433.261	173	3.86935	2	1	1	
85.4066	0.0130036	0.319915	1	64.7683	242.669	2.20123e-07	1.56032e-06	433.259	173	3.89447	2	1	1	
85.4066	0.0130036	0.319915	1	64.7593	242.675	1.15496e-05	9.05295e-06	433.257	173	3.9196	2	1	1	
85.4066	0.0130036	0.319915	1	64.7497	242.681	-5.12202e-05	2.92501e-06	433.255	173	3.94472	2	1	1	
85.4066	0.0130036	0.319915	1	64.7395	242.687	-9.72355e-06	4.84818e-06	433.253	173	3.96985	2	1	1	
85.4066	0.0130036	0.319915	1	64.7287	242.694	3.91568e-06	-8.91534e-06	433.252	173	3.99497	2	1	1	
85.4066	0.0130036	0.319915	1	64.7174	242.7	-1.27902e-05	-7.07794e-06	433.252	173	4.0201	2	1	1	
85.4066	0.0130036	0.319915	1	64.7054	242.707	3.40201e-05	-1.51327e-05	433.251	173	4.04523	2	1	1	
85.4066	0.0130036	0.319915	1	64.6929	242.714	-4.09568e-05	-8.68596e-06	433.251	173	4.07035	2	1	1	
85.4066	0.0130036	0.319915	1	64.6798	242.721	2.29524e-05	1.07607e-05	433.252	173	4.09548	2	1	1	
85.4066	0.0130036	0.319915	1	64.6662	242.728	-8.63598e-07	1.04213e-05	433.253	173	4.1206	2	1	1	
85.4066	0.0130036	0.319915	1	64.652	242.735	4.31344e-06	1.77374e-05	433.254	173	4.14573	2	1	1	
85.4066	0.0130036	0.319915	1	64.6372	242.742	8.83242e-06	8.55495e-06	433.255	173	4.17085	2	1	1	
85.4066	0.0130036	0.319915	1	64.6218	242.75	3.69225e-05	-1.58628e-06	433.257	173	4.19598	2	1	1	
85.4066	0.0130036	0.319915	1	64.6059	242.758	5.19908e-06	1.07876e-05	433.26	173	4.22111	2	1	1	
85.4066	0.0130036	0.319915	1	64.5894	242.765	-2.20361e-06	2.55323e-06	433.262	173	4.24623	2	1	1	
85.4066	0.0130036	0.319915	1	64.5723	242.773	-1.64004e-05	8.76502e-06	433.265	173	4.27136	2	1	1	
85.4066	0.0130036	0.319915	1	64.5547	242.782	-2.25453e-05	-6.91727e-06	433.269	173	4.29648	2	1	1	
85.4066	0.0130036	0.319915	1	64.5365	242.79	-6.81566e-06	1.05851e-05	433.272	173	4.32161	2	1	1	
85.4066	0.0130036	0.319915	1	64.5178	242.798	1.10276e-05	-9.20788e-06	433.276	173	4.34673	2	1	1	
85.4066	0.0130036	0.319915	1	64.4985	242.807	2.90788e-06	4.80662e-06	433.281	173	4.37186	2	1	1	
85.4066	0.0130036	0.319915	1	64.4787	242.815	-9.49853e-06	2.33344e-07	433.286	173	4.39698	2	1	1	
85.4066	0.0130036	0.319915	1	64.4583	242.824	-3.6668e-05	3.98949e-06	433.291	173	4.42211	2	1	1	
85.4066	0.0130036	0.319915	1	64.4374	242.833	1.64239e-05	7.12628e-06	433.296	173	4.44724	2	1	1	
85.4066	0.0130036	0.319915	1	64.4159	242.842	1.10436e-05	9.26266e-06	433.302	173	4.47236	2	1	1	
85.4066	0.0130036	0.319915	1	64.3939	242.851	-5.11706e-06	-4.43071e-06	433.308	173	4.49749	2	1	1	
85.4066	0.0130036	0.319915	1	64.3713	242.861	2.32719e-05	-5.07478e-06	433.315	173	4.52261	2	1	1	
85.4066	0.0130036	0.319915	1	64.3482	242.87	-4.91369e-06	7.19465e-06	433.321	173	4.54774	2	1	1	
85.4066	0.0130036	0.319915	1	64.3245	242.88	-1.16591e-06	2.90384e-07	433.328	173	4.57286	2	1	1	
85.4066	0.0130036	0.319915	1	64.3003	242.889	-4.89511e-05	2.56265e-06	433.336	173	4.59799	2	1	1	
85.4066	0.0130036	0.319915	1	64.2756	242.899	-1.89015e-05	-6.17447e-07	433.344	173	4.62312	2	1	1	
85.4066	0.0130036	0.319915	1	64.2503	242.909	9.14592e-06	1.60503e-05	433.352	173	4.64824	2	1	1	
85.4066	0.0130036	0.319915	1	64.2245	242.919	7.10525e-06	-6.20049e-06	433.36	173	4.67337	2	1	1	
85.4066	0.0130036	0.319915	1	64.1981	242.93	3.07901e-05	-6.02494e-07	433.369	173	4.69849	2	1	1	
85.4066	0.0130036	0.319915	1	64.1712	242.94	9.27333e-06	1.3749e-05	433.378	173	4.72362	2	1	1	
85.4066	0.0130036	0.319915	1	64.1438	242.95	-2.6876e-06	-9.16366e-06	433.388	173	4.74874	2	1	1	
85.4066	0.0130036	0.319915	1	64.1159	242.961	-6.3773e-06	7.22074e-06	433.397	173	4.77387	2	1	1	
85.4066	0.0130036	0.319915	1	64.0874	242.972	-2.11376e-05	-1.80776e-05	433.407	173	4.79899	2	1	1	
85.4066	0.0130036	0.319915	1	64.0583	242.982	8.75754e-06	-1.70401e-06	433.418	173	4.82412	2	1	1	
85.4066	0.0130036	0.319915	1	64.0288	242.993	-1.81229e-05	4.38661e-06	433.429	173	4.84925	2	1	1	
85.4066	0.0130036	0.319915	1	63.9987	243.005	2.29582e-05	1.17774e-05	433.44	173	4.87437	2	1	1	
85.4066	0.0130036	0.319915	1	63.9681	243.016	5.02323e-06	-1.17074e-05	433.451	173	4.8995	2	1	1	
85.4066	0.0130036	0.319915	1	63.937	243.027	3.1566e-06	3.70257e-06	433.463	173	4.92462	2	1	1	
85.4066	0.0130036	0.319915	1	63.9053	243.038	1.43379e-05	6.43634e-06	433.475	173	4.94975	2	1	1	
85.4066	0.0130036	0.319915	1	63.8731	243.05	-1.07502e-05	7.50569e-06	433.487	173	4.97487	2	1	1	
85.4066	0.0130036	0.319915	1	63.8404	243.062	-2.50803e-06	1.07611e-05	433.499	173	5	2	1	1	
