85.4066	0.0130036	0.319915	1	49.7382	244.658	1.12233e-05	1.31185e-05	443.646	173	0	2	1	0	
85.4066	0.0130036	0.319915	1	50.4243	244.784	6.29459e-06	-1.4695e-06	443.433	173	0.0251256	2	1	0	
85.4066	0.0130036	0.319915	1	51.2142	244.756	7.06965e-06	5.14491e-06	443.199	173	0.0502513	2	1	0	
85.4066	0.0130036	0.319915	1	52.1931	244.639	1.61302e-05	-1.34882e-05	442.93	173	0.0753769	2	1	0	
85.4066	0.0130036	0.319915	1	53.8664	244.343	6.21964e-06	-1.39718e-05	442.567	173	0.100503	2	1	0	
85.4066	0.0130036	0.319915	3	55.1494	244.092	-1.35526e-05	-3.27421e-08	442.196	173	0.125628	2	1	0	
85.4066	0.0130036	0.319915	1	54.4234	244.27	3.70857e-05	1.62215e-07	441.969	173	0.150754	2	1	0	
85.4066	0.0130036	0.319915	1	54.434	244.292	1.3485e-06	-9.006e-06	441.748	173	0.175879	2	1	0	
85.4066	0.0130036	0.319915	1	54.593	244.281	-1.07343e-06	-1.30918e-05	441.539	173	0.201005	2	1	0	
85.4066	0.0130036	0.319915	1	54.7985	244.258	-3.49464e-06	-8.7789e-06	441.342	173	0.226131	2	1	0	
85.4066	0.0130036	0.319915	1	55.0216	244.23	1.32247e-05	-3.99458e-06	441.155	173	0.251256	2	1	0	
85.4066	0.0130036	0.319915	1	55.2508	244.199	-2.63365e-06	1.16215e-06	440.976	173	0.276382	2	1	0	
85.4066	0.0130036	0.319915	1	55.4807	244.166	-1.15937e-05	8.44702e-06	440.804	173	0.301508	2	1	0	
85.4066	0.0130036	0.319915	1	55.7085	244.132	1.0858e-05	-7.37812e-06	440.639	173	0.326633	2	1	0	
85.4066	0.0130036	0.319915	1	55.9327	244.098	1.31219e-05	-8.21868e-06	440.48	173	0.351759	2	1	0	
85.4066	0.0130036	0.319915	1	56.1524	244.064	1.17213e-05	-5.13948e-06	440.327	173	0.376884	2	1	0	
85.4066	0.0130036	0.319915	1	56.3674	244.03	-1.39201e-05	-1.13642e-05	440.177	173	0.40201	2	1	0	
85.4066	0.0130036	0.319915	1	56.5773	243.996	1.44352e-05	-1.8515e-06	440.033	173	0.427136	2	1	0	
85.4066	0.0130036	0.319915	1	56.7821	243.962	1.08772e-05	2.24613e-06	439.892	173	0.452261	2	1	0	
85.4066	0.0130036	0.319915	1	56.9819	243.928	-2.20667e-06	-1.19666e-05	439.755	173	0.477387	2	1	0	
85.4066	0.0130036	0.319915	1	57.1768	243.895	1.33176e-05	-4.35125e-07	439.622	173	0.502513	2	1	0	
85.4066	0.0130036	0.319915	1	57.3668	243.863	-3.46198e-06	9.08375e-06	439.492	173	0.527638	2	1	0	
85.4066	0.0130036	0.319915	1	57.5521	243.831	3.28794e-06	-5.19113e-06	439.366	173	0.552764	2	1	0	
85.4066	0.0130036	0.319915	1	57.7328	243.799	-1.54233e-05	3.31715e-06	439.242	173	0.577889	2	1	0	
85.4066	0.0130036	0.319915	1	57.9091	243.768	6.68642e-06	2.4476e-06	439.121	173	0.603015	2	1	0	
85.4066	0.0130036	0.319915	1	58.0811	243.737	1.29141e-05	-2.45808e-06	439.003	173	0.628141	2	1	0	
85.4066	0.0130036	0.319915	1	58.249	243.707	2.00701e-05	-6.27202e-06	438.888	173	0.653266	2	1	0	
85.4066	0.0130036	0.319915	1	58.4128	243.677	4.14405e-05	3.21136e-06	438.774	173	0.678392	2	1	0	
85.4066	0.0130036	0.319915	1	58.5728	243.648	-7.96825e-06	-8.97216e-06	438.664	173	0.703518	2	1	0	
85.4066	0.0130036	0.319915	1	58.729	243.619	-2.90141e-05	-1.39826e-05	438.555	173	0.728643	2	1	0	
85.4066	0.0130036	0.319915	1	58.8816	243.59	1.62245e-05	1.58768e-05	438.449	173	0.753769	2	1	0	
85.4066	0.0130036	0.319915	1	59.0307	243.563	4.30549e-05	1.60169e-05	438.345	173	0.778894	2	1	0	
85.4066	0.0130036	0.319915	1	59.1763	243.535	-1.74024e-05	6.59361e-06	438.242	173	0.80402	2	1	0	
85.4066	0.0130036	0.319915	1	59.3187	243.508	-1.99272e-05	-1.4499e-05	438.142	173	0.829146	2	1	0	
85.4066	0.0130036	0.319915	1	59.4579	243.482	1.13483e-05	7.63452e-06	438.044	173	0.854271	2	1	0	
85.4066	0.0130036	0.319915	1	59.594	243.456	2.92375e-05	-1.37796e-06	437.947	173	0.879397	2	1	0	
85.4066	0.0130036	0.319915	1	59.7271	243.43	-1.54396e-05	9.00783e-06	437.853	173	0.904523	2	1	0	
85.4066	0.0130036	0.319915	1	59.8573	243.405	-8.66514e-06	-5.01725e-06	437.76	173	0.929648	2	1	0	
85.4066	0.0130036	0.319915	1	59.9846	243.38	-5.5023e-06	1.52454e-07	437.668	173	0.954774	2	1	0	
85.4066	0.0130036	0.319915	1	60.1092	243.356	1.80278e-05	-1.58622e-06	437.578	173	0.979899	2	1	0	
85.4066	0.0130036	0.319915	1	60.2312	243.332	-7.76867e-06	2.74616e-06	437.49	173	1.00503	2	1	0	
85.4066	0.0130036	0.319915	1	60.3505	243.309	2.90263e-05	6.36054e-06	437.404	173	1.03015	2	1	0	
85.4066	0.0130036	0.319915	1	60.4673	243.286	-2.12752e-05	-4.86476e-06	437.318	173	1.05528	2	1	0	
85.4066	0.0130036	0.319915	1	60.5817	243.264	9.54383e-06	9.62284e-06	437.235	173	1.0804	2	1	0	
85.4066	0.0130036	0.319915	1	60.6936	243.242	-8.54034e-06	-1.03392e-05	437.153	173	1.10553	2	1	0	
85.4066	0.0130036	0.319915	1	60.8033	243.22	2.81706e-06	1.95844e-06	437.072	173	1.13065	2	1	0	
85.4066	0.0130036	0.319915	1	60.9106	243.199	4.46075e-06	-9.94641e-06	436.992	173	1.15578	2	1	0	
85.4066	0.0130036	0.319915	1	61.0157	243.178	1.5279e-05	8.70167e-06	436.914	173	1.1809	2	1	0	
85.4066	0.0130036	0.319915	1	61.1187	243.157	2.73845e-05	1.26022e-05	436.837	173	1.20603	2	1	0	
85.4066	0.0130036	0.319915	1	61.2195	243.137	8.63886e-06	-3.17106e-06	436.762	173	1.23116	2	1	0	
85.4066	0.0130036	0.319915	1	61.3183	243.118	1.59145e-05	-4.89435e-06	436.688	173	1.25628	2	1	0	
85.4066	0.0130036	0.319915	1	61.4151	243.098	-4.00456e-06	6.81743e-06	436.614	173	1.28141	2	1	0	
85.4066	0.0130036	0.319915	1	61.5099	243.079	-5.94468e-07	6.80252e-06	436.543	173	1.30653	2	1	0	
85.4066	0.0130036	0.319915	1	61.6027	243.061	-2.62423e-05	1.2313e-05	436.472	173	1.33166	2	1	0	
85.4066	0.0130036	0.319915	1	61.6937	243.043	4.49783e-06	8.24931e-06	436.402	173	1.35678	2	1	0	
85.4066	0.0130036	0.319915	1	61.7831	243.025	1.26006e-05	7.38439e-06	436.334	173	1.38191	2	1	0	
85.4066	0.0130036	0.319915	1	61.8704	243.007	-6.12031e-06	-1.2632e-05	436.267	173	1.40704	2	1	0	
85.4066	0.0130036	0.319915	1	61.956	242.99	2.02752e-05	-1.36961e-05	436.2	173	1.43216	2	1	0	
85.4066	0.0130036	0.319915	1	62.0398	242.974	3.1829e-05	1.05703e-06	436.135	173	1.45729	2	1	0	
85.4066	0.0130036	0.319915	1	62.1219	242.957	1.99613e-06	9.97627e-06	436.071	173	1.48241	2	1	0	
85.4066	0.0130036	0.319915	1	62.2024	242.941	-1.1843e-05	-9.96494e-07	436.008	173	1.50754	2	1	0	
85.4066	0.0130036	0.319915	1	62.2812	242.925	1.25099e-05	-6.93651e-06	435.946	173	1.53266	2	1	0	
85.4066	0.0130036	0.319915	1	62.3584	242.91	-3.37176e-05	1.90716e-05	435.885	173	1.55779	2	1	0	
85.4066	0.0130036	0.319915	1	62.4341	242.895	1.00474e-05	-1.24994e-05	435.825	173	1.58291	2	1	0	
85.4066	0.0130036	0.319915	1	62.5082	242.88	-5.97418e-06	-1.0383e-05	435.766	173	1.60804	2	1	0	
85.4066	0.0130036	0.319915	1	62.5808	242.866	1.43417e-05	7.37928e-06	435.708	173	1.63317	2	1	0	
85.4066	0.0130036	0.319915	1	62.6519	242.852	8.58487e-06	-7.27994e-06	435.65	173	1.65829	2	1	0	
85.4066	0.0130036	0.319915	1	62.7215	242.838	4.69393e-05	4.32143e-06	435.594	173	1.68342	2	1	0	
85.4066	0.0130036	0.319915	1	62.7898	242.825	4.76281e-06	-6.9467e-06	435.539	173	1.70854	2	1	0	
85.4066	0.0130036	0.319915	1	62.8566	242.811	2.38387e-06	6.2998e-06	435.484	173	1.73367	2	1	0	
85.4066	0.0130036	0.319915	1	62.922	242.799	2.83389e-05	-3.06617e-06	435.431	173	1.75879	2	1	0	
85.4066	0.0130036	0.319915	1	62.986	242.786	-1.88501e-05	-2.71229e-06	435.378	173	1.78392	2	1	0	
85.4066	0.0130036	0.319915	1	63.0487	242.774	2.38421e-06	1.01464e-06	435.326	173	1.80905	2	1	0	
85.4066	0.0130036	0.319915	1	63.1101	242.762	-1.25875e-05	-3.68935e-06	435.275	173	1.83417	2	1	0	
85.4066	0.0130036	0.319915	1	63.1702	242.75	-2.03359e-05	-1.53283e-06	435.225	173	1.8593	2	1	0	
85.4066	0.0130036	0.319915	1	63.229	242.739	1.72611e-05	1.4788e-06	435.176	173	1.88442	2	1	0	
85.4066	0.0130036	0.319915	1	63.2866	242.728	-3.28712e-06	4.47061e-06	435.127	173	1.90955	2	1	0	
85.4066	0.0130036	0.319915	1	63.3429	242.717	-4.15789e-05	-7.63522e-06	435.08	173	1.93467	2	1	0	
85.4066	0.0130036	0.319915	1	63.398	242.707	-3.80936e-06	9.52068e-06	435.033	173	1.9598	2	1	0	
85.4066	0.0130036	0.319915	1	63.4519	242.697	3.75669e-05	-4.49368e-06	434.987	173	1.98492	2	1	0	
85.4066	0.0130036	0.319915	1	63.5046	242.687	-6.11638e-06	-8.34907e-06	434.941	173	2.01005	2	1	0	
85.4066	0.0130036	0.319915	1	63.5561	242.677	-3.073e-06	-7.34113e-06	434.897	173	2.03518	2	1	0	
85.4066	0.0130036	0.319915	1	63.6065	242.668	7.18658e-06	-7.9075e-06	434.853	173	2.0603	2	1	0	
85.4066	0.0130036	0.319915	1	63.6557	242.659	-1.13191e-05	-7.49402e-06	434.81	173	2.08543	2	1	0	
85.4066	0.0130036	0.319915	1	63.7039	242.65	-4.41367e-05	1.88935e-06	434.768	173	2.11055	2	1	0	
85.4066	0.0130036	0.319915	1	63.7509	242.642	-4.33113e-05	5.522e-06	434.726	173	2.13568	2	1	0	
85.4066	0.0130036	0.319915	1	63.7968	242.633	-2.38792e-05	-7.95586e-06	434.685	173	2.1608	2	1	0	
85.4066	0.0130036	0.319915	1	63.8417	242.626	4.98537e-06	-7.37214e-06	434.645	173	2.18593	2	1	0	
85.4066	0.0130036	0.319915	1	63.8854	242.618	-2.5783e-05	2.94505e-06	434.606	173	2.21106	2	1	0	
85.4066	0.0130036	0.319915	1	63.9282	242.61	1.13918e-05	-8.69606e-06	434.567	173	2.23618	2	1	0	
85.4066	0.0130036	0.319915	1	63.9699	242.603	-4.27227e-06	1.65521e-05	434.529	173	2.26131	2	1	0	
85.4066	0.0130036	0.319915	1	64.0106	242.596	9.32395e-07	7.88458e-06	434.491	173	2.28643	2	1	0	
85.4066	0.0130036	0.319915	1	64.0502	242.59	-2.08396e-05	-6.74285e-07	434.455	173	2.31156	2	1	0	
85.4066	0.0130036	0.319915	1	64.0889	242.583	1.52614e-05	1.10663e-05	434.419	173	2.33668	2	1	0	
85.4066	0.0130036	0.319915	1	64.1266	242.577	-9.14304e-06	8.7331e-06	434.383	173	2.36181	2	1	0	
85.4066	0.0130036	0.319915	1	64.1633	242.571	-8.67044e-06	5.09859e-07	434.349	173	2.38693	2	1	0	
85.4066	0.0130036	0.319915	1	64.1991	242.565	1.98275e-05	7.74289e-06	434.315	173	2.41206	2	1	0	
85.4066	0.0130036	0.319915	1	64.2339	242.56	1.26527e-05	-6.92085e-06	434.281	173	2.43719	2	1	0	
85.4066	0.0130036	0.319915	1	64.2677	242.555	1.25166e-05	-3.47212e-06	434.249	173	2.46231	2	1	0	
85.4066	0.0130036	0.319915	1	64.3006	242.55	7.72343e-06	-3.43237e-06	434.216	173	2.48744	2	1	0	
85.4066	0.0130036	0.319915	1	64.3326	242.545	-2.65351e-05	-8.80335e-06	434.185	173	2.51256	2	1	0	
85.4066	0.0130036	0.319915	1	64.3637	242.54	-2.96683e-05	-2.06834e-05	434.154	173	2.53769	2	1	0	
85.4066	0.0130036	0.319915	1	64.3939	242.536	-1.51141e-05	-9.86323e-06	434.124	173	2.56281	2	1	0	
85.4066	0.0130036	0.319915	1	64.4232	242.532	2.40841e-05	2.40972e-06	434.094	173	2.58794	2	1	0	
85.4066	0.0130036	0.319915	1	64.4516	242.528	-2.91465e-06	-2.36152e-06	434.065	173	2.61307	2	1	0	
85.4066	0.0130036	0.319915	1	64.4792	242.525	-1.39752e-05	-1.19203e-05	434.036	173	2.63819	2	1	0	
85.4066	0.0130036	0.319915	1	64.5058	242.521	8.5509e-07	5.25595e-06	434.009	173	2.66332	2	1	0	
85.4066	0.0130036	0.319915	1	64.5317	242.518	4.86482e-07	-1.56915e-06	433.981	173	2.68844	2	1	0	
85.4066	0.0130036	0.319915	1	64.5566	242.515	2.25293e-05	-3.55953e-06	433.955	173	2.71357	2	1	0	
85.4066	0.0130036	0.319915	1	64.5808	242.513	1.57327e-05	-1.10132e-05	433.928	173	2.73869	2	1	0	
85.4066	0.0130036	0.319915	1	64.6041	242.51	-1.1294e-05	-1.12077e-06	433.903	173	2.76382	2	1	0	
85.4066	0.0130036	0.319915	1	64.6265	242.508	-3.8337e-06	1.8972e-06	433.878	173	2.78894	2	1	0	
85.4066	0.0130036	0.319915	1	64.6482	242.506	-8.86074e-06	-1.78245e-05	433.853	173	2.81407	2	1	0	
85.4066	0.0130036	0.319915	1	64.669	242.504	-1.30538e-05	-6.31545e-06	433.829	173	2.8392	2	1	0	
85.4066	0.0130036	0.319915	1	64.6891	242.503	3.2718e-06	-5.83401e-06	433.806	173	2.86432	2	1	0	
85.4066	0.0130036	0.319915	1	64.7083	242.501	1.62808e-05	1.15419e-05	433.783	173	2.88945	2	1	0	
85.4066	0.0130036	0.319915	1	64.7268	242.5	-3.308e-06	-1.22191e-05	433.761	173	2.91457	2	1	0	
85.4066	0.0130036	0.319915	1	64.7445	242.499	1.04751e-05	8.12515e-07	433.739	173	2.9397	2	1	0	
85.4066	0.0130036	0.319915	1	64.7614	242.498	-1.27791e-06	1.91489e-05	433.718	173	2.96482	2	1	0	
85.4066	0.0130036	0.319915	1	64.7775	242.498	2.27084e-05	1.14635e-06	433.697	173	2.98995	2	1	0	
85.4066	0.0130036	0.319915	1	64.7929	242.497	-1.63623e-05	-8.66211e-06	433.677	173	3.01508	2	1	0	
85.4066	0.0130036	0.319915	1	64.8076	242.497	2.14994e-05	5.20264e-06	433.658	173	3.0402	2	1	0	
85.4066	0.0130036	0.319915	1	64.8214	242.497	3.20442e-06	-1.22052e-05	433.639	173	3.06533	2	1	0	
85.4066	0.0130036	0.319915	1	64.8346	242.497	-3.74448e-06	-6.19929e-06	433.62	173	3.09045	2	1	0	
85.4066	0.0130036	0.319915	1	64.847	242.498	2.28274e-05	7.15546e-06	433.602	173	3.11558	2	1	0	
85.4066	0.0130036	0.319915	1	64.8586	242.498	1.46348e-05	-1.07513e-05	433.584	173	3.1407	2	1	0	
85.4066	0.0130036	0.319915	1	64.8696	242.499	7.39984e-06	-4.55056e-06	433.567	173	3.16583	2	1	0	
85.4066	0.0130036	0.319915	1	64.8798	242.5	-3.76446e-06	-6.09369e-06	433.551	173	3.19095	2	1	0	
85.4066	0.0130036	0.319915	1	64.8893	242.501	-8.13207e-06	-6.92821e-06	433.534	173	3.21608	2	1	0	
85.4066	0.0130036	0.319915	1	64.8981	242.503	1.32971e-05	-3.78676e-06	433.519	173	3.24121	2	1	0	
85.4066	0.0130036	0.319915	1	64.9061	242.504	2.31516e-05	-4.69053e-06	433.504	173	3.26633	2	1	0	
85.4066	0.0130036	0.319915	1	64.9135	242.506	7.93468e-06	-2.61901e-07	433.489	173	3.29146	2	1	0	
85.4066	0.0130036	0.319915	1	64.9199	242.508	1.8904e-05	-1.36098e-05	433.475	173	3.31658	2	1	0	
85.4066	0.0130036	0.319915	1	64.9259	242.51	-3.57334e-05	1.34307e-05	433.461	173	3.34171	2	1	0	
85.4066	0.0130036	0.319915	1	64.9312	242.513	-1.34897e-05	9.93054e-06	433.448	173	3.36683	2	1	0	
85.4066	0.0130036	0.319915	1	64.9358	242.515	-4.28714e-05	4.56021e-06	433.435	173	3.39196	2	1	0	
85.4066	0.0130036	0.319915	1	64.9398	242.518	-1.89015e-05	-9.96997e-06	433.423	173	3.41709	2	1	0	
85.4066	0.0130036	0.319915	1	64.943	242.521	1.35653e-05	2.94233e-06	433.411	173	3.44221	2	1	0	
85.4066	0.0130036	0.319915	1	64.9456	242.524	-9.82988e-06	-7.43241e-06	433.4	173	3.46734	2	1	0	
85.4066	0.0130036	0.319915	1	64.9476	242.527	4.85049e-06	2.08109e-07	433.389	173	3.49246	2	1	0	
85.4066	0.0130036	0.319915	1	64.9489	242.53	-2.44426e-06	-9.03761e-06	433.378	173	3.51759	2	1	0	
85.4066	0.0130036	0.319915	1	64.9495	242.534	-1.71649e-06	-1.33603e-05	433.368	173	3.54271	2	1	0	
85.4066	0.0130036	0.319915	1	64.9495	242.538	-1.25582e-05	-7.72508e-06	433.358	173	3.56784	2	1	0	
85.4066	0.0130036	0.319915	1	64.9488	242.542	-2.56318e-05	-6.0358e-06	433.349	173	3.59296	2	1	0	
85.4066	0.0130036	0.319915	1	64.9475	242.546	-1.90935e-05	-9.34719e-06	433.34	173	3.61809	2	1	0	
85.4066	0.0130036	0.319915	1	64.9455	242.55	8.33973e-06	-8.85846e-06	433.332	173	3.64322	2	1	0	
85.4066	0.0130036	0.319915	1	64.9429	242.555	-2.65024e-06	-6.43307e-06	433.324	173	3.66834	2	1	0	
85.4066	0.0130036	0.319915	1	64.9397	242.559	4.55199e-05	-7.29038e-06	433.317	173	3.69347	2	1	0	
85.4066	0.0130036	0.319915	1	64.9358	242.564	2.54378e-06	5.46698e-06	433.31	173	3.71859	2	1	0	
85.4066	0.0130036	0.319915	1	64.9313	242.569	-7.07931e-06	-1.87825e-05	433.303	173	3.74372	2	1	0	
85.4066	0.0130036	0.319915	1	64.9262	242.574	1.85822e-05	5.55726e-06	433.297	173	3.76884	2	1	0	
85.4066	0.0130036	0.319915	1	64.9204	242.579	7.17919e-06	-3.44294e-06	433.291	173	3.79397	2	1	0	
85.4066	0.0130036	0.319915	1	64.9141	242.585	5.80516e-06	6.84694e-06	433.286	173	3.8191	2	1	0	
85.4066	0.0130036	0.319915	1	64.9071	242.59	1.78997e-05	8.44961e-06	433.281	173	3.84422	2	1	0	
85.4066	0.0130036	0.319915	1	64.8995	242.596	-1.85589e-06	-9.81687e-06	433.276	173	3.86935	2	1	0	
85.4066	0.0130036	0.319915	1	64.8913	242.602	8.88498e-06	-1.19011e-05	433.272	173	3.89447	2	1	0	
85.4066	0.0130036	0.319915	1	64.8825	242.608	-2.91079e-05	-1.21724e-05	433.269	173	3.9196	2	1	0	
85.4066	0.0130036	0.319915	1	64.8731	242.614	-1.428e-05	-7.49233e-06	433.265	173	3.94472	2	1	0	
85.4066	0.0130036	0.319915	1	64.8631	242.621	-2.97863e-06	2.22889e-06	433.262	173	3.96985	2	1	0	
85.4066	0.0130036	0.319915	1	64.8524	242.627	1.06414e-06	-6.57404e-06	433.26	173	3.99497	2	1	0	
85.4066	0.0130036	0.319915	1	64.8412	242.634	1.15563e-05	-1.03298e-05	433.258	173	4.0201	2	1	0	
85.4066	0.0130036	0.319915	1	64.8294	242.641	-1.96556e-05	5.13882e-06	433.256	173	4.04523	2	1	0	
85.4066	0.0130036	0.319915	1	64.817	242.648	-8.18391e-06	-4.09822e-06	433.255	173	4.07035	2	1	0	
85.4066	0.0130036	0.319915	1	64.804	242.655	-2.71777e-07	8.04813e-07	433.254	173	4.09548	2	1	0	
85.4066	0.0130036	0.319915	1	64.7905	242.662	1.94684e-05	-2.27935e-06	433.253	173	4.1206	2	1	0	
85.4066	0.0130036	0.319915	1	64.7763	242.67	-1.16516e-05	6.76413e-06	433.253	173	4.14573	2	1	0	
85.4066	0.0130036	0.319915	1	64.7616	242.677	-1.04848e-05	8.4692e-07	433.253	173	4.17085	2	1	0	
85.4066	0.0130036	0.319915	1	64.7463	242.685	-1.85967e-05	-9.79718e-06	433.253	173	4.19598	2	1	0	
85.4066	0.0130036	0.319915	1	64.7304	242.693	-2.03279e-05	-5.16191e-06	433.254	173	4.22111	2	1	0	
85.4066	0.0130036	0.319915	1	64.7139	242.701	2.52644e-05	1.25795e-05	433.256	173	4.24623	2	1	0	
85.4066	0.0130036	0.319915	1	64.6968	242.709	1.78932e-07	-1.32492e-05	433.257	173	4.27136	2	1	0	
85.4066	0.0130036	0.319915	1	64.6792	242.718	8.90166e-06	-6.70133e-06	433.259	173	4.29648	2	1	0	
85.4066	0.0130036	0.319915	1	64.661	242.726	-2.42303e-05	1.4822e-06	433.262	173	4.32161	2	1	0	
85.4066	0.0130036	0.319915	1	64.6423	242.735	6.22293e-06	-1.16031e-05	433.265	173	4.34673	2	1	0	
85.4066	0.0130036	0.319915	1	64.6229	242.743	-1.48403e-05	2.39956e-06	433.268	173	4.37186	2	1	0	
85.4066	0.0130036	0.319915	1	64.603	242.752	1.33399e-06	-7.71081e-06	433.271	173	4.39698	2	1	0	
85.4066	0.0130036	0.319915	1	64.5826	242.761	1.81513e-06	9.3702e-06	433.275	173	4.42211	2	1	0	
85.4066	0.0130036	0.319915	1	64.5616	242.771	2.20646e-05	2.42282e-06	433.279	173	4.44724	2	1	0	
85.4066	0.0130036	0.319915	1	64.54	242.78	8.02477e-06	1.91416e-06	433.284	173	4.47236	2	1	0	
85.4066	0.0130036	0.319915	1	64.5178	242.789	-3.7519e-05	1.32901e-05	433.289	173	4.49749	2	1	0	
85.4066	0.0130036	0.319915	1	64.4951	242.799	-4.702e-06	-1.52793e-06	433.294	173	4.52261	2	1	0	
85.4066	0.0130036	0.319915	1	64.4719	242.809	-1.60748e-05	-8.74375e-06	433.299	173	4.54774	2	1	0	
85.4066	0.0130036	0.319915	1	64.4481	242.818	-5.54405e-06	-1.01258e-05	433.305	173	4.57286	2	1	0	
85.4066	0.0130036	0.319915	1	64.4237	242.828	-2.05234e-06	9.74033e-06	433.312	173	4.59799	2	1	0	
85.4066	0.0130036	0.319915	1	64.3988	242.839	-3.19201e-05	1.19079e-05	433.318	173	4.62312	2	1	0	
85.4066	0.0130036	0.319915	1	64.3734	242.849	-1.99885e-05	9.63151e-06	433.325	173	4.64824	2	1	0	
85.4066	0.0130036	0.319915	1	64.3473	242.859	5.0934e-06	-1.10804e-05	433.332	173	4.67337	2	1	0	
85.4066	0.0130036	0.319915	1	64.3208	242.87	-1.31834e-05	1.13209e-06	433.34	173	4.69849	2	1	0	
85.4066	0.0130036	0.319915	1	64.2937	242.88	2.15932e-05	-3.29724e-06	433.348	173	4.72362	2	1	0	
85.4066	0.0130036	0.319915	1	64.266	242.891	-1.84668e-05	-4.19302e-06	433.356	173	4.74874	2	1	0	
85.4066	0.0130036	0.319915	1	64.2378	242.902	-4.6211e-05	-2.00812e-06	433.365	173	4.77387	2	1	0	
85.4066	0.0130036	0.319915	1	64.2091	242.913	5.86474e-07	-8.88321e-06	433.374	173	4.79899	2	1	0	
85.4066	0.0130036	0.319915	1	64.1798	242.924	-1.61431e-05	-1.23727e-05	433.383	173	4.82412	2	1	0	
85.4066	0.0130036	0.319915	1	64.15	242.935	-5.64266e-06	1.56117e-06	433.393	173	4.84925	2	1	0	
85.4066	0.0130036	0.319915	1	64.1196	242.947	2.54309e-06	-1.66699e-07	433.403	173	4.87437	2	1	0	
85.4066	0.0130036	0.319915	1	64.0887	242.958	2.14874e-05	1.27832e-06	433.413	173	4.8995	2	1	0	
85.4066	0.0130036	0.319915	1	64.0572	242.97	-1.76573e-05	1.47781e-05	433.423	173	4.92462	2	1	0	
85.4066	0.0130036	0.319915	1	64.0252	242.982	1.32802e-06	4.64876e-06	433.434	173	4.94975	2	1	0	
85.4066	0.0130036	0.319915	1	63.9927	242.994	-5.86441e-06	5.9848e-06	433.445	173	4.97487	2	1	0	
85.4066	0.0130036	0.319915	1	63.9597	243.006	-1.42363e-05	8.78393e-06	433.457	173	5	2	1	0	
